2.636700309813022614e-02
2.624922990798950195e-02
2.614198811352252960e-02
2.586652524769306183e-02
2.553527243435382843e-02
2.515976503491401672e-02
2.444664575159549713e-02
2.379572950303554535e-02
2.340144105255603790e-02
2.306123077869415283e-02
2.257475443184375763e-02
2.147085964679718018e-02
1.832027547061443329e-02
1.125204749405384064e-02
7.601808756589889526e-03
6.897510029375553131e-03
6.780256517231464386e-03
6.737680174410343170e-03
6.742280442267656326e-03
6.701104342937469482e-03
6.724735721945762634e-03
6.672262679785490036e-03
6.652636919170618057e-03
6.716196425259113312e-03
6.633272860199213028e-03
6.621274165809154510e-03
6.610769778490066528e-03
6.605386734008789062e-03
6.596838589757680893e-03
6.588957272469997406e-03
6.581003312021493912e-03
6.736353039741516113e-03
6.587265525013208389e-03
6.565156858414411545e-03
6.557259708642959595e-03
6.550636608153581619e-03
6.700584664940834045e-03
6.552503909915685654e-03
6.537421606481075287e-03
6.527657620608806610e-03
6.520152091979980469e-03
6.512512452900409698e-03
6.580138113349676132e-03
6.526734679937362671e-03
6.493635009974241257e-03
6.480353884398937225e-03
6.469744257628917694e-03
6.458056624978780746e-03
6.646021734923124313e-03
6.450781133025884628e-03
6.422885227948427200e-03
6.405099295079708099e-03
6.387959700077772141e-03
6.369322072714567184e-03
6.507338955998420715e-03
6.417218595743179321e-03
6.332281976938247681e-03
6.298631895333528519e-03
6.275479216128587723e-03
6.252321414649486542e-03
6.227718666195869446e-03
6.201271433383226395e-03
6.172667257487773895e-03
7.033876609057188034e-03
6.209005601704120636e-03
6.092284340411424637e-03
6.056822370737791061e-03
6.021523848176002502e-03
5.984407849609851837e-03
5.945266224443912506e-03
5.904059857130050659e-03
6.242069415748119354e-03
5.869422573596239090e-03
5.804933607578277588e-03
5.756270606070756912e-03
5.713435821235179901e-03
5.669429898262023926e-03
5.624122917652130127e-03
5.580033641308546066e-03
5.735955666750669479e-03
5.540332291275262833e-03
5.466933362185955048e-03
5.423588678240776062e-03
5.380832124501466751e-03
5.338211543858051300e-03
5.295719485729932785e-03
5.253507755696773529e-03
5.715753417462110519e-03
5.238043144345283508e-03
5.168970208615064621e-03
5.125469528138637543e-03
5.092289764434099197e-03
5.060415714979171753e-03
5.029515363276004791e-03
4.999469034373760223e-03
4.970305599272251129e-03
4.942175000905990601e-03
5.261316429823637009e-03
4.915606696158647537e-03
4.891047719866037369e-03
4.864788614213466644e-03
4.845174960792064667e-03
4.826504271477460861e-03
4.808564204722642899e-03
4.791336134076118469e-03
4.774796776473522186e-03
4.758929368108510971e-03
4.743723198771476746e-03
4.730987828224897385e-03
4.928815178573131561e-03
4.763405770063400269e-03
4.709162749350070953e-03
4.691135603934526443e-03
4.679964389652013779e-03
4.670113325119018555e-03
4.660723730921745300e-03
4.651751369237899780e-03
4.643170628696680069e-03
4.634962417185306549e-03
4.627114627510309219e-03
4.619612824171781540e-03
4.612442571669816971e-03
4.605990834534168243e-03
5.073223263025283813e-03
4.631756804883480072e-03
4.593664314597845078e-03
4.587251693010330200e-03
4.581587389111518860e-03
4.576652310788631439e-03
4.571991506963968277e-03
4.567524418234825134e-03
4.563243128359317780e-03
4.563145805150270462e-03
4.571659490466117859e-03
4.556896165013313293e-03
4.549566656351089478e-03
4.708671011030673981e-03
4.561990033835172653e-03
4.540706053376197815e-03
4.537138156592845917e-03
4.534405190497636795e-03
4.531530663371086121e-03
4.540228284895420074e-03
4.677886608988046646e-03
4.528346937149763107e-03
4.523880779743194580e-03
4.520649090409278870e-03
4.518308211117982864e-03
4.516138229519128799e-03
4.561455454677343369e-03
4.532441496849060059e-03
4.515928216278553009e-03
4.509335849434137344e-03
4.522381350398063660e-03
4.590295255184173584e-03
4.512639250606298447e-03
4.502600058913230896e-03
4.500894807279109955e-03
4.515721462666988373e-03
4.552724305540323257e-03
4.505419638007879257e-03
4.496783018112182617e-03
4.739039577543735504e-03
4.499129485338926315e-03
4.491962026804685593e-03
4.491642117500305176e-03
4.489260260015726089e-03
4.488371778279542923e-03
4.487790167331695557e-03
4.571930505335330963e-03
4.495823290199041367e-03
4.484657663851976395e-03
4.494338296353816986e-03
4.479346331208944321e-03
4.476736299693584442e-03
4.482618067413568497e-03
4.530744161456823349e-03
4.492448177188634872e-03
4.471678286790847778e-03
4.469557199627161026e-03
4.467776976525783539e-03
4.466011188924312592e-03
4.527520854026079178e-03
4.493658430874347687e-03
4.462119191884994507e-03
4.486137069761753082e-03
4.496402107179164886e-03
4.461170639842748642e-03
4.453564994037151337e-03
4.456000402569770813e-03
4.457735922187566757e-03
4.451689310371875763e-03
4.465734586119651794e-03
4.450015723705291748e-03
4.441819619387388229e-03
4.442449193447828293e-03
4.474904853850603104e-03
4.435108974575996399e-03
4.434055648744106293e-03
4.427071660757064819e-03
4.421287681907415390e-03
4.438872449100017548e-03
4.428526386618614197e-03
4.410064779222011566e-03
4.405903164297342300e-03
4.408613312989473343e-03
4.390732385218143463e-03
4.389792215079069138e-03
4.450147040188312531e-03
4.369630943983793259e-03
4.345208872109651566e-03
4.324364941567182541e-03
4.286265932023525238e-03
4.233769606798887253e-03
4.152856301516294479e-03
3.989234101027250290e-03
4.134826827794313431e-03
3.627239493653178215e-03
3.402737202122807503e-03
3.250788198783993721e-03
3.135298611596226692e-03
3.287072293460369110e-03
2.978453412652015686e-03
2.872115233913064003e-03
2.761180978268384933e-03
2.656764350831508636e-03
2.522774273529648781e-03
2.345500513911247253e-03
2.161497715860605240e-03
2.471113577485084534e-03
1.851396169513463974e-03
1.688838354311883450e-03
1.575712813064455986e-03
1.527843880467116833e-03
1.414833473972976208e-03
1.322211348451673985e-03
1.252520596608519554e-03
1.863575889728963375e-03
1.200723694637417793e-03
1.109342672862112522e-03
1.056130859069526196e-03
1.009263098239898682e-03
9.605996310710906982e-04
9.200798813253641129e-04
9.542533662170171738e-04
8.290273253805935383e-04
7.752061355859041214e-04
7.247955654747784138e-04
8.113442454487085342e-04
6.510451785288751125e-04
5.839475779794156551e-04
5.319289630278944969e-04
4.849711549468338490e-04
6.593484431505203247e-04
4.403994244057685137e-04
3.788832400459796190e-04
3.467506612651050091e-04
3.170090203639119864e-04
2.901131811086088419e-04
2.655472781043499708e-04
6.457685958594083786e-04
2.855081111192703247e-04
2.127577026840299368e-04
1.928800484165549278e-04
1.773188414517790079e-04
1.635024527786299586e-04
1.552062749397009611e-04
1.966870477190241218e-04
1.549206790514290333e-04
1.234691444551572204e-04
1.149464296759106219e-04
1.072209634003229439e-04
1.002060744212940335e-04
9.386846795678138733e-05
3.283028781879693270e-04
9.465416951570659876e-05
9.091211541090160608e-05
7.631729386048391461e-05
7.129681762307882309e-05
6.726950960000976920e-05
6.367299647536128759e-05
6.030935401213355362e-05
5.842817699885927141e-05
2.206328063039109111e-04
7.208426541183143854e-05
5.466781658469699323e-05
4.873846773989498615e-05
4.590180105878971517e-05
4.370845272205770016e-05
4.167319275438785553e-05
3.974664650741033256e-05
3.814711817540228367e-05
9.737539949128404260e-05
7.237766112666577101e-05
3.473943797871470451e-05
3.212710726074874401e-05
5.914960638619959354e-05
1.241316494997590780e-04
3.762382402783259749e-05
2.829952973115723580e-05
2.634503471199423075e-05
2.516844142519403249e-05
2.661116195668000728e-05
2.980014833156019449e-04
3.513479896355420351e-05
2.210460297646932304e-05
2.149069041479378939e-05
2.030614996328949928e-05
1.954655999725218862e-05
8.553277439204975963e-05
1.267399784410372376e-04
2.513432627893052995e-05
1.784102823876310140e-05
1.700274879112839699e-05
1.644246003706939518e-05
1.591275031387340277e-05
1.542861718917265534e-05
1.497025459684664384e-05
1.453766890335828066e-05
1.822228477976750582e-05
2.905247965827584267e-04
3.415063110878691077e-05
1.358261943096294999e-05
1.354990399704547599e-05
1.386187796015292406e-05
1.722917841107118875e-05
1.500155121902935207e-05
1.195751519844634458e-05
1.182685173262143508e-05
1.137432354880729690e-05
1.114059705287218094e-05
1.343033945886418223e-04
5.582400262937881052e-05
1.641564813326112926e-05
1.186286226584343240e-05
1.036714093061164021e-05
1.008951403491664678e-05
9.891427907859906554e-06
9.711225175124127418e-06
9.542156476527452469e-06
1.256942414329387248e-05
2.923341526184231043e-04
2.945731648651417345e-05
1.263564263354055583e-05
9.297689757659099996e-06
8.938777682487852871e-06
8.768425686866976321e-06
8.629506737634073943e-06
8.502952368871774524e-06
8.382766282011289150e-06
8.759845513850450516e-06
5.385742770158685744e-05
1.285668167838593945e-05
1.381395304633770138e-05
1.666803145781159401e-04
1.084689301933394745e-05
1.108976630348479375e-05
8.479224561597220600e-06
1.032987165672238916e-05
2.395616902504116297e-04
1.133601745095802471e-05
9.443561793887056410e-06
7.548245775979012251e-06
7.342661774600856006e-06
7.227658443298423663e-06
8.403524589084554464e-06
1.940960064530372620e-04
1.980647175514604896e-05
9.277626304537989199e-06
7.014984930719947442e-06
6.933159511390840635e-06
6.995527655817568302e-06
1.893905136967077851e-04
7.442534842994064093e-05
1.199735106638399884e-05
7.548389021394541487e-06
6.670402399322483689e-06
6.585381925106048584e-06
6.512603249575477093e-06
6.665740784228546545e-06
1.251192297786474228e-04
1.956114283530041575e-05
1.008347589959157631e-05
7.327805178647395223e-06
7.391304097836837173e-05
3.895388726959936321e-05
1.145216720033204183e-05
6.858623692096443847e-06
6.180237960506929085e-06
6.486880920419935137e-06
1.094541003112681210e-04
3.920397284673526883e-05
1.066937875293660909e-05
6.930825747986091301e-06
6.090396254876395687e-06
5.133125887368805707e-05
4.528026329353451729e-05
1.398028871335554868e-05
6.715191830153344199e-06
5.940314167673932388e-06
5.770284587924834341e-06
5.719668934034416452e-06
5.709357083105714992e-06
7.044561789371073246e-05
9.411992505192756653e-05
1.064117896021343768e-05
6.189762189023895189e-06
5.803852673125220463e-06
5.685085397999500856e-06
7.361126336036249995e-05
7.492163604183588177e-06
6.931805728527251631e-06
5.493420303537277505e-06
6.221906460268655792e-06
1.668970653554424644e-04
1.116883322538342327e-05
7.712735168752260506e-06
5.568197138927644119e-06
5.377767593017779291e-06
5.400711415859404951e-06
7.442144124070182443e-05
6.105544161982834339e-05
1.284398331335978583e-05
6.272973678278503940e-06
5.380044058256316930e-06
5.178037099540233612e-06
5.131299076310824603e-06
9.115154171013273299e-06
1.862398494267836213e-04
2.669974492164328694e-05
5.933194188401103020e-06
5.387992132455110550e-06
5.086418696009786800e-06
5.029071871831547469e-06
4.992989943275460973e-06
4.961713329976191744e-06
4.932779575028689578e-06
4.905327386950375512e-06
5.479344054037937894e-06
1.606221048859879375e-04
2.031467738561332226e-04
8.263811650977004319e-06
7.267009550560032949e-06
4.931788680551107973e-06
4.832550075661856681e-06
4.794740561919752508e-06
1.008031358651351184e-05
6.172410212457180023e-05
1.832919588196091354e-05
5.691845672117779031e-06
4.792491381522268057e-06
4.691622962127439678e-06
4.674399406212614849e-06
1.156943199021043256e-05
1.235241652466356754e-04
1.612894629943184555e-05
5.702570433641085401e-06
4.812357019545743242e-06
4.602653461915906519e-06
4.556181920634116977e-06
4.527244527707807720e-06
4.501368493947666138e-06
4.844264367420691997e-06
4.067788540851324797e-04
1.815700852603185922e-05
7.280583758983993903e-06
5.004313152312533930e-06
4.578389507514657453e-06
4.440812972461571917e-06
5.564862476603593677e-06
1.128573057940229774e-05
1.023215645545860752e-05
4.782788892043754458e-06
4.919026196148479357e-06
8.062860433710739017e-05
2.156637674488592893e-05
5.758825864177197218e-06
4.808566700376104563e-06
4.298753083276096731e-06
4.862155947193969041e-06
2.088227483909577131e-04
3.280177043052390218e-05
6.813839718233793974e-06
4.741809334518620744e-06
5.091521416034083813e-06
2.589760406408458948e-04
2.694139038794673979e-05
5.659221642417833209e-06
4.464483026822563261e-06
4.134235950914444402e-06
4.087197339686099440e-06
4.245002855896018445e-06
4.648792673833668232e-04
4.582805559039115906e-05
7.439983164658769965e-06
4.370253009255975485e-06
4.087891738890903071e-06
4.076160166732734069e-06
2.539598972362000495e-05
6.367500191117869690e-06
4.600814008881570771e-06
4.308257302909623832e-06
2.775095526885706931e-05
2.468886668793857098e-05
2.488063364580739290e-05
1.190695365949068218e-05
6.686569577141199261e-06
6.939035665709525347e-05
1.579511263116728514e-05
6.380480044754222035e-06
2.781817784125450999e-05
3.256116178818047047e-05
7.411062597384443507e-06
4.783451004186645150e-06
4.080352482560556382e-06
9.893404239846859127e-06
4.638584869098849595e-05
1.883518598333466798e-05
4.905688001599628478e-06
3.957743956561898813e-06
5.858612439624266699e-06
8.343785884790122509e-05
1.007594983093440533e-05
5.121485628478694707e-06
2.497008790669497102e-05
3.918810762115754187e-05
1.115447321353713050e-05
4.503500804275972769e-06
3.925061719201039523e-06
1.678280932537745684e-05
8.567089389543980360e-05
1.353365314571419731e-05
4.532251750788418576e-06
3.737375664059072733e-06
1.172144038719125092e-05
1.205102744279429317e-04
9.488381692790426314e-06
3.805164624282042496e-06
3.789907623286126181e-06
3.531693892000475898e-06
3.479394763417076319e-06
5.056301233707927167e-06
8.577616972615942359e-05
1.324242930422769859e-05
7.932255357445683330e-06
1.474504279030952603e-05
1.719531064736656845e-05
7.604131042171502486e-06
9.862326805887278169e-06
2.498043795640114695e-05
4.298270141589455307e-06
5.349283583200303838e-06
1.382326736347749829e-04
3.387434117030352354e-05
7.837809789634775370e-06
3.632188963820226490e-06
3.400856257940176874e-06
3.298115643701748922e-06
3.578827545425156131e-06
2.482178679201751947e-04
1.522878301329910755e-05
6.849097189842723310e-06
3.683489012473728508e-06
3.283661499153822660e-06
3.231753908039536327e-06
3.205261691618943587e-06
3.375893811607966200e-06
3.398199041839689016e-04
9.349723768536932766e-06
6.888148618600098416e-06
3.548477934600668959e-06
3.235919393773656338e-06
3.894984729413408786e-06
9.689944272395223379e-05
1.516912379884161055e-05
4.492266270972322673e-06
3.208080443073413335e-06
3.547752385202329606e-06
2.050859329756349325e-04
1.793048613762948662e-05
6.889173619128996506e-06
3.745313506442471407e-06
3.099874902545707300e-06
3.082257762798690237e-06
6.020863111189100891e-06
2.472097912686876953e-05
5.401873750088270754e-06
4.081782208231743425e-06
3.437299028519191779e-06
3.198908416379708797e-06
5.641356983687728643e-05
9.207411494571715593e-06
4.050037659908412024e-06
6.880428372824098915e-06
3.297251896583475173e-05
6.941252649994567037e-06
5.624199729936663061e-06
4.401279511512257159e-05
8.617947059974540025e-06
3.241896365580032580e-06
5.151465302333235741e-05
3.154010482830926776e-05
7.557709523098310456e-06
3.478771532172686420e-06
2.858809011740959249e-06
3.065138798774569295e-06
9.558044985169544816e-05
1.986614006455056369e-05
2.164919715141877532e-05
8.017786058189813048e-06
3.708358008225332014e-06
2.907172529376111925e-06
3.718063908308977261e-06
1.431768469046801329e-04
1.679420347500126809e-05
4.724578047898830846e-06
3.067566240133601241e-06
2.836180328813497908e-06
5.950880677119130269e-06
9.992885679821483791e-06
1.120841534429928288e-05
6.070994004403473809e-06
5.540562142414273694e-06
3.019464884346234612e-06
3.326579189888434485e-06
1.927574521687347442e-05
1.754002369125373662e-05
3.730169964910601266e-06
2.522840804886072874e-04
8.638322469778358936e-06
5.167923973203869537e-06
3.582512817956740037e-06
7.967183773871511221e-05
6.986275820963783190e-06
4.092596554983174428e-06
2.935593101938138716e-06
1.154954134108265862e-05
4.731670560431666672e-05
1.003142824629321694e-05
3.174525545546202920e-06
4.432527020981069654e-06
1.721651060506701469e-04
1.903105294331908226e-05
4.424133749125758186e-06
3.028926585102453828e-06
2.612870275697787292e-06
3.384439878573175520e-06
5.556584073929116130e-05
1.609609607839956880e-04
2.629586379043757915e-05
4.119834102311870083e-06
2.871707238227827474e-06
2.738072453212225810e-06
9.107893856707960367e-05
1.966498530237004161e-05
3.932822892238618806e-06
3.494050133667769842e-06
5.682594564859755337e-05
3.086935976170934737e-05
5.601172688329825178e-06
3.505901077005546540e-06
3.540711259120143950e-05
4.910592178930528462e-05
6.095646767789730802e-06
2.679489170986926183e-06
2.431810571579262614e-06
2.493179863449768163e-06
1.038594855344854295e-04
2.323547050764318556e-05
8.399421858484856784e-06
2.920661927419132553e-06
2.533940687499125488e-06
4.928865109832258895e-06
1.833844726206734776e-05
1.485014945501461625e-05
2.873065568564925343e-06
2.417813675492652692e-06
2.328555183339631185e-06
9.356972441310063004e-06
2.177289570681750774e-05
1.025287838274380192e-05
3.776208541239611804e-05
1.669129051151685417e-05
3.098954948654863983e-06
1.441977019567275420e-05
2.249845601909328252e-05
6.487379323516506702e-06
2.974092012664186768e-06
5.680871254298835993e-06
4.641750638256780803e-05
2.570228389231488109e-06
2.348361476833815686e-06
3.345880031702108681e-06
7.753985119052231312e-05
1.310753032157663256e-05
3.417025709495646879e-06
3.072951221838593483e-05
2.529791709093842655e-05
7.055507921904791147e-06
2.777600684567005374e-06
2.100724123010877520e-05
4.831361366086639464e-05
9.007731023302767426e-06
3.838345037365797907e-06
2.785114247672026977e-06
2.066283195745199919e-04
8.213468390749767423e-06
6.093443062127334997e-06
2.221443764938157983e-06
2.353417357880971394e-06
2.780414070002734661e-05
1.420949865860166028e-05
6.221129751793341711e-06
5.740911365137435496e-05
1.069864902092376724e-05
3.534763663992634974e-06
7.675606866541784257e-06
1.099665969377383590e-04
2.008690353250131011e-05
4.307150902604917064e-06
2.551080797275062650e-06
2.547649728512624279e-06
1.544687402201816440e-04
2.983461126859765500e-05
3.453915269346907735e-06
2.714824404392857105e-06
2.317454345757141709e-06
7.775008998578414321e-05
6.672265499219065532e-06
2.303340579601353966e-06
2.839875605786801316e-06
1.062044830177910626e-04
1.114460974349640310e-05
2.619534598125028424e-06
1.623342177481390536e-05
1.153390894614858553e-05
4.620585514203412458e-06
2.896465275625814684e-06
3.002064113388769329e-05
1.081801292457384989e-05
3.248125267418799922e-06
9.479861546424217522e-06
2.029388851951807737e-04
1.379814602842088789e-05
4.017227638541953638e-06
2.415974222458316945e-06
4.320284915593219921e-06
1.003504803520627320e-05
6.820489033998455852e-06
6.194018624228192493e-06
3.126251613139174879e-05
6.308416232059244066e-06
1.118911859521176666e-05
2.188390135415829718e-05
6.440173820010386407e-06
1.299471023230580613e-05
5.021028846385888755e-05
2.261850750073790550e-05
3.044213144676177762e-06
2.129060703737195581e-06
2.655925754879717715e-06
1.348769292235374451e-04
1.442562734155217186e-05
4.794223514181794599e-06
1.889127588583505712e-06
1.864945716079091653e-06
3.238125827920157462e-06
7.779685256537050009e-05
1.359195721306605265e-05
8.939112376538105309e-06
1.158445047622080892e-05
2.336842953809536994e-06
2.733749715844169259e-05
2.324975321243982762e-05
5.844464794790837914e-06
2.608185695862630382e-06
1.831422650866443291e-06
1.871187691904196981e-06
7.819822349119931459e-05
4.110382724320515990e-05
4.324465407989919186e-06
2.024233481279225089e-06
2.836145085893804207e-06
5.064255674369633198e-05
7.179927251854678616e-06
2.419997144897934049e-06
2.826819809342850931e-06
1.659941481193527579e-04
1.252314905286766589e-05
2.642103027028497308e-06
5.535482159757521003e-06
1.300824533245759085e-05
5.043350483902031556e-06
1.507124579802621156e-05
9.214317105943337083e-05
8.515518857166171074e-06
2.238072511318023317e-06
7.085820925567531958e-06
5.075060835224576294e-05
4.225801149004837498e-06
4.123806320421863347e-06
6.435118120862171054e-05
3.741228738363133743e-06
1.955901552719296888e-06
2.406475687166675925e-06
5.850620800629258156e-05
9.216515536536462605e-06
3.935691893275361508e-06
1.187382076750509441e-04
1.454215907870093361e-05
3.082600187553907745e-06
1.909345201056567021e-06
4.860804892814485356e-06
6.798573849664535373e-06
4.843287388212047517e-05
4.299900410842383280e-06
2.032572865573456511e-06
2.185829771406133659e-06
4.259699926478788257e-05
1.256364048458635807e-04
1.022763262881198898e-05
1.836381898101535626e-06
1.741173718983191065e-06
1.660140469539328478e-06
2.073044925055000931e-06
1.374254770780680701e-05
5.138797496329061687e-05
1.328778307652100921e-05
4.335401627031387761e-06
1.996758555833366700e-06
2.089425606754957698e-06
1.320040173595771194e-04
8.331960998475551605e-06
2.793636667774990201e-06
1.733279304971802048e-06
1.728254801491857506e-06
2.651609065651427954e-05
3.120098699582740664e-05
7.840950274839997292e-06
2.322384489161777310e-06
2.916506127803586423e-05
4.161417109571630135e-06
2.062558678517234512e-06
5.836195668962318450e-06
1.875085399660747498e-05
7.342746357608120888e-06
3.858597665384877473e-06
2.301053655173745938e-06
7.739784450677689165e-06
1.931887527462095022e-05
6.154732091090409085e-06
2.209967760791187175e-06
1.798607286218611989e-06
6.582968489965423942e-05
2.086964377667754889e-05
5.803387011837912723e-06
2.236644604636239819e-06
4.822432310902513564e-05
2.957817741844337434e-05
3.259887989770504646e-06
2.947012035292573273e-06
1.390326633554650471e-05
3.069727245019748807e-05
6.377748377417447045e-06
2.404656243015779182e-06
6.082357231207424775e-06
2.122861405950970948e-05
4.645185981644317508e-06
3.020876829396001995e-05
1.701021210465114564e-05
4.642664407583652064e-06
8.321528184751514345e-06
9.485939699516166002e-06
9.422838047612458467e-06
3.938403096981346607e-06
1.035385357681661844e-04
1.160336887551238760e-05
3.153770876451744698e-06
1.664367005105304997e-06
1.445804969080199953e-06
1.781230594133376144e-06
7.420298061333596706e-05
2.050254806817974895e-05
2.735839416345697828e-06
1.739547883516934235e-06
1.454737571293662768e-06
3.213380068700644188e-06
6.927950744284316897e-05
7.231518793560098857e-06
2.646974508024868555e-06
1.531109091956750490e-06
1.375747160636819899e-06
1.407085278515296523e-06
9.925797712639905512e-06
6.797148671466857195e-05
5.830862846778472885e-06
1.087090095097664744e-05
1.605378770364040975e-06
2.058279733319068328e-06
3.730592652573250234e-06
4.162774348515085876e-05
8.692508345120586455e-06
1.864462660705612507e-06
2.341982508369255811e-05
2.941547427326440811e-05
2.356849336138111539e-06
2.676270469237351790e-06
5.234282798483036458e-05
4.174345576757332310e-06
2.251129672004026361e-06
8.485786565870512277e-06
6.480460433522239327e-05
9.988401870941743255e-06
2.845179324140190147e-06
1.420418357156449929e-06
4.362935669632861391e-06
4.435027585714124143e-05
3.491258030408062041e-05
5.091981165605830029e-06
2.998654053953941911e-06
5.101809438201598823e-05
5.919852355873445049e-06
2.962640110126812942e-06
4.134298433200456202e-05
1.551527384435757995e-05
4.108240773348370567e-06
2.502541065041441470e-06
3.754859790205955505e-05
2.898754246416501701e-05
5.053785116615472361e-06
2.270769073220435530e-06
6.179805495776236057e-05
7.627685135958017781e-06
3.120863993899547495e-06
6.443798156396951526e-06
1.983550282602664083e-05
4.326759153627790511e-06
7.770755473757162690e-06
1.176080695586279035e-05
3.050802433790522628e-06
3.381992792128585279e-05
1.234372575709130615e-05
6.166011644381796941e-06
4.143931164435343817e-06
1.025478704832494259e-04
1.743263055686838925e-05
3.210659542673965916e-06
7.611200089741032571e-06
3.727789589902386069e-06
2.687735104700550437e-06
2.866524937417125329e-06
1.214232761412858963e-04
1.119661646953318268e-05
2.272605797770665959e-06
6.112651135481428355e-06
3.528560773702338338e-05
5.873180271009914577e-06
2.182612888645962812e-06
9.239088103640824556e-05
1.270193024538457394e-05
3.431518780416809022e-05
1.019945193547755480e-05
3.235440999560523778e-06
1.583441735419910401e-05
9.419467460247687995e-06
4.401574187795631588e-06
2.543169466662220657e-05
8.736315066926181316e-06
3.458808805589796975e-06
4.416735464474186301e-06
6.500706513179466128e-05
1.005387002805946395e-05
3.002435050802887417e-06
2.280666194565128535e-06
8.604129834566265345e-05
4.882149369223043323e-06
3.537020802468759939e-06
1.162035841844044626e-04
1.030008024827111512e-05
2.238956767541822046e-06
1.374245016450004186e-06
1.560326040817017201e-06
5.809170761494897306e-05
9.343193960376083851e-05
9.967006917577236891e-06
2.374161567786359228e-06
1.337007347501639742e-06
1.251577577932039276e-05
3.015288166352547705e-05
5.271740974421845749e-06
1.725696620269445702e-06
1.174299882222840097e-06
1.210888058267300949e-06
3.315487992949783802e-05
6.203164048201870173e-06
6.012462563376175240e-06
3.842269507003948092e-06
1.231979240401415154e-06
9.677601155999582261e-06
2.163505632779560983e-05
2.654671334312297404e-06
2.961831341963261366e-06
6.192701403051614761e-05
1.746340785757638514e-06
3.963310518884100020e-06
2.160644544346723706e-05
1.496166987635660917e-05
2.674133611435536295e-06
5.988411066937260330e-05
1.390882971463724971e-05
4.626124791684560478e-06
1.109155618905788288e-05
9.286638487537857145e-06
1.404547560923674610e-06
3.834668859781231731e-06
3.383549483260139823e-05
1.311643973167520016e-05
2.130912207576329820e-06
2.330218876522849314e-06
1.921970942930784076e-05
1.322584739682497457e-05
5.164693448023172095e-06
4.304703907109797001e-06
5.126511950948042795e-06
2.122352043443243019e-06
3.432645144130219705e-06
5.588828935287892818e-05
7.723958333372138441e-06
2.498385356375365518e-06
5.569397399085573852e-05
2.388408574915956706e-06
6.274535280681448057e-06
3.359539186931215227e-05
2.036961177509510890e-06
4.872889348916942254e-06
5.815548138343729079e-05
1.097510994441108778e-05
4.054258624819340184e-06
1.888740484901063610e-06
4.256502143107354641e-05
1.199998587253503501e-05
1.058306315826484933e-05
7.581727550132200122e-05
5.030089141655480489e-06
4.716747753263916820e-06
1.757008976710494608e-05
5.489177510753506795e-06
1.820845227484824136e-06
4.470953717827796936e-05
3.268757609475869685e-06
4.107984295842470601e-06
1.644720396143384278e-05
2.155796664737863466e-06
1.235659965459490195e-06
9.842210602073464543e-06
2.688608037715312093e-05
4.119894583709537983e-06
4.738589723274344578e-06
4.692325092037208378e-05
4.957918008585693315e-06
5.649451850331388414e-06
4.248667755746282637e-05
1.122405774367507547e-05
3.063322765228804201e-06
1.799287383619230241e-05
2.703546488191932440e-05
4.696238647738937289e-06
2.196387868025340140e-06
1.084601317415945232e-04
1.291123862756649032e-05
3.174379799020243809e-06
3.230792208341881633e-05
8.940404768509324640e-06
3.900281444657593966e-05
1.941076561706722714e-06
4.409586836118251085e-05
7.280100817297352478e-06
4.079294740222394466e-06
6.828283403592649847e-06
4.835103482037084177e-06
1.444182089471723884e-05
1.406928367941873148e-05
2.382051889071590267e-06
1.365323896607151255e-06
1.505886757513508201e-05
3.878861025441437960e-05
3.029143044841475785e-06
5.433320438896771520e-06
1.979506123461760581e-06
1.250506784344906919e-06
3.928417299903230742e-06
9.126515578827820718e-06
7.664054464839864522e-06
1.148389856098219752e-05
4.289122898626374081e-06
1.860121642494050320e-06
5.632553438772447407e-05
9.473873433307744563e-06
2.842845105988089927e-06
1.262395244339131750e-06
8.590855031798128039e-06
4.222914867568761110e-05
6.457262770709348843e-06
1.743724169500637800e-06
1.122380922424781602e-06
4.228124453220516443e-05
1.107193111238302663e-05
2.266643605253193527e-06
1.112489030674623791e-06
3.163479732393170707e-06
3.804236621363088489e-05
7.467026989615987986e-06
2.310154968654387631e-06
9.941115422407165170e-06
1.215149495692458004e-05
6.847559689049376175e-06
5.193808465264737606e-05
7.238793841679580510e-06
1.274560645470046438e-06
1.247213094757171348e-05
4.962542880093678832e-05
2.040208073594840243e-06
2.388430402788799256e-06
1.988899384741671383e-06
1.373206905554980040e-04
1.028177211992442608e-05
1.239429252564150374e-06
9.840215398071450181e-07
1.037305764839402400e-06
1.620396324142348021e-05
3.200792343704961240e-05
2.538725766498828307e-06
3.510382612148532644e-06
3.364303847774863243e-05
2.898552338592708111e-06
2.658861376403365284e-06
8.786320904619060457e-06
5.062845593784004450e-05
7.968013051140587777e-06
2.249263161502312869e-06
1.128501821767713409e-06
4.967131098965182900e-05
2.358492929488420486e-05
3.024681745955604129e-06
1.515288317932572681e-06
1.086821248463820666e-05
8.796230758889578283e-06
3.806759195867925882e-06
2.386612550253630616e-06
6.520025635836645961e-05
9.028801287058740854e-06
1.733342287479899824e-05
1.491661441832548007e-05
4.144239483139244840e-06
5.086160308565013111e-05
1.236861407960532233e-05
4.533373157755704597e-06
7.915893547760788351e-06
9.841910468821879476e-06
5.798442543891724199e-06
6.226712685020174831e-06
1.907241494336631149e-05
3.690533048938959837e-06
7.109446869435487315e-06
7.784364242979791015e-06
3.559768174454802647e-06
1.336947093477647286e-06
6.317348743323236704e-05
2.961017344205174595e-06
1.887822349999623839e-06
1.322733623965177685e-06
8.941024702835420612e-07
9.270639225178456400e-07
1.962249370990321040e-04
1.348565638181753457e-05
3.713884552780655213e-06
1.271274868486216292e-06
8.804607887213933282e-07
8.522607686245464720e-07
1.751875402078439947e-06
3.990075492765754461e-05
4.325796453485963866e-06
1.605395482329186052e-06
3.183560238539939746e-06
7.467742761946283281e-06
1.035050081554800272e-05
1.174186650132469367e-06
5.276875981508055702e-06
1.391231421621341724e-06
4.753289886139100417e-06
1.402943553330260329e-06
7.662220923521090299e-06
2.451638647471554577e-05
2.377624696237035096e-06
6.959097845538053662e-06
8.573154445912223309e-06
3.143615685985423625e-06
2.491259874659590423e-05
2.774667154881171882e-05
5.475801117427181453e-06
9.735983894643140957e-07
4.028942566947080195e-05
8.457825970253907144e-06
4.386378805065760389e-06
1.097410859074443579e-06
5.021796823712065816e-06
1.410485583619447425e-05
1.063405943568795919e-05
5.557786607823800296e-06
2.299773586855735630e-05
3.573638423404190689e-06
1.720182444842066616e-05
1.967434764083009213e-05
4.606579295796109363e-06
1.401718600391177461e-05
8.044786227401345968e-06
4.759545845445245504e-06
4.635768345906399190e-05
7.537160399806452915e-06
7.789374649291858077e-06
1.305450837207899895e-06
3.707344376380206086e-06
6.865549221402034163e-05
3.309211251689703204e-06
2.360917733312817290e-06
7.130345329642295837e-05
1.707914179860381410e-06
2.213188054156489670e-06
6.333649798762053251e-05
6.425736046367092058e-06
1.920964677992742509e-06
1.020836066345509607e-06
5.174522448214702308e-05
2.340129867661744356e-05
3.356633214934845455e-06
1.007835521704691928e-06
9.335339200333692133e-06
3.841098077828064561e-05
3.836126779788173735e-06
4.428051397553645074e-06
5.573772341449512169e-06
1.254133621841901913e-06
2.158482629965874366e-06
3.850751090794801712e-05
2.446643975417828187e-06
2.765592626019497402e-06
8.080594852799549699e-05
1.637504828977398574e-05
3.734564597834832966e-05
6.443906841013813391e-06
2.536708279876620509e-06
6.436264811782166362e-06
3.939343059755628929e-06
6.038702849764376879e-06
2.587149538157973439e-05
2.812726506817853078e-06
1.731614429445471615e-05
1.869020343292504549e-05
2.353732497795135714e-06
1.399284701619762927e-05
1.538547257950995117e-05
2.464086946929455735e-06
2.047995258180890232e-05
2.147580289602046832e-06
5.991258876747451723e-05
1.101254656532546505e-05
1.102345095205237158e-06
9.960077704818104394e-07
1.946383417816832662e-05
2.227377990493550897e-05
2.937744739028858021e-06
1.256873360944155138e-06
6.260942427616100758e-06
2.984278216899838299e-05
3.627277919804328121e-06
2.793223529806709848e-06
2.248875898658297956e-05
4.810184327652677894e-05
4.803958745469572023e-06
1.520473347227380145e-06
1.622209856577683240e-05
1.246796637133229524e-05
1.930875441757962108e-06
1.885047709038190078e-06
6.210454012034460902e-05
2.830128778441576287e-06
5.891713226446881890e-05
1.080885908777418081e-06
2.121571924362797290e-06
9.358950023852230515e-07
1.112494555854937062e-05
4.308529969421215355e-05
3.453065573921776377e-06
1.647089902689913288e-06
1.134194462792947888e-06
3.380305133759975433e-05
7.191179520305013284e-06
4.092074050277005881e-06
2.116785253747366369e-05
1.093986884370679036e-05
1.595659568920382299e-06
1.581970195729809348e-06
2.004768066399265081e-05
1.468585287511814386e-05
6.001457950333133340e-05
1.139776304626138881e-05
2.083984554701601155e-06
1.864647492766380310e-05
1.613922540855128318e-05
1.106792183236393612e-06
1.010884602692385670e-06
3.692406971822492778e-05
1.873354631243273616e-05
4.653687028621789068e-06
2.895868419727776200e-06
1.594289460626896471e-05
4.963587343809194863e-06
1.415714905306231230e-06
1.500460984971141443e-05
2.063011561403982341e-05
5.524848802451742813e-06
3.475484163573128171e-06
2.508246689103543758e-05
2.366127773711923510e-06
1.181739753519650549e-05
1.724439243844244629e-05
2.964273562611197121e-06
7.162003748817369342e-05
7.794122211635112762e-06
1.003359557216754183e-06
8.823728421702980995e-06
4.385637657833285630e-05
1.481927029090002179e-06
1.335562956228386611e-06
8.123299721773946658e-07
6.445913641073275357e-06
3.451971133472397923e-05
3.135808583465404809e-06
4.126620297029148787e-06
4.245278432790655643e-06
3.586849061321117915e-06
1.749989496602211148e-05
6.730122549924999475e-06
9.517368198430631310e-06
1.291959870286518708e-05
5.423679613159038126e-05
2.028889639404951595e-06
3.387413244126946665e-06
3.567229214240796864e-05
1.173016880784416571e-05
3.559165634214878082e-06
1.384685560879006516e-06
2.806574048008769751e-05
2.115473580488469452e-05
4.282501777197467163e-06
1.384733309350849595e-06
6.786974608985474333e-06
3.935464974347269163e-06
4.111995076527819037e-05
3.017747758349287324e-06
1.191993305837968364e-06
1.140763174589665141e-06
1.452639571652980521e-05
2.029356255661696196e-05
4.044238266942556947e-06
9.531265277473721653e-06
1.448539592274755705e-06
1.035729951581743080e-06
4.688132776209386066e-06
1.101938505598809570e-05
2.624701664899475873e-05
4.379267920739948750e-06
8.523939868609886616e-06
7.665538760193157941e-06
4.028615876450203359e-06
5.214187331148423254e-05
5.938443337072385475e-06
4.874001206189859658e-06
3.119277607765980065e-05
2.815786501741968095e-06
1.065913693309994414e-05
1.727878225210588425e-05
3.794908707277500071e-06
1.085224175767507404e-05
1.541712845209985971e-05
4.296606675779912621e-06
8.022849215194582939e-06
2.577811528681195341e-06
1.085929170585586689e-06
1.010491018860193435e-06
8.584318129578605294e-05
5.929463895881781355e-06
4.664000698539894074e-06
2.248756027256604284e-05
8.781507858657278121e-06
2.306040414623566903e-06
9.671210136730223894e-06
1.625689765205606818e-05
3.483566979411989450e-05
4.988292403140803799e-06
4.391139555082190782e-06
3.389846096979454160e-05
7.789998562657274306e-06
1.422578748133673798e-06
5.389530633692629635e-05
4.840795554628130049e-06
1.732956297928467393e-05
3.120638666587183252e-06
5.147078354639234021e-06
1.983119727810844779e-05
1.295790571020916104e-05
2.039546188825624995e-06
1.191020032820233610e-06
3.871838271152228117e-05
1.033730131894117221e-05
2.387159838690422475e-05
5.389736088545760140e-06
1.108342871702916455e-06
2.083485560433473438e-05
2.493613283149898052e-05
3.677632776089012623e-06
7.326107606786536053e-06
4.769497536472044885e-06
3.326942305648117326e-06
1.283266215068579186e-06
5.180002699489705265e-05
4.308641564421122894e-06
2.002177552640205249e-06
9.583834525983547792e-07
3.728568799488130026e-06
1.610204344615340233e-05
4.473768967727664858e-06
2.021467253143782727e-06
4.096294287592172623e-05
3.247885160817531869e-06
1.284323502659390215e-06
1.380799517392006237e-06
6.867757474537938833e-05
1.604056524229235947e-05
1.413368863723007962e-06
1.001954842649865896e-06
6.593825219169957563e-07
1.710946094135579187e-06
8.497684029862284660e-05
1.255742336070397869e-05
2.088737801386741921e-06
1.069115933205466717e-05
1.430555857950821519e-05
2.479525164744700305e-06
6.459708856709767133e-07
6.179669185257807840e-07
9.829814189288299531e-07
1.869489351520314813e-04
1.935671389219351113e-05
2.113720483976067044e-06
7.048826660138729494e-07
6.382689434758503921e-07
1.132619672716828063e-06
3.017769449797924608e-05
5.551559752348111942e-06
1.896537469292525202e-06
6.349857812892878428e-07
6.585354412891319953e-07
1.862979479483328760e-05
6.477127499238122255e-06
3.645037850219523534e-06
7.837911653041373938e-07
6.683198989776428789e-06
1.076802254829090089e-05
8.388189485231123399e-07
1.002936642180429772e-06
1.150274620158597827e-04
5.215984856477007270e-06
5.113426232128404081e-05
6.607950240322679747e-07
1.660503016864822712e-06
6.608933631468971726e-07
1.154961182692204602e-06
4.065928806085139513e-05
4.494423137657577172e-06
1.603262148819339927e-06
6.656009077232738491e-07
1.690660496933560353e-06
6.532359839184209704e-05
5.789630449726246297e-06
9.800021416594972834e-07
2.453072966090985574e-06
5.935557783232070506e-05
4.459906904230592772e-06
8.883558280103898142e-07
6.647190957664861344e-07
5.959398663435422350e-07
5.830984264321159571e-07
7.333384814955934417e-07
1.443082001060247421e-04
3.632211473814095370e-06
2.939703108495450579e-06
7.542310527242079843e-07
1.345341752312378958e-05
1.736183185130357742e-05
3.477197196843917482e-06
7.957532375257869717e-07
7.672217066101438832e-07
5.497657912201248109e-05
3.303951234556734562e-05
5.936727120570139959e-06
7.764184601910528727e-07
1.457713642594171688e-05
2.341733670618850738e-05
6.541374659718712792e-06
1.281669483432779089e-05
1.649752789489866700e-06
1.217778162754257210e-06
2.250227225886192173e-05
1.763952059263829142e-05
2.966092097267392091e-06
9.482271821070753504e-07
1.165000071523536462e-06
5.455999416881240904e-05
5.876637260371353477e-06
2.258778067698585801e-06
7.055735977701260708e-07
8.215252478294132743e-07
4.552643076749518514e-05
3.551071131369099021e-05
3.806735776379355229e-06
1.089216084437794052e-06
2.296772436238825321e-06
3.448078496148809791e-05
7.181264663813635707e-06
2.636971430547419004e-06
4.243531293468549848e-05
1.121309469453990459e-05
2.189266979257808998e-06
1.711684603833418805e-06
5.418113869382068515e-05
7.154736522352322936e-06
1.108870151256269310e-06
3.214191792721976526e-06
3.540382385835982859e-05
5.715365659852977842e-06
1.543100188428070396e-05
1.099572159546369221e-06
6.612067409150768071e-06
1.141172288043890148e-05
1.640516188672336284e-06
2.013334960793145001e-05
3.915958222933113575e-05
7.337571332755032927e-06
2.359766540394048207e-06
2.557453808549325913e-05
3.795447992160916328e-05
2.652216835485887714e-06
1.869869038273463957e-06
2.043823405983857810e-05
1.201313898491207510e-05
3.159709876854321919e-06
1.654231368775072042e-06
5.035189678892493248e-05
9.214104466082062572e-06
1.284182326344307512e-05
5.009231699659721926e-06
3.425464228712371551e-06
1.582833101565483958e-05
2.156118398488615640e-06
1.626643665986193810e-06
6.922354805283248425e-05
8.338571205968037248e-06
2.143350138794630766e-05
1.214284657180542126e-05
2.928429466919624247e-06
5.571689030148263555e-07
6.524128934870532248e-07
3.657985871541313827e-06
2.348817906749900430e-05
6.700710400764364749e-06
1.554919549562328029e-06
4.978962351742666215e-06
9.058470823219977319e-06
1.179265836981358007e-06
1.010478058560693171e-06
8.882612019078806043e-05
9.113552550843451172e-06
1.569504206599958707e-06
3.421807559789158404e-05
7.157637355703627691e-06
2.398432479822076857e-05
1.009350944514153525e-05
2.374362338741775602e-06
7.111045761121204123e-07
3.263645703555084765e-05
8.941806299844756722e-06
7.291605015780078247e-06
3.983460374001879245e-06
1.287381837755674496e-05
3.467034957793657668e-06
3.060807557631051168e-06
2.804178802762180567e-05
5.094952030049171299e-06
5.010488894185982645e-05
1.269408767257118598e-05
9.920933052853797562e-07
3.852234840451274067e-06
2.613158540043514222e-05
4.494916993280639872e-06
9.596078598406165838e-07
7.141161859181011096e-06
1.340108792646788061e-05
1.347525812889216468e-05
2.228919584013056010e-06
1.198465270135784522e-05
1.191973842651350424e-05
3.569075033738045022e-06
1.464205411139118951e-06
1.124230038840323687e-05
7.403726158372592181e-06
3.302014420114574023e-06
3.439728970988653600e-05
9.210424650518689305e-06
2.882677335946937092e-06
2.851608041964937001e-05
9.927463906933553517e-06
1.785730773917748593e-06
2.898676939366851002e-06
3.698727232404053211e-05
5.060467174189398065e-06
9.476328273194667418e-07
2.397098978690337390e-05
1.261550096387509257e-05
1.475084673074888997e-06
3.592991197365336120e-05
2.576231509010540321e-06
3.315986032248474658e-05
8.288645403808914125e-06
1.358317035737854894e-06
9.493394372839247808e-07
1.581783749315945897e-06
2.022560329351108521e-05
8.562406947021372616e-06
5.654042070091236383e-06
4.590251592162530869e-06
1.615668043086770922e-05
5.217407306190580130e-06
9.223846973327454180e-06
1.309934032178716734e-05
3.727221610461128876e-06
3.118345921393483877e-05
4.603554771165363491e-06
1.803623831619916018e-06
4.654164149542339146e-05
9.277257959183771163e-06
3.366850023667211644e-06
1.344463180430466309e-05
8.530564628017600626e-06
3.752431211978546344e-06
8.241107934736646712e-06
8.349587915290612727e-06
2.587142625998239964e-05
3.755028274099458940e-06
9.294416827287932392e-07
5.811584742332343012e-07
3.904402092302916571e-06
3.002986522915307432e-05
6.269452114793239161e-06
1.034840693137084600e-06
9.921570381266064942e-06
1.784237247193232179e-05
3.436070073803421110e-06
5.918863053011591546e-07
5.333133685780921951e-07
6.615687198063824326e-07
7.409527461277320981e-05
2.176051748392637819e-05
4.307315975893288851e-06
6.042448603693628684e-07
3.976750576839549467e-06
1.134730518970172852e-05
1.225019877892918885e-05
2.253324601042550057e-05
2.448272653055028059e-06
8.096967576420865953e-07
7.189203188318060711e-07
2.097721153404563665e-05
1.607101148692891002e-05
2.605009285616688430e-06
2.205981445513316430e-06
4.381799226393923163e-05
2.220459009549813345e-06
9.111101348935335409e-07
1.379001787427114323e-05
4.277244443073868752e-05
8.878231710696127266e-06
1.243697056452219840e-06
1.687539111117075663e-06
5.023445191909559071e-05
5.281823632685700431e-06
1.488584985054330900e-06
8.119781682580651250e-07
4.301779335946775973e-05
2.327091715415008366e-05
2.414917162241181359e-06
8.253839496319415048e-07
1.369772944599390030e-04
2.854886815839563496e-06
2.175510417146142572e-06
6.911765240147360601e-07
5.353502956495503895e-07
5.669087954629503656e-07
1.016917012748308480e-04
9.604666956875007600e-06
6.312175628409022465e-06
1.007305399980396032e-05
4.031388925795909017e-06
2.074288204312324524e-06
6.266418495215475559e-05
5.203382443141890690e-06
9.981962421079515480e-07
1.341406118626764510e-06
7.360888412222266197e-05
6.300495442701503634e-06
9.226842507814581040e-07
1.475584758736658841e-05
1.281244658457580954e-05
2.792855866573518142e-06
1.628984136914368719e-06
3.279928205301985145e-05
2.123402282450115308e-06
2.176734597014728934e-05
9.363836397824343294e-06
2.578183057266869582e-06
1.183557628792186733e-06
4.096181874047033489e-05
2.055756522167939693e-05
1.863028842308267485e-06
2.758921482381992973e-06
1.448088187316898257e-05
3.511568593239644542e-06
1.452600486118171830e-06
5.653001267091894988e-07
3.881270458805374801e-06
2.993957423313986510e-05
2.644762616910156794e-06
9.867476364888716489e-06
4.736432401841739193e-06
1.234306296282738913e-06
5.061538672634924296e-07
7.689215522077574860e-07
6.393982403096742928e-06
7.190478299889946356e-06
3.865786311507690698e-06
2.029220559052191675e-05
3.454775196587434039e-06
2.074457825074205175e-06
3.564638973330147564e-05
4.630381681636208668e-06
2.431155735393986106e-06
2.279042200825642794e-05
1.717551276669837534e-05
1.169264942291192710e-05
2.351611556150601245e-06
1.859499934653285891e-05
1.343390977126546204e-05
3.167895556543953717e-06
2.686323205125518143e-05
1.208261164720170200e-05
3.219892960260040127e-06
2.426178525638533756e-06
2.195692468376364559e-05
6.889753422001376748e-06
2.262732778035569936e-06
9.643913472245912999e-07
5.502027488546445966e-05
3.888880200975108892e-06
6.418929115170612931e-05
8.304445145768113434e-06
1.679458250691823196e-06
5.464526111609302461e-07
5.875904207641724497e-07
6.738557658536592498e-06
3.485289926175028086e-05
6.744653092027874663e-06
1.512613380327820778e-06
1.379732384521048516e-05
6.208242211869219318e-06
9.998109362641116604e-07
4.394093411974608898e-05
3.165223688483820297e-06
2.212482058894238435e-06
1.893151420517824590e-05
1.430700831406284124e-05
3.709598331624874845e-06
1.013563633023295552e-06
5.373915996642608661e-07
6.972462415433255956e-06
2.271722769364714622e-05
1.223939420924580190e-06
3.759605760933482088e-06
3.682220039991079830e-06
6.235335376914008521e-07
7.686980438847967889e-07
1.078169134416384622e-06
3.788551475736312568e-05
1.194125275105761830e-06
1.312630274696857668e-06
2.160242956961155869e-06
1.800763493520207703e-05
7.297603588085621595e-06
9.348115781904198229e-06
1.720269551697128918e-06
1.197739948111120611e-05
9.430842510482762009e-06
1.273306497751036659e-05
1.622308559490193147e-06
1.276168859476456419e-05
6.038900210114661604e-06
4.803629053640179336e-05
1.053146934282267466e-05
9.618487410989473574e-07
1.492038427386432886e-05
6.688402663712622598e-06
2.170415200453135185e-06
8.286480124297668226e-07
4.784312750416575000e-07
4.320052994444267824e-06
6.181028584251180291e-05
4.894735411653527990e-06
7.223143825285660569e-07
6.735227771059726365e-07
2.518519067962188274e-05
1.665032300479651894e-06
1.268327878278796561e-06
1.451808316232927609e-06
7.828612069715745747e-06
3.025190153493895195e-06
1.446207534172572196e-05
3.650075996119994670e-06
6.743114795426663477e-07
1.880421223177108914e-05
2.701572884689085186e-05
2.146305632777512074e-06
8.734867265047796536e-07
1.102641249417501967e-06
3.241359809180721641e-05
1.041265841195126995e-05
2.166836111427983269e-06
8.344827620021533221e-07
3.883172030327841640e-05
2.430798667774070054e-05
4.412904218042967841e-06
9.756507779457024299e-07
9.453826805838616565e-07
3.408440534258261323e-05
1.486607561673736200e-05
2.771122808553627692e-06
1.258150291505444329e-06
5.608302444670698605e-07
7.658479717065347359e-07
5.202595639275386930e-05
1.067737139237578958e-05
1.718509338388685137e-06
3.674467279779491946e-06
2.877371844078879803e-05
3.655236469057854265e-06
1.456998461435432546e-06
1.881203843367984518e-06
1.347348006675019860e-05
7.030640972516266629e-06
1.687058329480350949e-06
5.941586096014361829e-06
6.362604381138226017e-06
9.749559239935479127e-07
9.136921335084480233e-07
9.346363367512822151e-05
9.391261301061604172e-06
4.573772912408458069e-06
1.818327655200846493e-05
1.448143848392646760e-06
5.837698040522809606e-07
1.923110903589986265e-05
3.411950274312403053e-06
5.486264740284241270e-07
2.134926035068929195e-06
2.013957055169157684e-05
5.780762421636609361e-06
1.116685666602279525e-06
7.375685981969581917e-07
4.874845399172045290e-05
8.893799531506374478e-06
4.423951850185403600e-06
1.188370697491336614e-05
3.331446350784972310e-06
6.692897045468271244e-07
3.004493555636145175e-05
6.775417659810045734e-06
2.742582410064642318e-06
1.192607555822178256e-06
9.974188515116111375e-07
5.813266034238040447e-05
9.093329936149530113e-06
1.504029910393001046e-06
6.445708095270674676e-06
1.607942249393090606e-05
3.019600399056798778e-06
1.091958324650477152e-06
2.033773171206121333e-06
2.684678520381567068e-06
6.517049041576683521e-05
1.425659866072237492e-05
2.066784190901671536e-06
5.937921514487243257e-07
4.645096112199098570e-07
4.435914320310985204e-07
5.705974217562470585e-07
6.017574196448549628e-05
2.701562334550544620e-05
6.000290795782348141e-06
1.702164354355772957e-06
3.242372622480615973e-05
8.377617632504552603e-06
1.231413193636399228e-06
5.478495950228534639e-06
9.647913429944310337e-06
5.026604412705637515e-06
1.945005351444706321e-06
9.659812576501281001e-07
2.372680910411872901e-06
3.345535151311196387e-05
5.055926976638147607e-06
1.396758761984528974e-06
5.374191687224083580e-07
1.161722707365697715e-06
1.073059684131294489e-05
1.749047805787995458e-05
2.302771463291719556e-06
1.692085970717016608e-05
4.606908987625502050e-05
6.208967988641234115e-06
1.953964056156110018e-05
6.684389973088400438e-06
1.393192064824688714e-06
1.205000717163784429e-05
3.857405317830853164e-06
1.863596935436362401e-06
6.007259798934683204e-06
6.656736331933643669e-06
1.484618337599385995e-06
3.638534690253436565e-05
1.418933334207395092e-05
3.874495632771868259e-06
1.457468897569924593e-06
3.940076567232608795e-06
1.271619203180307522e-05
1.147945386037463322e-05
1.179496393888257444e-06
2.441890501359011978e-05
1.358363624603953212e-05
6.567619948327774182e-06
8.460248750452592503e-07
1.047425257638678886e-06
1.616894405742641538e-05
7.652873136976268142e-06
1.357190740236546844e-06
1.141002258009393699e-06
8.408820576732978225e-05
5.243575287749990821e-06
1.977284000531653874e-06
6.009610160617739893e-07
6.019557076797354966e-06
2.276642771903425455e-05
2.650326905495603569e-06
5.812087238155072555e-07
5.071406690149160568e-07
1.911855906655546278e-05
9.989829777623526752e-06
2.090903763019014150e-06
7.679301461394061334e-07
7.497675687773153186e-05
2.942423634522128850e-05
3.438262865529395640e-06
1.904139139696781058e-06
1.472809071856318042e-05
4.956310476700309664e-06
1.793878027456230484e-06
5.611760116153163835e-06
1.257490021089324728e-05
4.677250217355322093e-06
3.380836915312102064e-06
1.608761522220447659e-05
1.427985171176260337e-05
1.671656036705826409e-06
3.428933268878608942e-06
1.825027175073046237e-05
2.410499973848345689e-06
9.862975502983317710e-07
3.877190920320572332e-06
1.554267691972199827e-05
5.218884325586259365e-06
8.532088600077258889e-07
3.742837725440040231e-05
2.612017624414875172e-06
4.326362613937817514e-06
1.446506303182104602e-05
2.482025365679874085e-06
1.314805103902472183e-05
4.505940978560829535e-06
1.882357082649832591e-06
1.959756809810642153e-05
1.148724186350591481e-05
2.866065642592730001e-06
2.126931349266669713e-06
2.609447074064519256e-05
4.651058588933665305e-06
1.288535372623300646e-06
4.477673064684495330e-05
9.203268746205139905e-06
1.444137183170823846e-06
4.077330231666564941e-06
1.447804152121534571e-05
2.417227278783684596e-06
3.431509639995056204e-06
2.751383908616844565e-05
5.435053481050999835e-06
1.779049057404336054e-06
6.982718332437798381e-06
3.864336031256243587e-05
4.247799097356619313e-06
8.610243185103172436e-07
4.760469209941220470e-07
7.722145483057829551e-07
7.679884583922103047e-05
4.746186277770902961e-06
1.654738412071310449e-06
4.913555926577828359e-07
5.058303713667555712e-07
2.606489761092234403e-05
1.479413003835361451e-05
3.508087274894933216e-06
9.507568847766378894e-07
4.629760326224641176e-07
4.240218061113409931e-07
4.231469574733637273e-07
6.813994787080446258e-06
1.913839332701172680e-05
2.921227178376284428e-06
5.547230557567672804e-06
6.730591394443763420e-06
1.636452452657977119e-06
6.455508992075920105e-05
6.445783583330921829e-06
4.395138546442467486e-07
7.258997811732115224e-06
1.745785812090616673e-05
1.550027718622004613e-06
9.064886512533121277e-07
5.338111463970562909e-07
7.381817795248934999e-06
2.106970714521594346e-05
2.974833705593482591e-06
5.755738129664678127e-06
2.169822892028605565e-06
1.021651314658811316e-06
1.302404371017473750e-06
1.730175608827266842e-05
1.435238755220780149e-05
6.254849154174735304e-07
9.990084208766347729e-07
2.751860483840573579e-05
2.415256676613353193e-05
4.077895937371067703e-06
1.292726551582745742e-06
2.744006451393943280e-05
5.127346412336919457e-06
3.855210707115475088e-06
1.454364610253833234e-05
1.345772216154728085e-05
6.588209089386509731e-06
6.722346370224840939e-06
5.556661108130356297e-06
1.799646088329609483e-05
1.094491653930163011e-05
9.685682016424834728e-06
3.290919266873970628e-06
2.219740417785942554e-05
1.725357151372008957e-06
1.024355697154533118e-06
4.247380275046452880e-05
1.359785255772294477e-05
1.604385602149704937e-06
5.858122221980011091e-06
2.088830342472647317e-06
4.283516318537294865e-06
1.303674935115850531e-06
1.068938559001253452e-06
6.730855238856747746e-05
3.417328116483986378e-05
3.029414756383630447e-06
5.809326921735191718e-07
6.674546852991625201e-07
3.986724914284422994e-05
5.867108029633527622e-06
1.515442932031874079e-06
4.019989773951238021e-06
1.308381069975439459e-05
3.475259291008114815e-06
1.577913826622534543e-05
3.267401098128175363e-06
1.073799580808554310e-06
1.378765591653063893e-05
2.096987191180232912e-05
1.740165203045762610e-06
8.464655252282682341e-07
5.376536500989459455e-05
2.304289591847918928e-05
1.611507627785613295e-06
6.510468892884091474e-07
1.891122519737109542e-05
7.274758445419138297e-06
1.067871494342398364e-06
5.928497444074309897e-07
9.031979061546735466e-06
1.426795915904222056e-05
2.104412942571798339e-06
8.079403414740227163e-06
1.064038679032819346e-05
2.350672730244696140e-06
1.479385082348017022e-05
1.792458533600438386e-05
5.011284429201623425e-06
5.224336746323388070e-06
1.843957761593628675e-05
2.342267907806672156e-05
1.984258915399550460e-06
1.067187440639827400e-06
6.394257070496678352e-05
7.319133146665990353e-06
1.918490852403920144e-06
5.284009603201411664e-07
1.293184254791412968e-06
1.819242243072949350e-05
3.784089130931533873e-06
1.720863338050548919e-06
1.420484841219149530e-05
1.206280376209178939e-05
1.377613557451695669e-06
1.022609467327129096e-06
4.216823072056286037e-06
1.824044556997250766e-05
4.016190814581932500e-06
1.106574359255318996e-06
4.960998580827435944e-07
1.056012365552305710e-06
4.986308340448886156e-05
6.050559477444039658e-06
3.266188286943361163e-06
2.702357278394629247e-06
1.815631003410089761e-05
1.851412093856197316e-06
8.633444394945399836e-07
4.337356949690729380e-05
3.311128966743126512e-05
6.814857442805077881e-06
2.078765646729152650e-06
1.214360509038669989e-05
7.313629794225562364e-06
7.816180982445075642e-07
7.369544618995860219e-06
2.072249299089889973e-05
2.461942585796350613e-06
1.844173425524786580e-06
3.173725872329669073e-06
2.349705391679890454e-05
1.412377059750724584e-05
1.416557324773748405e-06
3.100444246229017153e-06
1.156903454102575779e-05
5.710284312954172492e-06
3.739415888048824854e-06
3.085694697801955044e-05
4.728628482553176582e-06
1.743895495565084275e-06
5.854799746884964406e-05
5.621810032607754692e-06
2.944769221358001232e-06
3.181310967192985117e-05
6.670159109489759430e-06
1.712299990686005913e-06
2.067957211693283170e-06
1.525638526800321415e-05
2.494119871698785573e-05
4.686322427005507052e-06
2.509506202841293998e-06
3.169562114635482430e-05
1.145838359661865979e-05
2.738106559263542295e-06
5.969421181362122297e-06
9.802597560337744653e-06
7.613872639922192320e-06
1.329525730398017913e-06
1.570962012920062989e-05
1.593315028003416955e-05
3.693478447530651465e-06
7.281579996742948424e-07
1.135348065872676671e-05
1.144069301517447457e-05
5.707853688363684341e-06
1.602968495717504993e-06
1.342059385933680460e-05
2.061218947346787900e-05
5.068852715339744464e-06
9.030218279804103076e-06
1.250777495442889631e-05
2.251856813018093817e-06
7.730602646915940568e-07
4.131390596739947796e-05
2.636509088915772736e-05
3.949770871258806437e-06
7.424211162287974730e-06
7.877204552642069757e-06
1.311514324697782286e-06
2.231505641248077154e-05
6.035052592778811231e-06
2.770793344097910449e-06
1.462135878682602197e-05
1.035780314850853756e-05
2.593011231510899961e-06
3.024443230970064178e-06
3.665505573735572398e-05
3.208613179594976828e-06
1.573130816723278258e-06
1.068793039848969784e-06
3.931096216547302902e-05
1.478290323575492948e-05
1.937119805006659590e-06
1.421569891135732178e-06
5.535482341656461358e-05
3.299589252492296509e-06
1.715456164674833417e-06
7.497447427340375725e-07
6.417443273676326498e-06
5.959426289336988702e-06
2.707144403757411055e-06
2.581779153842944652e-05
2.849088104994734749e-06
2.325438799744006246e-05
1.213680479850154370e-05
1.889510372166114394e-06
4.149649612372741103e-06
7.207150702015496790e-06
2.712552941375179216e-06
2.787783841995405965e-06
3.020575377377099358e-06
4.612342763721244410e-06
6.560419933521188796e-06
2.706916120587266050e-06
1.238239860867906827e-06
4.130940942559391260e-05
4.467331564228516072e-06
1.150060143118025735e-05
8.976539902505464852e-06
1.325136508967261761e-06
5.266730340736103244e-07
5.056552367932454217e-07
3.251701127737760544e-05
1.094736398954410106e-05
2.205155851697782055e-06
3.815574018517509103e-06
8.214149602281395346e-06
3.154033038299530745e-06
8.942536737777118105e-07
6.465365345320606139e-07
5.007288200431503356e-05
1.193690332002006471e-05
1.109906406782101840e-06
8.758525495977664832e-07
6.649847250628226902e-07
2.029695497185457498e-05
1.109058121073758230e-05
1.503315161244245246e-06
1.070763937605079263e-05
9.566806511429604143e-06
1.397985101903032046e-06
2.215550466644344851e-06
3.462431413936428726e-05
1.933207613546983339e-06
7.333960638788994402e-06
1.474809141654986888e-05
2.845464450729195960e-06
4.927561576550942846e-07
2.026275296884705313e-06
1.419843283656518906e-05
4.879440439253812656e-06
1.038428649735578801e-06
5.678431307387654670e-07
6.739204400219023228e-05
6.004379883961519226e-06
9.234935873791982885e-07
6.155958089948398992e-07
1.403160058544017375e-05
3.040842329937731847e-06
9.653755341787473299e-07
7.401557377306744456e-05
2.954289811896160245e-06
9.751615834829863161e-07
1.410488835063006263e-06
2.147326631529722363e-05
1.108657215809216723e-05
2.058984364339266904e-06
5.657461201735713985e-07
9.885490726446732879e-06
2.546320320107042789e-05
2.327255742784473114e-06
7.215833193185972050e-07
2.950258249256876297e-06
1.460062139813089743e-05
1.870849018814624287e-06
1.491708417233894579e-06
4.060370702063664794e-05
7.537711553595727310e-06
1.159839825959352311e-06
1.688835618551820517e-05
4.364717460703104734e-05
3.255579940741881728e-06
1.173914029095612932e-06
2.297105993420700543e-06
2.298292201885487884e-05
1.505964883108390495e-05
1.692995851954037789e-06
1.139558935392415151e-05
8.283859642688184977e-06
1.064845037035411224e-05
2.114978087774943560e-06
8.687943591212388128e-06
1.715575490379706025e-05
6.008059699524892494e-06
1.499141376370971557e-06
7.130168523872271180e-05
7.161462690419284627e-06
1.452076276109437458e-06
8.798394901532446966e-07
1.176668047264683992e-05
4.281258497940143570e-06
4.766318397741997615e-06
2.424522790533956140e-06
1.824511286940833088e-06
8.680799510329961777e-06
7.238550551846856251e-06
2.825414776452817023e-05
1.418932242813752964e-05
1.217690282828698400e-06
2.662257884367136285e-06
1.961148700502235442e-05
1.248823991772951558e-06
1.244776012754300609e-05
9.342085718344605993e-07
3.348367044964106753e-06
1.080882793758064508e-05
2.137141382263507694e-05
2.442679033265449107e-06
1.453712911825277843e-06
9.802458407648373395e-06
7.933950655569788069e-06
9.049611435330007225e-06
7.128680408641230315e-06
1.318624299528892152e-06
3.883678800775669515e-05
6.650082013948122039e-06
2.313354525540489703e-05
4.619159881258383393e-06
1.953388164110947400e-06
2.326106823602458462e-06
1.400598193868063390e-05
2.985151240864070132e-06
1.328421149082714692e-06
4.907774382445495576e-07
1.516185989203222562e-06
2.413912989140953869e-05
6.132559974503237754e-06
1.928405254147946835e-06
4.363908828963758424e-06
2.532504595365026034e-06
2.745323399722110480e-06
7.015707410573668312e-07
6.543792096636025235e-06
2.153376226488035172e-05
3.276802317486726679e-06
1.399438815496978350e-06
5.634614353766664863e-05
1.604711201252939645e-06
1.586855319146707188e-06
3.280309101683087647e-05
5.482309916260419413e-06
3.013607738466816954e-06
3.243259925511665642e-05
4.339020961197093129e-06
2.938201532742823474e-06
4.369615908217383549e-06
3.471991021797293797e-06
4.235047163092531264e-05
3.115124627584009431e-06
1.184462348646775354e-06
6.384738298947922885e-06
6.173238034534733742e-06
3.229274170735152438e-06
2.372240714976214804e-06
8.263824383902829140e-06
4.811199323739856482e-05
2.433561348880175501e-06
2.185950052080443129e-06
9.681748451839666814e-06
4.655807060771621764e-06
3.146864173686481081e-06
1.743805478326976299e-05
8.258490197476930916e-06
5.970052825432503596e-07
1.109901177187566645e-06
9.830441740632522851e-06
1.375025931338313967e-06
1.140971335189533420e-06
3.870652653858996928e-05
1.366733727081737015e-06
1.162190869763435330e-06
1.501626775279873982e-05
2.744871380855329335e-06
1.424925244464247953e-06
3.092748784183640964e-06
3.179001942044124007e-05
4.633645403373520821e-06
1.007149535325879697e-06
2.314494167876546271e-06
2.152999695681501180e-05
3.332711457915138453e-06
7.310371188395947684e-07
2.503844143575406633e-06
8.924652320274617523e-06
2.831765868904767558e-06
7.114982736311503686e-07
3.940374710964533733e-07
4.116004492971114814e-05
8.749636435823049396e-06
8.929397949941630941e-07
1.851347178671858273e-06
3.213553281966596842e-05
4.996396910428302363e-06
2.245557652713614516e-06
1.344047086604405195e-05
1.097020958695793524e-05
2.110541572619695216e-06
2.612401203805347905e-06
6.692441274935845286e-06
3.332663027322269045e-06
1.010012692859163508e-05
3.498203341223415919e-06
8.366561814909800887e-06
9.318184311268851161e-06
5.221830178925301880e-06
3.153039415337843820e-06
9.875853947960422374e-07
2.765577164609567262e-06
4.687160526373190805e-06
6.335759826470166445e-05
4.957365035807015374e-06
4.665736810238740873e-07
4.583297652516193921e-07
5.535772515941062011e-07
4.075953984283842146e-05
1.440368009753001388e-06
6.297661911958130077e-07
6.763661986042279750e-07
4.675096079154172912e-07
1.373181021335767582e-05
1.196090761368395761e-05
3.692981636049808003e-06
2.470429762979620136e-06
3.498854493955150247e-05
1.224199422722449526e-06
1.515650524197553750e-06
9.849479283730033785e-06
1.125858398154377937e-05
1.579568333909264766e-06
8.756568945500475820e-07
5.114531813887879252e-05
7.038114290480734780e-06
7.979476777109084651e-07
1.155847030531731434e-06
2.142128505511209369e-05
2.590748181319213472e-06
8.025257898225390818e-07
4.417103411924472312e-07
8.546944627596531063e-07
3.905068660969845951e-05
5.376980425353394821e-06
1.503167254668369424e-06
5.717243993785814382e-07
5.486948793986812234e-05
5.054554549133172259e-06
1.208815092468285002e-06
1.224498760166170541e-06
5.472010798257542774e-06
1.335590582129952963e-06
5.035399681219132617e-06
2.210028651461470872e-05
1.996796754610841163e-06
7.634793064426048659e-07
9.995841310228570364e-07
4.096672273590229452e-05
2.821152747856103815e-06
1.367788513562118169e-06
4.547335265669971704e-05
2.053037860605400056e-06
1.045418798639730085e-06
2.291712007718160748e-06
1.440998289581330027e-06
1.648606848903000355e-05
1.740232255542650819e-05
2.455841695336857811e-06
8.117696665976836812e-07
5.656914368046273012e-07
1.281853565160417929e-05
4.982762038707733154e-05
7.106305019988212734e-06
3.893651978614798281e-07
3.481327155441249488e-07
1.223137246597616468e-06
4.708311826107092202e-05
4.825434371014125645e-05
5.660087936121271923e-06
1.114131691792863421e-06
4.433281333149352577e-07
7.882769637035380583e-07
1.596799120306968689e-05
8.643124601803719997e-06
2.556600747993797995e-06
3.024818852281896397e-06
1.374390308228612412e-06
9.094375855056568980e-06
5.622504431812558323e-06
5.668472567776916549e-06
1.508886452938895673e-05
9.962924195860978216e-06
1.524868707747373264e-06
1.502542636444559321e-05
1.667685864958912134e-05
3.099298282904783264e-06
8.532134074812347535e-07
3.334100256324745715e-05
7.849552275729365647e-06
7.517773497056623455e-07
1.063978402271459345e-06
3.583412035368382931e-05
1.214495023305062205e-05
1.204438376589678228e-06
5.081204790258198045e-07
1.621944829821586609e-05
8.482646990159992129e-06
1.054932681654463522e-06
1.449263436370529234e-06
5.036361471866257489e-06
1.939855565069592558e-06
1.018350985759752803e-06
1.426537437509978190e-05
4.156703198532341048e-06
2.202245013904757798e-06
7.568431783511186950e-07
2.057781784969847649e-06
3.735175778274424374e-05
2.370796210016123950e-06
1.474823648095480166e-06
1.774740667315199971e-06
4.516772605711594224e-05
5.349238563212566078e-06
7.964898145473853219e-07
6.500279710053291637e-07
3.110789839411154389e-05
7.054331035760696977e-06
1.458018346056633163e-06
1.467704578317352571e-06
4.828345117857679725e-05
4.181823896942660213e-06
1.037321794683521148e-06
2.010786192840896547e-05
1.287340455746743828e-05
6.818754059167986270e-07
8.126744432956911623e-07
6.319753538264194503e-06
1.945388794410973787e-05
2.346333303648862056e-06
6.944937013031449169e-06
2.885586945922113955e-05
4.453125256986822933e-06
9.639159088692395017e-07
1.818993041524663568e-05
6.407686896636732854e-07
1.323701962974155322e-05
1.320849605690455064e-05
1.853552248576306738e-06
7.853960255488345865e-07
2.079901241813786328e-05
6.983458206377690658e-06
1.793276896933093667e-05
4.061570507474243641e-06
7.185500408013467677e-07
1.708344484541157726e-06
2.114185690516023897e-06
2.476893769198795781e-06
2.506422060832846910e-05
2.491872919563320465e-06
1.206388333230279386e-06
5.653925654769409448e-06
1.491553575760917738e-05
9.814804116103914566e-07
8.536343329978990369e-07
1.843081008701119572e-06
2.888817834900692105e-05
2.509008709239424206e-06
9.386706096847774461e-07
1.643089149183651898e-06
8.926199370762333274e-06
2.352234105273964815e-06
3.633840833572321571e-06
4.667670873459428549e-05
2.595982550701592118e-06
1.375105284751043655e-06
1.224859624926466495e-05
1.134283047576900572e-05
2.689312850634451024e-06
1.133635464611870702e-06
4.425552833708934486e-05
2.378970521021983586e-06
1.064410980688990094e-06
1.722860815789317712e-06
2.116218638548161834e-05
1.621861156309023499e-05
2.781141120067331940e-06
1.344116662949090824e-05
5.387464057093893643e-07
1.123257970903068781e-05
2.263949909320217557e-06
4.106370852241525427e-06
3.012162324012024328e-06
2.126051913364790380e-05
7.224272394523723051e-06
1.080563833966152743e-06
1.884031371446326375e-05
7.816602192178834230e-06
6.769902483938494697e-06
1.068312940333271399e-06
1.115583586397406179e-06
2.152401066268794239e-05
9.251856681657955050e-06
1.332378360530128703e-06
2.163009639843949117e-06
5.336984486348228529e-06
1.960482677532127127e-06
1.714119753160048276e-05
5.251576112641487271e-06
2.325532705071964301e-06
1.359122779831523076e-05
4.109171641175635159e-06
6.507666967081604525e-06
7.451051260431995615e-06
8.879399501893203706e-06
3.115359731964417733e-06
1.137496724368247669e-06
4.111072848900221288e-05
4.377200639282818884e-06
2.295463900736649521e-06
2.758296977845020592e-05
4.022625034849625081e-06
1.362856437481241301e-06
2.862408837245311588e-05
1.007492483040550724e-05
1.376052409796102438e-06
1.808253045965102501e-06
1.852432433224748820e-05
4.103838364244438708e-06
2.121623947459738702e-05
5.345704266801476479e-06
6.138896878837840632e-06
1.154858546215109527e-05
1.434831483493326232e-05
6.569445076820557006e-07
8.536777386325411499e-06
5.206904461374506354e-06
2.221892100351396948e-05
2.928341473307227716e-06
2.168032551708165556e-06
2.662890665305894800e-06
4.659229307435452938e-05
2.208594196417834610e-06
2.646678694873116910e-06
5.674421572621213272e-07
5.293140475259860978e-06
1.044542204908793792e-05
8.343114132003393024e-06
2.429155983918462880e-06
6.718198164890054613e-06
8.589045137341599911e-06
2.763814336503855884e-06
5.116983629704918712e-06
9.201376087730750442e-06
1.029293571264133789e-06
1.622452487026748713e-06
3.012735214724671096e-05
4.978676770406309515e-06
4.683849397224548738e-07
5.759050964115886018e-06
4.732590696221450344e-06
1.254797098226845264e-06
8.795424946583807468e-06
1.841704488469986245e-06
8.202815479307901114e-06
8.063365385169163346e-06
6.820404450991190970e-06
3.211077455489430577e-06
6.893662430229596794e-06
3.605617848734254949e-06
3.108460532530443743e-06
7.923493285488802940e-06
2.290976681251777336e-06
1.199200050905346870e-05
2.647776454978156835e-05
4.261711637809639797e-06
5.156928750693623442e-07
3.651646238722605631e-07
3.650186727099935524e-06
3.817688593699131161e-06
1.161959517048671842e-06
8.152504051395226270e-06
2.073943323921412230e-05
2.191168505305540748e-06
7.009078331066120882e-07
4.720704680494236527e-07
5.836109721713000908e-06
1.023257755150552839e-05
1.528053326182998717e-05
3.541424121067393571e-06
1.102890792026300915e-06
3.940238093491643667e-05
1.960520648935926147e-06
1.587968540661677253e-06
8.992943207886128221e-07
2.585143374744802713e-05
5.512727966561214998e-06
3.846842446364462376e-06
1.067440189217450097e-05
1.142853307101177052e-06
8.246164725278504193e-06
3.399393244762904942e-05
6.871325240354053676e-06
1.702510871837148443e-06
4.944125066685955971e-06
1.927044650074094534e-05
3.668284989544190466e-06
3.122868974969605915e-06
1.530945883132517338e-05
1.704725718809640966e-06
1.485943994339322671e-05
2.070087703032186255e-06
5.723452431993791834e-06
1.372357928630663082e-05
2.456967376929242164e-05
9.270243026548996568e-06
6.522413400489313062e-07
1.780364618753083050e-05
9.160923582385294139e-06
2.163759745599236339e-06
1.108332435251213610e-05
4.674302999774226919e-06
1.724757339616189711e-06
2.544308881624601781e-05
1.284689369640545920e-05
5.344423925635055639e-07
2.023339447987382300e-06
5.575602699536830187e-06
3.763279437407618389e-06
1.567061531204672065e-06
1.286176711801090278e-06
1.117196552513632923e-05
2.419877091597300023e-05
2.385943162153125741e-06
6.968478828639490530e-06
1.137586423283210024e-05
3.280024202467757277e-06
7.694725354667752981e-06
6.422961632779333740e-06
4.493734650168335065e-06
1.186906865768833086e-05
2.722865247051231563e-06
4.263510163582395762e-06
9.424987183592747897e-06
1.682319521023600828e-06
3.388767481737886555e-06
2.096259595418814570e-05
9.142058843281120062e-06
1.508596142230089754e-06
1.078684908861760050e-05
5.605821115750586614e-06
2.049564727713004686e-06
3.382854856681660749e-06
1.406197679898468778e-05
4.736286882689455524e-06
1.037231868394883350e-05
7.912565706647001207e-06
1.469268340770213399e-06
2.108653688992490061e-06
3.868199928547255695e-05
4.526905740931397304e-06
1.108940978156169876e-06
3.874471804010681808e-05
2.900186245824443176e-06
1.477829300711164251e-06
1.719802276056725532e-05
5.724958555219927803e-06
1.103866725316038355e-05
3.184126853739144281e-06
2.356214508836274035e-06
2.862788051061215810e-06
3.818322147708386183e-05
5.493244771059835330e-06
8.332253855769522488e-07
1.865406375145539641e-05
7.112806542863836512e-06
8.304828043037559837e-07
6.712846811751660425e-07
3.319774179999512853e-07
1.450130457669729367e-05
1.770759445207659155e-05
3.215589231331250630e-06
1.036351022776216269e-06
3.805046162597136572e-06
1.305819068875280209e-06
3.341086085129063576e-06
6.224444405233953148e-06
8.955011253419797868e-06
2.446049165882868692e-06
1.955658945007598959e-06
3.615995183281484060e-07
1.640039045014418662e-05
1.375868941977387294e-05
2.981625584652647376e-06
7.147996825551672373e-07
1.119554440265346784e-06
1.140297626989195123e-05
2.975127017634804361e-06
2.201612551289144903e-05
2.563965153967728838e-06
3.882269083987921476e-06
9.970748578780330718e-06
1.519008947070688009e-05
2.366678472753847018e-06
6.245489316825114656e-07
3.229249705327674747e-05
1.318228987656766549e-05
2.216271013821824454e-06
4.763586218814452877e-07
9.493880497757345438e-06
6.890467830089619383e-06
2.647845576575491577e-06
1.289197825826704502e-06
3.981408735853619874e-05
4.098138106201076880e-06
2.557213974796468392e-06
8.498419447278138250e-06
7.636813279532361776e-06
1.053576397680444643e-05
2.040089157162583433e-06
2.939124215117772110e-06
4.779264781973324716e-05
1.826444986363640055e-06
1.355605490971356630e-06
4.579927406211936614e-07
8.188359061023220420e-06
1.610798062756657600e-05
1.114186375161807518e-06
1.615440282876079436e-06
1.902833173517137766e-05
2.835057784977834672e-06
1.105500132325687446e-06
5.683082781615667045e-05
7.264077339641517028e-06
6.486396841864916496e-07
5.425991957963560708e-07
2.842974026862066239e-06
2.370524271100293845e-05
2.430259883112739772e-05
9.146787306235637516e-06
7.109609327926591504e-07
3.860285744394786889e-07
2.215957010776037350e-06
9.095022505789529532e-06
4.060573246533749625e-06
6.889565042911272030e-07
3.547815140336751938e-06
3.880882650264538825e-05
3.180369503752444871e-06
1.870615960797294974e-06
1.150380558101460338e-05
2.031311851169448346e-06
3.449855228154774522e-07
1.017624799715122208e-05
1.366982542094774544e-05
1.836206706684606615e-06
3.371588945810799487e-06
6.623243280046153814e-06
4.361279479780932888e-06
3.005220605700742453e-06
3.840388671960681677e-06
2.026830952672753483e-05
2.676552867342252284e-06
1.564707531542808283e-06
2.260532346554100513e-05
1.485894335928605869e-05
1.875210386970138643e-06
1.819456997509405483e-06
9.456696716370061040e-06
5.020751814299728721e-06
2.143172878277255222e-06
2.037605008808895946e-05
1.676972601671877783e-06
7.903898904260131530e-07
3.216858385712839663e-05
3.884950729116098955e-06
2.918430709542008117e-06
3.989750985056161880e-05
6.103539817559067160e-06
1.404324393661227077e-06
5.434627041722706053e-07
2.422147917968686670e-05
8.567673830839339644e-06
1.941768914548447356e-06
9.895916264213155955e-07
3.857126284856349230e-05
2.037843387370230630e-06
9.745908755576238036e-07
5.272126486488559749e-07
3.514296054163423833e-07
3.117112282779999077e-05
1.322441221418557689e-05
1.485831148784200195e-06
6.224341859706328250e-07
5.887640099899726920e-07
4.930168506689369678e-05
6.940635103092063218e-06
1.320097453572088853e-06
2.594799752841936424e-06
1.007222272164653987e-05
1.300444750995666254e-06
1.809904460969846696e-06
2.872928780561778694e-05
4.379642177809728310e-06
9.546306500851642340e-07
1.712037192191928625e-05
1.084627274394733831e-05
1.703885232018365059e-06
8.572476986046240199e-07
1.048677859216695651e-06
4.347732465248554945e-05
3.268195541750174016e-06
4.358345790933526587e-07
1.124224127124762163e-06
3.038218892470467836e-05
5.184087513043778017e-06
1.271015662496211007e-06
2.755372042884118855e-05
7.226542948046699166e-06
1.252288711839355528e-06
3.661011191979923751e-07
1.477086607337696478e-05
7.715304946032119915e-07
2.744892753980820999e-06
9.192818311021255795e-07
3.366767487023025751e-05
5.651831543218577281e-06
9.793864137463970110e-07
1.075911882253421936e-06
3.555251169018447399e-05
5.699773737433133647e-06
1.412916162735200487e-06
9.554468306305352598e-06
2.569825664977543056e-05
6.635419140366138890e-06
2.370969014009460807e-06
2.390715235378593206e-05
4.265215466148220003e-06
1.751626950863283128e-05
1.948829230968840420e-05
4.649748007068410516e-06
2.126413892256096005e-05
3.156680804750067182e-06
1.493716581535409205e-06
3.070597813348285854e-05
1.310812513111159205e-05
2.952368049591314048e-06
7.440539206982066389e-07
1.734857687551993877e-05
1.800191785150673240e-05
1.825836761781829409e-06
5.091993671157979406e-07
3.969848876295145601e-07
2.706924351514317095e-05
