2.631485834717750549e-02
2.587183937430381775e-02
2.560404874384403229e-02
2.522692643105983734e-02
2.472553029656410217e-02
2.427888102829456329e-02
2.397813834249973297e-02
2.380090020596981049e-02
2.369612641632556915e-02
2.362371236085891724e-02
2.356284111738204956e-02
2.350400947034358978e-02
2.344258315861225128e-02
2.337628975510597229e-02
2.330358885228633881e-02
2.322263643145561218e-02
2.313068322837352753e-02
2.302400767803192139e-02
2.289899252355098724e-02
2.275313623249530792e-02
2.258406393229961395e-02
2.238640375435352325e-02
2.215903438627719879e-02
2.192023582756519318e-02
2.168378792703151703e-02
2.148805931210517883e-02
2.127612382173538208e-02
2.108966745436191559e-02
2.086838707327842712e-02
2.106695063412189484e-02
2.037018910050392151e-02
2.605652809143066406e-02
1.982906088232994080e-02
1.956774853169918060e-02
1.940303854644298553e-02
1.917053572833538055e-02
1.894307881593704224e-02
1.883378252387046814e-02
1.864009909331798553e-02
1.844814047217369080e-02
1.824638061225414276e-02
1.814168505370616913e-02
1.794610731303691864e-02
1.775912567973136902e-02
1.766533218324184418e-02
1.746065169572830200e-02
1.728624664247035980e-02
1.710355095565319061e-02
1.954245939850807190e-02
1.682631298899650574e-02
1.666119508445262909e-02
1.648859493434429169e-02
1.631486415863037109e-02
1.622726581990718842e-02
1.607221737504005432e-02
1.591365225613117218e-02
1.574786752462387085e-02
1.633147522807121277e-02
1.547718700021505356e-02
1.532076299190521240e-02
1.515694707632064819e-02
1.506501063704490662e-02
1.491429656744003296e-02
1.476217433810234070e-02
1.532461587339639664e-02
1.450953632593154907e-02
1.436452008783817291e-02
1.421391218900680542e-02
1.414121128618717194e-02
1.398639287799596786e-02
1.384611241519451141e-02
1.382360514253377914e-02
1.360940653830766678e-02
1.347256917506456375e-02
1.402106136083602905e-02
1.322211325168609619e-02
1.344948261976242065e-02
1.299449056386947632e-02
1.286397408694028854e-02
1.277733221650123596e-02
1.265256758779287338e-02
2.001725137233734131e-02
1.244393642991781235e-02
1.232381723821163177e-02
1.256268564611673355e-02
1.212594285607337952e-02
1.200909074395895004e-02
1.193126756697893143e-02
1.181414909660816193e-02
1.181239541620016098e-02
1.162589713931083679e-02
1.151631493121385574e-02
1.144277211278676987e-02
1.133914105594158173e-02
1.170777529478073120e-02
1.116432994604110718e-02
1.114895846694707870e-02
1.099213864654302597e-02
1.089432369917631149e-02
1.084925048053264618e-02
1.073606405407190323e-02
1.246520131826400757e-02
1.057661883533000946e-02
2.748155780136585236e-02
1.042449194937944412e-02
1.033499184995889664e-02
1.028257049620151520e-02
1.019142568111419678e-02
1.020331867039203644e-02
1.004505529999732971e-02
1.007543597370386124e-02
9.922451339662075043e-03
9.840721264481544495e-03
9.776913560926914215e-03
9.702874347567558289e-03
9.646113961935043335e-03
9.587027132511138916e-03
1.311796810477972031e-02
9.442009963095188141e-03
5.441067218780517578e-01
9.760568849742412567e-03
9.662586264312267303e-03
9.622019715607166290e-03
9.580608457326889038e-03
9.541373699903488159e-03
9.511176496744155884e-03
9.484694339334964752e-03
9.457686915993690491e-03
9.429656900465488434e-03
9.400974959135055542e-03
9.371720254421234131e-03
9.341574274003505707e-03
9.310256689786911011e-03
9.277598001062870026e-03
9.243511594831943512e-03
9.207841940224170685e-03
9.170579724013805389e-03
9.131658822298049927e-03
9.090996347367763519e-03
9.048502892255783081e-03
9.004024788737297058e-03
8.957585319876670837e-03
8.908970281481742859e-03
8.858122862875461578e-03
8.815664798021316528e-03
8.760554715991020203e-03
8.958299644291400909e-03
8.659211918711662292e-03
8.603611029684543610e-03
8.562597446143627167e-03
8.505106903612613678e-03
9.071125648915767670e-03
8.414140902459621429e-03
8.357711136341094971e-03
8.404541760683059692e-03
8.272810839116573334e-03
8.217569440603256226e-03
8.198062889277935028e-03
8.126622065901756287e-03
8.411346003413200378e-03
8.036786690354347229e-03
1.179733313620090485e-02
7.950112223625183105e-03
7.897756062448024750e-03
7.870766334235668182e-03
7.819304242730140686e-03
1.339962892234325409e-02
7.737640291452407837e-03
7.690452039241790771e-03
7.659358438104391098e-03
7.610506378114223480e-03
7.619738113135099411e-03
7.533429656177759171e-03
8.154374547302722931e-03
7.460977882146835327e-03
7.416130509227514267e-03
7.391265127807855606e-03
7.344472222030162811e-03
7.351143285632133484e-03
7.273433730006217957e-03
7.778439205139875412e-03
7.207075599581003189e-03
7.166576106101274490e-03
7.142040412873029709e-03
7.100929506123065948e-03
7.126539479941129684e-03
7.039859890937805176e-03
7.000588811933994293e-03
6.981992162764072418e-03
6.940994877368211746e-03
7.252326700836420059e-03
6.879136431962251663e-03
7.150544319301843643e-03
6.820661015808582306e-03
6.784153170883655548e-03
6.797755602747201920e-03
6.731338798999786377e-03
6.720613688230514526e-03
6.678245961666107178e-03
6.642182823270559311e-03
6.665009073913097382e-03
6.587300449609756470e-03
7.345038000494241714e-03
6.538493093103170395e-03
6.505806930363178253e-03
6.552313920110464096e-03
6.453643087297677994e-03
6.444914266467094421e-03
6.403548642992973328e-03
6.902864668518304825e-03
6.354000885039567947e-03
6.897860672324895859e-03
6.305878050625324249e-03
6.414262577891349792e-03
6.259011570364236832e-03
9.624133817851543427e-03
6.213586777448654175e-03
6.183793302625417709e-03
6.181987468153238297e-03
6.140630226582288742e-03
6.238065659999847412e-03
6.094891112297773361e-03
6.090058013796806335e-03
6.111669354140758514e-03
6.032338831573724747e-03
8.661131374537944794e-03
5.993172992020845413e-03
5.963802803307771683e-03
5.975376348942518234e-03
5.924244876950979233e-03
6.071222480386495590e-03
5.887249950319528580e-03
5.861006211489439011e-03
5.853783339262008667e-03
5.825769156217575073e-03
8.221542462706565857e-03
5.790079478174448013e-03
5.765198729932308197e-03
5.783292930573225021e-03
5.731804762035608292e-03
9.037286974489688873e-03
5.696355830878019333e-03
5.672073457390069962e-03
5.666001234203577042e-03
5.638975184410810471e-03
6.506257224828004837e-03
5.608384031802415848e-03
5.585385486483573914e-03
5.679644644260406494e-03
5.554616451263427734e-03
5.532970651984214783e-03
5.524745211005210876e-03
5.498884245753288269e-03
5.919963587075471878e-03
5.470307078212499619e-03
5.448180250823497772e-03
5.472577642649412155e-03
5.418536253273487091e-03
1.162615604698657990e-02
5.390025209635496140e-03
5.368491634726524353e-03
5.424414295703172684e-03
5.339504685252904892e-03
6.120647769421339035e-03
5.313740111887454987e-03
5.293263122439384460e-03
6.284473929554224014e-03
5.267541389912366867e-03
5.247347988188266754e-03
5.260811652988195419e-03
5.219600629061460495e-03
5.388205870985984802e-03
5.194747354835271835e-03
5.175316240638494492e-03
5.177792627364397049e-03
5.148728843778371811e-03
5.173081997781991959e-03
5.123961251229047775e-03
5.105431657284498215e-03
5.107243079692125320e-03
5.081155337393283844e-03
8.112734183669090271e-03
5.059845745563507080e-03
5.041625816375017166e-03
5.615989211946725845e-03
5.016396753489971161e-03
1.699824258685112000e-02
4.993930924683809280e-03
4.976239521056413651e-03
5.249978043138980865e-03
4.953059833496809006e-03
5.244595929980278015e-03
4.933172371238470078e-03
4.914803896099328995e-03
8.498325943946838379e-03
4.893715959042310715e-03
4.876567516475915909e-03
4.904002416878938675e-03
4.854311700910329819e-03
8.143897168338298798e-03
