4.158916696906089783e-02
3.209676593542098999e-02
2.646755799651145935e-02
2.584475092589855194e-02
2.573659829795360565e-02
2.571730129420757294e-02
2.570417337119579315e-02
2.569035440683364868e-02
2.567525207996368408e-02
2.565852552652359009e-02
2.563963457942008972e-02
2.561785653233528137e-02
2.559218369424343109e-02
2.556116878986358643e-02
2.552272938191890717e-02
2.547394670546054840e-02
2.541089802980422974e-02
2.532869763672351837e-02
2.522220090031623840e-02
2.508796751499176025e-02
2.492832764983177185e-02
2.475612796843051910e-02
2.459440007805824280e-02
2.446422167122364044e-02
2.436823584139347076e-02
2.428867481648921967e-02
2.420198917388916016e-02
2.410348691046237946e-02
2.400563843548297882e-02
2.391109243035316467e-02
2.382221631705760956e-02
2.374160289764404297e-02
2.367076836526393890e-02
2.361001260578632355e-02
2.355828136205673218e-02
2.351323887705802917e-02
2.347163483500480652e-02
2.343069016933441162e-02
2.338925749063491821e-02
2.334747649729251862e-02
2.330629900097846985e-02
2.326702140271663666e-02
2.323056943714618683e-02
2.319718338549137115e-02
2.316663786768913269e-02
2.313829213380813599e-02
2.311112917959690094e-02
2.308396063745021820e-02
2.305563725531101227e-02
2.302506193518638611e-02
2.299108169972896576e-02
2.295266091823577881e-02
2.290963381528854370e-02
2.286362834274768829e-02
2.281760051846504211e-02
2.277343347668647766e-02
2.273081801831722260e-02
2.268862538039684296e-02
2.264598198235034943e-02
2.260236255824565887e-02
2.255741693079471588e-02
2.251084335148334503e-02
2.246236056089401245e-02
2.241162583231925964e-02
2.235822938382625580e-02
2.230167575180530548e-02
2.224139869213104248e-02
2.217682078480720520e-02
2.210737392306327820e-02
2.203255519270896912e-02
2.195195853710174561e-02
2.186533436179161072e-02
2.177567407488822937e-02
2.168484963476657867e-02
2.161409147083759308e-02
2.151265926659107208e-02
2.146547846496105194e-02
2.133085578680038452e-02
2.127165347337722778e-02
2.116959169507026672e-02
2.108848467469215393e-02
2.110420353710651398e-02
2.095211669802665710e-02
2.087485231459140778e-02
2.080283500254154205e-02
2.169623225927352905e-02
2.074710652232170105e-02
2.063104324042797089e-02
2.055908739566802979e-02
2.049797214567661285e-02
2.043683640658855438e-02
2.037983015179634094e-02
2.033260092139244080e-02
2.033970318734645844e-02
2.023736760020256042e-02
2.018771506845951080e-02
2.013689838349819183e-02
2.008622139692306519e-02
2.003513462841510773e-02
1.998564973473548889e-02
2.049154415726661682e-02
2.000359445810317993e-02
1.987998746335506439e-02
1.982528902590274811e-02
1.977869123220443726e-02
1.973088458180427551e-02
1.968139037489891052e-02
1.962948217988014221e-02
1.957442797720432281e-02
2.145116962492465973e-02
1.975528337061405182e-02
1.948678493499755859e-02
1.939769834280014038e-02
1.933975704014301300e-02
1.927886717021465302e-02
1.921403780579566956e-02
1.914424821734428406e-02
1.906972564756870270e-02
1.927873678505420685e-02
1.895871013402938843e-02
1.888308674097061157e-02
1.881348900496959686e-02
1.883851736783981323e-02
1.886785589158535004e-02
1.865158602595329285e-02
1.859409362077713013e-02
1.852500252425670624e-02
1.846058852970600128e-02
1.839582622051239014e-02
1.832940056920051575e-02
2.137401700019836426e-02
1.847294904291629791e-02
1.824290491640567780e-02
1.812876947224140167e-02
1.806926354765892029e-02
1.801096089184284210e-02
1.795148663222789764e-02
1.789098791778087616e-02
1.782944239675998688e-02
1.776703260838985443e-02
2.283820323646068573e-02
1.782462000846862793e-02
1.766946539282798767e-02
1.762071438133716583e-02
1.756895892322063446e-02
1.751956716179847717e-02
1.746977306902408600e-02
1.741955615580081940e-02
1.736882701516151428e-02
1.731758192181587219e-02
1.726582832634449005e-02
1.721354760229587555e-02
1.716075651347637177e-02
1.747092604637145996e-02
1.745153591036796570e-02
1.722073554992675781e-02
1.702590100467205048e-02
1.698085293173789978e-02
1.693777553737163544e-02
1.689477078616619110e-02
1.685164868831634521e-02
1.680815592408180237e-02
1.676427200436592102e-02
1.672000624239444733e-02
2.504368685185909271e-02
1.675179414451122284e-02
1.670777611434459686e-02
1.660804636776447296e-02
1.656058616936206818e-02
1.651920378208160400e-02
1.647879183292388916e-02
1.643804833292961121e-02
1.639695279300212860e-02
1.635548286139965057e-02
1.631363853812217712e-02
1.683659665286540985e-02
1.726640015840530396e-02
1.639045961201190948e-02
1.621061749756336212e-02
1.616852544248104095e-02
1.613228209316730499e-02
1.609626412391662598e-02
1.606015302240848541e-02
1.602372527122497559e-02
1.598698087036609650e-02
1.594991981983184814e-02
1.638907566666603088e-02
1.708893850445747375e-02
1.596624962985515594e-02
1.587491109967231750e-02
1.583045721054077148e-02
1.579539291560649872e-02
1.576217450201511383e-02
1.572899706661701202e-02
1.569559052586555481e-02
1.566190272569656372e-02
1.562792807817459106e-02
1.559365540742874146e-02
1.555907912552356720e-02
1.552443578839302063e-02
1.570531725883483887e-02
1.575936563313007355e-02
1.547973696142435074e-02
1.545234583318233490e-02
1.541538070887327194e-02
1.538477651774883270e-02
1.535448152571916580e-02
1.532414555549621582e-02
1.529355719685554504e-02
1.526273414492607117e-02
1.523162517696619034e-02
1.520025916397571564e-02
1.516861189156770706e-02
1.513712108135223389e-02
1.768857240676879883e-02
1.533351931720972061e-02
1.513567287474870682e-02
1.507676579058170319e-02
1.503997668623924255e-02
1.501125749200582504e-02
1.498328056186437607e-02
1.495512388646602631e-02
1.492675673216581345e-02
1.489817351102828979e-02
1.486933976411819458e-02
1.484026387333869934e-02
1.481092907488346100e-02
1.478134002536535263e-02
1.478851214051246643e-02
1.645387336611747742e-02
1.475176308304071426e-02
1.474400982260704041e-02
1.468860451132059097e-02
1.465930603444576263e-02
1.463299989700317383e-02
1.460684277117252350e-02
1.458048354834318161e-02
1.455389708280563354e-02
1.452705450356006622e-02
1.449995487928390503e-02
1.447257213294506073e-02
1.444489322602748871e-02
1.441721245646476746e-02
1.674932613968849182e-02
1.492771226912736893e-02
1.449502073228359222e-02
1.436806563287973404e-02
1.433663442730903625e-02
1.431163307279348373e-02
1.428674999624490738e-02
1.426167972385883331e-02
1.423632353544235229e-02
1.421067118644714355e-02
1.418471522629261017e-02
1.415843889117240906e-02
1.413187477737665176e-02
1.410503499209880829e-02
1.407792791724205017e-02
1.405055914074182510e-02
2.050182037055492401e-02
1.502010133117437363e-02
1.419781055301427841e-02
1.399805396795272827e-02
1.397080905735492706e-02
1.394491270184516907e-02
1.392039936035871506e-02
1.389606948941946030e-02
1.387156918644905090e-02
1.384688355028629303e-02
1.382197905331850052e-02
1.379686687141656876e-02
1.377153396606445312e-02
1.374596729874610901e-02
1.372016593813896179e-02
1.369906496256589890e-02
1.378195639699697495e-02
1.428748574107885361e-02
1.372758951038122177e-02
1.364333368837833405e-02
1.361959893256425858e-02
1.359547674655914307e-02
1.357175502926111221e-02
1.354798581451177597e-02
1.352403499186038971e-02
1.349988486617803574e-02
1.347552146762609482e-02
1.345091219991445541e-02
1.342606823891401291e-02
1.340098027139902115e-02
1.337562222033739090e-02
1.335041690617799759e-02
1.433904934674501419e-02
1.346019282937049866e-02
1.336983311921358109e-02
1.330120116472244263e-02
1.327400095760822296e-02
1.325112115591764450e-02
1.322836894541978836e-02
1.320545841008424759e-02
1.318237558007240295e-02
1.315908133983612061e-02
1.313557662069797516e-02
1.311182789504528046e-02
1.308783981949090958e-02
1.306359656155109406e-02
1.303920801728963852e-02
2.305533923208713531e-02
1.363935507833957672e-02
1.301924511790275574e-02
1.299678906798362732e-02
1.296166889369487762e-02
1.293744333088397980e-02
1.291454210877418518e-02
1.289144530892372131e-02
1.286818739026784897e-02
1.284473203122615814e-02
1.282104756683111191e-02
1.279716007411479950e-02
1.277302857488393784e-02
1.274867262691259384e-02
1.306058745831251144e-02
1.314507052302360535e-02
1.272582169622182846e-02
1.271041203290224075e-02
1.266782078891992569e-02
1.264278683811426163e-02
1.261989120393991470e-02
1.259705610573291779e-02
1.257408410310745239e-02
1.255093608051538467e-02
1.252758782356977463e-02
1.250401511788368225e-02
1.248024031519889832e-02
1.245969627052545547e-02
1.685159839689731598e-02
1.245241146534681320e-02
1.248620171099901199e-02
1.240714825689792633e-02
1.238600909709930420e-02
1.236425992101430893e-02
1.234267000108957291e-02
1.232102047652006149e-02
1.229928247630596161e-02
1.227741502225399017e-02
1.225543115288019180e-02
1.223330944776535034e-02
1.221104897558689117e-02
1.218867767602205276e-02
1.216615736484527588e-02
1.214739307761192322e-02
1.760101318359375000e-02
1.243998017162084579e-02
1.212956476956605911e-02
1.209281757473945618e-02
1.207097247242927551e-02
1.204960886389017105e-02
1.202907226979732513e-02
1.200852263718843460e-02
1.198788639158010483e-02
1.196718681603670120e-02
1.194637920707464218e-02
1.192546915262937546e-02
1.190446503460407257e-02
1.189717184752225876e-02
1.315926201641559601e-02
1.219473686069250107e-02
1.190854981541633606e-02
1.184255350381135941e-02
1.181622780859470367e-02
1.179701089859008789e-02
1.177774183452129364e-02
1.175844669342041016e-02
1.173908263444900513e-02
1.171960867941379547e-02
1.170003414154052734e-02
1.168034039437770844e-02
1.166053023189306259e-02
1.164174918085336685e-02
1.196240447461605072e-02
1.219260971993207932e-02
1.167588401585817337e-02
1.160507369786500931e-02
1.158073078840970993e-02
1.156124938279390335e-02
1.154305506497621536e-02
1.152492966502904892e-02
1.150669250637292862e-02
1.148837991058826447e-02
1.146995369344949722e-02
1.145142782479524612e-02
1.143276318907737732e-02
1.141401007771492004e-02
1.202175393700599670e-02
1.160440873354673386e-02
1.149684563279151917e-02
1.140204351395368576e-02
1.135304477065801620e-02
1.133450027555227280e-02
1.131712365895509720e-02
1.129962783306837082e-02
1.128211338073015213e-02
1.126448903232812881e-02
1.124677527695894241e-02
1.122892461717128754e-02
1.121097616851329803e-02
1.122592575848102570e-02
1.164460461586713791e-02
1.131185237318277359e-02
1.121967751532793045e-02
1.115977298468351364e-02
1.113810949027538300e-02
1.112109422683715820e-02
1.110447477549314499e-02
1.108777429908514023e-02
1.107099186629056931e-02
1.105412654578685760e-02
1.103715598583221436e-02
1.102006994187831879e-02
1.100286748260259628e-02
1.100975275039672852e-02
1.146506518125534058e-02
1.141756400465965271e-02
1.101378910243511200e-02
1.095021609216928482e-02
1.093272864818572998e-02
1.091634761542081833e-02
1.090029440820217133e-02
1.088420767337083817e-02
1.086805853992700577e-02
1.085180696099996567e-02
1.083544269204139709e-02
1.081897132098674774e-02
1.080237422138452530e-02
1.079484634101390839e-02
1.285238284617662430e-02
1.088394597172737122e-02
1.078181434422731400e-02
1.076075993478298187e-02
1.074105128645896912e-02
1.072593871504068375e-02
1.071054954081773758e-02
1.069531030952930450e-02
1.068002264946699142e-02
1.066463813185691833e-02
1.064915675669908524e-02
1.063354406505823135e-02
1.061785779893398285e-02
1.060201507061719894e-02
1.058605033904314041e-02
1.057155616581439972e-02
1.493131648749113083e-02
1.085969433188438416e-02
1.065410673618316650e-02
1.055524684488773346e-02
1.052870042622089386e-02
1.051315758377313614e-02
1.049844548106193542e-02
1.048378832638263702e-02
1.046906691044569016e-02
1.045425888150930405e-02
1.043934281915426254e-02
1.042430754750967026e-02
1.040917076170444489e-02
1.039390265941619873e-02
1.037850044667720795e-02
1.036377530544996262e-02
1.218339987099170685e-02
1.142109185457229614e-02
1.047637034207582474e-02
1.034034695476293564e-02
1.032018754631280899e-02
1.030472014099359512e-02
1.029022689908742905e-02
1.027571875602006912e-02
1.026112586259841919e-02
1.024645194411277771e-02
1.023166626691818237e-02
1.021676510572433472e-02
1.020171772688627243e-02
1.018657535314559937e-02
1.025829743593931198e-02
1.208297070115804672e-02
1.043446920812129974e-02
1.018915046006441116e-02
1.014652755111455917e-02
1.012601144611835480e-02
1.011083275079727173e-02
1.009627990424633026e-02
1.008173916488885880e-02
1.006711460649967194e-02
1.005235593765974045e-02
1.003749482333660126e-02
1.002250704914331436e-02
1.001485437154769897e-02
1.666170917451381683e-02
1.008590217679738998e-02
1.007017493247985840e-02
9.981180541217327118e-03
9.965682402253150940e-03
9.950440376996994019e-03
9.936143644154071808e-03
9.921957738697528839e-03
9.907671250402927399e-03
9.893273003399372101e-03
9.878782555460929871e-03
9.864168241620063782e-03
9.849432855844497681e-03
9.992184117436408997e-03
1.394355576485395432e-02
9.953518398106098175e-03
9.849280118942260742e-03
9.811006486415863037e-03
9.794451296329498291e-03
9.780126623809337616e-03
9.766310453414916992e-03
9.752438403666019440e-03
9.738494642078876495e-03
9.724465198814868927e-03
9.710321202874183655e-03
9.696081280708312988e-03
9.681816212832927704e-03
2.104820683598518372e-02
1.026624534279108047e-02
9.718738496303558350e-03
9.677188470959663391e-03
9.642831049859523773e-03
9.627775289118289948e-03
9.614072740077972412e-03
9.600370191037654877e-03
9.586688131093978882e-03
9.572929702699184418e-03
9.559057652950286865e-03
9.545094333589076996e-03
9.531025774776935577e-03
9.529555216431617737e-03
1.411810144782066345e-02
9.914645925164222717e-03
9.513384662568569183e-03
9.502006694674491882e-03
9.479885920882225037e-03
9.466298855841159821e-03
9.452992118895053864e-03
9.439624845981597900e-03
9.426193311810493469e-03
9.412714280188083649e-03
9.399143978953361511e-03
9.385458193719387054e-03
9.371704421937465668e-03
9.884808212518692017e-03
1.131128519773483276e-02
9.432240389287471771e-03
9.350609034299850464e-03
9.330050088465213776e-03
9.317021816968917847e-03
9.303266182541847229e-03
9.290045127272605896e-03
9.276781231164932251e-03
9.263431653380393982e-03
9.250028990209102631e-03
9.236508049070835114e-03
9.233867749571800232e-03
1.376268081367015839e-02
9.928576648235321045e-03
9.306941181421279907e-03
9.216261096298694611e-03
9.197143837809562683e-03
9.184052236378192902e-03
9.171796962618827820e-03
9.159596636891365051e-03
9.147406555712223053e-03
9.135151281952857971e-03
9.122855030000209808e-03
9.110466577112674713e-03
9.098015725612640381e-03
9.085478261113166809e-03
9.087846614420413971e-03
1.209397427737712860e-02
9.122220799326896667e-03
9.096410125494003296e-03
9.046190418303012848e-03
9.027412161231040955e-03
9.014202281832695007e-03
9.001589380204677582e-03
8.988995105028152466e-03
8.979686535894870758e-03
1.410437095910310745e-02
9.879619814455509186e-03
9.075586684048175812e-03
8.955073542892932892e-03
8.937165141105651855e-03
8.923515677452087402e-03
8.911053650081157684e-03
8.898627012968063354e-03
8.886165916919708252e-03
8.873653598129749298e-03
8.890366181731224060e-03
1.406467333436012268e-02
9.481789544224739075e-03
8.920834399759769440e-03
8.844202384352684021e-03
8.823343552649021149e-03
8.811132051050662994e-03
8.798944763839244843e-03
8.786746300756931305e-03
8.774504065513610840e-03
8.762194775044918060e-03
8.750400505959987640e-03
2.079349756240844727e-02
8.778811432421207428e-03
8.761784061789512634e-03
8.725916035473346710e-03
8.715206757187843323e-03
8.700612932443618774e-03
8.688583038747310638e-03
8.676639758050441742e-03
8.664644323289394379e-03
8.652623742818832397e-03
8.640545420348644257e-03
8.683470077812671661e-03
8.685844019055366516e-03
8.771182969212532043e-03
8.699920959770679474e-03
8.617157116532325745e-03
8.599934168159961700e-03
8.587894961237907410e-03
8.576738648116588593e-03
8.565605618059635162e-03
8.554438129067420959e-03
8.543270640075206757e-03
8.532018400728702545e-03
8.520862087607383728e-03
1.211611088365316391e-02
8.917271159589290619e-03
8.509802632033824921e-03
8.518467657268047333e-03
8.483331650495529175e-03
8.471683599054813385e-03
8.460329845547676086e-03
8.449113927781581879e-03
8.437868207693099976e-03
8.426680229604244232e-03
9.468778036534786224e-03
1.046522613614797592e-02
8.665281347930431366e-03
8.447429165244102478e-03
8.393386378884315491e-03
8.382055908441543579e-03
8.370590396225452423e-03
8.359554223716259003e-03
8.348573930561542511e-03
8.337555453181266785e-03
8.326569572091102600e-03
9.939644485712051392e-03
9.306904859840869904e-03
8.531089872121810913e-03
8.321044966578483582e-03
8.296253159642219543e-03
8.281654678285121918e-03
8.270332589745521545e-03
8.259586989879608154e-03
8.248825557529926300e-03
8.238031528890132904e-03
8.233545348048210144e-03
1.013679429888725281e-02
9.230490773916244507e-03
8.288422599434852600e-03
8.277052082121372223e-03
8.217547088861465454e-03
8.196925744414329529e-03
8.187029510736465454e-03
8.177618496119976044e-03
8.168200030922889709e-03
8.158779703080654144e-03
8.149315603077411652e-03
8.140549995005130768e-03
1.836679503321647644e-02
8.254568092525005341e-03
8.198395371437072754e-03
8.126476779580116272e-03
8.109563961625099182e-03
8.098450489342212677e-03
8.088755421340465546e-03
8.079282939434051514e-03
8.069799281656742096e-03
8.060261607170104980e-03
8.050798438489437103e-03
1.744433306157588959e-02
8.502129465341567993e-03
8.257357403635978699e-03
8.055189624428749084e-03
8.026998490095138550e-03
8.017391897737979889e-03
8.008001372218132019e-03
7.998649030923843384e-03
7.989360019564628601e-03
7.980029098689556122e-03
7.970650680363178253e-03
7.961215451359748840e-03
7.951716892421245575e-03
7.943565957248210907e-03
1.762290112674236298e-02
9.151431731879711151e-03
8.002686314284801483e-03
7.932438515126705170e-03
7.918729446828365326e-03
7.906905375421047211e-03
7.897617295384407043e-03
7.888335734605789185e-03
7.879041135311126709e-03
7.869703695178031921e-03
7.860306650400161743e-03
7.850848138332366943e-03
7.846652530133724213e-03
1.313431188464164734e-02
8.793288841843605042e-03
7.899125106632709503e-03
7.840303704142570496e-03
7.823194377124309540e-03
7.812939584255218506e-03
7.803889457136392593e-03
7.795087061822414398e-03
7.786251604557037354e-03
7.777394726872444153e-03
7.768499199301004410e-03
7.759555708616971970e-03
7.750556338578462601e-03
7.743037771433591843e-03
1.266607549041509628e-02
8.749363012611865997e-03
7.851000875234603882e-03
7.727389689534902573e-03
7.717157714068889618e-03
7.706457749009132385e-03
7.697549182921648026e-03
7.688682060688734055e-03
7.679828908294439316e-03
7.670924533158540726e-03
7.662011310458183289e-03
7.653128821402788162e-03
2.811113558709621429e-02
8.810997940599918365e-03
7.719575427472591400e-03
7.692695595324039459e-03
7.639489136636257172e-03
7.631068583577871323e-03
7.622100412845611572e-03
7.613792549818754196e-03
7.605564780533313751e-03
7.597333285957574844e-03
7.589054293930530548e-03
7.580739911645650864e-03
7.572396658360958099e-03
7.563975173979997635e-03
7.555544376373291016e-03
8.383901789784431458e-03
8.610344491899013519e-03
7.766705006361007690e-03
7.571395486593246460e-03
7.530528120696544647e-03
7.521620951592922211e-03
7.513106800615787506e-03
7.504741195589303970e-03
7.496325764805078506e-03
7.487924769520759583e-03
7.479445077478885651e-03
7.470960263162851334e-03
9.548339992761611938e-03
1.040090713649988174e-02
7.533456198871135712e-03
7.514977827668190002e-03
7.456364110112190247e-03
7.447130046784877777e-03
7.438372354954481125e-03
7.430235389620065689e-03
7.422172930091619492e-03
7.414077408611774445e-03
7.405956741422414780e-03
7.397811394184827805e-03
7.389650214463472366e-03
7.381425239145755768e-03
7.373147178441286087e-03
7.521156687289476395e-03
1.312599796801805496e-02
7.540598046034574509e-03
7.444349583238363266e-03
7.361115887761116028e-03
7.348842918872833252e-03
7.340503390878438950e-03
7.332474458962678909e-03
7.324587553739547729e-03
7.316716946661472321e-03
7.308815140277147293e-03
7.300890516489744186e-03
7.292925380170345306e-03
7.284948136657476425e-03
7.276965305209159851e-03
1.917409710586071014e-02
8.459720760583877563e-03
7.378227543085813522e-03
7.294249720871448517e-03
7.262217812240123749e-03
7.252990268170833588e-03
7.244864013046026230e-03
7.237115409225225449e-03
7.229439914226531982e-03
7.221776992082595825e-03
7.214106153696775436e-03
7.206388283520936966e-03
7.198636420071125031e-03
7.193575147539377213e-03
1.156893558800220490e-02
7.561569102108478546e-03
7.228566333651542664e-03
7.183726876974105835e-03
7.169177290052175522e-03
7.159674540162086487e-03
7.151877041906118393e-03
7.144080474972724915e-03
7.136325351893901825e-03
7.128580473363399506e-03
7.466590497642755508e-03
1.032840553671121597e-02
7.434638217091560364e-03
7.130384910851716995e-03
7.110530976206064224e-03
7.101118564605712891e-03
7.092972286045551300e-03
7.085256744176149368e-03
7.077627349644899368e-03
7.069998886436223984e-03
7.062367629259824753e-03
7.054847199469804764e-03
1.228496059775352478e-02
7.582259830087423325e-03
7.089877966791391373e-03
7.071503903716802597e-03
7.035896647721529007e-03
7.027452811598777771e-03
7.019567303359508514e-03
7.012048736214637756e-03
7.004604674875736237e-03
6.997134070843458176e-03
6.989682558923959732e-03
7.088608108460903168e-03
7.898077368736267090e-03
7.428615354001522064e-03
6.985276937484741211e-03
6.974234711378812790e-03
6.961433216929435730e-03
6.952976807951927185e-03
6.945533212274312973e-03
6.938127335160970688e-03
6.930702831596136093e-03
6.924514658749103546e-03
1.952273584902286530e-02
9.502134285867214203e-03
7.293681614100933075e-03
7.023537531495094299e-03
6.927794311195611954e-03
6.902630906552076340e-03
6.893087644129991531e-03
6.886124145239591599e-03
6.879283115267753601e-03
6.872843950986862183e-03
9.445217438042163849e-03
7.895607501268386841e-03
6.997337564826011658e-03
6.866967305541038513e-03
6.849164608865976334e-03
6.840572692453861237e-03
6.833407562226057053e-03
6.826659664511680603e-03
7.041723467409610748e-03
7.382809184491634369e-03
7.121647242456674576e-03
6.851708982139825821e-03
6.808521691709756851e-03
6.799036636948585510e-03
6.791020743548870087e-03
6.784063763916492462e-03
6.777131464332342148e-03
6.770459469407796860e-03
8.951093070209026337e-03
7.448998279869556427e-03
7.049551233649253845e-03
6.764293182641267776e-03
6.754808593541383743e-03
6.744178012013435364e-03
6.736547220498323441e-03
6.729645654559135437e-03
6.722766440361738205e-03
6.715857889503240585e-03
6.709598936140537262e-03
2.067482098937034607e-02
9.328402578830718994e-03
6.835129112005233765e-03
6.728529464453458786e-03
6.693782750517129898e-03
6.686372682452201843e-03
6.679711863398551941e-03
6.673033349215984344e-03
6.666433997452259064e-03
6.659854669123888016e-03
6.653686985373497009e-03
1.621283777058124542e-02
7.823557592928409576e-03
6.668433547019958496e-03
6.642471533268690109e-03
6.631738040596246719e-03
6.625219713896512985e-03
6.618206389248371124e-03
6.611524615436792374e-03
6.604842375963926315e-03
6.598293781280517578e-03
9.581428952515125275e-03
6.787320598959922791e-03
6.820468232035636902e-03
6.608598399907350540e-03
6.590309087187051773e-03
6.576187442988157272e-03
6.569416262209415436e-03
6.562822498381137848e-03
6.556307896971702576e-03
6.549807731062173843e-03
6.543296389281749725e-03
6.536845583468675613e-03
1.044097729027271271e-02
7.181479595601558685e-03
6.571385543793439865e-03
6.545646116137504578e-03
6.519768852740526199e-03
6.510206032544374466e-03
6.503719836473464966e-03
6.497233640402555466e-03
6.490760017186403275e-03
6.485642865300178528e-03
1.778306998312473297e-02
7.798493839800357819e-03
6.573776714503765106e-03
6.474651396274566650e-03
6.465522572398185730e-03
6.457840092480182648e-03
6.451199762523174286e-03
6.444737780839204788e-03
6.438400596380233765e-03
6.774307228624820709e-03
6.624491885304450989e-03
6.644720211625099182e-03
6.463290657848119736e-03
6.418681237846612930e-03
6.411869544535875320e-03
6.404641550034284592e-03
6.398095283657312393e-03
6.391661241650581360e-03
6.586897652596235275e-03
8.995971642434597015e-03
6.715296301990747452e-03
6.432640366256237030e-03
6.387847475707530975e-03
6.369121372699737549e-03
6.362377665936946869e-03
6.356021389365196228e-03
6.349843461066484451e-03
6.343934219330549240e-03
8.540905080735683441e-03
7.737250532954931259e-03
6.479557137936353683e-03
6.352843716740608215e-03
6.321812979876995087e-03
6.315451115369796753e-03
6.309260614216327667e-03
6.302912719547748566e-03
6.298602093011140823e-03
2.109430730342864990e-02
7.645296864211559296e-03
6.449660751968622208e-03
6.289921235293149948e-03
6.283251103013753891e-03
6.274385377764701843e-03
6.267864722758531570e-03
6.261717528104782104e-03
6.255580577999353409e-03
6.249413825571537018e-03
6.243317853659391403e-03
9.630501270294189453e-03
7.026520092040300369e-03
6.986686959862709045e-03
6.335686892271041870e-03
6.239262875169515610e-03
6.225581280887126923e-03
6.219485774636268616e-03
6.213729269802570343e-03
6.208181846886873245e-03
6.202723830938339233e-03
6.574230734258890152e-03
6.464623846113681793e-03
6.494333036243915558e-03
6.223227363079786301e-03
6.188812665641307831e-03
6.178056821227073669e-03
6.172305438667535782e-03
6.166598293930292130e-03
6.160960532724857330e-03
6.155346985906362534e-03
6.287892814725637436e-03
6.385180633515119553e-03
6.379579659551382065e-03
6.209193728864192963e-03
6.148619111627340317e-03
6.135803647339344025e-03
6.129302084445953369e-03
6.123578175902366638e-03
6.117934826761484146e-03
6.112276110798120499e-03
6.106604821979999542e-03
6.100924685597419739e-03
6.108598783612251282e-03
1.301769725978374481e-02
6.134088151156902313e-03
6.113611627370119095e-03
6.093094591051340103e-03
6.084965076297521591e-03
6.076989229768514633e-03
6.071286275982856750e-03
6.065717432647943497e-03
6.060162093490362167e-03
6.054587196558713913e-03
6.049002520740032196e-03
6.043377798050642014e-03
6.043385714292526245e-03
8.118672296404838562e-03
6.228871177881956100e-03
6.122592370957136154e-03
6.043003406375646591e-03
6.024839356541633606e-03
6.018954794853925705e-03
6.013254635035991669e-03
6.007722113281488419e-03
6.002221256494522095e-03
5.996711086481809616e-03
5.991130135953426361e-03
5.986256990581750870e-03
1.982713118195533752e-02
7.501757238060235977e-03
6.016879342496395111e-03
6.001250352710485458e-03
5.973166786134243011e-03
5.964762065559625626e-03
5.958956200629472733e-03
5.953453481197357178e-03
5.947956349700689316e-03
5.942520685493946075e-03
6.127168890088796616e-03
6.464563775807619095e-03
6.238022353500127792e-03
5.991904530674219131e-03
5.932799074798822403e-03
5.921215284615755081e-03
5.915155168622732162e-03
5.909545347094535828e-03
5.904065445065498352e-03
5.898863077163696289e-03
7.929394952952861786e-03
8.383288048207759857e-03
6.049033254384994507e-03
5.894627887755632401e-03
5.885339342057704926e-03
5.876807961612939835e-03
5.871201865375041962e-03
5.865776445716619492e-03
5.860420409590005875e-03
6.008820608258247375e-03
8.806192316114902496e-03
6.100413389503955841e-03
5.891846958547830582e-03
5.849700886756181717e-03
5.838601384311914444e-03
5.832310300320386887e-03
5.826835986226797104e-03
5.823639687150716782e-03
1.398260798305273056e-02
5.908475257456302643e-03
5.845541134476661682e-03
5.831396207213401794e-03
5.804357118904590607e-03
5.798434372991323471e-03
5.792845040559768677e-03
5.787898320704698563e-03
7.033564615994691849e-03
6.748684216290712357e-03
5.949796643108129501e-03
5.778631661087274551e-03
5.775935016572475433e-03
5.765757057815790176e-03
5.759955849498510361e-03
5.754635669291019440e-03
5.754953715950250626e-03
1.296218484640121460e-02
7.494378834962844849e-03
5.950340535491704941e-03
5.764347966760396957e-03
5.734313745051622391e-03
5.729191936552524567e-03
5.723702721297740936e-03
5.718554835766553879e-03
5.722667556256055832e-03
7.815248332917690277e-03
6.415341515094041824e-03
5.760173778980970383e-03
5.706847645342350006e-03
5.696292966604232788e-03
5.690158810466527939e-03
5.685277748852968216e-03
5.912799388170242310e-03
8.852247148752212524e-03
5.992264486849308014e-03
5.674783140420913696e-03
5.674254614859819412e-03
5.663270130753517151e-03
5.657314788550138474e-03
5.651887971907854080e-03
5.648431833833456039e-03
2.236913330852985382e-02
1.264296378940343857e-02
6.411238573491573334e-03
5.750210024416446686e-03
5.647574551403522491e-03
5.640969611704349518e-03
5.635624285787343979e-03
5.630827043205499649e-03
5.626298021525144577e-03
5.621830467134714127e-03
5.617384333163499832e-03
5.612895358353853226e-03
5.608415696769952774e-03
5.603896453976631165e-03
5.599348805844783783e-03
5.598268005996942520e-03
8.321911096572875977e-03
6.835344247519969940e-03
5.753326695412397385e-03
5.602250341325998306e-03
5.583268590271472931e-03
5.578201729804277420e-03
5.573557689785957336e-03
5.568989086896181107e-03
5.564400926232337952e-03
5.559777840971946716e-03
5.555165000259876251e-03
5.550506990402936935e-03
5.600000731647014618e-03
1.187184732407331467e-02
6.209883373230695724e-03
5.570718087255954742e-03
5.546948406845331192e-03
5.534304305911064148e-03
5.529513582587242126e-03
5.524862557649612427e-03
5.520169623196125031e-03
5.515496246516704559e-03
5.510792601853609085e-03
5.506101064383983612e-03
5.635954905301332474e-03
6.421844009310007095e-03
6.148815620690584183e-03
5.526707973331212997e-03
5.505215376615524292e-03
5.490362644195556641e-03
5.484748166054487228e-03
5.479861982166767120e-03
5.475161131471395493e-03
5.470414645969867706e-03
5.465661175549030304e-03
5.479258019477128983e-03
8.006262592971324921e-03
6.312945857644081116e-03
5.500612314790487289e-03
5.458496510982513428e-03
5.448804236948490143e-03
5.443428643047809601e-03
5.438671447336673737e-03
5.433989223092794418e-03
5.429301410913467407e-03
5.425047595053911209e-03
2.039549686014652252e-02
7.174098864197731018e-03
5.584035068750381470e-03
5.435555707663297653e-03
5.414042621850967407e-03
5.408689845353364944e-03
5.403925664722919464e-03
5.399295128881931305e-03
5.394695792347192764e-03
5.390115547925233841e-03
5.385546013712882996e-03
7.693112827837467194e-03
7.204027380794286728e-03
5.746982060372829437e-03
5.394193809479475021e-03
5.378497764468193054e-03
5.369900725781917572e-03
5.364973098039627075e-03
5.360392387956380844e-03
5.355827510356903076e-03
5.351248662918806076e-03
5.346735008060932159e-03
6.198935210704803467e-03
7.662139367312192917e-03
5.579861812293529510e-03
5.346104502677917480e-03
5.335562862455844879e-03
5.330277606844902039e-03
5.324892234057188034e-03
5.320302210748195648e-03
5.315730348229408264e-03
5.311620421707630157e-03
9.981566108763217926e-03
7.257392164319753647e-03
5.331812892109155655e-03
5.318886600434780121e-03
5.299165844917297363e-03
5.294261034578084946e-03
5.289344582706689835e-03
5.284770391881465912e-03
5.280207842588424683e-03
5.276871845126152039e-03
1.900259405374526978e-02
6.439728196710348129e-03
5.449597723782062531e-03
5.288277752697467804e-03
5.263995379209518433e-03
5.259082186967134476e-03
5.254356656223535538e-03
5.249955691397190094e-03
5.245591048151254654e-03
5.844776984304189682e-03
6.975556723773479462e-03
5.566609557718038559e-03
5.241149570792913437e-03
5.234954413026571274e-03
5.229400005191564560e-03
5.224745720624923706e-03
5.220310762524604797e-03
5.215895827859640121e-03
5.211500450968742371e-03
5.207127891480922699e-03
1.174318324774503708e-02
6.065590772777795792e-03
5.340776871889829636e-03
5.225805565714836121e-03
5.202482920140028000e-03
5.196952261030673981e-03
5.192082840949296951e-03
5.187832284718751907e-03
5.183669272810220718e-03
5.179508589208126068e-03
5.175436846911907196e-03
1.101293601095676422e-02
6.102066487073898315e-03
5.199218168854713440e-03
5.199770443141460419e-03
5.165131762623786926e-03
5.159483756870031357e-03
5.155371036380529404e-03
5.151228047907352448e-03
5.147123709321022034e-03
5.142992828041315079e-03
5.138856358826160431e-03
5.135858431458473206e-03
2.292522788047790527e-02
5.989460274577140808e-03
5.355913192033767700e-03
5.142818670719861984e-03
5.129352677613496780e-03
5.121663678437471390e-03
5.116981454193592072e-03
5.112834740430116653e-03
5.108672659844160080e-03
5.104518495500087738e-03
5.100353620946407318e-03
5.112744402140378952e-03
7.896267808973789215e-03
5.960404407232999802e-03
5.119899287819862366e-03
5.091826431453227997e-03
5.086258053779602051e-03
5.081380251795053482e-03
5.077114328742027283e-03
5.072974134236574173e-03
5.068827420473098755e-03
5.064981523901224136e-03
1.577673479914665222e-02
6.411300040781497955e-03
5.145679693669080734e-03
5.076217465102672577e-03
5.058362614363431931e-03
5.051364656537771225e-03
5.047060549259185791e-03
5.042949691414833069e-03
5.038877949118614197e-03
5.034784786403179169e-03
5.030763801187276840e-03
7.807847578078508377e-03
6.684299558401107788e-03
5.187126342207193375e-03
5.066996905952692032e-03
5.026180297136306763e-03
5.016550421714782715e-03
5.012328270822763443e-03
5.008152220398187637e-03
5.004107486456632614e-03
5.000138655304908752e-03
5.323548801243305206e-03
5.519018974155187607e-03
5.083634518086910248e-03
5.015513859689235687e-03
4.990122281014919281e-03
4.985731095075607300e-03
4.980637691915035248e-03
4.976378288120031357e-03
4.972353111952543259e-03
4.987013060599565506e-03
5.699446890503168106e-03
5.094456020742654800e-03
4.993654787540435791e-03
4.964770749211311340e-03
4.958875942975282669e-03
4.953316878527402878e-03
4.948974121361970901e-03
4.944916814565658569e-03
4.941022023558616638e-03
6.928289309144020081e-03
7.672193460166454315e-03
5.189382005482912064e-03
4.975007381290197372e-03
4.934974014759063721e-03
4.928074311465024948e-03
4.923782777041196823e-03
4.919823259115219116e-03
4.915895871818065643e-03
4.960024263709783554e-03
7.947252131998538971e-03
5.025266669690608978e-03
4.935870412737131119e-03
4.911218769848346710e-03
4.900058731436729431e-03
4.895691294223070145e-03
4.891835153102874756e-03
4.906510002911090851e-03
6.406861823052167892e-03
5.451134871691465378e-03
4.989031236618757248e-03
4.883605986833572388e-03
4.877581261098384857e-03
4.871803335845470428e-03
4.867846146225929260e-03
4.865374881774187088e-03
9.853546507656574249e-03
7.121927570551633835e-03
5.006752442568540573e-03
4.883024375885725021e-03
4.857214167714118958e-03
4.850101191550493240e-03
4.845709539949893951e-03
4.841724410653114319e-03
4.838002379983663559e-03
5.688386969268321991e-03
4.880295135080814362e-03
5.039563402533531189e-03
4.866778850555419922e-03
4.829785786569118500e-03
4.823529161512851715e-03
4.818909801542758942e-03
4.815196618437767029e-03
4.892878234386444092e-03
7.695377804338932037e-03
5.065957084298133850e-03
4.834386985749006271e-03
4.809091333299875259e-03
4.800832830369472504e-03
4.795898217707872391e-03
4.792048595845699310e-03
4.788315854966640472e-03
6.446978077292442322e-03
7.100105751305818558e-03
4.996622446924448013e-03
4.814783111214637756e-03
4.782266914844512939e-03
4.777063149958848953e-03
4.772747401148080826e-03
4.769396502524614334e-03
6.251295562833547592e-03
5.595427006483078003e-03
4.792439285665750504e-03
4.778831731528043747e-03
4.758961033076047897e-03
4.752133972942829132e-03
4.748430568724870682e-03
4.747097380459308624e-03
1.582026667892932892e-02
4.952024668455123901e-03
4.839637316763401031e-03
4.748817533254623413e-03
4.735539667308330536e-03
4.730656743049621582e-03
4.726944956928491592e-03
4.723209422081708908e-03
4.719513002783060074e-03
4.780090413987636566e-03
1.200200524181127548e-02
5.123410373926162720e-03
4.735492169857025146e-03
4.716765601187944412e-03
4.708404652774333954e-03
4.704135004431009293e-03
4.700348246842622757e-03
4.696683958172798157e-03
4.693028517067432404e-03
4.689439665526151657e-03
9.324869140982627869e-03
5.566939711570739746e-03
4.905853420495986938e-03
4.713558126240968704e-03
4.685054998844861984e-03
4.678896162658929825e-03
4.674597177654504776e-03
4.671019036322832108e-03
4.667457658797502518e-03
4.663912113755941391e-03
4.676899872720241547e-03
5.725489929318428040e-03
4.972060211002826691e-03
4.728244151920080185e-03
4.661998245865106583e-03
4.651202820241451263e-03
4.646978806704282761e-03
4.643388092517852783e-03
4.639776423573493958e-03
4.637915641069412231e-03
1.417366508394479752e-02
4.789974540472030640e-03
4.663367755711078644e-03
4.634754732251167297e-03
4.630865063518285751e-03
4.623321816325187683e-03
4.619667772203683853e-03
4.615994635969400406e-03
4.612617660313844681e-03
5.792021285742521286e-03
6.111083552241325378e-03
4.731141962110996246e-03
4.619945771992206573e-03
4.609331488609313965e-03
4.600338172167539597e-03
4.596264101564884186e-03
4.592596087604761124e-03
4.591426346451044083e-03
1.459725573658943176e-02
4.788009915500879288e-03
4.613804165273904800e-03
4.597594030201435089e-03
4.579610656946897507e-03
4.575266037136316299e-03
4.571663681417703629e-03
4.568379838019609451e-03
4.968454595655202866e-03
6.171129643917083740e-03
4.764817655086517334e-03
4.612024407833814621e-03
4.561941139400005341e-03
4.555645864456892014e-03
4.551119171082973480e-03
4.547541495412588120e-03
4.544037859886884689e-03
5.003637634217739105e-03
5.761241074651479721e-03
5.090574733912944794e-03
4.582081921398639679e-03
4.540829919278621674e-03
4.534878302365541458e-03
4.531235434114933014e-03
4.527729004621505737e-03
4.527016077190637589e-03
1.098977401852607727e-02
5.108535755425691605e-03
4.573435056954622269e-03
4.530275240540504456e-03
4.514288622885942459e-03
4.510607570409774780e-03
4.507196135818958282e-03
4.503858741372823715e-03
4.500887822359800339e-03
7.273477036505937576e-03
7.742058951407670975e-03
4.686873406171798706e-03
4.504512064158916473e-03
4.494103603065013885e-03
4.489636514335870743e-03
4.485590849071741104e-03
4.482130520045757294e-03
