2.618490345776081085e-02
2.603271976113319397e-02
2.578216232359409332e-02
2.549808099865913391e-02
2.511593326926231384e-02
2.461419813334941864e-02
2.404302172362804413e-02
2.383379265666007996e-02
2.379197441041469574e-02
2.371929213404655457e-02
2.367076277732849121e-02
2.364996820688247681e-02
2.363280020654201508e-02
2.362557314336299896e-02
2.360905148088932037e-02
2.359844744205474854e-02
2.359485067427158356e-02
2.358043938875198364e-02
2.357168868184089661e-02
2.357576414942741394e-02
2.355714142322540283e-02
2.355089224874973297e-02
2.354458346962928772e-02
2.355312742292881012e-02
2.353265881538391113e-02
2.352613583207130432e-02
2.352003194391727448e-02
2.351147495210170746e-02
2.350317873060703278e-02
2.349364571273326874e-02
2.348428033292293549e-02
2.347345836460590363e-02
2.346054464578628540e-02
2.344623766839504242e-02
2.342690713703632355e-02
2.339668758213520050e-02
2.335103414952754974e-02
2.328311279416084290e-02
2.320837602019309998e-02
2.310976386070251465e-02
2.308102138340473175e-02
2.296397089958190918e-02
2.291588671505451202e-02
2.287261001765727997e-02
2.283957041800022125e-02
2.295539900660514832e-02
2.278578281402587891e-02
2.276044525206089020e-02
2.273311652243137360e-02
2.270889095962047577e-02
2.268360368907451630e-02
2.265682257711887360e-02
2.263275720179080963e-02
2.260818891227245331e-02
2.258327603340148926e-02
2.256069332361221313e-02
2.253370732069015503e-02
2.250674553215503693e-02
2.248189225792884827e-02
2.245070226490497589e-02
2.241747826337814331e-02
2.238593436777591705e-02
2.234173752367496490e-02
2.229340933263301849e-02
2.224340476095676422e-02
2.218303270637989044e-02
2.216914482414722443e-02
2.203540503978729248e-02
2.194095030426979065e-02
2.184300869703292847e-02
2.172774448990821838e-02
2.160958200693130493e-02
2.150077372789382935e-02
2.137959003448486328e-02
2.124552614986896515e-02
2.112095430493354797e-02
2.098026685416698456e-02
2.089018374681472778e-02
2.069671638309955597e-02
2.054066769778728485e-02
2.040162682533264160e-02
2.024720050394535065e-02
2.010653167963027954e-02
1.995704136788845062e-02
1.980897597968578339e-02
1.968243531882762909e-02
1.954543031752109528e-02
1.967926323413848877e-02
1.928815245628356934e-02
1.915526203811168671e-02
1.904752105474472046e-02
1.892828382551670074e-02
1.880566217005252838e-02
1.869809441268444061e-02
1.858194731175899506e-02
1.870777457952499390e-02
1.836481504142284393e-02
1.825271546840667725e-02
1.815333589911460876e-02
1.804768107831478119e-02
1.793941669166088104e-02
1.785129122436046600e-02
1.774002239108085632e-02
1.763499528169631958e-02
1.754752360284328461e-02
1.744277402758598328e-02
1.734105311334133148e-02
1.725179515779018402e-02
1.715446822345256805e-02
1.767353713512420654e-02
1.697053201496601105e-02
1.687581464648246765e-02
1.679588109254837036e-02
1.670799404382705688e-02
1.661913841962814331e-02
1.769606396555900574e-02
1.645407266914844513e-02
1.636928133666515350e-02
1.638331823050975800e-02
1.620855741202831268e-02
1.612689346075057983e-02
1.614697650074958801e-02
1.597179099917411804e-02
1.589334569871425629e-02
1.591037772595882416e-02
1.574204489588737488e-02
1.566530205309391022e-02
1.560447551310062408e-02
1.552107650786638260e-02
1.544688362628221512e-02
1.586850173771381378e-02
1.530603691935539246e-02
1.523337978869676590e-02
1.521710399538278580e-02
1.509555149823427200e-02
1.502338144928216934e-02
1.495916582643985748e-02
1.489187031984329224e-02
1.482164021581411362e-02
1.478773914277553558e-02
1.468823943287134171e-02
1.461923774331808090e-02
1.455697510391473770e-02
1.448925491422414780e-02
1.453286875039339066e-02
1.436078082770109177e-02
1.429389789700508118e-02
1.423813495784997940e-02
1.417189929634332657e-02
1.477054599672555923e-02
1.405286975204944611e-02
1.399158313870429993e-02
1.393836084753274918e-02
1.388027425855398178e-02
1.389047876000404358e-02
1.377226505428552628e-02
1.371635030955076218e-02
1.366889476776123047e-02
1.361491158604621887e-02
1.436333917081356049e-02
1.351567823439836502e-02
1.346447505056858063e-02
1.346376072615385056e-02
1.336936000734567642e-02
1.331938244402408600e-02
1.327588316053152084e-02
1.322736591100692749e-02
1.335988193750381470e-02
1.313687581568956375e-02
1.308948546648025513e-02
1.304804254323244095e-02
1.300253719091415405e-02
1.296427007764577866e-02
1.291851792484521866e-02
1.287470106035470963e-02
1.283959858119487762e-02
1.279591023921966553e-02
1.275417860597372055e-02
1.272094808518886566e-02
1.268320903182029724e-02
1.264465134590864182e-02
1.261296402662992477e-02
1.257459539920091629e-02
1.253855600953102112e-02
1.250696275383234024e-02
1.247224304825067520e-02
1.758995093405246735e-02
1.240916829556226730e-02
1.237670052796602249e-02
1.251051109284162521e-02
1.231617201119661331e-02
1.228481903672218323e-02
1.244253944605588913e-02
1.222710777074098587e-02
1.219690218567848206e-02
1.217636838555335999e-02
1.214191224426031113e-02
1.393358130007982254e-02
1.208849996328353882e-02
1.206062920391559601e-02
1.207275968044996262e-02
1.200966071337461472e-02
1.198265235871076584e-02
1.196059305220842361e-02
1.193502545356750488e-02
1.190912257879972458e-02
1.189087890088558197e-02
1.186285167932510376e-02
1.214476395398378372e-02
1.181693933904170990e-02
1.179275754839181900e-02
1.181603223085403442e-02
1.174831297248601913e-02
1.172903273254632950e-02
1.170586422085762024e-02
1.168306265026330948e-02
1.328861527144908905e-02
1.164106465876102448e-02
1.161906681954860687e-02
1.170082949101924896e-02
1.157828979194164276e-02
1.155646611005067825e-02
1.153797749429941177e-02
1.151686161756515503e-02
1.154170464724302292e-02
1.147702243179082870e-02
1.145588699728250504e-02
1.143915392458438873e-02
1.141741871833801270e-02
1.142069417983293533e-02
1.137859281152486801e-02
1.135791279375553131e-02
1.134026795625686646e-02
1.132021751254796982e-02
1.130247209221124649e-02
1.128502096980810165e-02
1.126573793590068817e-02
1.124643348157405853e-02
1.251468341797590256e-02
1.120938081294298172e-02
1.118977554142475128e-02
1.125465799123048782e-02
1.115261670202016830e-02
1.113258209079504013e-02
1.111660618335008621e-02
1.109696645289659500e-02
1.107713114470243454e-02
1.106446236371994019e-02
1.104020141065120697e-02
1.324425544589757919e-02
1.100314781069755554e-02
1.098338514566421509e-02
1.096855942159891129e-02
1.094656065106391907e-02
1.096601132303476334e-02
1.090996619313955307e-02
1.089034881442785263e-02
1.095503196120262146e-02
1.085350662469863892e-02
1.176892779767513275e-02
1.081662718206644058e-02
1.079683285206556320e-02
1.078166440129280090e-02
1.076113153249025345e-02
1.166211348026990891e-02
1.072545908391475677e-02
1.070628594607114792e-02
1.071737892925739288e-02
1.067035831511020660e-02
1.068586017936468124e-02
1.063408423215150833e-02
1.061463635414838791e-02
1.060699205845594406e-02
1.057810429483652115e-02
1.055829226970672607e-02
1.054203510284423828e-02
1.052264496684074402e-02
1.050423271954059601e-02
1.048649474978446960e-02
1.046611275523900986e-02
1.075207907706499100e-02
1.042940188199281693e-02
1.040950976312160492e-02
1.039233431220054626e-02
1.037268899381160736e-02
1.035348791629076004e-02
1.033830735832452774e-02
1.032025367021560669e-02
1.030136737972497940e-02
1.028210110962390900e-02
1.026522647589445114e-02
1.024551689624786377e-02
1.046287734061479568e-02
1.021007727831602097e-02
1.019086316227912903e-02
1.017563510686159134e-02
1.015635672956705093e-02
1.135121285915374756e-02
1.012239605188369751e-02
1.010438427329063416e-02
