2.637317404150962830e-02
2.629289217293262482e-02
2.628134191036224365e-02
2.626120485365390778e-02
2.621832862496376038e-02
2.607963979244232178e-02
2.566119842231273651e-02
2.515990100800991058e-02
2.373289689421653748e-02
2.352821081876754761e-02
2.348686382174491882e-02
2.344237267971038818e-02
2.339059114456176758e-02
2.329523302614688873e-02
2.303227595984935760e-02
2.224821783602237701e-02
2.049855515360832214e-02
1.741334609687328339e-02
1.498990319669246674e-02
1.320643443614244461e-02
1.195905916392803192e-02
1.099348533898591995e-02
1.037157699465751648e-02
9.613871574401855469e-03
9.211244992911815643e-03
9.202665649354457855e-03
8.380305022001266479e-03
8.076782338321208954e-03
7.938600145280361176e-03
7.624947931617498398e-03
7.527691777795553207e-03
7.522581610828638077e-03
7.273159921169281006e-03
7.154901511967182159e-03
7.058444898575544357e-03
6.992139853537082672e-03
6.923821289092302322e-03
6.910609081387519836e-03
6.956680677831172943e-03
6.845967844128608704e-03
6.778958719223737717e-03
6.762117613106966019e-03
6.744343321770429611e-03
6.790520157665014267e-03
6.693254690617322922e-03
6.668316200375556946e-03
6.753485184162855148e-03
6.636754143983125687e-03
6.624129600822925568e-03
6.621788255870342255e-03
6.640385836362838745e-03
6.595134735107421875e-03
6.633428856730461121e-03
6.579150911420583725e-03
6.580153480172157288e-03
6.576269399374723434e-03
6.695160176604986191e-03
6.579958833754062653e-03
6.537508685141801834e-03
6.739886477589607239e-03
6.540406495332717896e-03
6.523630116134881973e-03
6.540312897413969040e-03
6.504353601485490799e-03
6.487741600722074509e-03
6.473421119153499603e-03
6.623576395213603973e-03
6.479162722826004028e-03
6.440685596317052841e-03
6.451530847698450089e-03
6.425995379686355591e-03
6.499727722257375717e-03
6.391207221895456314e-03
6.329473573714494705e-03
6.303189788013696671e-03
6.244332529604434967e-03
7.278871722519397736e-03
6.155993323773145676e-03
6.110004615038633347e-03
6.373688578605651855e-03
5.975256673991680145e-03
5.905818194150924683e-03
5.852010101079940796e-03
5.890066735446453094e-03
5.748897790908813477e-03
5.694928579032421112e-03
5.555800627917051315e-03
5.479178857058286667e-03
5.506038200110197067e-03
5.429263226687908173e-03
5.424887873232364655e-03
5.269326735287904739e-03
5.333113949745893478e-03
5.192433483898639679e-03
5.263667088001966476e-03
5.190404132008552551e-03
5.265647545456886292e-03
4.988284315913915634e-03
5.016008391976356506e-03
5.023628007620573044e-03
4.941514227539300919e-03
5.026510450989007950e-03
4.849590361118316650e-03
4.861189052462577820e-03
4.761134274303913116e-03
4.873642232269048691e-03
4.768094513565301895e-03
4.892910365015268326e-03
4.753071814775466919e-03
4.672738257795572281e-03
4.651820287108421326e-03
4.888003692030906677e-03
4.618239123374223709e-03
4.642584826797246933e-03
4.552658181637525558e-03
5.188040900975465775e-03
4.675511736422777176e-03
4.532682709395885468e-03
4.490233026444911957e-03
4.491161089390516281e-03
4.651221912354230881e-03
4.574792459607124329e-03
4.569763317704200745e-03
4.434807226061820984e-03
4.404042847454547882e-03
4.422669764608144760e-03
4.372923634946346283e-03
4.471091553568840027e-03
4.489341750741004944e-03
4.431062843650579453e-03
4.594248253852128983e-03
4.362991079688072205e-03
4.288446623831987381e-03
4.411819390952587128e-03
4.274841398000717163e-03
4.346864763647317886e-03
4.179808776825666428e-03
4.840307403355836868e-03
4.187886603176593781e-03
4.236033651977777481e-03
4.081749357283115387e-03
4.192141816020011902e-03
4.215493332594633102e-03
4.010070115327835083e-03
4.007007926702499390e-03
4.149377811700105667e-03
3.974568564444780350e-03
3.911671694368124008e-03
3.973365761339664459e-03
3.828511806204915047e-03
3.805357730016112328e-03
3.782072803005576134e-03
3.740810789167881012e-03
3.747481852769851685e-03
3.594152163714170456e-03
3.794351825490593910e-03
3.602494252845644951e-03
3.503577783703804016e-03
3.486558562144637108e-03
3.504896769300103188e-03
3.366857767105102539e-03
3.317140741273760796e-03
3.432155353948473930e-03
3.486360190436244011e-03
3.233526367694139481e-03
3.170918207615613937e-03
3.627127734944224358e-03
3.107345197349786758e-03
3.058114787563681602e-03
2.968922955915331841e-03
3.064052900299429893e-03
3.000576980412006378e-03
3.220943035557866096e-03
2.847504802048206329e-03
2.840697532519698143e-03
2.805913332849740982e-03
2.726230770349502563e-03
2.981551457196474075e-03
2.834758721292018890e-03
2.692708047106862068e-03
2.908711787313222885e-03
2.617642050608992577e-03
2.739095827564597130e-03
3.203944303095340729e-03
2.587143564596772194e-03
2.518469467759132385e-03
2.552660880610346794e-03
2.498784335330128670e-03
2.461878350004553795e-03
2.686644438654184341e-03
2.512037288397550583e-03
2.571885474026203156e-03
2.529479563236236572e-03
2.490984974429011345e-03
2.378390170633792877e-03
2.426032908260822296e-03
2.438734751194715500e-03
2.895107027143239975e-03
2.432050183415412903e-03
2.347064903005957603e-03
2.349371556192636490e-03
2.368014538660645485e-03
2.301514381542801857e-03
2.416916191577911377e-03
2.326233778148889542e-03
2.430808730423450470e-03
2.909392584115266800e-03
2.312324242666363716e-03
2.264643786475062370e-03
2.341495128348469734e-03
2.258442575111985207e-03
2.419599099084734917e-03
2.292714780196547508e-03
2.296369755640625954e-03
2.259922912344336510e-03
2.453996334224939346e-03
2.183927455917000771e-03
2.179503673687577248e-03
2.227395772933959961e-03
2.191978273913264275e-03
2.181203803047537804e-03
2.156755886971950531e-03
2.162948716431856155e-03
2.418176969513297081e-03
2.164664212614297867e-03
2.116992603987455368e-03
2.135027432814240456e-03
2.160294214263558388e-03
2.150341635569930077e-03
2.183875301852822304e-03
2.108942717313766479e-03
2.098964527249336243e-03
2.284169429913163185e-03
2.094396157190203667e-03
2.064585685729980469e-03
2.222356619313359261e-03
2.040636260062456131e-03
2.015125006437301636e-03
2.574372803792357445e-03
2.154551912099123001e-03
1.996637089177966118e-03
2.197308233007788658e-03
2.040968276560306549e-03
1.969580305740237236e-03
1.960984431207180023e-03
2.402690472081303596e-03
2.018733648583292961e-03
1.958546461537480354e-03
1.991074532270431519e-03
1.944695599377155304e-03
2.007171278819441795e-03
1.877029077149927616e-03
1.991408877074718475e-03
1.981347333639860153e-03
1.991662895306944847e-03
1.885313307866454124e-03
1.880775089375674725e-03
1.837492571212351322e-03
2.092798473313450813e-03
1.848486484959721565e-03
1.815748400986194611e-03
1.820320263504981995e-03
1.930551370605826378e-03
1.746000838465988636e-03
1.753792166709899902e-03
1.737436512485146523e-03
1.724719419144093990e-03
1.963321585208177567e-03
1.735714613460004330e-03
1.670503406785428524e-03
1.770320232026278973e-03
1.640622387640178204e-03
2.096605952829122543e-03
1.640681759454309940e-03
1.664730370976030827e-03
1.657034270465373993e-03
1.589872292242944241e-03
1.731261843815445900e-03
1.580890850163996220e-03
1.572610926814377308e-03
1.587528968229889870e-03
1.606668811291456223e-03
1.560313510708510876e-03
1.601593568921089172e-03
1.566417515277862549e-03
1.675559673458337784e-03
1.574368565343320370e-03
1.540249329991638660e-03
1.619984279386699200e-03
1.557374838739633560e-03
1.464751898311078548e-03
1.509779016487300396e-03
1.490370254032313824e-03
1.449419767595827579e-03
1.592705375514924526e-03
1.436958904378116131e-03
1.659985282458364964e-03
1.461868523620069027e-03
1.454290817491710186e-03
1.434326055459678173e-03
1.838145311921834946e-03
1.440285588614642620e-03
1.417282153852283955e-03
1.425782218575477600e-03
1.430035801604390144e-03
1.741507090628147125e-03
1.413955353200435638e-03
1.367698307149112225e-03
1.371693797409534454e-03
1.781454775482416153e-03
1.341384137049317360e-03
1.416079350747168064e-03
1.426292932592332363e-03
1.399758039042353630e-03
1.508445595391094685e-03
1.340327784419059753e-03
1.332063809968531132e-03
1.361174625344574451e-03
1.388649689033627510e-03
1.348530873656272888e-03
1.348503981716930866e-03
1.288258121348917484e-03
1.496181241236627102e-03
1.787327812053263187e-03
1.384089817292988300e-03
1.282665296457707882e-03
1.420659245923161507e-03
1.477417536079883575e-03
1.482653548009693623e-03
1.355769345536828041e-03
1.315698609687387943e-03
1.625007251277565956e-03
1.288829953409731388e-03
1.454996177926659584e-03
1.304929144680500031e-03
1.621483592316508293e-03
1.305626705288887024e-03
1.244047656655311584e-03
1.245520776137709618e-03
1.363259973004460335e-03
1.232314622029662132e-03
1.335909357294440269e-03
1.213016803376376629e-03
1.492446870543062687e-03
1.236560521647334099e-03
1.253370195627212524e-03
1.758107799105346203e-03
1.231931848451495171e-03
1.310502528212964535e-03
1.174553763121366501e-03
1.201311359182000160e-03
1.295354566536843777e-03
1.632690429687500000e-03
1.210801536217331886e-03
1.199566991999745369e-03
1.138561405241489410e-03
1.163834007456898689e-03
1.242177095264196396e-03
1.179994200356304646e-03
1.155377714894711971e-03
1.274704467505216599e-03
1.122071291320025921e-03
1.193496165797114372e-03
1.259644981473684311e-03
1.258899574168026447e-03
1.132815494202077389e-03
1.557111390866339207e-03
1.166748115792870522e-03
1.080686692148447037e-03
1.104080583900213242e-03
1.500512589700520039e-03
1.081555499695241451e-03
1.074777799658477306e-03
1.145430142059922218e-03
1.264491933397948742e-03
1.203058869577944279e-03
1.074961503036320210e-03
1.152336946688592434e-03
1.061030197888612747e-03
1.030187704600393772e-03
1.017321366816759109e-03
1.017245580442249775e-03
1.303058583289384842e-03
1.020557596348226070e-03
1.023280085064470768e-03
1.020149327814579010e-03
1.068158075213432312e-03
1.227604923769831657e-03
9.990573162212967873e-04
1.125591224990785122e-03
1.029945793561637402e-03
1.218699733726680279e-03
1.110453973524272442e-03
9.603466023690998554e-04
9.525633649900555611e-04
1.481663552112877369e-03
1.069571706466376781e-03
9.615735034458339214e-04
9.171264828182756901e-04
1.004565623588860035e-03
9.372118511237204075e-04
9.330999455414712429e-04
9.562420309521257877e-04
8.823475800454616547e-04
1.021319651044905186e-03
8.836169145070016384e-04
9.683660464361310005e-04
8.635503472760319710e-04
9.849620983004570007e-04
8.990820497274398804e-04
1.103966613300144672e-03
8.825940894894301891e-04
9.149255929514765739e-04
8.311224519275128841e-04
1.189878210425376892e-03
8.504035067744553089e-04
8.610120858065783978e-04
8.051086915656924248e-04
1.136780832894146442e-03
8.407948771491646767e-04
8.129635243676602840e-04
8.017111103981733322e-04
8.556996472179889679e-04
1.231484580785036087e-03
8.570490754209458828e-04
7.552374154329299927e-04
8.089201292023062706e-04
7.903944351710379124e-04
8.231727406382560730e-04
1.104166847653687000e-03
7.533801835961639881e-04
7.950635044835507870e-04
7.502660737372934818e-04
7.248347392305731773e-04
7.743877940811216831e-04
7.679975824430584908e-04
7.929808343760669231e-04
7.177283405326306820e-04
7.665833691135048866e-04
7.017590105533599854e-04
7.136339554563164711e-04
8.884385460987687111e-04
8.303859503939747810e-04
6.881699664518237114e-04
6.609330303035676479e-04
7.119889487512409687e-04
9.707554127089679241e-04
6.976971053518354893e-04
6.864445167593657970e-04
6.404582527466118336e-04
6.446018815040588379e-04
7.461786153726279736e-04
7.304738392122089863e-04
6.565632647834718227e-04
7.163168047554790974e-04
6.143192294985055923e-04
1.141825690865516663e-03
6.663632229901850224e-04
6.372430943883955479e-04
6.864046445116400719e-04
7.362724281847476959e-04
6.239431095309555531e-04
6.711909663863480091e-04
6.468910723924636841e-04
6.252865423448383808e-04
6.102207698859274387e-04
5.533281946554780006e-04
7.843940984457731247e-04
5.966942408122122288e-04
6.764172576367855072e-04
8.052528719417750835e-04
6.765705184079706669e-04
5.449393647722899914e-04
7.083332166075706482e-04
5.915199872106313705e-04
5.844386178068816662e-04
5.200624582357704639e-04
6.166061502881348133e-04
1.377119333483278751e-03
6.400860729627311230e-04
5.012126057408750057e-04
5.609252839349210262e-04
5.456041544675827026e-04
5.592256784439086914e-04
5.882217083126306534e-04
5.421589012257754803e-04
5.058068782091140747e-04
1.524148508906364441e-03
7.433634600602090359e-04
5.358496564440429211e-04
4.759523726534098387e-04
5.694486899301409721e-04
4.690419300459325314e-04
5.157631821930408478e-04
4.738109128084033728e-04
4.499220522120594978e-04
5.984360468573868275e-04
4.994890769012272358e-04
4.411445988807827234e-04
5.665724165737628937e-04
4.345639899838715792e-04
4.930712166242301464e-04
5.308599793352186680e-04
5.840356461703777313e-04
4.995128256268799305e-04
4.198728129267692566e-04
1.125638838857412338e-03
4.869883123319596052e-04
4.374617419671267271e-04
4.178276285529136658e-04
7.869057008065283298e-04
4.762092721648514271e-04
4.012061690445989370e-04
6.570888799615204334e-04
5.305622471496462822e-04
4.183631681371480227e-04
4.369976522866636515e-04
5.702322232536971569e-04
5.370254511944949627e-04
3.996842424385249615e-04
6.195476162247359753e-04
5.368209094740450382e-04
3.665717376861721277e-04
4.266016767360270023e-04
7.243675645440816879e-04
3.592987195588648319e-04
4.567149735521525145e-04
8.194608963094651699e-04
3.647223056759685278e-04
4.559788503684103489e-04
4.213301581330597401e-04
5.112076760269701481e-04
3.964052884839475155e-04
4.453356377780437469e-04
3.904805635102093220e-04
3.845360479317605495e-04
3.594360605347901583e-04
3.333320782985538244e-04
4.808692901860922575e-04
1.849154825322329998e-03
5.006205756217241287e-04
3.492851974442601204e-04
4.019670595880597830e-04
3.494253032840788364e-04
3.298212832305580378e-04
4.724731261376291513e-04
6.966583896428346634e-04
3.323081182315945625e-04
3.899520961567759514e-04
3.210111754015088081e-04
3.532592963892966509e-04
1.006387523375451565e-03
4.563615075312554836e-04
3.326068108435720205e-04
3.261385718360543251e-04
3.126370429527014494e-04
4.276985127944499254e-04
3.335186629556119442e-04
3.605501551646739244e-04
3.730257158167660236e-04
2.945394080597907305e-04
5.030326428823173046e-04
3.699435037560760975e-04
3.563136269804090261e-04
3.017022681888192892e-04
1.195966964587569237e-03
3.222733794245868921e-04
3.407690674066543579e-04
3.303116245660930872e-04
3.592613502405583858e-04
7.438134052790701389e-04
3.229074354749172926e-04
3.208454290870577097e-04
4.048625123687088490e-04
3.246002306696027517e-04
4.252275975886732340e-04
6.818140391260385513e-04
3.211972361896187067e-04
2.941695856861770153e-04
2.605009067337960005e-04
8.974368683993816376e-04
3.831552457995712757e-04
2.886152069550007582e-04
2.577437262516468763e-04
2.724077785387635231e-04
7.490869029425084591e-04
2.691042318474501371e-04
2.650668611750006676e-04
3.307479491923004389e-04
2.805973927024751902e-04
2.933050855062901974e-04
2.455081557855010033e-04
2.514559018891304731e-04
3.028127830475568771e-04
3.350648912601172924e-04
2.541337162256240845e-04
2.525096351746469736e-04
2.629078226163983345e-04
5.395329790189862251e-04
2.628485381137579679e-04
2.613323449622839689e-04
3.500126767903566360e-04
2.976230462081730366e-04
2.734216395765542984e-04
2.885731228161603212e-04
2.535005914978682995e-04
8.059242973104119301e-04
2.810695441439747810e-04
2.468394814059138298e-04
2.839998633135110140e-04
2.775237371679395437e-04
4.352084361016750336e-04
2.556600666139274836e-04
2.658999001141637564e-04
2.566439798101782799e-04
2.737196919042617083e-04
2.482342824805527925e-04
1.176405698060989380e-03
2.724829246290028095e-04
2.355887263547629118e-04
2.138731215381994843e-04
2.624135813675820827e-04
2.860038948711007833e-04
3.296830982435494661e-04
2.526633325032889843e-04
3.110392717644572258e-04
2.836109488271176815e-04
2.586208574939519167e-04
2.515488013159483671e-04
2.356330223847180605e-04
2.597324782982468605e-04
2.371741575188934803e-04
2.105011953972280025e-04
5.801253719255328178e-04
2.433148474665358663e-04
2.412238827673718333e-04
2.310401032445952296e-04
3.023825411219149828e-04
2.209288941230624914e-04
2.209161611972376704e-04
1.903794473037123680e-04
2.744606172200292349e-04
2.647892397362738848e-04
1.900158385979011655e-04
4.805657954420894384e-04
2.058507670881226659e-04
3.695870982483029366e-04
2.806940756272524595e-04
2.026228612521663308e-04
2.172443637391552329e-04
3.241320955567061901e-04
2.602484310045838356e-04
2.056127123069018126e-04
2.101026475429534912e-04
2.150138461729511619e-04
1.672286307439208031e-04
2.737386676017194986e-04
2.081171405734494328e-04
2.442321274429559708e-04
2.492006460670381784e-04
2.103861916111782193e-04
3.212650190107524395e-04
2.780059003271162510e-04
2.201141760451719165e-04
1.816160656744614244e-04
2.256286679767072201e-04
3.582621866371482611e-04
1.841978519223630428e-04
1.533302711322903633e-04
1.725659967632964253e-04
2.132721710950136185e-04
2.577967825345695019e-04
1.365844509564340115e-04
3.076837456319481134e-04
1.992069301195442677e-04
1.689554483164101839e-04
1.419577019987627864e-04
3.004655300173908472e-04
1.157924198196269572e-04
3.894339606631547213e-04
2.913022181019186974e-04
1.821142213884741068e-04
9.081449388759210706e-05
1.992298202821984887e-04
7.888845721026882529e-05
5.096737877465784550e-04
8.981754217529669404e-05
9.239774226443842053e-05
6.591837882297113538e-05
1.090042496798560023e-04
1.613989734323695302e-04
6.536686851177364588e-05
1.977010833797976375e-04
1.248814514838159084e-04
1.813091657822951674e-04
1.576600479893386364e-04
5.821924787596799433e-05
9.483137400820851326e-04
1.476699544582515955e-04
5.232216790318489075e-05
5.237900768406689167e-05
7.148125587264075875e-05
6.485053017968311906e-05
8.846502169035375118e-05
1.318875147262588143e-04
2.572238445281982422e-04
1.039322087308391929e-04
1.314596884185448289e-04
1.479868806200101972e-04
1.148173905676230788e-04
1.250309433089569211e-04
6.880578584969043732e-04
1.465105451643466949e-04
6.661230872850865126e-05
1.602698466740548611e-04
4.799655289389193058e-05
2.379516809014603496e-04
7.941384683363139629e-05
1.050963401212356985e-04
1.171230571344494820e-03
1.341099414275959134e-04
8.262410119641572237e-05
7.016560994088649750e-05
4.013355282950215042e-05
2.719413896556943655e-04
7.382135663647204638e-05
1.142516630352474749e-04
9.614090959075838327e-05
1.839338656282052398e-04
1.248656772077083588e-04
3.065606288146227598e-04
1.098026405088603497e-04
5.302138742990791798e-05
7.816651486791670322e-05
3.942731709685176611e-04
1.694427191978320479e-04
1.030023995554074645e-04
7.602909317938610911e-05
9.168431279249489307e-05
9.221660002367570996e-05
8.273069397546350956e-05
1.539003860671073198e-04
6.897725979797542095e-04
9.741577378008514643e-05
1.485744433011859655e-04
3.740778265637345612e-05
4.266979158273898065e-05
8.595398685429245234e-05
7.579335215268656611e-05
1.130713426391594112e-04
8.689592505106702447e-05
2.446550934109836817e-04
6.755023059668019414e-05
3.724706402863375843e-05
6.543077761307358742e-04
1.625418954063206911e-04
8.935300866141915321e-05
3.937154178856872022e-05
5.397338100010529160e-05
8.327021350851282477e-05
3.442445085966028273e-05
1.253065274795517325e-04
9.337048686575144529e-05
2.019650419242680073e-04
5.992675869492813945e-05
1.523448154330253601e-04
7.674768858123570681e-05
2.098116674460470676e-04
1.226179592777043581e-04
1.022399592329747975e-04
3.207960253348574042e-05
1.672842190600931644e-04
5.267463857308030128e-04
3.048095641133841127e-05
9.292101458413526416e-05
4.839691609959118068e-05
1.188540045404806733e-04
4.193922359263524413e-05
3.331022453494369984e-04
8.183056343114003539e-05
7.680634007556363940e-05
4.016099774162285030e-05
2.306072565261274576e-04
9.225261601386591792e-05
3.722592009580694139e-05
5.175753613002598286e-04
5.963351213722489774e-05
1.150035532191395760e-04
3.733014091267250478e-05
1.601153489900752902e-04
6.087938527343794703e-05
3.340348484925925732e-05
7.621227268828079104e-05
5.933782813372090459e-05
3.339671093272045255e-05
4.230334161547943950e-05
3.636394103523343801e-05
2.527023025322705507e-04
5.459324165713042021e-05
1.140980748459696770e-04
2.908070746343582869e-05
1.568408624734729528e-04
7.623605779372155666e-05
3.897754868376068771e-05
9.891822264762595296e-05
7.692672807024791837e-05
3.175986421410925686e-05
1.806939253583550453e-04
6.988988025113940239e-04
7.312776142498478293e-05
3.669331272249110043e-05
8.233074913732707500e-05
4.936620098305866122e-05
3.542986087268218398e-05
3.410865247133187950e-05
4.908773917122744024e-05
4.293521633371710777e-04
6.476273847511038184e-05
6.505248165922239423e-05
6.481764285126700997e-05
7.383290358120575547e-05
8.908630115911364555e-05
6.050017691450193524e-05
2.765055251074954867e-05
9.769953612703830004e-05
3.155344165861606598e-04
1.237179385498166084e-04
6.304698763415217400e-05
3.241958984290249646e-05
1.049472120939753950e-04
5.724454968003556132e-05
1.060672802850604057e-04
5.570034045376814902e-05
1.062260926119051874e-04
1.209427791764028370e-04
7.602902041980996728e-05
2.849736119969747961e-05
8.310980774695053697e-05
6.672315794276073575e-05
2.290713564434554428e-05
1.312521198997274041e-04
5.071294435765594244e-05
2.135011891368776560e-04
2.635164419189095497e-04
5.968845653114840388e-05
1.116393395932391286e-04
1.242362050106748939e-04
5.311409768182784319e-05
7.219480175990611315e-05
3.850381108350120485e-05
1.362482580589130521e-04
3.038089198525995016e-05
2.689401153475046158e-04
1.296478003496304154e-04
9.708732977742329240e-05
5.387736018747091293e-05
8.390338916797190905e-05
1.984911359613761306e-04
4.952292874804697931e-05
1.866308593889698386e-04
5.554188464884646237e-05
8.012711186893284321e-04
1.301574375247582793e-04
3.843580998363904655e-05
9.706661512609571218e-05
3.824002487817779183e-05
6.746793224010616541e-05
9.724403207655996084e-05
9.818599210120737553e-05
1.241935970028862357e-04
3.708627991727553308e-05
2.792327431961894035e-04
2.895183934015221894e-05
1.164298737421631813e-04
5.429128577816300094e-05
1.343316980637609959e-04
1.628893223823979497e-04
6.661568477284163237e-05
1.035167952068150043e-04
1.751171657815575600e-05
2.004702691920101643e-04
1.466638786951079965e-04
8.719425386516377330e-05
4.404078936204314232e-05
1.088760764105245471e-04
6.849773490102961659e-05
4.676852549891918898e-04
1.083511524484492838e-04
1.135866623371839523e-04
2.223134652012959123e-05
1.929528516484424472e-04
8.378193160751834512e-05
4.119093864574097097e-05
2.259117172798141837e-04
8.488575258525088429e-05
6.163022044347599149e-05
7.627705053891986609e-05
1.339737500529736280e-04
6.828490586485713720e-05
2.678778218978550285e-05
1.133146724896505475e-04
3.866713450406678021e-05
2.364755928283557296e-04
1.054721506079658866e-04
4.340072700870223343e-05
1.373330451315268874e-04
1.670906058279797435e-04
1.430980919394642115e-04
3.382732757017947733e-05
7.587882282678037882e-05
1.092804595828056335e-04
1.324329350609332323e-04
1.636135712033137679e-04
6.220983050297945738e-05
6.081290848669596016e-05
5.647877696901559830e-04
1.066034092218615115e-04
2.920782026194501668e-05
3.347795791341923177e-05
7.546824053861200809e-05
7.977372297318652272e-05
1.560376986162737012e-04
1.995443199120927602e-05
9.820071136346086860e-05
3.897053829859942198e-05
5.947711179032921791e-04
1.125774288084357977e-04
3.859607386402785778e-05
8.248342783190310001e-05
3.094508792855776846e-05
8.881707617547363043e-05
9.804203000385314226e-05
8.743554353713989258e-04
7.370220555458217859e-05
1.841077391873113811e-05
2.762711665127426386e-04
8.339454507222399116e-05
8.730637637199833989e-05
2.820352892740629613e-05
1.568495645187795162e-04
1.735920377541333437e-04
3.587716855690814555e-05
6.647706322837620974e-05
6.764117279089987278e-05
2.008758456213399768e-04
4.974261537427082658e-05
3.778428799705579877e-05
9.812904318096116185e-05
6.959905294934287667e-05
2.207985380664467812e-04
7.567068678326904774e-05
4.090289075975306332e-05
1.367800578009337187e-04
2.628677611937746406e-05
2.116191462846472859e-04
7.515478500863537192e-05
5.484099165187217295e-05
4.957303463015705347e-05
1.843937934609130025e-05
1.831770932767540216e-04
4.438380710780620575e-05
1.182071355287916958e-04
4.000873013865202665e-05
8.613899990450590849e-05
9.466249321121722460e-05
2.303397013747598976e-05
1.557983778184279799e-04
3.664005271275527775e-05
1.006213933578692377e-04
6.381339335348457098e-05
3.190262214047834277e-05
1.566916034789755940e-04
2.613499527797102928e-04
9.719165245769545436e-05
1.677083673712331802e-05
2.647057699505239725e-04
5.541734572034329176e-05
1.488384732510894537e-04
1.873276050901040435e-05
5.190631491132080555e-04
7.428390381392091513e-05
5.877625517314299941e-05
2.977841904794331640e-05
1.321196614298969507e-04
1.334253029199317098e-04
1.129424781538546085e-04
4.635650475393049419e-05
1.638957473915070295e-04
9.396838868269696832e-05
2.069537913484964520e-05
2.640532511577475816e-05
3.002492594532668591e-04
6.381588173098862171e-05
8.553071529604494572e-05
1.372621773043647408e-05
2.924233558587729931e-04
2.999562711920589209e-04
5.675825013895519078e-05
8.062477718340232968e-05
4.095472468179650605e-05
1.532962487544864416e-04
7.965214899741113186e-05
1.683024893281981349e-04
5.675034481100738049e-05
8.175844413926824927e-05
4.704724124167114496e-04
4.706603431259281933e-05
1.938328787218779325e-04
5.908657112740911543e-05
6.385186134139075875e-05
5.911737753194756806e-05
2.192111132899299264e-04
5.580411379924044013e-05
1.976968924282118678e-04
7.530425500590354204e-05
5.849030640092678368e-05
1.509318008174886927e-05
1.107273274101316929e-04
2.224691124865785241e-04
1.695745595498010516e-04
6.034413672750815749e-05
3.362564166309311986e-05
1.070188664016313851e-04
2.288484756718389690e-05
2.172006497858092189e-05
5.890859029022976756e-05
9.857066470431163907e-05
7.305873441509902477e-05
2.594558100099675357e-05
2.174392429878935218e-04
5.762084765592589974e-05
6.795887748012319207e-05
8.105726737994700670e-05
1.489642600063234568e-04
7.828626985428854823e-05
4.730852742795832455e-05
1.419209293089807034e-04
5.762219734606333077e-05
7.820859900675714016e-05
7.687476318096742034e-05
5.208281072555109859e-05
8.828782301861792803e-05
3.650742291938513517e-05
2.164699690183624625e-04
2.944920015579555184e-05
8.712825365364551544e-05
9.070820669876411557e-05
1.237349060829728842e-04
2.461615986248943955e-05
9.161040361505001783e-05
3.908293365384452045e-05
1.547860010759904981e-04
9.254631731892004609e-05
1.007952887448482215e-04
5.699924076907336712e-05
4.658595571527257562e-05
1.159711100626736879e-04
4.968966459273360670e-05
1.590820829733274877e-05
3.965989453718066216e-04
7.022964564384892583e-05
1.772899850038811564e-04
7.836914301151409745e-05
1.225245796376839280e-05
1.645163429202511907e-04
1.378374145133420825e-04
5.791199873783625662e-05
1.926854019984602928e-05
7.794684643158689141e-05
1.022198193822987378e-04
6.761786789866164327e-05
1.567158142279367894e-05
2.149213250959292054e-04
1.629902908462099731e-05
2.200662711402401328e-04
4.720063589047640562e-05
4.715688555734232068e-05
3.027253114851191640e-05
1.029045452014543116e-04
2.445204518153332174e-05
2.259190805489197373e-04
5.614510155282914639e-05
7.432002166751772165e-05
4.361738319857977331e-05
6.870383367640897632e-05
2.101282916555646807e-05
3.414373350096866488e-05
6.773300992790609598e-05
1.160519459517672658e-04
5.215960845816880465e-05
3.797580575337633491e-05
1.031096981023438275e-04
1.712959347059950233e-04
1.890506246127188206e-04
6.340481195366010070e-05
5.997145490255206823e-05
1.293024688493460417e-04
1.715675534796901047e-05
6.115908763604238629e-05
3.734969504876062274e-05
2.008036826737225056e-04
3.827067484962753952e-05
1.599421084392815828e-04
6.784902507206425071e-05
4.563099355436861515e-05
2.030186005868017673e-04
4.474966772249899805e-05
2.040232502622529864e-04
6.383461004588752985e-05
3.111059195362031460e-04
1.407675881637260318e-04
5.499888357007876039e-05
8.784483361523598433e-05
1.448295279260491952e-05
2.544086310081183910e-04
5.507686364580877125e-05
2.693178976187482476e-05
9.445135219721123576e-06
9.989373211283236742e-05
1.571188040543347597e-04
8.181196608347818255e-05
6.720396049786359072e-05
1.386896183248609304e-04
9.009267523651942611e-05
3.906586789526045322e-05
2.379550423938781023e-04
9.719359513837844133e-05
4.311758675612509251e-05
1.133280820795334876e-04
2.537905857025180012e-05
2.539321430958807468e-04
5.901475742575712502e-05
8.295862789964303374e-05
3.183127773809246719e-05
5.467584196594543755e-05
1.163621564046479762e-04
3.534168718033470213e-05
2.979289856739342213e-04
5.721776324207894504e-05
8.548471669200807810e-05
2.743166442087385803e-05
7.757850107736885548e-05
1.423649373464286327e-04
2.535293424443807453e-05
4.099942088942043483e-05
7.026446837699040771e-05
1.560872988193295896e-05
4.302060187910683453e-05
5.955436427029781044e-05
6.898799620103091002e-05
2.691528425202704966e-05
1.892717409646138549e-04
3.603362711146473885e-05
6.109038076829165220e-05
3.854507303913123906e-05
1.074274314305512235e-05
4.897358303423970938e-05
2.511845377739518881e-04
7.312875095522031188e-05
5.621410309686325490e-05
4.137944415560923517e-05
1.459323248127475381e-04
6.562909402418881655e-05
7.424870273098349571e-05
3.810873022302985191e-05
2.807122291414998472e-05
1.282886660192161798e-04
9.075023990590125322e-05
3.096682848990894854e-05
1.181557017844170332e-04
6.775379006285220385e-05
1.103666872950270772e-04
1.359257003059610724e-04
1.075130930985324085e-04
1.484477070334833115e-05
1.916525216074660420e-04
6.087431029300205410e-05
4.740207077702507377e-05
1.710979267954826355e-05
3.528290544636547565e-04
7.443733193213120103e-05
1.677804903010837734e-05
1.198091413243673742e-04
1.962443820957560092e-05
4.904827437712810934e-05
2.280517364852130413e-04
2.156190384994260967e-05
1.388276577927172184e-04
2.343834967177826911e-05
1.236359821632504463e-04
5.647995567414909601e-05
3.666933625936508179e-04
2.479203249095007777e-05
1.207563182106241584e-04
9.325844439445063472e-05
6.741192919434979558e-05
1.872725260909646749e-05
2.305195084773004055e-04
2.933204268629197031e-05
4.282295776647515595e-05
9.409407357452437282e-05
5.083652285975404084e-05
1.684429153101518750e-04
3.383698640391230583e-05
1.565859565744176507e-04
2.623228101583663374e-05
2.522861468605697155e-04
7.733726670267060399e-05
6.636287434957921505e-05
1.950880323420278728e-05
1.265193168364930898e-05
2.149178544641472399e-05
9.745681745698675513e-05
2.809553407132625580e-04
1.414257712895050645e-04
1.960001645784359425e-05
4.501648436416871846e-05
5.770498319179750979e-05
6.241405935725197196e-05
1.442371740267844871e-05
1.334826993115711957e-05
2.974281414935830981e-05
1.736686681397259235e-04
1.426725793862715364e-04
1.052704828907735646e-04
6.135254807304590940e-05
1.883628465293440968e-05
8.939680992625653744e-05
3.235849362681619823e-05
9.282989594794344157e-06
2.116991709044668823e-05
5.287067324388772249e-05
7.650861516594886780e-05
1.597647788003087044e-04
7.740749424556270242e-05
3.513457340886816382e-05
4.279580025468021631e-05
8.530134073225781322e-05
1.482856168877333403e-04
8.160198194673284888e-05
1.833504029491450638e-05
3.902991375070996583e-05
7.397971785394474864e-05
9.366125595988705754e-06
1.646398741286247969e-04
1.267269544769078493e-04
2.858532207028474659e-05
1.285760808968916535e-04
4.506445839069783688e-05
7.865876250434666872e-05
6.469484651461243629e-05
5.451231845654547215e-05
7.498405466321855783e-05
3.287956496933475137e-05
1.803462364478036761e-04
2.488696190994232893e-04
4.993547554477117956e-05
2.331604264327324927e-05
1.501039077993482351e-04
2.961988320748787373e-05
7.736550469417124987e-05
1.224741135956719518e-04
3.560684854164719582e-05
8.243400952778756618e-05
7.955150977068115026e-06
1.600545510882511735e-04
3.648566416813991964e-05
9.610861889086663723e-05
1.128466392401605844e-04
2.438070805510506034e-05
2.352376322960481048e-04
4.740319855045527220e-05
6.237588240765035152e-05
1.870618325483519584e-05
4.658921898226253688e-05
3.624811652116477489e-04
3.112508420599624515e-05
1.774008414940908551e-04
5.195136691327206790e-05
4.546999116428196430e-05
7.472470315406098962e-05
6.211068830452859402e-05
1.448009716114029288e-04
8.992161019705235958e-05
3.048230064450763166e-05
1.014271256281062961e-04
8.058480489125940949e-06
2.520156849641352892e-04
4.626794543582946062e-05
6.606144597753882408e-05
1.281381119042634964e-04
5.382963718147948384e-05
5.806878471048548818e-05
4.899992200080305338e-05
2.960635538329370320e-05
1.477141777286306024e-04
3.121247937087900937e-05
9.351368498755618930e-05
5.858119038748554885e-05
1.983612455660477281e-04
1.908839658426586539e-05
3.535136056598275900e-05
5.422432150226086378e-05
3.549649045453406870e-05
1.469178096158429980e-04
3.768732494791038334e-05
2.944098741863854229e-05
3.299580203020013869e-05
1.852219247666653246e-05
2.171653904952108860e-04
3.176765676471404731e-05
2.793373096210416406e-05
6.820388807682320476e-05
6.572870188392698765e-05
2.161905285902321339e-05
4.002090645371936262e-05
9.957946167560294271e-05
4.824407733394764364e-05
6.304655107669532299e-05
7.180160901043564081e-05
3.267838837928138673e-05
2.573497476987540722e-05
5.276970914565026760e-04
5.158642670721746981e-05
7.042760989861562848e-05
9.459135071665514261e-06
1.280437427340075374e-04
8.238403825089335442e-05
3.718311927514150739e-05
1.130130294768605381e-05
3.037064161617308855e-04
4.169097155681811273e-05
1.991672033909708261e-04
4.028759576613083482e-05
7.590231689391657710e-05
1.364384479529689997e-05
5.989307828713208437e-05
7.279627607204020023e-05
3.620459392550401390e-05
1.458882616134360433e-04
2.288519681314937770e-05
2.363114472245797515e-04
6.877700798213481903e-05
3.836406904156319797e-05
1.598792150616645813e-04
5.433785918285138905e-05
3.965416908613406122e-05
5.295421942719258368e-05
9.938381117535755038e-05
1.826652442105114460e-04
9.296985081164166331e-05
1.633221108932048082e-05
1.729936047922819853e-04
5.803518797620199621e-05
5.791214425698854029e-05
1.512771850684657693e-04
4.200861076242290437e-05
1.812622358556836843e-04
8.446803803963121027e-06
2.029916940955445170e-04
2.674785209819674492e-04
1.643605537537951022e-05
1.959196815732866526e-04
5.470026371767744422e-05
2.588051393104251474e-05
3.784591172006912529e-05
3.320839823572896421e-05
1.308587525272741914e-04
3.808576002484187484e-05
5.801780935144051909e-05
2.878858322219457477e-05
1.566166320117190480e-04
1.416797458659857512e-04
5.076863453723490238e-05
5.871423854841850698e-05
5.435623461380600929e-05
3.906888014171272516e-05
5.630721716443076730e-05
1.374267503706505522e-05
9.137808228842914104e-05
3.089047095272690058e-05
1.625680852157529444e-05
2.380708974669687450e-05
2.408299224043730646e-05
4.656146120396442711e-05
4.335027551860548556e-05
3.121813933830708265e-04
3.190558709320612252e-05
8.787849947111681104e-05
1.565536513226106763e-05
6.894407852087169886e-05
8.853202598402276635e-05
1.540182565804570913e-04
6.598800973733887076e-05
2.460333780618384480e-05
1.284759200643748045e-04
6.738303636666387320e-05
1.200213446281850338e-04
6.424105231417343020e-05
5.852107278769835830e-05
7.027276296867057681e-05
7.397506124107167125e-05
1.566907449159771204e-04
7.851618283893913031e-05
1.760294835548847914e-04
3.291711254860274494e-05
5.647172656608745456e-05
1.187606758321635425e-04
9.641780343372374773e-05
6.523804768221452832e-05
3.378182373126037419e-05
1.181677216663956642e-04
2.996716466441284865e-05
1.477600890211760998e-04
4.163501580478623509e-05
4.933445234200917184e-05
6.973000563448294997e-05
2.253448037663474679e-04
3.033437860722187907e-05
3.965423093177378178e-05
2.132528788933996111e-05
1.519681100035086274e-04
8.537841495126485825e-05
3.405705865588970482e-05
1.753616670612245798e-04
5.686650547431781888e-05
1.933741987159010023e-05
5.442722249426878989e-05
1.465154637116938829e-04
2.416465213173069060e-05
4.282040026737377048e-05
2.577004670456517488e-05
2.198328547819983214e-05
2.270477853016927838e-05
8.824962606013286859e-06
8.528998296242207289e-05
1.109134173020720482e-04
5.347369005903601646e-05
3.398219632799737155e-05
6.339080573525279760e-05
5.735208469559438527e-05
3.466639464022591710e-05
2.724263504205737263e-05
5.274549403111450374e-05
6.462595774792134762e-05
1.639199181227013469e-04
6.312291952781379223e-05
3.577709503588266671e-05
7.990129961399361491e-05
9.469009455642662942e-06
9.114082786254584789e-05
3.204440508852712810e-05
2.050284820143133402e-05
1.704181922832503915e-04
1.843651079980190843e-05
2.146592159988358617e-04
9.827984467847272754e-05
1.415447186445817351e-04
2.895674333558417857e-05
9.166664676740765572e-05
1.953127321030478925e-05
3.169639239786192775e-05
8.101669664029031992e-05
4.475575042306445539e-05
1.620725925022270530e-05
1.706082839518785477e-04
2.035110628639813513e-05
1.854575966717675328e-04
5.094990410725586116e-05
1.032566869980655611e-04
4.507921767071820796e-05
3.275391281931661069e-05
7.341455057030543685e-05
4.590328171616420150e-05
1.701136789051815867e-04
5.272372800391167402e-05
1.927265657286625355e-05
7.617129449499770999e-05
1.702981717244256288e-05
4.102501770830713212e-05
8.974235242931172252e-05
9.265608241548761725e-05
1.920383874676190317e-05
6.246731209103018045e-05
2.384606159466784447e-05
2.155412803404033184e-04
7.103673124220222235e-05
7.307996838790131733e-06
3.117511223535984755e-04
2.809485886245965958e-05
7.574060873594135046e-05
1.958672510227188468e-04
5.492649506777524948e-05
4.527110650087706745e-05
3.453229874139651656e-05
6.341373955365270376e-05
6.497076810774160549e-06
2.257773157907649875e-04
6.025955735822208226e-05
7.303767051780596375e-05
2.226750621048267931e-05
1.228239998454228044e-04
1.809893583413213491e-04
1.153874982264824212e-04
6.791741907363757491e-05
4.899586201645433903e-05
9.609613334760069847e-05
1.530978624941781163e-05
3.401128342375159264e-04
3.172364813508465886e-05
2.224409763584844768e-05
6.017049599904567003e-05
3.724302587215788662e-05
1.253677328350022435e-04
1.235724776051938534e-04
7.092150190146639943e-05
9.431092621525749564e-06
7.886893581598997116e-05
3.556068986654281616e-05
1.856547896750271320e-04
4.763806646224111319e-05
4.255856038071215153e-05
2.616892561491113156e-05
8.007053838809952140e-05
7.241563434945419431e-05
1.661147107370197773e-04
4.424927465151995420e-05
4.534151958068832755e-05
5.123907612869516015e-05
5.220310049480758607e-05
3.694848055602051318e-05
6.841771391918882728e-05
6.838722038082778454e-05
2.479717477399390191e-05
9.235637662641238421e-06
1.618764799786731601e-04
5.743735528085380793e-05
1.183252516057109460e-05
3.351359191583469510e-05
9.320689423475414515e-05
4.888515468337573111e-05
1.018342118186410517e-05
2.173974062316119671e-04
4.685898966272361577e-05
1.524824328953400254e-04
1.845296901592519134e-05
4.240159250912256539e-05
7.425121293636038899e-05
1.469143353460822254e-05
1.238484837813302875e-04
9.122184565057978034e-05
2.044886059593409300e-05
9.716244676383212209e-05
2.155326546926517040e-05
1.454376761103048921e-04
2.194731314375530928e-05
1.970295124920085073e-04
1.385326613672077656e-04
7.795127021381631494e-05
6.272635073401033878e-05
1.107315802073571831e-05
7.189523785200435668e-06
2.995030372403562069e-04
4.163632547715678811e-05
3.881259908666834235e-05
5.115349631523713470e-05
9.054638212546706200e-05
3.908187863999046385e-05
3.340126131661236286e-04
4.205164441373199224e-05
1.630107180972117931e-05
8.667979273013770580e-05
6.381500134011730552e-05
1.319933926424710080e-05
1.668324985075742006e-04
5.853775292052887380e-05
4.823883136850781739e-05
4.821147012989968061e-05
3.650051803560927510e-05
2.675507312233094126e-05
2.336869147256948054e-05
4.541323869489133358e-04
3.595935777411796153e-05
8.853827603161334991e-05
8.525348675902932882e-06
1.612055784789845347e-04
4.846493538934737444e-05
8.050093310885131359e-05
5.410016819951124489e-05
1.198880345327779651e-04
2.576267252152319998e-05
2.304664230905473232e-04
2.895591933338437229e-05
9.010535723064094782e-05
1.612244232092052698e-04
5.902582779526710510e-05
3.036910675291437656e-05
1.137548606493510306e-04
3.734604979399591684e-05
6.013849633745849133e-05
7.385541721305344254e-06
3.281847748439759016e-04
4.927654663333669305e-05
8.989554771687835455e-05
8.555673048249445856e-06
1.318065333180129528e-04
4.209130929666571319e-05
3.415943137952126563e-05
6.628612754866480827e-05
4.006305607617832720e-05
3.885921614710241556e-05
6.146192754385992885e-05
2.418755029793828726e-04
1.726276386762037873e-04
4.554312909021973610e-05
6.024829417583532631e-05
1.009855259326286614e-05
1.224236330017447472e-04
3.482288957457058132e-05
5.133542799740098417e-05
6.215681787580251694e-05
1.257497060578316450e-04
3.525246211211197078e-05
1.611210464034229517e-04
4.472320142667740583e-05
1.056025066645815969e-04
1.430719566997140646e-04
1.057356203091330826e-04
1.783597508620005101e-05
3.645331162260845304e-05
2.211679566244129092e-05
6.609698175452649593e-05
6.278388900682330132e-05
3.485396518954075873e-05
1.353881089016795158e-04
2.619990846142172813e-05
1.844787038862705231e-04
4.887341128778643906e-05
1.417879684595391154e-05
5.217087891651317477e-05
1.408028474543243647e-04
9.541233157506212592e-05
3.098179513472132385e-05
5.224831693340092897e-05
3.168311377521604300e-05
1.196284356410615146e-04
2.870864955184515566e-05
5.069442340754903853e-05
3.817194010480307043e-05
4.433070353115908802e-05
2.403469625278376043e-05
2.916119119618088007e-04
5.678588058799505234e-05
1.763842446962371469e-04
4.085603359271772206e-05
4.338070357334800065e-05
4.975436968379653990e-05
7.982448005350306630e-05
2.378582030360121280e-05
3.572568675735965371e-05
7.113412721082568169e-05
2.317164035048335791e-05
1.271978253498673439e-04
2.140984543075319380e-05
7.867018211982212961e-06
4.742579676531022415e-06
1.630773913348093629e-04
5.743750443798489869e-05
7.964738324517384171e-05
1.049300772137939930e-04
4.722611265606246889e-05
8.926464943215250969e-05
4.280035500414669514e-05
3.277722862549126148e-05
6.603659858228638768e-05
1.903282645798753947e-05
1.632994535611942410e-04
5.188660725252702832e-05
4.726904808194376528e-05
9.351714834338054061e-05
8.597180567448958755e-06
1.093005485017783940e-04
8.021476787689607590e-06
2.381134981987997890e-04
5.067207530373707414e-05
9.843394218478351831e-05
3.881319935317151248e-05
6.922071042936295271e-05
1.253048540093004704e-04
2.190834202338010073e-04
4.980445737601257861e-05
1.243850056198425591e-05
1.119158059736946598e-05
2.273073550895787776e-05
1.428337418474256992e-04
4.267455005901865661e-05
8.412212628172710538e-05
1.591084583196789026e-05
8.143101877067238092e-05
2.256354855489917099e-05
1.064249809132888913e-04
2.122835394402500242e-05
1.018719704006798565e-04
8.956124656833708286e-05
2.074103686027228832e-04
5.240133032202720642e-05
3.009832471434492618e-05
5.798975325888022780e-05
3.650876897154375911e-05
9.316187970398459584e-06
2.050610346486791968e-04
3.351252598804421723e-05
2.466751175234094262e-05
1.216302407556213439e-04
7.795937563059851527e-06
1.302693126490339637e-04
3.802690844167955220e-05
1.059571586665697396e-04
1.180750950879883021e-05
2.830663579516112804e-04
2.622731517476495355e-05
1.041355499182827771e-04
1.877018657978624105e-04
3.898020804626867175e-05
1.924571915878914297e-05
5.944458280282560736e-06
4.749165964312851429e-04
5.697451706510037184e-05
2.530803067202214152e-05
1.461851206840947270e-04
4.323881148593500257e-05
7.429142715409398079e-05
7.364592602243646979e-05
4.760846786666661501e-05
6.443782331189140677e-05
1.856345988926477730e-05
2.772420120891183615e-04
1.667514698056038469e-05
4.478409391595050693e-05
1.585266290931031108e-04
1.400273959006881341e-05
2.036272344412282109e-04
1.077219985745614395e-05
6.703234248561784625e-05
3.932145409635268152e-05
8.933896606322377920e-05
3.802704304689541459e-05
5.254648931440897286e-05
1.453741424484178424e-04
5.844479164807125926e-05
4.205782170174643397e-05
1.772294308466371149e-05
1.006236052489839494e-04
2.019747080339584500e-05
5.680433241650462151e-05
7.115928747225552797e-05
3.375524829607456923e-05
1.896424691949505359e-05
1.419686304870992899e-05
2.362460654694586992e-04
6.141969060990959406e-05
5.068959944765083492e-05
5.345593672245740891e-05
2.306835267518181354e-05
2.055649965768679976e-04
5.408811557572335005e-05
4.488388731260783970e-05
5.013608097215183079e-05
6.465893966378644109e-05
6.750726606696844101e-05
5.597946437774226069e-05
6.997423042776063085e-05
4.582460678648203611e-05
2.191717612731736153e-05
2.906344889197498560e-05
1.280672295251861215e-04
4.643382635549642146e-05
8.264337520813569427e-05
5.316142051015049219e-06
2.315527963219210505e-04
8.693422387295868248e-06
1.110021621570922434e-04
2.535619569243863225e-05
5.639025039272382855e-05
6.016833503963425756e-05
7.757262937957420945e-05
8.054747013375163078e-05
1.840090408222749829e-05
8.201632226700894535e-06
2.292287354066502303e-05
3.482727624941617250e-04
3.766430381801910698e-05
4.487251135287806392e-05
6.038117862772196531e-05
2.374211544520221651e-05
1.038221453200094402e-04
5.929590770392678678e-05
1.415435690432786942e-04
5.408963988884352148e-05
1.001104974420741200e-04
4.472773798624984920e-05
1.389809767715632915e-05
9.593287541065365076e-05
1.351590326521545649e-04
1.723198947729542851e-04
5.216694626142270863e-05
3.840446879621595144e-05
3.639692295109853148e-05
1.424233923899009824e-04
1.112655445467680693e-04
2.251238765893504024e-05
3.165173620800487697e-05
7.941909279907122254e-05
4.144289778196252882e-05
6.206922989804297686e-05
6.507723446702584624e-05
1.228490236826473847e-05
1.799336168915033340e-04
5.748200055677443743e-05
9.225133544532582164e-05
6.315758946584537625e-05
2.565980685176327825e-05
4.387372246128506958e-05
6.395199307007715106e-05
1.251827634405344725e-04
9.770192991709336638e-05
4.430518674780614674e-05
2.348188354517333210e-05
3.333116546855308115e-05
1.826370425987988710e-04
2.287562892888672650e-05
2.287026436533778906e-04
2.302295433764811605e-05
7.945144898258149624e-05
5.724891707359347492e-06
1.243460428668186069e-04
1.003246870823204517e-04
3.667205237434245646e-05
8.269844693131744862e-05
4.731971785076893866e-06
1.520562364021316171e-04
2.241070978925563395e-05
5.846858402946963906e-05
7.540538354078307748e-05
3.876474875141866505e-05
7.075999747030436993e-05
3.357286186655983329e-05
3.338915848871693015e-05
2.655269418028183281e-05
8.939737017499282956e-05
3.046348138013854623e-05
1.708574418444186449e-04
4.758408613270148635e-05
9.302383841713890433e-05
1.956115193024743348e-05
4.899011764791794121e-05
4.274896855349652469e-05
1.327078189206076786e-05
4.565217022900469601e-05
7.268552872119471431e-05
1.741330925142392516e-04
3.997424209956079721e-05
8.051903569139540195e-05
2.516919084882829338e-05
1.167469235952012241e-04
4.701881334767676890e-05
2.137990850314963609e-05
2.368577406741678715e-04
4.860397530137561262e-05
2.419565316813532263e-05
3.642517913249321282e-05
3.824154555331915617e-05
9.281995880883187056e-05
5.811985101900063455e-05
6.972387836867710575e-06
8.516987873008474708e-05
3.778457312364480458e-06
3.660102447611279786e-05
6.765229045413434505e-05
2.795915315800812095e-05
5.499304734257748351e-06
2.726386082940734923e-05
1.381608162773773074e-04
5.683839481207542121e-05
1.760744089551735669e-05
2.021405816776677966e-04
3.394491432118229568e-05
6.292931357165798545e-05
2.317018152098171413e-05
8.578319102525711060e-05
7.543295942014083266e-05
1.756439087330363691e-05
2.419410739094018936e-04
3.661786831798963249e-05
1.667421747697517276e-04
5.309324842528440058e-05
4.852500933338887990e-05
1.279624211747432128e-05
5.224187589192297310e-06
3.728518786374479532e-04
2.391635825915727764e-05
6.190698968566721305e-06
1.616475055925548077e-04
6.939488957868888974e-05
3.800880949711427093e-05
9.844718078966252506e-06
1.423866197001188993e-04
4.491766958381049335e-05
1.162566422863164917e-05
3.372283026692457497e-05
1.628334284760057926e-04
7.193003693828359246e-05
9.998923815146554261e-06
3.478572034509852529e-05
7.458776235580444336e-05
2.645048334670718759e-05
2.581306580395903438e-05
1.295604397455463186e-05
2.689989050850272179e-04
3.161359563819132745e-05
4.754472320200875401e-05
1.593449451320338994e-05
7.710015779593959451e-05
1.381106903863837942e-05
7.280994032043963671e-05
1.635453372728079557e-04
1.774753764038905501e-05
8.400866499869152904e-05
3.969955287175253034e-06
2.096633106702938676e-04
6.124747596913948655e-05
5.559202691074460745e-05
1.156508915300946683e-05
6.299796950770542026e-05
1.275984104722738266e-04
7.753325917292386293e-05
6.724609556840732694e-05
2.144703103112988174e-05
7.462931989721255377e-06
3.350484985276125371e-05
8.203218749258667231e-05
1.599233946762979031e-04
3.322970223962329328e-05
3.607487815315835178e-05
4.233446088619530201e-05
5.237217555986717343e-05
1.082512462744489312e-04
1.317307578574400395e-05
3.540133548085577786e-05
7.035201997496187687e-05
3.663352981675416231e-05
1.233445436810143292e-05
4.784406337421387434e-05
1.304811739828437567e-04
4.295186590752564371e-05
2.761498944892082363e-05
3.479754377622157335e-05
6.121672777226194739e-05
2.081221828120760620e-05
1.003909783321432769e-04
8.262558549176901579e-05
6.880598084535449743e-05
1.356741631752811372e-05
1.482706284150481224e-04
3.922994801541790366e-05
6.028848292771726847e-05
2.245821451651863754e-05
5.825208791065961123e-05
6.923200271558016539e-05
1.751066338329110295e-05
1.160782412625849247e-04
4.893090954283252358e-05
1.827962114475667477e-05
9.255207987735047936e-05
2.219482303189579397e-05
9.623250662116333842e-05
8.189793334167916328e-06
2.759284398052841425e-04
3.012823799508623779e-05
5.401423914008773863e-05
1.922376686707139015e-04
2.490026963641867042e-05
8.593383972765877843e-05
1.178415641334140673e-05
7.816372090019285679e-05
4.606640504789538682e-05
6.009637218085117638e-05
1.532667738501913846e-05
1.202258063131012022e-04
5.712176061933860183e-05
4.068365524290129542e-05
1.263975427718833089e-04
4.214797081658616662e-05
6.698589277220889926e-05
2.917419078585226089e-05
1.232918439200147986e-04
3.622378426371142268e-05
8.146341133397072554e-05
6.573878636118024588e-05
1.746275811456143856e-04
3.256336276535876095e-05
1.300234089285368100e-05
3.343533171573653817e-05
9.930972737492993474e-06
9.656718611950054765e-05
4.704942330135963857e-05
3.828116678050719202e-05
1.302912733081029728e-05
4.970705049345269799e-05
3.402731090318411589e-05
1.208500325446948409e-04
2.346328437852207571e-05
3.352755447849631310e-05
8.506313315592706203e-05
4.080553480889648199e-05
4.426018131198361516e-05
2.869682612072210759e-05
9.305265120929107070e-05
3.786028901231475174e-05
7.546719280071556568e-05
8.053475903579965234e-05
7.517052836192306131e-06
2.174918918171897531e-04
3.833158916677348316e-05
3.959011519327759743e-05
3.945899516111239791e-05
1.200544738821918145e-05
1.222833379870280623e-04
3.349485268699936569e-05
2.622126485221087933e-04
2.481122282915748656e-05
1.280269061680883169e-04
5.711515041184611619e-05
1.182352843898115680e-05
1.937733941304031760e-05
1.720500731607899070e-04
4.890799755230545998e-05
5.622891694656573236e-05
2.229850724688731134e-05
6.865367595310090110e-06
6.170258711790665984e-05
4.785991040989756584e-05
5.777810656582005322e-05
7.455828745150938630e-05
4.620203617378138006e-05
3.053827094845473766e-05
1.055972461472265422e-04
1.218401121150236577e-05
9.283694816986098886e-05
4.252215876476839185e-05
6.946225039428099990e-05
2.949621994048357010e-04
3.888150604325346649e-05
3.582423596526496112e-05
1.866690217866562307e-05
1.346243061561835930e-05
5.642769610858522356e-05
3.440349973971024156e-05
7.007705426076427102e-05
4.930528666591271758e-05
7.867644308134913445e-05
3.330484469188377261e-05
4.348833317635580897e-05
4.303368041291832924e-05
5.363910167943686247e-05
1.935742511705029756e-05
2.373191455262713134e-05
5.654541018884629011e-05
4.713826911029173061e-06
6.144893268356099725e-05
4.617748709279112518e-05
1.350542006548494101e-04
8.448097651125863194e-05
7.743857167952228338e-06
3.049897786695510149e-04
7.369209924945607781e-06
3.854818714899010956e-05
7.746328628854826093e-05
2.495828994142357260e-05
9.660446085035800934e-05
2.125163155142217875e-05
8.019927918212488294e-05
4.544797775452025235e-05
1.230641792062669992e-04
2.379752186243422329e-05
1.578778574184980243e-05
3.373482468305155635e-05
6.807261524954810739e-05
6.033775571268051863e-05
1.199293910758569837e-04
7.131385791581124067e-05
1.955208063009195030e-05
1.226481836056336761e-04
7.078186172293499112e-05
1.155445261247223243e-05
4.197474845568649471e-05
6.146447412902489305e-05
5.331882221071282402e-06
1.497152261435985565e-04
6.119133468018844724e-05
6.630946882069110870e-05
3.917433423339389265e-05
6.901285087224096060e-05
1.420077751390635967e-05
5.741812856285832822e-05
5.786710244137793779e-05
1.437022438040003181e-04
3.279391239630058408e-05
3.769494651351124048e-05
2.108258559019304812e-05
1.081198843166930601e-05
1.437346145394258201e-05
1.706444709270726889e-05
2.076417695207055658e-05
1.378548222419340163e-05
5.679914829670451581e-05
4.716050170827656984e-05
2.434848429402336478e-04
3.773382923100143671e-05
3.720439781318418682e-05
2.561297696956899017e-05
4.405624167702626437e-06
3.762217238545417786e-04
3.621997166192159057e-05
7.990345329744741321e-05
6.358750852086814120e-06
1.177582016680389643e-04
2.439452873659320176e-05
2.818573739205021411e-05
5.788566340925171971e-05
1.788618465070612729e-05
4.064703898620791733e-05
3.843665035674348474e-05
5.253151903161779046e-05
1.569138112245127559e-05
2.214663982158526778e-05
9.293821494793519378e-05
1.796484721126034856e-04
3.991360426880419254e-05
5.626392885460518301e-05
2.685215076780878007e-05
1.936947046488057822e-05
6.953931733733043075e-05
1.471481082262471318e-04
2.137783303624019027e-05
1.548036379972472787e-04
4.243054354446940124e-05
6.202368967933580279e-05
1.130523469328181818e-05
1.091523663490079343e-04
8.008494478417560458e-05
1.798860830604098737e-05
2.968855551443994045e-05
1.983679248951375484e-05
6.620477506658062339e-05
1.805801366572268307e-05
1.204858781420625746e-04
8.042020454013254493e-06
1.001536729745566845e-04
5.139837230672128499e-05
1.734714896883815527e-04
3.914391345460899174e-05
4.493894448387436569e-05
4.497145710047334433e-05
2.436607064737472683e-05
1.187846428365446627e-04
2.688366657821461558e-05
9.054916881723329425e-05
4.915276076644659042e-05
3.687526623252779245e-05
1.781512255547568202e-04
2.214595770055893809e-05
5.438463631435297430e-05
7.025415106909349561e-05
1.749691546137910336e-05
5.089556216262280941e-04
5.960235284874215722e-05
6.459817814175039530e-05
2.625396518851630390e-05
2.443779339955653995e-05
5.616361886495724320e-05
2.738731200224719942e-05
1.305618934566155076e-05
2.178180329792667180e-05
1.567495783092454076e-04
3.240609657950699329e-05
8.028458250919356942e-05
6.456449682445963845e-06
3.578695759642869234e-04
1.701845758361741900e-05
1.001351556624285877e-04
4.452406210475601256e-05
8.542692739865742624e-06
1.549410953884944320e-04
8.452227484667673707e-05
1.206481283588800579e-05
2.652974399097729474e-05
2.460845462337601930e-05
9.397751273354515433e-05
5.245237480266951025e-05
2.686223524506203830e-05
8.352690201718360186e-05
2.691763438633643091e-05
6.447171472245827317e-05
2.981930811074562371e-05
1.442597131244838238e-04
4.384241401567123830e-05
9.521684842184185982e-05
3.523983832565136254e-05
5.603227236861130223e-06
2.594898433017078787e-05
9.091980609809979796e-05
8.372296179004479200e-06
1.258650590898469090e-04
3.575096707209013402e-05
1.093167302315123379e-04
2.724324258451815695e-05
8.574405364925041795e-05
7.460496271960437298e-05
1.591275940882042050e-05
1.309526705881580710e-04
6.516091525554656982e-05
3.055104753002524376e-05
9.168602991849184036e-05
3.399532943149097264e-05
8.247207733802497387e-05
5.133168815518729389e-05
7.691545761190354824e-06
2.072459610644727945e-04
2.273592508572619408e-05
9.248112473869696259e-05
4.791265382664278150e-05
1.223241542902542278e-05
1.173459168057888746e-04
1.906111901917029172e-05
1.197085293824784458e-04
4.791003811988048255e-05
4.165018253843300045e-06
6.060126543161459267e-05
9.542032057652249932e-05
3.943785486626438797e-05
5.878665888303657994e-06
9.397003304911777377e-05
4.613385681295767426e-05
8.402940693486016244e-06
1.670405908953398466e-04
6.832904546172358096e-06
8.869041630532592535e-05
3.252653186791576445e-05
1.386522781103849411e-04
4.108169741812162101e-05
3.759953324333764613e-05
3.013527202710974962e-05
5.072305793873965740e-05
2.198485890403389931e-05
4.751293454319238663e-05
4.096767224837094545e-05
1.367387303616851568e-04
5.757940016337670386e-05
1.807895750971511006e-05
1.265684986719861627e-04
2.751209285634104162e-05
4.778399215865647420e-06
3.062176983803510666e-04
4.861010529566556215e-05
6.528999801957979798e-05
6.407551609299844131e-06
9.046741615748032928e-05
3.787130708587937988e-06
1.356819702778011560e-04
7.334807742154225707e-05
6.374990334734320641e-05
9.071824933926109225e-06
6.413707160390913486e-05
5.512888037628727034e-06
7.744268805254250765e-05
3.447393100941553712e-05
2.342115767532959580e-04
1.535225783300120384e-05
1.399916072841733694e-04
4.367686779005452991e-05
8.946372690843418241e-05
5.488831902766833082e-06
1.193526404676958919e-04
2.174202381866052747e-05
2.504720214346889406e-05
1.078777859220281243e-04
1.338976653642021120e-05
5.018674073653528467e-06
6.448977364925667644e-05
4.534601976047270000e-05
5.849978606420336291e-06
1.118138097808696330e-04
7.246252062031999230e-05
4.958515273756347597e-05
1.832564339565578848e-05
1.034858178172726184e-05
5.139751010574400425e-05
8.519263792550191283e-05
5.899786629015579820e-05
9.123309610004071146e-06
2.948738401755690575e-04
3.648131678346544504e-05
2.578063140390440822e-05
9.465382026974111795e-05
4.972409442416392267e-05
3.944212494388921186e-06
2.171768210246227682e-05
1.099718720070086420e-04
4.067029294674284756e-05
6.987029337324202061e-05
6.566426600329577923e-05
5.652161053149029613e-05
2.506756572984158993e-05
1.093047903850674629e-04
6.508356455015018582e-05
5.032565604778937995e-05
4.755425470648333430e-05
1.848660394898615777e-05
4.120001540286466479e-05
1.520170771982520819e-04
4.600046304403804243e-05
5.568507549469359219e-05
6.680172373307868838e-05
4.152358815190382302e-05
4.947960042045451701e-05
1.050559694704134017e-05
2.166250487789511681e-04
3.409912460483610630e-05
8.667686779517680407e-05
7.229443781398003921e-06
8.423234976362437010e-05
6.413427036022767425e-05
1.397242594975978136e-04
3.886421109200455248e-05
7.307887426577508450e-05
2.702582423808053136e-05
6.187926919665187597e-05
3.685776755446568131e-05
2.470616600476205349e-04
9.615186172595713288e-06
4.197496309643611312e-05
6.798005779273808002e-05
9.833834337769076228e-05
7.073920187394833192e-06
1.469148410251364112e-04
5.143843009136617184e-05
1.747744827298447490e-04
3.331955304020084441e-05
4.374446143629029393e-05
4.005515802418813109e-05
4.493012602324597538e-05
4.363326297607272863e-06
1.150518946815282106e-04
1.234715455211699009e-04
4.749154686578549445e-05
2.324301567568909377e-05
8.987850014818832278e-05
2.303080691490322351e-05
4.355326382210478187e-05
2.803965617204084992e-05
3.050623490707948804e-05
5.117797991260886192e-05
5.496767334989272058e-05
2.781208968372084200e-05
1.873644359875470400e-04
4.556749263429082930e-05
5.209083610679954290e-05
3.089559686486609280e-05
1.921165676321834326e-05
1.030865769280353561e-05
9.078352377400733531e-06
8.729291948839090765e-06
4.765714402310550213e-05
9.499805855739396065e-06
4.361948595033027232e-05
5.469116877065971494e-05
1.939422872965224087e-05
8.405581866099964827e-06
4.551457095658406615e-05
7.230390474433079362e-05
6.062655302230268717e-05
2.131196961272507906e-04
4.450340384209994227e-06
7.156906212912872434e-05
2.346102291994611733e-06
1.031675055855885148e-04
1.454933662898838520e-04
2.448629493301268667e-05
9.891798254102468491e-05
1.992743818846065551e-05
6.754325295332819223e-05
2.646530083438847214e-05
7.762188033666461706e-05
6.500314339064061642e-05
2.420259261270985007e-05
8.178233838407322764e-05
1.476134821132291108e-05
1.370200479868799448e-04
2.129311178578063846e-05
7.118347275536507368e-05
5.338305345503613353e-05
5.069923645351082087e-05
3.737384395208209753e-05
8.002552931429818273e-05
1.504360989201813936e-05
5.759738633059896529e-05
7.715344690950587392e-05
5.777260957984253764e-05
7.069719140417873859e-05
3.886022022925317287e-05
1.139947107731131837e-05
2.775082793959882110e-05
8.797503687674179673e-05
1.828074346121866256e-05
5.152224912308156490e-05
3.274379923823289573e-05
1.769562913978006691e-05
8.887459262041375041e-05
4.066776455147191882e-05
9.836555364017840475e-06
1.087322016246616840e-04
3.546418884070590138e-05
1.701866713119670749e-04
3.137727981084026396e-05
2.297275841556256637e-06
7.199451647466048598e-05
1.778541918611153960e-04
2.893451892305165529e-05
9.442851296626031399e-05
2.408447107882238925e-05
4.061956497025676072e-05
2.169473009416833520e-05
2.056982339126989245e-05
1.132850138674257323e-05
1.315955887548625469e-04
4.272012665751390159e-05
3.364066287758760154e-05
8.274878200609236956e-05
1.574942689330782741e-05
1.885849633254110813e-04
1.067983157554408535e-05
1.176936857518739998e-04
2.642993786139413714e-05
7.830510003259405494e-05
3.495048440527170897e-05
6.099401161918649450e-06
4.669551708502694964e-05
3.796046803472563624e-05
1.658785477047786117e-04
2.462092743371613324e-05
1.133084369939751923e-04
2.153722016373649240e-05
1.278959189221495762e-05
2.053923344647046179e-05
3.188891059835441411e-05
2.250936668133363128e-04
2.970680361613631248e-05
4.936325785820372403e-05
2.434591124256257899e-06
1.351700047962367535e-04
4.287227420718409121e-05
2.530092569941189140e-05
1.131263634306378663e-04
4.096185512025840580e-05
5.612430322798900306e-05
1.235056988662108779e-04
2.383969876973424107e-05
3.124965587630867958e-05
6.839587149443104863e-05
1.225247433467302471e-05
3.415983519516885281e-04
3.988653770647943020e-05
2.040536674030590802e-05
8.998404155136086047e-06
3.571372189981047995e-06
1.469034577894490212e-05
8.476367656840011477e-05
3.346716039231978357e-05
3.218330311938188970e-05
1.218317538587143645e-05
1.447448266844730824e-05
1.217891040141694248e-04
4.998526128474622965e-05
5.570661596721038222e-05
8.637459359306376427e-06
1.254453090950846672e-04
4.589317904901690781e-05
5.212712494540028274e-05
3.684855255414731801e-05
1.930124017235357314e-05
8.001592505024746060e-05
3.886043850798159838e-05
7.426478987326845527e-05
4.276860636309720576e-05
2.542034235375467688e-05
5.586594488704577088e-05
1.622396230231970549e-04
1.991608769458252937e-05
1.921647890412714332e-05
3.536235089995898306e-05
5.593172681983560324e-05
1.353655807179166004e-05
9.772596240509301424e-05
5.087872705189511180e-05
4.202252966933883727e-05
1.624012475076597184e-05
2.036796649917960167e-05
2.354738899157382548e-05
3.914111584890633821e-05
4.665062078856863081e-05
1.243055703525897115e-05
9.844346641330048442e-05
3.504775668261572719e-05
3.391314749023877084e-05
2.467713966325391084e-05
7.052466571622062474e-06
1.397750747855752707e-04
4.360569437267258763e-05
2.765579301922116429e-05
1.380610501655610278e-05
7.400320464512333274e-05
2.712599780352320522e-05
1.389702956657856703e-04
2.406601015536580235e-05
4.183703276794403791e-05
2.205768396379426122e-05
8.364555469597689807e-06
1.581092801643535495e-04
4.356669887783937156e-05
8.176493793143890798e-06
8.727025124244391918e-05
4.639501639758236706e-06
1.111606106860563159e-04
2.946574568341020495e-05
7.735013059573248029e-05
2.753753278739168309e-06
1.789051166269928217e-04
6.113147537689656019e-05
3.875542461173608899e-05
2.063491956505458802e-05
3.059202208532951772e-05
1.347294892184436321e-04
4.340252780821174383e-05
3.020729673153255135e-05
8.442218677373602986e-05
9.554088137520011514e-06
6.722407852066680789e-05
5.816005068481899798e-05
3.784736691159196198e-05
6.182311608426971361e-06
3.760413164854981005e-05
1.975840423256158829e-04
3.858924173982813954e-05
6.013890015310607851e-05
4.657569297705776989e-05
1.121768673328915611e-05
1.022185642796102911e-05
3.888266655849292874e-05
3.318588642287068069e-05
8.592402446083724499e-05
5.132011665409663692e-06
1.745544432196766138e-04
2.137029150617308915e-05
2.558473534008953720e-05
6.202907388797029853e-05
1.184496522910194471e-05
2.775603752525057644e-05
6.709011358907446265e-05
6.463019417424220592e-06
3.138630418106913567e-04
7.923412340460345149e-06
7.627323793713003397e-05
4.327614806243218482e-05
3.798286570599884726e-06
1.178373568109236658e-04
6.016362021910026670e-05
7.651402847841382027e-05
1.602288466528989375e-05
4.783238546224310994e-05
3.006021506735123694e-05
3.034172732441220433e-05
5.768744085798971355e-05
1.038465507008368149e-05
3.660678703454323113e-05
3.367785393493250012e-05
8.189636719180271029e-05
2.951833448605611920e-05
1.082526796380989254e-04
3.159397965646348894e-05
5.944615259068086743e-05
1.762246756698004901e-05
3.900650699506513774e-05
5.669740494340658188e-05
1.916375185828655958e-05
1.504356769146397710e-04
1.615410110389348119e-05
1.147570364992134273e-04
3.574037327780388296e-05
3.048900725843850523e-05
2.976550422317814082e-05
8.925202564569190145e-06
1.913026935653761029e-04
1.974814404093194753e-05
3.434859900153242052e-05
3.097494118264876306e-05
5.891436012461781502e-05
1.203327701659873128e-05
1.141891261795535684e-04
4.655699740396812558e-05
7.839658064767718315e-05
3.149349868181161582e-05
1.150015941675519571e-05
2.828538890753407031e-05
8.780757343629375100e-05
4.558634827844798565e-05
1.735741352604236454e-05
4.796643042936921120e-05
5.238891390035860240e-05
3.213576201233081520e-05
2.795580257952678949e-05
5.161905573913827538e-05
1.286754104512510821e-05
2.192846841353457421e-05
1.584415440447628498e-04
9.123620657192077488e-06
2.015054269577376544e-05
7.805045243003405631e-06
7.684353477088734508e-05
9.448164200875908136e-05
1.186819063150323927e-04
1.270404663955559954e-05
6.204199598869308829e-05
7.562064274679869413e-05
2.206720273534301668e-05
1.511205919086933136e-04
4.523871393757872283e-05
6.986381777096539736e-05
2.482123454683460295e-05
8.653734403196722269e-05
5.521435377886518836e-05
4.360316597740165889e-05
3.482123020148719661e-06
2.307804388692602515e-04
3.963705967180430889e-05
1.671450809226371348e-05
7.388549420284107327e-05
7.966453267727047205e-06
6.771273910999298096e-05
3.217116045561851934e-06
2.290051925228908658e-04
3.810375346802175045e-05
2.381765852987882681e-06
1.874165263870963827e-06
4.104889230802655220e-04
7.449349504895508289e-05
2.201780444011092186e-05
1.568548323120921850e-04
8.173928108590189368e-06
1.136107384809292853e-04
3.613181979744695127e-05
4.995796916773542762e-05
1.749525690684095025e-04
2.440127900626976043e-05
9.183570909954141825e-06
3.465083636911003850e-06
3.561686389730311930e-05
2.636359567986801267e-05
9.964630589820444584e-05
7.415941945509985089e-05
1.710572360025253147e-05
1.011527492664754391e-04
5.119081106386147439e-05
1.223007275257259607e-04
3.749022653209976852e-05
3.696224302984774113e-05
6.139280594652518630e-05
1.104908369597978890e-04
1.976877865672577173e-05
5.433471233118325472e-05
3.860135620925575495e-05
3.840861245407722890e-05
2.968470107589382678e-05
1.032098771247547120e-05
3.018917232111562043e-05
3.434005338931456208e-05
2.565800605225376785e-05
1.876282476587221026e-04
3.089708479819819331e-05
3.292142719146795571e-05
1.023264667310286313e-05
1.621380215510725975e-05
1.221102957060793415e-05
1.689811761025339365e-04
7.686284334340598434e-06
3.084004856646060944e-05
5.719406544812954962e-05
1.869659172371029854e-05
3.705680501298047602e-05
1.442374923499301076e-04
3.884696343448013067e-05
1.747586429701186717e-05
4.970704594597918913e-06
1.175074658021912910e-06
1.787755754776299000e-04
3.274064511060714722e-05
7.249465852510184050e-05
8.759516276768408716e-06
6.751774344593286514e-05
1.732674490995123051e-06
6.704697443637996912e-05
6.505638157250359654e-05
3.711944373208098114e-05
1.019462870317511261e-04
1.643119685468263924e-05
1.168182134279049933e-04
4.864283255301415920e-06
1.082634116755798459e-04
2.927050627477001399e-05
4.691897993325255811e-05
4.375742719275876880e-05
1.351328046439448372e-05
7.869025284890085459e-05
3.640145951067097485e-05
1.592463740962557495e-05
4.004930087830871344e-05
6.321648106677457690e-05
3.022613327630097046e-06
2.635169657878577709e-04
2.570170727267395705e-05
2.821594534907490015e-05
7.941933290567249060e-05
1.349115564153180458e-06
3.295039350632578135e-04
4.092860763194039464e-05
1.613882341189309955e-05
3.480749728623777628e-05
2.544413291616365314e-05
4.668270321417367086e-06
1.932178201968781650e-05
1.321914023719727993e-04
3.362369534443132579e-05
1.184601060231216252e-04
2.283199683006387204e-05
7.563515100628137589e-05
6.208439299371093512e-05
4.504375829128548503e-05
1.121440527640515938e-05
2.170047991967294365e-05
1.371059079247061163e-05
2.550221506680827588e-05
1.628630852792412043e-04
1.943128881976008415e-05
6.700254016323015094e-05
3.755393481696955860e-05
5.399809742812067270e-05
8.015667117433622479e-05
1.582956610945984721e-05
3.284515696577727795e-05
3.863273013848811388e-05
2.463371129124425352e-05
5.752501965616829693e-05
1.513968436483992264e-05
1.754513796186074615e-04
3.339525574119761586e-05
6.225881224963814020e-05
7.126383479771902785e-06
6.487398786703124642e-05
6.164234218886122108e-05
1.399005996063351631e-04
3.332316919113509357e-05
3.475360426818951964e-05
9.867478183878120035e-06
6.242696690605953336e-05
3.488293441478163004e-05
4.929074202664196491e-05
2.099052289850078523e-05
1.232653994520660490e-05
9.738902008393779397e-05
6.820708949817344546e-05
5.686963049811311066e-06
1.055550892488099635e-04
5.601544762612320483e-05
6.522966577904298902e-05
1.389275712426751852e-05
1.409055694239214063e-04
3.920415838365443051e-05
1.790001806512009352e-05
2.172337190131656826e-05
4.546859781839884818e-05
4.377461300464347005e-05
2.517094617360271513e-05
5.942521966062486172e-06
2.335401804884895682e-04
1.394099035678664222e-05
5.804134707432240248e-05
1.045516000885982066e-05
4.073910531587898731e-05
3.434953760006465018e-05
6.483753531938418746e-05
1.026644022203981876e-04
3.763638960663229227e-05
3.446085975156165659e-05
1.051776962412986904e-05
5.030225293012335896e-05
2.563165617175400257e-05
4.820102276426041499e-06
1.946949196280911565e-04
8.621396409580484033e-05
6.501096504507586360e-05
3.476413212410989217e-06
1.055922984960488975e-04
6.948992813704535365e-05
8.867741598805878311e-06
1.122302928706631064e-04
2.311303069291170686e-05
5.152149606146849692e-05
6.319099338725209236e-05
9.744678209244739264e-06
5.211185998632572591e-05
1.690912904450669885e-05
2.899426181102171540e-05
3.662853123387321830e-05
1.466343819629400969e-04
5.463402703753672540e-05
4.287990304874256253e-05
1.931640144903212786e-05
6.776881491532549262e-05
4.480971983866766095e-05
1.985268863791134208e-05
1.413500140188261867e-04
2.726220009208191186e-05
9.254334145225584507e-05
3.757206650334410369e-05
3.730002936208620667e-05
6.633460998273221776e-06
1.335933484369888902e-05
1.066272889147512615e-04
4.226420423947274685e-05
6.929416122147813439e-05
1.780890015652403235e-04
4.300808541302103549e-06
9.370045881951227784e-05
3.702889443957246840e-05
3.844066668534651399e-05
5.182993390917545184e-06
2.823758404701948166e-04
1.756009260134305805e-05
7.277807890204712749e-05
2.003710505960043520e-05
5.108671757625415921e-05
4.472936052479781210e-05
8.422218525083735585e-05
3.234928226447664201e-05
6.264875992201268673e-05
4.301967692299513146e-06
8.143278682837262750e-05
5.131058060214854777e-05
3.462055974523536861e-05
5.646612407872453332e-06
3.617422407842241228e-05
8.098604303086176515e-05
6.528465746669098735e-05
1.663795592321548611e-05
3.595549787860363722e-05
6.647520058322697878e-05
6.108738944021752104e-06
3.158733888994902372e-04
5.015906208427622914e-05
5.765648529632017016e-05
7.638692477485165000e-05
2.207281067967414856e-05
5.204748595133423805e-05
5.629327279166318476e-05
2.531046084186527878e-05
1.357340261165518314e-05
1.950898513314314187e-05
4.575704224407672882e-05
6.729843153152614832e-05
1.731376250972971320e-04
3.381683200132101774e-05
6.316482904367148876e-05
1.489427177148172632e-05
6.649482384091243148e-05
9.027550731843803078e-06
7.730197103228420019e-05
6.165195372886955738e-05
4.490423452807590365e-05
1.632991479709744453e-04
4.824298957828432322e-05
1.781490755092818290e-05
8.848815014061983675e-06
1.199013859149999917e-04
3.860079596051946282e-05
8.826697012409567833e-05
9.293418770539574325e-06
4.131718742428347468e-05
3.972357808379456401e-05
3.524071144056506455e-05
5.401258385973051190e-05
7.907634426373988390e-05
1.912839252327103168e-05
2.240301728306803852e-05
8.768290717853233218e-05
1.617761336092371494e-05
4.130727029405534267e-05
6.821989518357440829e-05
2.233434788649901748e-04
1.128812800743617117e-05
3.946516153519041836e-05
7.945264769659843296e-06
6.147838575998321176e-05
1.326983419858152047e-05
8.104716835077852011e-05
4.704071216110605747e-06
8.655016426928341389e-05
2.654643139976542443e-05
4.637697566067799926e-05
1.978500949917361140e-05
1.166153306257911026e-04
8.572312799515202641e-05
2.442780169076286256e-05
1.175146826426498592e-04
3.490940071060322225e-05
4.073115997016429901e-05
2.748643419181462377e-05
3.860623473883606493e-05
2.575598045950755477e-05
1.425630671292310581e-05
1.733154135763470549e-06
2.765167737379670143e-04
2.017327096837107092e-05
3.709867451107129455e-05
1.701287146715912968e-05
2.526357093302067369e-05
2.076447526633273810e-05
4.249458470440004021e-06
8.053382043726742268e-05
4.822260234504938126e-05
1.469727794756181538e-05
3.648398660516249947e-06
6.112299161031842232e-06
1.915924513014033437e-04
3.312999979243613780e-05
2.996305556735023856e-05
1.039359813148621470e-05
1.362670536764198914e-05
1.148091760114766657e-04
3.794012809521518648e-05
1.893843145808205009e-04
3.657162596937268972e-05
1.078967470675706863e-04
2.580353066150564700e-05
3.495103374007157981e-05
3.509650559863075614e-05
2.127404059137916192e-06
9.924317419063299894e-05
1.963463728316128254e-05
6.060629675630480051e-05
4.721348159364424646e-05
4.986325620848219842e-06
1.006578095257282257e-04
2.592152122815605253e-05
1.013601286103948951e-04
2.373390088905580342e-05
1.226342465088237077e-05
8.631125638203229755e-06
5.116075408295728266e-05
1.821122350520454347e-05
6.179801857797428966e-05
1.311750474997097626e-05
6.895302794873714447e-05
1.076001353794708848e-05
2.355038486712146550e-05
1.768798028933815658e-05
3.098621891695074737e-05
7.537526835221797228e-05
7.182851277320878580e-06
1.142113687819801271e-04
4.631079355021938682e-05
4.021806307719089091e-05
2.607233227536198683e-06
6.155022856546565890e-05
5.411591700976714492e-05
9.876526746666058898e-05
6.226234108908101916e-05
4.658314355765469372e-05
1.331982784904539585e-04
1.638155663385987282e-05
3.734829533641459420e-06
5.140093435329617932e-06
8.223406621254980564e-05
5.209849041420966387e-05
1.710163815005216748e-05
1.098365100915543735e-04
3.115667641395702958e-05
1.024673183565028012e-04
1.244020040758186951e-05
5.286919986247085035e-05
2.605053850857075304e-05
