6.253708153963088989e-02
3.189906105399131775e-02
2.705476805567741394e-02
2.647825516760349274e-02
2.636234089732170105e-02
2.633143030107021332e-02
2.632246352732181549e-02
2.631722949445247650e-02
2.631232514977455139e-02
2.630751207470893860e-02
2.630279585719108582e-02
2.629819139838218689e-02
2.629368938505649567e-02
2.628927677869796753e-02
2.628494799137115479e-02
2.628067508339881897e-02
2.627644315361976624e-02
2.627222985029220581e-02
2.626801282167434692e-02
2.626376412808895111e-02
2.625945955514907837e-02
2.625507302582263947e-02
2.625057287514209747e-02
2.624592743813991547e-02
2.624110877513885498e-02
2.623607404530048370e-02
2.623078785836696625e-02
2.622520364820957184e-02
2.621926926076412201e-02
2.621293067932128906e-02
2.620611339807510376e-02
2.619873918592929840e-02
2.619071677327156067e-02
2.618192881345748901e-02
2.617223188281059265e-02
2.616145834326744080e-02
2.614939957857131958e-02
2.613580413162708282e-02
2.612037025392055511e-02
2.610274590551853180e-02
2.608252875506877899e-02
2.605928108096122742e-02
2.603250741958618164e-02
2.600162662565708160e-02
2.596586011350154877e-02
2.592394314706325531e-02
2.587349899113178253e-02
2.581002190709114075e-02
2.572765946388244629e-02
2.562701888382434845e-02
2.551155537366867065e-02
2.536937221884727478e-02
2.518720924854278564e-02
2.495031431317329407e-02
2.465132996439933777e-02
2.430819347500801086e-02
2.399067394435405731e-02
2.378557063639163971e-02
2.369670569896697998e-02
2.365912869572639465e-02
2.363496087491512299e-02
2.361500449478626251e-02
2.359524182975292206e-02
2.357442118227481842e-02
2.355199493467807770e-02
2.352729439735412598e-02
2.349953353404998779e-02
2.347006276249885559e-02
2.343863435089588165e-02
2.340339682996273041e-02
2.336337044835090637e-02
2.331726998090744019e-02
2.326310053467750549e-02
2.321243286132812500e-02
2.312721312046051025e-02
2.303577959537506104e-02
2.291770465672016144e-02
2.275448292493820190e-02
2.252987585961818695e-02
2.223832719027996063e-02
2.185672894120216370e-02
2.135619521141052246e-02
2.073878608644008636e-02
2.013734914362430573e-02
1.949728094041347504e-02
1.897704787552356720e-02
1.846581138670444489e-02
1.808597147464752197e-02
1.770961470901966095e-02
1.757828146219253540e-02
1.716727018356323242e-02
1.692298986017704010e-02
1.683681830763816833e-02
1.656927540898323059e-02
1.643477752804756165e-02
1.634907536208629608e-02
1.624959520995616913e-02
1.618041656911373138e-02
1.611278951168060303e-02
1.612938381731510162e-02
1.601544208824634552e-02
1.593766361474990845e-02
1.586980372667312622e-02
1.579740457236766815e-02
1.577783003449440002e-02
1.571861654520034790e-02
1.550497394055128098e-02
1.522427983582019806e-02
1.481550838798284531e-02
1.435470022261142731e-02
1.411919575184583664e-02
1.402024179697036743e-02
1.401563920080661774e-02
1.382767967879772186e-02
1.368521340191364288e-02
1.346377655863761902e-02
1.287250965833663940e-02
1.232649758458137512e-02
1.106349285691976547e-02
1.196392998099327087e-02
8.871347643435001373e-03
7.968659512698650360e-03
7.248068228363990784e-03
6.677695550024509430e-03
6.242778152227401733e-03
6.000806111842393875e-03
5.705126095563173294e-03
5.488389171659946442e-03
5.334952380508184433e-03
5.235960241407155991e-03
5.117898806929588318e-03
5.183481145650148392e-03
5.114687141031026840e-03
4.927788861095905304e-03
4.880452994257211685e-03
4.840733949095010757e-03
4.807142540812492371e-03
4.785784054547548294e-03
4.778834059834480286e-03
4.746702499687671661e-03
4.718957468867301941e-03
4.786586388945579529e-03
4.708348307758569717e-03
4.683530889451503754e-03
4.671131260693073273e-03
4.662042949348688126e-03
4.654411692172288895e-03
4.857298918068408966e-03
4.789669997990131378e-03
4.651718307286500931e-03
4.634472541511058807e-03
4.629445262253284454e-03
4.625433124601840973e-03
4.621834959834814072e-03
4.618550650775432587e-03
4.615531768649816513e-03
4.612738732248544693e-03
4.612714517861604691e-03
4.623171873390674591e-03
4.606015980243682861e-03
4.603926092386245728e-03
4.602278582751750946e-03
5.000779405236244202e-03
4.610761534422636032e-03
4.597930237650871277e-03
4.595767706632614136e-03
4.594096448272466660e-03
4.592692013829946518e-03
4.591713659465312958e-03
4.629105795174837112e-03
4.594457801431417465e-03
4.598611500114202499e-03
4.660150501877069473e-03
4.601564258337020874e-03
4.587945993989706039e-03
4.641946870833635330e-03
4.609989468008279800e-03
4.585882183164358139e-03
4.581630695611238480e-03
4.623802378773689270e-03
4.683517850935459137e-03
4.582506604492664337e-03
4.579705651849508286e-03
4.577653016895055771e-03
4.598420113325119019e-03
4.581269342452287674e-03
4.575992468744516373e-03
4.854945931583642960e-03
4.600756336003541946e-03
4.579416476190090179e-03
4.572547506541013718e-03
4.626113455742597580e-03
4.583332687616348267e-03
4.572055302560329437e-03
4.570152610540390015e-03
4.628571681678295135e-03
4.571605939418077469e-03
4.573330283164978027e-03
4.568454809486865997e-03
4.585473332554101944e-03
4.578196909278631210e-03
4.567840602248907089e-03
4.564954433590173721e-03
4.564254079014062881e-03
4.565694369375705719e-03
4.900421481579542160e-03
4.590325057506561279e-03
4.562972113490104675e-03
4.562740214169025421e-03
4.561265930533409119e-03
4.560692701488733292e-03
4.560150671750307083e-03
4.571265541017055511e-03
4.560405854135751724e-03
4.561924375593662262e-03
4.558130633085966110e-03
4.557504318654537201e-03
4.556897096335887909e-03
4.556358326226472855e-03
4.555820021778345108e-03
4.555836785584688187e-03
4.557373467832803726e-03
4.556233063340187073e-03
4.554127342998981476e-03
4.553615581244230270e-03
4.553182981908321381e-03
4.552417434751987457e-03
4.551884718239307404e-03
4.551374819129705429e-03
4.550854675471782684e-03
4.550380166620016098e-03
4.789012949913740158e-03
4.677884746342897415e-03
4.557067062705755234e-03
4.550980869680643082e-03
4.548450466245412827e-03
4.547784104943275452e-03
4.547277465462684631e-03
4.546796903014183044e-03
4.546318203210830688e-03
4.545838572084903717e-03
4.545361734926700592e-03
4.545140545815229416e-03
4.731778986752033234e-03
4.597153048962354660e-03
4.552887752652168274e-03
4.543808288872241974e-03
4.543405957520008087e-03
4.542869981378316879e-03
4.558356478810310364e-03
4.545579198747873306e-03
4.543964751064777374e-03
4.541606176644563675e-03
4.540704656392335892e-03
4.540258087217807770e-03
4.539825022220611572e-03
4.541602451354265213e-03
4.587079863995313644e-03
4.541965667158365250e-03
4.550828598439693451e-03
4.548299126327037811e-03
4.545541945844888687e-03
4.538716748356819153e-03
4.536809865385293961e-03
4.536630120128393173e-03
4.665383603423833847e-03
4.578998778015375137e-03
4.535919986665248871e-03
4.536666441708803177e-03
4.534942097961902618e-03
4.534457810223102570e-03
4.534065723419189453e-03
4.534087609499692917e-03
5.119853187352418900e-03
4.579140339046716690e-03
4.533813800662755966e-03
4.533443134278059006e-03
4.532410763204097748e-03
4.532114136964082718e-03
4.629644099622964859e-03
4.540028516203165054e-03
4.532053135335445404e-03
4.531027283519506454e-03
4.574945662170648575e-03
4.555394873023033142e-03
4.533272236585617065e-03
4.531310871243476868e-03
4.529481288045644760e-03
4.529093857854604721e-03
4.528745543211698532e-03
4.530948121100664139e-03
4.812476225197315216e-03
4.559419117867946625e-03
4.530171398073434830e-03
4.527663346379995346e-03
4.527199082076549530e-03
4.526892211288213730e-03
4.526589531451463699e-03
4.526398144662380219e-03
5.247781053185462952e-03
4.592346493154764175e-03
4.537117667496204376e-03
4.526077304035425186e-03
4.525489173829555511e-03
4.525048658251762390e-03
4.524753428995609283e-03
4.524468444287776947e-03
4.524182528257369995e-03
4.523904062807559967e-03
4.529644735157489777e-03
4.616197664290666580e-03
4.537896253168582916e-03
4.523470532149076462e-03
4.522841889411211014e-03
4.522664006799459457e-03
5.084387026727199554e-03
4.563626833260059357e-03
4.524985328316688538e-03
4.522571805864572525e-03
4.521542694419622421e-03
4.521199502050876617e-03
4.520914517343044281e-03
4.520648159086704254e-03
4.520379006862640381e-03
4.523746669292449951e-03
4.549934063106775284e-03
4.584448877722024918e-03
4.529570695012807846e-03
4.520820919424295425e-03
4.519044887274503708e-03
4.518993198871612549e-03
4.564077593386173248e-03
4.521586000919342041e-03
4.522739443928003311e-03
4.519276786595582962e-03
4.517870489507913589e-03
4.517976194620132446e-03
4.522272851318120956e-03
4.521820694208145142e-03
4.572570323944091797e-03
4.526598844677209854e-03
4.523463547229766846e-03
4.516965243965387344e-03
4.516042768955230713e-03
4.515615757554769516e-03
4.515353590250015259e-03
4.540988709777593613e-03
4.553904291242361069e-03
4.532210528850555420e-03
4.515113309025764465e-03
4.514752421528100967e-03
4.514184314757585526e-03
4.513875581324100494e-03
4.515459295362234116e-03
4.572994075715541840e-03
4.518056288361549377e-03
4.512881394475698471e-03
4.521692637354135513e-03
4.664856009185314178e-03
4.519603680819272995e-03
4.512162413448095322e-03
4.511910490691661835e-03
4.511597566306591034e-03
4.512150771915912628e-03
4.549884237349033356e-03
4.514628555625677109e-03
4.510634578764438629e-03
4.550466779619455338e-03
4.527045413851737976e-03
4.520272836089134216e-03
4.511367995291948318e-03
4.509543534368276596e-03
4.509178455919027328e-03
4.508900921791791916e-03
4.610375501215457916e-03
4.518704954534769058e-03
4.512200132012367249e-03
4.750084131956100464e-03
4.531315062195062637e-03
4.508380778133869171e-03
4.507564939558506012e-03
4.506889730691909790e-03
4.506562836468219757e-03
4.506245721131563187e-03
4.507636185735464096e-03
4.632425494492053986e-03
4.555213730782270432e-03
4.512866027653217316e-03
4.505624528974294662e-03
4.504913464188575745e-03
4.504484124481678009e-03
4.504166077822446823e-03
4.503836389631032944e-03
4.503623582422733307e-03
4.957098979502916336e-03
4.566375166177749634e-03
4.503384232521057129e-03
4.504756070673465729e-03
4.531490616500377655e-03
4.502212628722190857e-03
4.501696676015853882e-03
4.501537419855594635e-03
4.501059651374816895e-03
4.501285031437873840e-03
4.572826903313398361e-03
4.505273886024951935e-03
4.512874409556388855e-03
4.501878749579191208e-03
4.499424248933792114e-03
4.498838912695646286e-03
4.499040544033050537e-03
4.945745225995779037e-03
4.544042982161045074e-03
4.501290153712034225e-03
4.497986752539873123e-03
4.497873596847057343e-03
4.531119018793106079e-03
4.500331357121467590e-03
4.496681969612836838e-03
4.495385568588972092e-03
4.513574298471212387e-03
4.528186284005641937e-03
4.513466730713844299e-03
4.494913388043642044e-03
4.493935965001583099e-03
4.493744112551212311e-03
4.589786753058433533e-03
4.504788666963577271e-03
4.493712447583675385e-03
4.491699859499931335e-03
4.495327826589345932e-03
4.649320151656866074e-03
4.511773586273193359e-03
4.511104896664619446e-03
4.502203781157732010e-03
4.490518942475318909e-03
4.489329643547534943e-03
4.488401580601930618e-03
4.487909376621246338e-03
4.579196684062480927e-03
4.924114793539047241e-03
4.515775479376316071e-03
4.491127561777830124e-03
4.486255347728729248e-03
4.485236480832099915e-03
4.484606906771659851e-03
4.484006203711032867e-03
4.506397992372512817e-03
4.517381079494953156e-03
4.492381121963262558e-03
4.483369179069995880e-03
4.481637384742498398e-03
4.481029231101274490e-03
4.640591330826282501e-03
4.540032707154750824e-03
4.485903773456811905e-03
4.479927476495504379e-03
4.478096496313810349e-03
4.538734443485736847e-03
4.500607959926128387e-03
4.478390794247388840e-03
4.498521797358989716e-03
4.549251869320869446e-03
4.474712535738945007e-03
4.475600086152553558e-03
4.472997970879077911e-03
4.472117405384778976e-03
4.471226595342159271e-03
4.476367495954036713e-03
4.486026242375373840e-03
4.472402855753898621e-03
4.750797525048255920e-03
4.488266073167324066e-03
4.471095278859138489e-03
4.465697798877954483e-03
4.464101046323776245e-03
4.462793003767728806e-03
4.466858226805925369e-03
4.582238383591175079e-03
4.479859489947557449e-03
4.462707322090864182e-03
4.459029063582420349e-03
4.557460080832242966e-03
4.463502671569585800e-03
4.454487003386020660e-03
4.452615510672330856e-03
4.450697917491197586e-03
4.458704963326454163e-03
4.545969422906637192e-03
4.460512194782495499e-03
4.451237153261899948e-03
4.443241283297538757e-03
4.441965837031602859e-03
4.439261276274919510e-03
4.436306189745664597e-03
4.676507320255041122e-03
4.446394275873899460e-03
4.440337419509887695e-03
4.428021609783172607e-03
4.425299819558858871e-03
4.498736467212438583e-03
4.424563609063625336e-03
4.413517657667398453e-03
5.309717729687690735e-03
4.463926889002323151e-03
4.412786569446325302e-03
4.400810226798057556e-03
4.484923090785741806e-03
4.401158541440963745e-03
4.384248983114957809e-03
4.375458694994449615e-03
4.367876332253217697e-03
4.571848548948764801e-03
4.381412640213966370e-03
4.359070211648941040e-03
4.340881481766700745e-03
4.329873248934745789e-03
4.320238251239061356e-03
4.369338974356651306e-03
4.295463673770427704e-03
4.277182742953300476e-03
4.258874803781509399e-03
4.277583211660385132e-03
4.379412159323692322e-03
4.216022789478302002e-03
4.183297511190176010e-03
4.153576679527759552e-03
4.356672987341880798e-03
4.119980148971080780e-03
4.851642530411481857e-03
4.100617486983537674e-03
4.009173717349767685e-03
3.970102407038211823e-03
3.930213861167430878e-03
3.888814244419336319e-03
3.845036728307604790e-03
5.761773325502872467e-03
3.795804688706994057e-03
3.743882291018962860e-03
3.682107664644718170e-03
3.634297987446188927e-03
3.605504520237445831e-03
3.546651452779769897e-03
3.504773601889610291e-03
3.470084397122263908e-03
3.994372673332691193e-03
3.561930730938911438e-03
3.423531074076890945e-03
3.390307538211345673e-03
3.382846480235457420e-03
3.384343814104795456e-03
3.349793143570423126e-03
3.336033551022410393e-03
3.324283752590417862e-03
3.313773777335882187e-03
3.303722478449344635e-03
3.336277091875672340e-03
3.328243503347039223e-03
3.278900403529405594e-03
3.269539447501301765e-03
3.260123310610651970e-03
3.759960876777768135e-03
3.251195652410387993e-03
3.239497775211930275e-03
3.223958192393183708e-03
3.215090837329626083e-03
3.206243040040135384e-03
3.552165580913424492e-03
3.243801649659872055e-03
3.192456671968102455e-03
3.174679353833198547e-03
3.163622925058007240e-03
3.154153702780604362e-03
3.144856076687574387e-03
3.135501872748136520e-03
3.473469056189060211e-03
3.248544409871101379e-03
3.114532446488738060e-03
3.099444555118680000e-03
3.089511767029762268e-03
3.079647198319435120e-03
3.069476224482059479e-03
3.097768174484372139e-03
3.361392067745327950e-03
3.046386642381548882e-03
3.037221496924757957e-03
3.023940604180097580e-03
3.013319568708539009e-03
3.002953482791781425e-03
2.992349211126565933e-03
2.981515601277351379e-03
2.970429137349128723e-03
2.973508089780807495e-03
3.222916275262832642e-03
2.960046520456671715e-03
2.932248171418905258e-03
2.917309291660785675e-03
2.904873574152588844e-03
2.892861142754554749e-03
3.313638269901275635e-03
2.998020267114043236e-03
2.884048735722899437e-03
2.849753713235259056e-03
2.837161533534526825e-03
2.824040595442056656e-03
2.810892648994922638e-03
2.797346329316496849e-03
2.783831907436251640e-03
2.824184019118547440e-03
2.903978340327739716e-03
2.755051245912909508e-03
2.737511415034532547e-03
2.721284981817007065e-03
2.706038998439908028e-03
2.690385794267058372e-03
2.674050163477659225e-03
2.656970405951142311e-03
2.639058046042919159e-03
2.904484281316399574e-03
2.691820263862609863e-03
2.653441159054636955e-03
2.581484615802764893e-03
2.563007408753037453e-03
2.543478971347212791e-03
2.523344475775957108e-03
2.502256538718938828e-03
2.480156486853957176e-03
2.457003574818372726e-03
2.432756358757615089e-03
2.407408319413661957e-03
2.415343187749385834e-03
3.133622463792562485e-03
2.461304189637303352e-03
2.340335864573717117e-03
2.307755406945943832e-03
2.282954985275864601e-03
2.258091000840067863e-03
2.232727594673633575e-03
2.206927165389060974e-03
2.180725103244185448e-03
2.154174726456403732e-03
2.127310261130332947e-03
2.100174548104405403e-03
8.593182079493999481e-03
2.266269410029053688e-03
2.123290672898292542e-03
2.036627382040023804e-03
2.013600664213299751e-03
1.990915974602103233e-03
1.968236174434423447e-03
1.945320516824722290e-03
1.922130235470831394e-03
1.898637157864868641e-03
1.874849083833396435e-03
1.850782195106148720e-03
1.826475257985293865e-03
1.801973325200378895e-03
1.777786645106971264e-03
2.736132359132170677e-03
1.909517799504101276e-03
1.749251736328005791e-03
1.718442304991185665e-03
1.694574486464262009e-03
1.673164893873035908e-03
1.652196864597499371e-03
1.631218008697032928e-03
1.610220409929752350e-03
1.589207444339990616e-03
1.568174688145518303e-03
1.547128893435001373e-03
1.526072155684232712e-03
2.074642106890678406e-03
2.029382390901446342e-03
1.548473956063389778e-03
1.474989461712539196e-03
1.454528188332915306e-03
1.435556565411388874e-03
1.417246297933161259e-03
1.399066299200057983e-03
1.380944275297224522e-03
1.362852635793387890e-03
1.344812684692442417e-03
1.326816156506538391e-03
1.308879698626697063e-03
1.291680731810629368e-03
3.097806125879287720e-03
1.444101915694773197e-03
1.274743350222706795e-03
1.244690036401152611e-03
1.228585257194936275e-03
1.212812028825283051e-03
1.197294332087039948e-03
1.181870698928833008e-03
1.166558358818292618e-03
1.151349279098212719e-03
1.136241247877478600e-03
1.121241599321365356e-03
1.562231802381575108e-03
1.338617410510778427e-03
1.137169660069048405e-03
1.086950069293379784e-03
1.072409912012517452e-03
1.059482339769601822e-03
1.046582707203924656e-03
1.033929875120520592e-03
1.021389034576714039e-03
1.008945982903242111e-03
9.966008365154266357e-04
9.843596490100026131e-04
9.723127586767077446e-04
4.226113669574260712e-03
1.239547040313482285e-03
9.885403560474514961e-04
9.438760462217032909e-04
9.279561927542090416e-04
9.171123965643346310e-04
9.064940386451780796e-04
8.959688129834830761e-04
8.855417254380881786e-04
8.757365867495536804e-04
1.947365002706646919e-03
1.023470656946301460e-03
8.610013755969703197e-04
8.559832931496202946e-04
8.415977354161441326e-04
8.319811313413083553e-04
8.227363578043878078e-04
8.136734250001609325e-04
8.047218434512615204e-04
1.015626941807568073e-03
8.078949758782982826e-04
1.137200277298688889e-03
9.129692916758358479e-04
7.668756879866123199e-04
8.308960823342204094e-04
7.705699536018073559e-04
7.461035856977105141e-04
7.512178272008895874e-04
7.347324280999600887e-04
2.321634907275438309e-03
7.719685672782361507e-04
7.190487813204526901e-04
7.066657417453825474e-04
6.995334406383335590e-04
6.915364647284150124e-04
6.842623697593808174e-04
1.258143573068082333e-03
8.844572585076093674e-04
6.886987248435616493e-04
6.657427875325083733e-04
6.581422640010714531e-04
6.510356906801462173e-04
6.444498430937528610e-04
6.379251717589795589e-04
6.500575691461563110e-04
1.030966290272772312e-03
6.408729823306202888e-04
6.277821375988423824e-04
6.172478897497057915e-04
6.107800872996449471e-04
6.045953487046062946e-04
5.986694013699889183e-04
5.927968304604291916e-04
5.869584274478256702e-04
5.811516894027590752e-04
5.848574801348149776e-04
8.130126516334712505e-04
6.779649411328136921e-04
5.952796782366931438e-04
5.678410525433719158e-04
5.615638801828026772e-04
5.559411947615444660e-04
5.507194437086582184e-04
5.455910577438771725e-04
5.405079573392868042e-04
5.440243985503911972e-04
5.644265329465270042e-04
5.417641368694603443e-04
5.496129160746932030e-04
6.102509796619415283e-04
5.382561357691884041e-04
5.257176235318183899e-04
5.100917187519371510e-04
5.033814813941717148e-04
4.992155591025948524e-04
2.915235236287117004e-03
8.633579709567129612e-04
5.269813700579106808e-04
4.901478532701730728e-04
4.848904791288077831e-04
4.806008946616202593e-04
4.764417826663702726e-04
4.723407328128814697e-04
4.682645958382636309e-04
4.729256907012313604e-04
2.055252203717827797e-03
4.976206691935658455e-04
4.691158246714621782e-04
4.589650488924235106e-04
4.544308467302471399e-04
4.505746474023908377e-04
4.468779952730983496e-04
4.432438581716269255e-04
4.396384465508162975e-04
4.360486927907913923e-04
4.324836481828242540e-04
4.297906998544931412e-04
2.609425690025091171e-03
5.519879050552845001e-04
4.588710144162178040e-04
4.270787467248737812e-04
4.228817997500300407e-04
4.196449881419539452e-04
4.165656864643096924e-04
4.135135677643120289e-04
4.104941617697477341e-04
4.074928583577275276e-04
4.045066598337143660e-04
4.015320155303925276e-04
3.985705261584371328e-04
3.995458246208727360e-04
2.545877592638134956e-03
5.557315889745950699e-04
3.973368729930371046e-04
3.939464804716408253e-04
3.891316009685397148e-04
3.863187157548964024e-04
3.834387171082198620e-04
3.806444874498993158e-04
3.778700483962893486e-04
3.751177573576569557e-04
3.723728004842996597e-04
3.696369240060448647e-04
3.690373268909752369e-04
2.336713485419750214e-03
4.527108976617455482e-04
3.974562278017401695e-04
3.654191095847636461e-04
3.623929515015333891e-04
3.592314897105097771e-04
3.565453516785055399e-04
3.539349418133497238e-04
3.513405390549451113e-04
3.487516951281577349e-04
3.461624146439135075e-04
3.435653634369373322e-04
3.409626951906830072e-04
3.460158768575638533e-04
2.355458680540323257e-03
3.873662499245256186e-04
3.506213543005287647e-04
3.382186405360698700e-04
3.322211559861898422e-04
3.293318732175976038e-04
3.266218409407883883e-04
3.239150682929903269e-04
3.211847797501832247e-04
3.184156084898859262e-04
3.156163438688963652e-04
3.194442542735487223e-04
6.884647882543504238e-04
4.953061579726636410e-04
3.293375193607062101e-04
3.051074745599180460e-04
3.023020981345325708e-04
2.985209284815937281e-04
2.953990187961608171e-04
2.935461234301328659e-04
3.427536226809024811e-03
5.651623359881341457e-04
3.067509096581488848e-04
2.885366266127675772e-04
2.806177362799644470e-04
2.766242541838437319e-04
2.730528940446674824e-04
2.694863942451775074e-04
2.658770827110856771e-04
2.634658594615757465e-04
2.221483271569013596e-03
5.558187258429825306e-04
2.726542297750711441e-04
2.554809907451272011e-04
2.503871801309287548e-04
2.459634270053356886e-04
2.422698307782411575e-04
2.385734696872532368e-04
2.348763373447582126e-04
2.311748685315251350e-04
2.274691796628758311e-04
2.239933819510042667e-04
4.343722946941852570e-03
3.019956639036536217e-04
2.257043524878099561e-04
2.196815185016021132e-04
2.119732671417295933e-04
2.079989790217950940e-04
2.044881402980536222e-04
2.010963653447106481e-04
1.977476495085284114e-04
1.944326504599303007e-04
1.911478902911767364e-04
1.880037889350205660e-04
3.860107623040676117e-03
2.664638741407543421e-04
2.376503398409113288e-04
1.880033669294789433e-04
1.787954097380861640e-04
1.757818681653589010e-04
1.728079660097137094e-04
1.699501008260995150e-04
1.671575591899454594e-04
1.644153380766510963e-04
1.617205562070012093e-04
1.590727333677932620e-04
1.564739650348201394e-04
1.539195800432935357e-04
1.742875901982188225e-04
5.824213149026036263e-04
2.178557479055598378e-04
1.757596764946356416e-04
1.491349685238674283e-04
1.464584493078291416e-04
1.438110193703323603e-04
1.415915903635323048e-04
1.394810678903013468e-04
1.374290004605427384e-04
1.354221603833138943e-04
1.334621629212051630e-04
1.315445988439023495e-04
1.366040232824161649e-04
3.568695974536240101e-04
1.837338350014761090e-04
3.125005750916898251e-04
1.342535397270694375e-04
1.295639667659997940e-04
2.624909393489360809e-04
1.553084293846040964e-04
1.483955129515379667e-04
1.256429677596315742e-04
1.353108382318168879e-04
1.958346401806920767e-04
1.985447161132469773e-04
1.280083961319178343e-04
1.130263917730189860e-04
1.112249155994504690e-04
1.099617511499673128e-04
1.086253396351821721e-04
1.111957681132480502e-04
7.065868703648447990e-04
2.380686346441507339e-04
1.218413890455849469e-04
1.072056693374179304e-04
1.055907487170770764e-04
1.041719515342265368e-04
1.029982158797793090e-04
1.019327391986735165e-04
1.009021289064548910e-04
9.989789396058768034e-05
9.891609079204499722e-05
9.795468213269487023e-05
1.019835835904814303e-04
1.605268102139234543e-03
2.147108461940661073e-04
1.130600794567726552e-04
9.697686618892475963e-05
9.580289042787626386e-05
9.471331577515229583e-05
9.383625729242339730e-05
9.300345845986157656e-05
9.219151979777961969e-05
9.139735630014911294e-05
9.061730816029012203e-05
8.985555905383080244e-05
9.951736865332350135e-05
1.911764265969395638e-03
2.847913128789514303e-04
1.135539496317505836e-04
9.136658627539873123e-05
8.837797213345766068e-05
8.752060239203274250e-05
8.679724123794585466e-05
8.610220538685098290e-05
8.542497380403801799e-05
8.476110087940469384e-05
8.410844748141244054e-05
8.348590199602767825e-05
5.581757868640124798e-04
5.577757838182151318e-04
1.256233808817341924e-04
8.891022298485040665e-05
8.392408926738426089e-05
8.174165122909471393e-05
8.107066241791471839e-05
8.047169831115752459e-05
7.990167796378955245e-05
8.222569886129349470e-05
2.278395550092682242e-04
2.432468754705041647e-04
8.746684034122154117e-05
8.129333582473918796e-05
7.875101437093690038e-05
7.807329529896378517e-05
7.750754593871533871e-05
7.697062392253428698e-05
7.644965080544352531e-05
7.593782356707379222e-05
7.567405555164441466e-05
3.537943121045827866e-03
3.232893068343400955e-04
1.174051358248107135e-04
8.266067015938460827e-05
7.543676474597305059e-05
7.486261893063783646e-05
7.425351941492408514e-05
7.374492997769266367e-05
7.326397462747991085e-05
7.279104465851560235e-05
7.249055488500744104e-05
4.266171599738299847e-04
2.647241635713726282e-04
7.603150879731401801e-05
7.503051165258511901e-05
9.431932994630187750e-05
6.038271239958703518e-04
8.254282147390767932e-05
7.097497291397303343e-05
7.219563849503174424e-05
7.038145122351124883e-05
8.696936129126697779e-05
1.275933318538591266e-04
1.602086995262652636e-04
8.261715265689417720e-05
6.994127033976837993e-05
7.987795834196731448e-05
1.076267726602964103e-04
7.202566484920680523e-05
6.795840454287827015e-05
2.067670924589037895e-03
3.580460615921765566e-04
7.635094516444951296e-05
7.298601849470287561e-05
6.707310967613011599e-05
6.641103391302749515e-05
6.597604078706353903e-05
6.555955769727006555e-05
6.676580233033746481e-05
1.974049664568156004e-04
8.808868005871772766e-05
1.929038262460380793e-04
1.391551195411011577e-04
7.819277379894629121e-05
6.401959399227052927e-05
8.091102790785953403e-05
8.421601378358900547e-04
8.176315168384462595e-05
6.491828389698639512e-05
6.387514440575614572e-05
6.266483978834003210e-05
6.262271199375391006e-05
2.440811658743768930e-04
4.189376195427030325e-04
1.130297605413943529e-04
6.798491813242435455e-05
6.253736501093953848e-05
6.124554056441411376e-05
6.082203981350176036e-05
6.045984264346770942e-05
6.010514334775507450e-05
5.975725798634812236e-05
6.056057827663607895e-05
1.310152816586196423e-03
3.657549095805734396e-04
8.889631135389208794e-05
6.123373896116390824e-05
6.000602297717705369e-05
5.917669841437600553e-05
5.879186937818303704e-05
5.843307735631242394e-05
5.808586865896359086e-05
5.774184683104977012e-05
5.740440610679797828e-05
5.707216769224032760e-05
6.065243724151514471e-05
7.459751795977354050e-04
1.494707103120163083e-04
7.486448157578706741e-05
6.044204928912222385e-05
5.673210762324742973e-05
5.638199218083173037e-05
5.601850352832116187e-05
5.568690903601236641e-05
5.536227763514034450e-05
5.504238288267515600e-05
5.488116221386007965e-05
3.002116456627845764e-03
2.588164643384516239e-04
7.199744140962138772e-05
5.896522998227737844e-05
5.509424227057024837e-05
5.425733979791402817e-05
5.386337943491525948e-05
5.354393579182215035e-05
5.322987271938472986e-05
5.292159039527177811e-05
5.268808672553859651e-05
7.286323816515505314e-04
1.160077590611763299e-04
9.691154991742223501e-05
6.182092329254373908e-05
5.276134834275580943e-05
5.231864270172081888e-05
5.195442281547002494e-05
5.163294190424494445e-05
5.131558646098710597e-05
5.100400812807492912e-05
5.069887993158772588e-05
5.043143755756318569e-05
2.574150566942989826e-04
4.762159951496869326e-04
9.144052455667406321e-05
5.703369606635533273e-05
5.158973726793192327e-05
4.976577474735677242e-05
4.939133941661566496e-05
4.909654307994060218e-05
4.880573760601691902e-05
4.899330087937414646e-05
2.773317042738199234e-03
4.083025269210338593e-04
5.874161433894187212e-05
5.335653622751124203e-05
4.886944225290790200e-05
4.813180203200317919e-05
4.774174885824322701e-05
4.744447869597934186e-05
4.715432442026212811e-05
4.687118052970618010e-05
4.686223473981954157e-05
7.269780035130679607e-04
3.217577759642153978e-04
5.070370025350712240e-05
4.986391286365687847e-05
4.663602885557338595e-05
4.587245712173171341e-05
4.555836494546383619e-05
4.526745033217594028e-05
4.523449024418368936e-05
1.840634620748460293e-03
2.245963842142373323e-04
6.042667519068345428e-05
4.898621409665793180e-05
4.559012813842855394e-05
4.460788113647140563e-05
4.421642006491310894e-05
4.393619747133925557e-05
4.366096982266753912e-05
4.339183942647650838e-05
4.426063242135569453e-05
3.869894135277718306e-04
1.809860259527340531e-04
6.290023156907409430e-05
4.785467899637296796e-05
4.272895967005752027e-05
4.236423410475254059e-05
4.243218063493259251e-05
3.660141373984515667e-04
1.588403974892571568e-04
5.752233118982985616e-05
4.257127147866412997e-05
4.240808266331441700e-05
4.131943205720745027e-05
4.095527765457518399e-05
4.069598071509972215e-05
4.066621113452129066e-05
1.059991889633238316e-03
3.399296547286212444e-04
6.363149441312998533e-05
4.415510920807719231e-05
4.066121255164034665e-05
3.998424290330149233e-05
3.965382711612619460e-05
3.941409522667527199e-05
3.919303344446234405e-05
3.927989382646046579e-05
2.483688993379473686e-03
4.584074777085334063e-04
6.390632188413292170e-05
4.079796417499892414e-05
3.942573312087915838e-05
3.884778561769053340e-05
3.854726310237310827e-05
3.833332812064327300e-05
3.812636714428663254e-05
3.792634379351511598e-05
3.773505886783823371e-05
4.421281846589408815e-05
1.112581114284694195e-03
4.936791447107680142e-05
4.195090514258481562e-05
3.843084778054617345e-05
3.746264701476320624e-05
3.706920688273385167e-05
6.434152601286768913e-05
8.127526962198317051e-04
1.298855058848857880e-04
4.782214818987995386e-05
3.706084316945634782e-05
3.691685196827165782e-05
3.653790190583094954e-05
3.633152664406225085e-05
3.616338290157727897e-05
3.676460983115248382e-05
2.740300260484218597e-03
3.470460942480713129e-04
4.139375232625752687e-05
3.833946539089083672e-05
3.646990444394759834e-05
3.592186840251088142e-05
3.574655784177593887e-05
3.628137710620649159e-05
7.634868961758911610e-05
5.510743721970357001e-05
7.904911763034760952e-05
1.197871897602453828e-04
7.057282346067950130e-05
3.878081770380958915e-05
3.540786565281450748e-05
6.896172999404370785e-05
1.307456259382888675e-04
1.059737987816333771e-04
4.078349593328312039e-05
3.603810910135507584e-05
3.657934939838014543e-05
8.821644587442278862e-05
3.619903582148253918e-04
1.338414294878020883e-04
4.307593189878389239e-05
4.544762850855477154e-05
7.373986882157623768e-04
4.206862286082468927e-05
4.417071613715961576e-05
3.449079304118640721e-05
3.854856913676485419e-05
7.775208796374499798e-04
7.444553193636238575e-05
4.800947863259352744e-05
3.435223698033951223e-05
3.974281207774765790e-05
7.288402412086725235e-05
3.850373323075473309e-04
8.894943312043324113e-05
4.249625999364070594e-05
4.209045146126300097e-04
1.325991761405020952e-04
4.984985571354627609e-05
3.861994628095999360e-05
5.913086351938545704e-05
1.028288388624787331e-03
1.576078939251601696e-04
4.467062899493612349e-05
3.399939305381849408e-05
3.341868796269409359e-05
3.278618532931432128e-05
3.633028245531022549e-05
1.384753501042723656e-03
1.220269041368737817e-04
3.744103742064908147e-05
3.557302261469885707e-05
3.292081601102836430e-05
3.241751619498245418e-05
3.228077548556029797e-05
3.218821802875027061e-05
1.768534275470301509e-04
6.946943467482924461e-04
1.023006916511803865e-04
3.403245864319615066e-05
3.269962326157838106e-05
3.241887679905630648e-05
3.206707697245292366e-05
3.193018710589967668e-05
3.180199564667418599e-05
3.168329567415639758e-05
3.157592800562269986e-05
2.251985279144719243e-04
6.116961594671010971e-04
5.951905404799617827e-05
3.471829768386669457e-05
3.321639087516814470e-05
3.215098695363849401e-05
3.181819920428097248e-05
3.166254464304074645e-05
3.152926365146413445e-05
3.140357148367911577e-05
3.128368553007021546e-05
3.116738298558630049e-05
3.109359386144205928e-05
2.601597516331821680e-04
2.654706477187573910e-04
6.821511487942188978e-05
3.470188312348909676e-05
3.149009717162698507e-05
3.434389145695604384e-05
1.375190331600606441e-03
8.220084419008344412e-05
4.314533725846558809e-05
3.378119436092674732e-05
3.086670039920136333e-05
3.066558201680891216e-05
3.113262573606334627e-05
6.617140024900436401e-04
3.114770224783569574e-04
6.487761856988072395e-05
3.092372935498133302e-05
3.109767931164242327e-05
3.047157406399492174e-05
3.041160198336001486e-05
2.013315097428858280e-04
2.805854310281574726e-04
1.532080787001177669e-04
3.452225428191013634e-05
3.634763197624124587e-05
1.467698893975466490e-04
3.125859075225889683e-04
6.487769132945686579e-05
3.278615986346267164e-05
3.068155638175085187e-05
3.027004458999726921e-05
2.322585642104968429e-04
2.277563908137381077e-04
6.375754310283809900e-05
3.259045115555636585e-05
2.998101081175263971e-05
2.971978938148822635e-05
2.954864976345561445e-05
2.981296347570605576e-05
9.061996242962777615e-04
3.090064274147152901e-04
5.022943878429941833e-05
3.128358002868480980e-05
2.986229628731962293e-05
2.935966767836362123e-05
2.924424188677221537e-05
2.914593824243638664e-05
4.429162800079211593e-05
6.968150264583528042e-04
1.150644820882007480e-04
3.212727096979506314e-05
2.960380697913933545e-05
2.920152837759815156e-05
2.899229366448707879e-05
2.887962909881025553e-05
2.957933611469343305e-05
1.908014877699315548e-03
1.774896518327295780e-04
5.247915760264731944e-05
3.090778045589104295e-05
2.917530218837782741e-05
2.881691398215480149e-05
2.866337126761209220e-05
2.854997364920563996e-05
2.853864134522154927e-05
2.893347991630434990e-04
4.237566608935594559e-04
7.308817293960601091e-05
3.230724541936069727e-05
2.942074934253469110e-05
2.860164568119216710e-05
2.843334732460789382e-05
2.830523953889496624e-05
2.820789632096420974e-05
3.843770537059754133e-05
3.948070225305855274e-04
4.931230068905279040e-05
3.233504321542568505e-05
2.972313814098015428e-05
2.837503780028782785e-05
4.734526737593114376e-05
7.466034003300592303e-05
9.233459422830492258e-05
3.332479536766186357e-05
2.913384378189221025e-05
2.786402183119207621e-05
2.804954419843852520e-05
1.003163270070217550e-04
4.526453267317265272e-04
8.366940892301499844e-05
2.903397762565873563e-05
2.847614814527332783e-05
2.769541788438800722e-05
2.760862480499781668e-05
3.597919931053183973e-05
3.368405305081978440e-05
6.256478081922978163e-05
4.574561316985636950e-04
7.080769864842295647e-05
3.816769458353519440e-05
2.793269231915473938e-05
2.771092658804263920e-05
2.751600186456926167e-05
2.738299372140318155e-05
2.727984428929630667e-05
2.718452924455050379e-05
2.709354885155335069e-05
2.706642953853588551e-05
1.270051230676472187e-03
3.394056693650782108e-04
5.483110726345330477e-05
3.096426735282875597e-05
2.811846024997066706e-05
2.742851575021632016e-05
2.724991827562917024e-05
2.712844980123918504e-05
2.702533492993097752e-05
2.697007948881946504e-05
3.188570844940841198e-04
4.552539758151397109e-05
2.915148252213839442e-05
2.846133720595389605e-04
7.057809852994978428e-05
3.724798079929314554e-05
2.856246101146098226e-05
2.721769124036654830e-05
2.692226007638964802e-05
4.558735599857755005e-05
1.284858444705605507e-04
8.693081326782703400e-05
3.165158341289497912e-05
2.793233397824224085e-05
2.655333446455188096e-05
2.821842645062133670e-05
8.544609590899199247e-05
1.566607097629457712e-04
3.696317435242235661e-05
5.251521361060440540e-05
3.292258479632437229e-04
3.513985575409606099e-05
3.061798997805453837e-05
6.590302655240520835e-05
1.493724266765639186e-04
7.051989814499393106e-05
2.886008951463736594e-05
3.272601315984502435e-05
1.716030092211440206e-04
1.210807895404286683e-04
4.102919046999886632e-05
3.161652421113103628e-05
2.646943175932392478e-05
2.805924486892763525e-05
9.465669863857328892e-04
1.561867829877883196e-04
3.413929880480282009e-05
2.656164906511548907e-05
2.618470716697629541e-05
2.587554081401322037e-05
6.046823182259686291e-05
2.604170585982501507e-04
4.415056173456832767e-05
2.943071558547671884e-05
2.654063973750453442e-05
2.567526826169341803e-05
2.554596539994236082e-05
2.550707176851574332e-05
2.657483855728060007e-04
4.252788494341075420e-04
5.374570537242107093e-05
2.694199065444990993e-05
2.587400740594603121e-05
2.559734639362432063e-05
2.547509939176961780e-05
2.537066939112264663e-05
2.784265416266862303e-05
1.124191112467087805e-04
5.758311817771755159e-05
1.176497680717147887e-04
6.556134030688554049e-05
2.775961183942854404e-05
2.526721436879597604e-05
2.818907159962691367e-05
1.231357106007635593e-03
1.187678208225406706e-04
4.255161547916941345e-05
2.592615965113509446e-05
2.534722625568974763e-05
2.503269206499680877e-05
2.491515078872907907e-05
2.500292976037599146e-05
6.577043677680194378e-04
1.287024060729891062e-04
4.931155854137614369e-05
2.509589285182300955e-05
2.511004095140378922e-05
2.481798583175987005e-05
2.472448613843880594e-05
4.094666655873879790e-05
4.263651499059051275e-04
6.357567326631397009e-05
3.090635436819866300e-05
2.585701622592750937e-05
2.471936568326782435e-05
2.458749804645776749e-05
2.450012470944784582e-05
2.457512891851365566e-05
6.946201901882886887e-04
2.538897970225661993e-04
3.946303695556707680e-05
2.561923975008539855e-05
2.493420652172062546e-05
2.447207953082397580e-05
2.434821362840011716e-05
2.711643355723936111e-05
6.583179929293692112e-04
1.063422605511732399e-04
2.791191036521922797e-05
2.557718471507541835e-05
2.455269714118912816e-05
2.428015613986644894e-05
2.418578151264227927e-05
2.410299384791869670e-05
2.402627251285593957e-05
2.854239573935046792e-05
3.751010808628052473e-04
1.492503070039674640e-04
2.746384780039079487e-05
2.680021316336933523e-05
2.452764056215528399e-05
2.414687514828983694e-05
2.402191603323444724e-05
2.393252179899718612e-05
2.385243351454846561e-05
2.377495366090442985e-05
2.370308720855973661e-05
2.401341407676227391e-05
2.070397371426224709e-03
2.739347401075065136e-04
4.436678864294663072e-05
2.825896626745816320e-05
2.449070416332688183e-05
2.401445635769050568e-05
2.389375913480762392e-05
2.379362740612123162e-05
2.370626680203713477e-05
2.416625102341640741e-05
6.394999218173325062e-05
3.339670729474164546e-05
2.737561408139299601e-05
2.583016248536296189e-05
8.950416231527924538e-04
1.667322358116507530e-04
3.330587423988617957e-05
2.473577114869840443e-05
2.374880568822845817e-05
2.333538395760115236e-05
2.714332731557078660e-05
9.908295469358563423e-04
1.287785999011248350e-04
2.938875149993691593e-05
2.483393109287135303e-05
2.345263783354312181e-05
2.324803608644288033e-05
2.363406201766338199e-05
5.524351581698283553e-05
1.864111400209367275e-04
3.094735147897154093e-04
4.659315527533181012e-05
2.622823376441374421e-05
2.341072286071721464e-05
2.299027983099222183e-05
2.423544719931669533e-05
1.621279050596058369e-03
1.641490525798872113e-04
3.536753138178028166e-05
2.583849891379941255e-05
2.316971585969440639e-05
2.293873876624274999e-05
2.279010914207901806e-05
2.270520963065791875e-05
2.317152211617212743e-05
1.144014415331184864e-03
9.882256563287228346e-05
4.657829413190484047e-05
2.411218883935362101e-05
2.283772846567444503e-05
2.261106783407740295e-05
2.247357770102098584e-05
2.242739537905436009e-05
1.522737584309652448e-04
1.557711948407813907e-04
7.639348768861964345e-05
2.539455272199120373e-05
2.285443952132482082e-05
2.257122650917153805e-05
2.230871177744120359e-05
2.220230635430198163e-05
2.209921331086661667e-05
2.201130519097205251e-05
1.642815477680414915e-04
1.638547983020544052e-04
7.537992496509104967e-05
2.621018575155176222e-05
2.230751670140307397e-05
2.188194230257067829e-05
2.173682332795578986e-05
2.485670665919315070e-05
5.669870879501104355e-04
6.830464553786441684e-05
2.955651507363654673e-05
2.351176772208418697e-05
2.175289955630432814e-05
2.142504308721981943e-05
2.125638275174424052e-05
2.112040419888217002e-05
2.103762381011620164e-05
5.776810576207935810e-04
1.111765086534433067e-04
4.834164064959622920e-05
2.484209289832506329e-05
2.128038977389223874e-05
2.080662306980229914e-05
2.056268385786097497e-05
2.688194945221766829e-05
1.394697173964232206e-04
3.070964157814159989e-05
2.252011290693189949e-05
2.109436172759160399e-05
2.040886829490773380e-05
2.014654819504357874e-05
1.998990956053603441e-05
1.985264680115506053e-05
1.994040394492913038e-05
9.852673392742872238e-04
5.845784107805229723e-05
4.764232289744541049e-05
2.424955346214119345e-05
2.029944698733743280e-05
1.950068508449476212e-05
1.935945874720346183e-05
1.921508192026522011e-05
1.912980951601639390e-05
1.477849582443013787e-04
2.206101489719003439e-04
3.512842522468417883e-05
2.234332532680127770e-05
2.720478732953779399e-05
4.199666145723313093e-04
5.411634265328757465e-05
2.929379479610361159e-05
1.977761348825879395e-05
1.870540654635988176e-05
1.838066054915543646e-05
1.915331631607841700e-05
1.128352480009198189e-03
1.084912873920984566e-04
2.930993287009187043e-05
2.125872742908541113e-05
1.821246587496716529e-05
1.800516838557086885e-05
1.902316580526530743e-05
9.470171062275767326e-05
7.042726792860776186e-05
1.583250559633597732e-04
2.383992614340968430e-05
1.418132596882060170e-04
1.724384492263197899e-04
2.375558142375666648e-05
2.235645661130547523e-05
1.745596637192647904e-05
3.190114512108266354e-05
3.686448035296052694e-04
2.030351970461197197e-05
2.248529926873743534e-05
1.821373189159203321e-05
1.726352456898894161e-05
1.763207910698838532e-05
1.453498407499864697e-04
2.926838351413607597e-05
5.016684299334883690e-04
2.489177313691470772e-05
2.956683783850166947e-05
2.018065606534946710e-05
4.592097684508189559e-05
2.559713902883231640e-05
2.247963129775598645e-05
1.752114258124493062e-05
1.754383811203297228e-05
1.873047403933014721e-05
7.230965275084599853e-05
9.865608299151062965e-04
4.889723277301527560e-05
2.471796142344828695e-05
1.754273398546501994e-05
1.645869633648544550e-05
1.617959605937357992e-05
1.606730074854567647e-05
2.606831185403279960e-05
3.113057173322886229e-04
5.366764526115730405e-05
1.980363231268711388e-05
1.749495095282327384e-05
1.610405161045491695e-05
1.587243423273321241e-05
1.576622344146016985e-05
1.568857260281220078e-05
3.362095958436839283e-05
3.880524891428649426e-04
3.333003769512288272e-05
1.790030546544585377e-05
1.608132151886820793e-05
1.570238237036392093e-05
1.554244227008894086e-05
1.544729275337886065e-05
1.618428905203472823e-05
1.335060340352356434e-03
1.281008881051093340e-04
3.027134516742080450e-05
1.671079553489107639e-05
1.550424349261447787e-05
1.532109126856084913e-05
1.521620197308948264e-05
1.513004281150642782e-05
1.512995095254154876e-05
5.887353909201920033e-04
1.920397917274385691e-04
4.176715810899622738e-05
1.847185194492340088e-05
1.560815144330263138e-05
1.516607608209596947e-05
1.499568406870821491e-05
1.491016791987931356e-05
1.483473261032486334e-05
1.476889701734762639e-05
2.536181091272737831e-05
2.527666511014103889e-04
4.178109884378500283e-05
2.053194293694104999e-05
1.597222581040114164e-05
1.488599809817969799e-05
1.466453159082448110e-05
1.461175270378589630e-05
1.600821124156937003e-04
1.151176184066571295e-04
4.590586104313842952e-05
1.784069718269165605e-05
1.516232896392466500e-05
1.459573832107707858e-05
1.448351395083591342e-05
1.440543201169930398e-05
1.433848501619650051e-05
1.510491074441233650e-05
1.646489603444933891e-03
1.539661025162786245e-04
2.350844624743331224e-05
1.581518154125660658e-05
1.459798841096926481e-05
1.433412944606970996e-05
1.421809247403871268e-05
1.414545658917631954e-05
1.407828767696628347e-05
1.402171437803190202e-05
5.645376222673803568e-05
1.530396111775189638e-04
4.464189260033890605e-05
2.108235821651760489e-05
1.463403350498992950e-05
1.433642046322347596e-05
6.752966146450489759e-05
4.049812559969723225e-05
2.141514232789631933e-05
1.475822955399053171e-05
1.467062702431576326e-05
2.275874285260215402e-04
1.007608079817146063e-04
3.263394319219514728e-05
1.424389120074920356e-05
1.491930743213742971e-05
6.288898293860256672e-05
2.780898066703230143e-04
4.329090006649494171e-05
1.583749508426990360e-05
1.454846278647892177e-05
1.375650481350021437e-05
1.449135925213340670e-05
2.236647560494020581e-04
2.561622241046279669e-04
4.341908788774162531e-05
1.766353307175450027e-05
1.405075454385951161e-05
1.353542211290914565e-05
1.342520499747479334e-05
1.357254768663551658e-05
9.120386675931513309e-04
1.474420714657753706e-04
2.698531898204237223e-05
1.500205416959943250e-05
1.382431310048559681e-05
1.345291730103781447e-05
1.334934495389461517e-05
1.327908012171974406e-05
1.322269599768333137e-05
1.400524797645630315e-05
1.472876989282667637e-03
1.515840413048863411e-04
1.509591947979060933e-05
1.407502531947102398e-05
1.357032851956319064e-05
1.323912874795496464e-05
1.350638558506034315e-05
1.975835039047524333e-04
1.694770071480888873e-05
1.518393582955468446e-05
1.413870813848916441e-05
1.486224820837378502e-03
8.359596540685743093e-05
2.237060834886506200e-05
1.556831557536497712e-05
1.329959650320233777e-05
1.301623706240206957e-05
1.296696791541762650e-05
3.945762000512331724e-05
3.062549512833356857e-05
2.468412822054233402e-05
1.403285386913921684e-05
1.252614165423437953e-04
2.335671015316620469e-04
1.518284716439666227e-05
1.348162913927808404e-05
1.307306592934764922e-05
1.289526426262455061e-05
1.402163070451933891e-05
7.862719357945024967e-04
7.207924500107765198e-05
2.516262429708149284e-05
1.519193665444618091e-05
1.280847209272906184e-05
1.323299147770740092e-05
1.870456035248935223e-04
6.399044650606811047e-05
3.253787144785746932e-05
1.977731699298601598e-05
1.414857797499280423e-05
1.383844028168823570e-05
7.102832314558327198e-04
1.614325883565470576e-04
2.428120205877348781e-05
1.520269324828404933e-05
1.283340316149406135e-05
1.251178673555841669e-05
1.258421798411291093e-05
2.030523464782163501e-04
2.433551417198032141e-04
3.575476148398593068e-05
1.614559005247429013e-05
1.268656160391401500e-05
1.239508219441631809e-05
1.286344286199891940e-05
1.384881208650767803e-03
6.131701957201585174e-05
2.574767859186977148e-05
1.400854489475023001e-05
1.270154734811512753e-05
1.234814135386841372e-05
1.228539713338250294e-05
1.223098297487013042e-05
1.218360102939186618e-05
2.157736889785155654e-05
6.378666148521006107e-04
3.272943285992369056e-05
2.519202098483219743e-05
1.350210186501499265e-05
1.236962179973488674e-05
1.216503551404457539e-05
1.272381086891982704e-05
9.223460219800472260e-04
9.033709648065268993e-05
3.206055771443061531e-05
1.329766109847696498e-05
1.259101100004045293e-05
1.212985716847470030e-05
1.205232547363266349e-05
1.198992413264932111e-05
1.200269616674631834e-05
8.776227477937936783e-04
1.411539124092087150e-04
3.951925100409425795e-05
1.653920116950757802e-05
1.285622693103505298e-05
1.216783039126312360e-05
1.205604894494172186e-05
1.199142479890724644e-05
1.193883144878782332e-05
1.189872727991314605e-05
3.483063119347207248e-05
1.781106984708458185e-04
3.938820373150520027e-05
1.406429510097950697e-05
1.646928831178229302e-05
4.795669519808143377e-04
9.256064367946237326e-05
2.240337562398053706e-05
1.212909046444110572e-05
1.192005038319621235e-05
1.178332513518398628e-05
1.176416026282822713e-05
2.656058495631441474e-05
2.033146884059533477e-04
3.653090243460610509e-05
1.826358675316441804e-05
1.241823974851286039e-05
1.179201626655412838e-05
1.173746477434178814e-05
1.896020330605097115e-05
6.399535050150007010e-05
2.256297375424765050e-05
1.360759051749482751e-05
1.311614232690772042e-05
1.177382364403456450e-05
1.166408037533983588e-05
1.159017028840025887e-05
1.165012417914113030e-05
7.042483193799853325e-04
1.713520759949460626e-04
3.366218152223154902e-05
1.276553302886895835e-05
1.189592876471579075e-05
1.158029590442311019e-05
1.153409903054125607e-05
1.148829414887586609e-05
1.455769506719661877e-05
1.859882613644003868e-04
5.206884452491067350e-05
1.537997377454303205e-05
1.170151517726480961e-05
1.173476903204573318e-05
1.156413236458320171e-05
1.148810861195670441e-05
1.143859208241337910e-05
1.139641426561865956e-05
1.192953641293570399e-05
1.578133436851203442e-03
9.552628034725785255e-05
2.667856097104959190e-05
1.288452767767012119e-05
1.166163929156027734e-05
1.147915190813364461e-05
1.140859512815950438e-05
1.135745333158411086e-05
1.131485805672127753e-05
1.601024450792465359e-05
5.863391561433672905e-04
6.343968561850488186e-05
1.547316787764430046e-05
1.272331974178086966e-05
1.159246585302753374e-05
3.038023351109586656e-05
8.585608156863600016e-05
5.650815728586167097e-05
1.468494247092166916e-05
1.217011413245927542e-05
1.144008274422958493e-05
1.123556012316839769e-05
1.127760424424195662e-05
3.567577223293483257e-04
2.781295042950659990e-04
4.331480158725753427e-05
1.324140612268820405e-05
1.148222509073093534e-05
1.135134971264051273e-05
1.120732395065715536e-05
1.115893883252283558e-05
1.111748952098423615e-05
1.108128435589605942e-05
1.524799608887406066e-05
5.941442796029150486e-04
2.443478842906188220e-05
2.151826811314094812e-05
1.163189881481230259e-05
1.134962349169654772e-05
1.122191861213650554e-05
1.115892337111290544e-05
1.110894027078757063e-05
1.106783111026743427e-05
1.102938040276058018e-05
1.099586097552673891e-05
1.224648076458834112e-05
3.983241040259599686e-04
4.328417344368062913e-05
1.932289706019219011e-05
1.179139417217811570e-05
1.124980735767167062e-05
1.113718462875112891e-05
1.105627325159730390e-05
1.101110865420196205e-05
1.101521957025397569e-05
1.673414517426863313e-04
8.666970097692683339e-05
1.915834945975802839e-05
1.186391455121338367e-05
1.712335688353050500e-05
6.493760738521814346e-04
8.346250979229807854e-05
2.136071270797401667e-05
1.101986526919063181e-05
1.099436121876351535e-05
1.093208175007021055e-05
1.671430072747170925e-04
2.587297931313514709e-04
3.766344525502063334e-05
1.148697083408478647e-05
1.106630952563136816e-05
1.105429601011564955e-05
1.092964703275356442e-05
1.088255612557986751e-05
1.163266460935119539e-05
1.072645391104742885e-04
1.956396590685471892e-05
2.407523425063118339e-05
4.266835749149322510e-04
5.126640826347284019e-05
1.091697868105256930e-05
1.111896017391700298e-05
1.816951589717064053e-05
5.706791998818516731e-04
5.910744584980420768e-05
1.808053093554917723e-05
1.217700628330931067e-05
1.104766943171853200e-05
2.010266871366184205e-05
4.889117553830146790e-04
3.660844231490045786e-05
1.374862858938286081e-05
1.232247450388967991e-05
1.133861314883688465e-05
1.678804983384907246e-05
3.921882307622581720e-04
3.500813545542769134e-05
1.723991954349912703e-05
1.118678665079642087e-05
1.093222272174898535e-05
1.071439783117966726e-05
1.267924744752235711e-05
8.271199767477810383e-04
1.465013338020071387e-05
2.323465014342218637e-05
1.166922720585716888e-05
1.084483301383443177e-05
1.067766788764856756e-05
1.063534637069096789e-05
1.553602851345203817e-05
9.659426723374053836e-05
5.015624992665834725e-05
1.377565240545663983e-05
1.127712857851292938e-05
1.071425867849029601e-05
1.065795458998763934e-05
1.067527318809879944e-05
1.013887231238186359e-04
5.267593587632291019e-05
1.661327223700936884e-05
1.374350631522247568e-05
8.795723988441750407e-05
2.386237320024520159e-04
2.200517519668210298e-05
1.306835474679246545e-05
1.096283995138946921e-05
1.062048067979048938e-05
1.256386258319253102e-05
7.596791838295757771e-04
3.425754039199091494e-05
1.605238503543660045e-05
1.206740398629335687e-05
1.059417809301521629e-05
1.052498828357784078e-05
3.796529563260264695e-05
6.583468057215213776e-04
8.751282439334318042e-05
1.624508695385884494e-05
1.199009784613735974e-05
1.053964024322340265e-05
1.076749049389036372e-05
8.416413038503378630e-05
1.944050600286573172e-04
3.593691508285701275e-05
1.177577541966456920e-05
1.090462228603428230e-05
1.048824560712091625e-05
1.043656084220856428e-05
1.190143666462972760e-05
8.245768840424716473e-04
4.685313615482300520e-05
1.897392758110072464e-05
1.253522077604429796e-05
1.053657069860491902e-05
1.041900031850673258e-05
1.040908591676270589e-05
5.142360168974846601e-05
2.939483674708753824e-04
4.311244629207067192e-05
1.581103970238473266e-05
1.074112697097007185e-05
1.042658732330892235e-05
1.037927449942799285e-05
1.034020897350274026e-05
2.251438127132132649e-05
8.952305506682023406e-05
2.185991470469161868e-04
3.867474515573121607e-05
1.300621988775674254e-05
1.106707986764376983e-05
1.050347145792329684e-05
1.162284934252966195e-05
8.713975548744201660e-04
6.370800838340073824e-05
2.102982762153260410e-05
1.150826210505329072e-05
1.064235584635753185e-05
1.034884826367488131e-05
4.963679384673014283e-05
3.215855394955724478e-05
1.277668779948726296e-04
1.610908293514512479e-05
4.781502138939686120e-05
1.556890347274020314e-04
3.717021172633394599e-05
5.330233761924318969e-05
1.332777610514312983e-04
3.381409624125808477e-05
2.913578282459639013e-05
1.377648441120982170e-04
1.383010530844330788e-04
1.909411730594001710e-05
1.242067901330301538e-05
1.128748317569261417e-05
1.906011893879622221e-04
7.485593960154801607e-05
2.270844015583861619e-05
1.146278736996464431e-05
1.078694276657188311e-05
1.028776841849321499e-05
1.509820685896556824e-05
3.963236522395163774e-04
6.938455044291913509e-05
1.463163789594545960e-05
1.119908665714319795e-05
2.630290873639751226e-05
5.740816413890570402e-05
2.199596019636373967e-05
1.166416313935769722e-05
6.345390283968299627e-05
8.561702270526438951e-05
1.406523733749054372e-05
1.323870128544513136e-05
1.130531290982617065e-05
2.476041117915883660e-05
3.511382674332708120e-04
1.308688933931989595e-05
1.197438905364833772e-05
1.021409480017609894e-05
1.032941054290859029e-05
3.415019091335125268e-05
3.860165597870945930e-04
2.946249151136726141e-05
1.921305192809086293e-05
1.208244157169247046e-05
5.112970757181756198e-05
6.868271884741261601e-05
1.749677721818443388e-05
1.264152888325043023e-05
1.016280475596431643e-05
1.363601222692523152e-05
4.087255001650191844e-05
1.024331504595465958e-04
3.327223384985700250e-05
1.287475060962606221e-05
1.053755568136693910e-05
1.004795558401383460e-05
1.025084839056944475e-05
5.046865553595125675e-04
1.621127448743209243e-04
2.050682269327808172e-05
1.176592104457085952e-05
1.025211531668901443e-05
1.003187844617059454e-05
9.946338650479447097e-06
9.986153600038960576e-06
1.633621141081675887e-04
2.179274597438052297e-04
3.853371163131669164e-05
1.200682982016587630e-05
1.023184540827060118e-05
9.992224477173294872e-06
9.913111171044874936e-06
1.388882265018764883e-05
1.824420178309082985e-04
6.327258597593754530e-05
1.207955210702493787e-05
1.002955468720756471e-05
1.000386146188247949e-05
9.868033885140903294e-06
9.845482054515741765e-06
3.761408515856601298e-05
3.149326657876372337e-04
1.552011963212862611e-05
1.285619146074168384e-05
1.023122604237869382e-05
9.999570465879514813e-06
1.014585177472326905e-05
2.211172250099480152e-04
2.445127029204741120e-05
1.129689553636126220e-05
9.923034667735919356e-06
1.119702428695745766e-04
7.616003131261095405e-05
2.864335692720487714e-05
1.183358472189866006e-05
1.024558787321439013e-05
9.919587682816199958e-06
9.785766451386734843e-06
9.748739103088155389e-06
1.270355551241664216e-05
1.189559334306977689e-04
2.312867763976100832e-05
2.039610080828424543e-05
1.256699306395603344e-05
1.000690917862812057e-05
3.019825817318633199e-05
6.553088314831256866e-05
4.101176455151289701e-05
1.177411741082323715e-05
9.738465450936928391e-06
9.794070138013921678e-06
9.894908544083591551e-06
2.205816854257136583e-04
5.960924681858159602e-05
3.170368290739133954e-05
1.013992186926770955e-05
9.956171197700314224e-06
9.673178283264860511e-06
9.614052032702602446e-06
1.366401556879281998e-05
4.999584634788334370e-04
1.573411827848758548e-05
1.453909317206125706e-05
1.046212855726480484e-05
1.016870555758941919e-05
8.579325367463752627e-05
1.420470507582649589e-04
2.964096529467497021e-05
1.274199803447118029e-05
1.014840290736174211e-05
9.533654520055279136e-06
1.038666414387989789e-05
5.357728805392980576e-04
9.141925693256780505e-05
1.970700577658135444e-05
1.091539161279797554e-05
9.594027687853667885e-06
9.539340680930763483e-06
1.883117511169984937e-05
5.500127008417621255e-05
2.790632970572914928e-05
1.625830736884381622e-05
9.688174941402394325e-06
9.452257472730707377e-06
9.405693162989336997e-06
9.337162737210746855e-06
1.152972981799393892e-05
5.980483838357031345e-04
4.849004471907392144e-05
2.148689964087679982e-05
1.119526496040634811e-05
9.485074770054779947e-06
9.318186130258254707e-06
9.432315891899634153e-06
2.229203964816406369e-04
9.284465340897440910e-05
1.386860003549372777e-05
1.164677451015450060e-05
9.675652108853682876e-06
9.242578016710467637e-06
9.167268217424862087e-06
9.205369678966235369e-06
1.241409772774204612e-04
8.504143625032156706e-05
3.694725819514133036e-05
1.374508246954064816e-05
9.415224667463917285e-06
9.235841389454435557e-06
9.121379662246908993e-06
1.104688089981209487e-05
1.164191708085127175e-04
2.015368772845249623e-05
2.636254976096097380e-05
6.751972978236153722e-05
4.669824556913226843e-05
1.139751111622899771e-05
9.687290912552271038e-06
8.982475264929234982e-06
9.131743354373611510e-06
5.122401853441260755e-05
2.816857013385742903e-04
4.557310239761136472e-05
1.057932331605115905e-05
9.650003448768984526e-06
9.040708391694352031e-06
9.891841727949213237e-06
1.105906194425188005e-04
2.792048690025694668e-05
5.207850335864350200e-05
4.918107515550218523e-05
1.911400431708898395e-05
9.647407750890124589e-06
8.965509550762362778e-06
1.050106675393180922e-05
9.701304370537400246e-04
2.891802614612970501e-05
1.253989557881141081e-05
1.111855453928001225e-05
8.880011591827496886e-06
8.831922059471253306e-06
8.799942406767513603e-06
8.757224350119940937e-06
8.810723556962329894e-06
3.497687284834682941e-04
1.129570300690829754e-04
3.892430686391890049e-05
9.077961294678971171e-06
9.239338396582752466e-06
9.289483386965002865e-06
1.807787048164755106e-04
1.384583083563484251e-05
1.103570139093790203e-05
9.075489288079552352e-06
8.846514901961199939e-06
1.303622848354279995e-04
1.095024708774872124e-04
2.210160891991108656e-05
9.686884368420578539e-06
9.028333806782029569e-06
8.715802323422394693e-06
9.154990948445629328e-06
3.894263354595750570e-04
3.480026862234808505e-05
1.915978100441861898e-05
1.007986065815202892e-05
8.876490937836933881e-06
8.610197255620732903e-06
8.740082193980924785e-06
2.424822159809991717e-04
6.457096606027334929e-05
1.336615787295158952e-05
1.220881222252501175e-05
8.847028766467701644e-06
8.653692930238321424e-06
8.557902219763491303e-06
8.531850653525907546e-06
1.342626455880235881e-05
1.488449343014508486e-04
1.777267461875453591e-04
3.525492138578556478e-05
1.265232367586577311e-05
9.060212505573872477e-06
8.674453056300990283e-06
9.594462426321115345e-06
6.912217941135168076e-04
9.647092520026490092e-05
1.953881837835069746e-05
9.960311217582784593e-06
8.759802767599467188e-06
9.889670764096081257e-06
7.406607619486749172e-05
1.584425626788288355e-05
2.597351849544793367e-04
5.993142258375883102e-05
1.544290353194810450e-05
9.258140380552504212e-06
8.580608664487954229e-06
8.517472451785579324e-06
2.868982664949726313e-05
1.643211289774626493e-04
2.381578997301403433e-05
1.241127301909727976e-05
1.130916734837228432e-05
4.273246158845722675e-04
4.434599031810648739e-05
1.636772321944590658e-05
8.738528777030296624e-06
8.709295798325911164e-06
8.493490895489230752e-06
7.389987149508669972e-05
1.300376752624288201e-04
3.417670086491852999e-05
9.022744052344933152e-06
8.811639418127015233e-06
8.409268048126250505e-06
8.458411684841848910e-06
2.154888352379202843e-04
1.855917362263426185e-04
3.232069138903170824e-05
1.069808422471396625e-05
8.400360457017086446e-06
8.531133062206208706e-06
1.083731331164017320e-04
4.036758764414116740e-05
1.543610960652586073e-05
3.755378202185966074e-05
1.268396681552985683e-05
2.223714909632690251e-05
1.052785046340432018e-05
8.347697075805626810e-06
1.979274748009629548e-05
4.306712071411311626e-05
4.743241879623383284e-05
1.425476239091949537e-05
9.246797162631992251e-06
8.269566933449823409e-06
1.310437619395088404e-05
1.867077953647822142e-04
7.173205085564404726e-05
3.572045534383505583e-05
1.583545090397819877e-04
2.156789014406967908e-05
1.871516542450990528e-05
1.960281806532293558e-04
7.690137863392010331e-05
9.429588317289017141e-06
9.317302101408131421e-06
7.484095112886279821e-05
3.768935857806354761e-04
1.381430920446291566e-04
1.899878043332137167e-05
8.722611710254568607e-06
8.278897439595311880e-06
8.763356163399294019e-06
2.125544560840353370e-04
2.446542566758580506e-05
1.266265371668851003e-05
2.604429610073566437e-04
2.834464248735457659e-05
1.839327887864783406e-05
8.145209903887007385e-06
9.579252946423366666e-06
1.337521680397912860e-04
8.696360600879415870e-05
2.130774555553216487e-05
9.887875421554781497e-06
8.289894140034448355e-06
9.278408469981513917e-06
4.099713114555925131e-04
6.614181620534509420e-05
2.015579593717120588e-05
9.858557859843131155e-06
1.154590609075967222e-05
6.025405600666999817e-04
5.639636947307735682e-05
8.560637070331722498e-06
8.478893505525775254e-06
8.202694516512565315e-06
9.645834325056057423e-06
3.612853470258414745e-04
1.208724370371783152e-05
1.350587899651145563e-05
8.900162356439977884e-06
1.652941136853769422e-05
1.091047161025926471e-04
2.322944965271744877e-05
1.369038454868132249e-05
8.599699867772869766e-06
8.076908670773264021e-06
8.011303179955575615e-06
1.645646989345550537e-05
4.430024418979883194e-04
5.497358870343305171e-05
1.168085782410344109e-05
8.265760698122903705e-06
7.993634426384232938e-06
7.930652827781159431e-06
7.983811883605085313e-06
1.792030670912936330e-04
1.938462082762271166e-04
3.172961805830709636e-05
1.034151227941038087e-05
8.265809810836799443e-06
8.017575055419001728e-06
7.945511242724023759e-06
7.909698069852311164e-06
1.209873698826413602e-05
8.683157648192718625e-05
4.021271015517413616e-04
6.019151987857185304e-05
1.257352232642006129e-05
8.664178494655061513e-06
8.499168870912399143e-06
5.405726915341801941e-05
2.120014250976964831e-04
1.149659692600835115e-05
1.065210381057113409e-05
8.190025255316868424e-06
7.940850082377437502e-06
3.249433575547300279e-05
1.175574725493788719e-04
4.389612513477914035e-05
1.410563891113270074e-05
3.901752279489301145e-05
1.671120298851747066e-05
3.017010567418765277e-05
1.016752867144532502e-05
1.014549798128427938e-05
4.029151459690183401e-04
3.809029294643551111e-05
1.814776260289363563e-05
8.741774763620924205e-06
8.185645128833130002e-06
2.714788388402666897e-05
1.302742311963811517e-04
3.671819285955280066e-05
1.372010319755645469e-05
4.474783054320141673e-05
2.231405233033001423e-05
2.910415969381574541e-05
1.185507153422804549e-05
7.014100992819294333e-05
2.089214831357821822e-04
2.304923327756114304e-05
1.381192760163685307e-05
9.152394341072067618e-06
1.135799902840517461e-04
1.261958823306486011e-04
1.608738239156082273e-05
9.650763786339666694e-06
7.939679562696255744e-06
1.005577360047027469e-05
1.534250623080879450e-04
1.255056849913671613e-04
2.264714930788613856e-05
7.983135219546966255e-06
8.133300980261992663e-06
1.381027595925843343e-05
8.531973435310646892e-05
3.772883428609929979e-05
1.486927794758230448e-05
8.275365871668327600e-06
7.708915291004814208e-06
7.674678272451274097e-06
8.559093657822813839e-06
2.261331246700137854e-04
1.226789463544264436e-04
1.552425965201109648e-05
8.823624739306978881e-06
7.709621058893390000e-06
7.620941232744371518e-06
7.813333468220662326e-06
1.928348792716860771e-04
8.660343883093446493e-05
1.494769367127446458e-05
8.245076969615183771e-06
8.083367902145255357e-06
7.699953130213543773e-06
1.501436872786143795e-05
4.541951057035475969e-05
1.536073432362172753e-05
1.367278455290943384e-04
6.464781472459435463e-05
2.002627843467053026e-05
1.032840009429492056e-05
1.269232016056776047e-04
1.158159720944240689e-04
2.295852937095332891e-05
8.961587809608317912e-06
8.361346772289834917e-06
1.022110736812464893e-04
5.138132837601006031e-05
1.542180543765425682e-04
2.936800410680007190e-05
1.159489056590246037e-05
7.904712219897191972e-06
7.625345460837706923e-06
7.659519724256824702e-06
1.002176941256038845e-04
1.122184494306566194e-05
1.197411893372191116e-05
9.860898899205494672e-06
7.747758900222834200e-06
7.582669695693766698e-06
7.519888185925083235e-06
8.146160325850360096e-06
5.824366598972119391e-05
4.478779010241851211e-05
1.440331288904417306e-05
1.233430430147564039e-05
4.408719833008944988e-04
5.121369031257927418e-05
1.190968578157480806e-05
8.612635610916186124e-06
7.682588147872593254e-06
1.635446278669405729e-05
3.029108047485351562e-04
3.043686410819645971e-05
9.359710020362399518e-06
7.672701940464321524e-06
7.575652034574886784e-06
8.291377525893040001e-06
6.018771091476082802e-04
1.060415524989366531e-04
1.425665141141507775e-05
9.024035534821450710e-06
7.566909062006743625e-06
7.462216672138310969e-06
7.396884939225856215e-06
7.732765880064107478e-06
7.376683643087744713e-04
3.394072700757533312e-05
1.097583117370959371e-05
8.164785867847967893e-06
7.505258963647065684e-06
7.438257853209506720e-06
7.382069270533975214e-06
7.354541594395413995e-06
7.415783784381346777e-06
4.985035629943013191e-04
1.114143597078509629e-04
1.734374200168531388e-05
9.482460882281884551e-06
7.605530754517531022e-06
7.389359780063387007e-06
7.328877472900785506e-06
7.331410870392573997e-06
4.530594742391258478e-05
9.149895777227357030e-05
1.081942446035100147e-05
8.583742783230263740e-06
7.624509180459426716e-06
7.443911272275727242e-06
7.359813480434240773e-06
7.507809641538187861e-06
1.694315142231062055e-04
2.826816307788249105e-05
1.086749762180261314e-05
5.891989567317068577e-04
2.430240965622942895e-05
1.109426557377446443e-05
7.845798791095148772e-06
7.510368959628976882e-06
7.303149686777032912e-06
7.978909707162529230e-06
1.405421207891777158e-04
3.438361818552948534e-05
1.324674030911410227e-05
1.562468096381053329e-04
7.196833757916465402e-05
7.628033472428796813e-06
7.268632089107995853e-06
2.497451532690320164e-05
2.886780712287873030e-04
1.643408540985547006e-05
8.935262485465500504e-06
7.971235390868969262e-06
7.600670414831256494e-06
4.017207829747349024e-04
1.687196345301344991e-04
2.646146276674699038e-05
9.529147973807994276e-06
7.300459401449188590e-06
7.265106432896573097e-06
7.212154741864651442e-06
7.215110144898062572e-06
3.867337363772094250e-05
1.753432297846302390e-05
8.643195542390458286e-06
9.617340765544213355e-06
7.284085313585819677e-06
8.015380444703623652e-06
2.336118923267349601e-04
3.691770325531251729e-05
1.405805960530415177e-05
8.015832463570404798e-06
7.283467766683315858e-06
7.237441877805395052e-06
4.070297291036695242e-05
2.273632562719285488e-04
4.466689279070124030e-05
1.119442094932310283e-05
9.006052096083294600e-06
3.447059425525367260e-04
5.986333053442649543e-05
1.682256515778135508e-05
8.410044756601564586e-06
7.247201665450120345e-06
7.651518899365328252e-06
3.127669042441993952e-04
2.352832416363526136e-05
1.064481966750463471e-05
7.983746399986557662e-06
7.107703822839539498e-06
7.417340384563431144e-06
1.401985355187207460e-04
7.978565008670557290e-06
2.329942981305066496e-05
8.260499271273147315e-06
7.396821729344082996e-06
7.108299541869200766e-06
7.084001936163986102e-06
2.203167059633415192e-05
5.589747524936683476e-05
5.334697925718501210e-05
1.167069240182172507e-05
9.533990123600233346e-06
7.346935944951837882e-06
2.499507172615267336e-05
9.057654096977785230e-05
3.931152969016693532e-05
7.398813522740965709e-06
7.178899977589026093e-06
7.161150278989225626e-06
7.557644494227133691e-06
1.166410875157453120e-04
2.937704812211450189e-05
1.702513327472843230e-05
7.478494353563291952e-06
3.302906770841218531e-05
3.252619717386551201e-05
1.763373074936680496e-05
8.772884029895067215e-06
7.765478585497476161e-06
1.169224560726433992e-05
3.352946660015732050e-04
3.483883483568206429e-05
1.275156046176562086e-05
7.845534128136932850e-06
7.329383151954971254e-06
6.031535303918644786e-05
1.585516147315502167e-04
3.262062091380357742e-05
7.338833256653742865e-06
7.121740964066702873e-06
7.076079327816842124e-06
4.654491567634977400e-05
3.725420174305327237e-05
2.904745997511781752e-05
1.340390153927728534e-04
3.352181010995991528e-05
9.475808838033117354e-06
4.852425627177581191e-05
1.014126173686236143e-04
1.970148878172039986e-05
7.705994903517421335e-06
8.694059215486049652e-05
3.552350244717672467e-05
1.037075071508297697e-05
8.711102964298333973e-06
7.369767445197794586e-06
9.087916623684577644e-06
2.711325396376196295e-05
1.248901389772072434e-05
1.179682294605299830e-05
2.186693891417235136e-04
1.995963430090341717e-05
1.183227868750691414e-05
7.326722425204934552e-06
7.020748398645082489e-06
1.756978599587455392e-05
9.691528248367831111e-05
3.150792690576054156e-05
1.033309854392427951e-05
7.152286343625746667e-06
6.984416813793359324e-06
6.932195447006961331e-06
7.127960998332127929e-05
1.481883227825164795e-04
2.818675784510560334e-05
9.321090146841015667e-06
7.260879556270083413e-06
6.898906576680019498e-06
6.852528258605161682e-06
6.823776402598014101e-06
7.855990588723216206e-06
5.683956551365554333e-04
5.864282502443529665e-05
1.413275094819255173e-05
7.927543265395797789e-06
7.084540357027435675e-06
6.877582109154900536e-06
6.843373284937115386e-06
6.817233497713459656e-06
6.796106845285976306e-06
6.807130375818815082e-06
2.830259909387677908e-04
5.667195364367216825e-05
3.121342160739004612e-05
7.460970664396882057e-06
7.320549684664001688e-06
6.912258868396747857e-06
7.986971468199044466e-06
1.401048211846500635e-05
1.560894270369317383e-05
7.801452738931402564e-06
7.002943675615824759e-06
6.933527401997707784e-06
8.739479380892589688e-05
3.579379699658602476e-05
1.818846612877678126e-05
9.685778422863222659e-06
7.069104867696296424e-06
6.848063094366807491e-06
6.779036993975751102e-06
1.126686856878222898e-05
1.679442066233605146e-04
6.764762656530365348e-05
9.565927939547691494e-06
7.275320967892184854e-06
9.345078069600276649e-06
4.474566085264086723e-04
4.995142080588266253e-05
1.011431686492869630e-05
7.154305876611033455e-06
6.750101420038845390e-06
6.725021194142755121e-06
4.370668102637864649e-05
2.286114904563874006e-04
2.182853495469316840e-05
1.055872417055070400e-05
7.363764325418742374e-06
6.807145382481394336e-06
6.758839390386128798e-06
6.726086667185882106e-06
6.702675818814896047e-06
6.685654170723864809e-06
1.807928492780774832e-05
2.139658026862889528e-04
1.859762778622098267e-05
8.554365194868296385e-06
7.262477083713747561e-06
6.891574685141677037e-06
3.658425994217395782e-04
4.407868254929780960e-05
8.182334568118676543e-06
7.487396487704245374e-06
6.956418474146630615e-06
6.002510781399905682e-05
1.424223009962588549e-04
2.004407724598422647e-05
9.271893759432714432e-06
7.139315130189061165e-06
6.666708486591232941e-06
6.662571195192867890e-06
6.914190635143313557e-06
5.648872465826570988e-04
9.346552542410790920e-05
1.806341788324061781e-05
8.175707080226857215e-06
6.826136996096465737e-06
6.673958523606415838e-06
6.640115771006094292e-06
6.612573088204953820e-06
6.615769962081685662e-06
9.996544395107775927e-05
5.407561548054218292e-05
3.394751911400817335e-05
1.246365354745648801e-05
7.144794835767243057e-06
6.801084509788779542e-06
6.655237029917770997e-06
1.117965621233452111e-05
8.543954754713922739e-05
2.203653639298863709e-05
1.381668262183666229e-04
1.484194490330992267e-05
1.102560963772702962e-05
7.902637662482447922e-06
2.116137184202671051e-04
2.744347148109227419e-05
2.069472247967496514e-05
8.626819180790334940e-06
6.871005098219029605e-06
3.602664946811273694e-05
7.981606177054345608e-05
1.922184674185700715e-05
2.304513327544555068e-05
1.198832251247949898e-04
1.851475281000602990e-05
1.116158910008380190e-05
1.084817813534755260e-05
3.670518635772168636e-04
3.223785461159422994e-05
1.299496852880110964e-05
7.135879513953113928e-06
6.597068932023830712e-06
8.536821951565798372e-06
3.416165054659359157e-05
1.172006159322336316e-04
2.137893534381873906e-05
8.578600500186439604e-06
7.361747066170210019e-06
6.696867785649374127e-06
8.477493793179746717e-06
5.820162477903068066e-04
1.683145455899648368e-05
1.480475111748091877e-05
7.832309165678452700e-06
6.681442755507305264e-06
6.560515430464874953e-06
6.989090252318419516e-06
7.899100892245769501e-04
8.069453178904950619e-05
1.604897624929435551e-05
7.467665909643983468e-06
6.692109309369698167e-06
6.482308435806771740e-06
6.707147804263513535e-06
6.048153736628592014e-04
3.295282294857315719e-05
1.142841483670054004e-05
6.619568466703640297e-06
6.667703928542323411e-06
6.499181836261413991e-06
6.473669600381981581e-06
6.456081337091745809e-06
7.934980203572195023e-06
3.503662010189145803e-04
4.112187161808833480e-05
9.245004548574797809e-06
6.901689175720093772e-06
6.552947979798773304e-06
6.469576419476652518e-06
8.057993909460492432e-06
4.287516640033572912e-04
3.283892510808072984e-05
9.475016668147873133e-06
7.082270712999161333e-06
6.629462404816877097e-06
6.425872925319708884e-06
6.919480256328824908e-06
9.489147923886775970e-04
7.180345710366964340e-05
1.792904731701128185e-05
8.320483175339177251e-06
6.559830580954439938e-06
6.491898147942265496e-06
6.440889137593330815e-06
6.413503342628246173e-06
6.433029739127960056e-06
5.414663464762270451e-04
8.763789082877337933e-06
1.172970132756745443e-05
7.922273653093725443e-06
6.574444796569878235e-06
6.476197540905559435e-06
1.034019442158751190e-05
6.987863162066787481e-05
4.466708560357801616e-05
8.029425771383102983e-06
6.631797532463679090e-06
6.425237643270520493e-06
6.388065230567008257e-06
6.363924967445200309e-06
1.256742416444467381e-05
2.187423815485090017e-04
4.126384737901389599e-05
1.135662841988960281e-05
7.306068710022373125e-06
6.408636636479059234e-06
6.388065230567008257e-06
6.361071882565738633e-06
6.858379947516368702e-06
2.133229136234149337e-04
3.833237497019581497e-05
8.499298019160050899e-06
7.009201908658724278e-06
6.452869001805083826e-06
3.029970685020089149e-05
5.091073107905685902e-04
6.356667290674522519e-05
1.190638795378617942e-05
7.096914941939758137e-06
6.609758656850317493e-06
6.410222795238951221e-06
6.358672635542461649e-06
6.330964424705598503e-06
6.310017852229066193e-06
6.309407126536825672e-06
2.430590975563973188e-04
7.592132897116243839e-05
2.687494816200342029e-05
7.050972271827049553e-06
6.614807261939859018e-06
6.424897492252057418e-06
6.375353223120328039e-06
6.349206614686409011e-06
6.326202310447115451e-06
6.306302566372323781e-06
6.740179742337204516e-06
6.981958722462877631e-05
4.095540862181223929e-05
9.620024684409145266e-06
7.522211490140762180e-06
6.916208349139196798e-06
4.801693721674382687e-04
4.787890429724939167e-05
1.663535658735781908e-05
6.827312972745858133e-06
6.442375251936027780e-06
6.323689376586116850e-06
