3.810096904635429382e-02
2.615372836589813232e-02
2.433118410408496857e-02
2.405516803264617920e-02
2.386335842311382294e-02
2.372274920344352722e-02
2.363521978259086609e-02
2.358581312000751495e-02
2.355945669114589691e-02
2.354484237730503082e-02
2.353548631072044373e-02
2.352824807167053223e-02
2.352161146700382233e-02
2.351476810872554779e-02
2.350717969238758087e-02
2.349835261702537537e-02
2.348762936890125275e-02
2.347399666905403137e-02
2.345593832433223724e-02
2.343147620558738708e-02
2.339827828109264374e-02
2.335398271679878235e-02
2.329663373529911041e-02
2.322504110634326935e-02
2.313889376819133759e-02
2.303837239742279053e-02
2.292323485016822815e-02
2.279142662882804871e-02
2.263830974698066711e-02
2.245914936065673828e-02
2.225488424301147461e-02
2.203499153256416321e-02
2.181079797446727753e-02
2.158788405358791351e-02
2.136489562690258026e-02
2.112965658307075500e-02
2.085863798856735229e-02
2.052491158246994019e-02
2.012365125119686127e-02
1.969274692237377167e-02
1.925496384501457214e-02
1.882733218371868134e-02
1.838823780417442322e-02
1.792588457465171814e-02
1.741788908839225769e-02
1.684931851923465729e-02
1.627491787075996399e-02
1.576548442244529724e-02
1.537410635501146317e-02
1.503585372120141983e-02
1.475183945149183273e-02
1.445862837135791779e-02
1.421051658689975739e-02
1.400764938443899155e-02
1.380649860948324203e-02
1.362723018974065781e-02
1.346200797706842422e-02
1.326068583875894547e-02
1.312562264502048492e-02
1.307685393840074539e-02
1.283813826739788055e-02
1.302968803793191910e-02
1.264379546046257019e-02
1.249809190630912781e-02
1.238691993057727814e-02
1.264190394431352615e-02
1.224242430180311203e-02
1.211894210427999496e-02
1.203170139342546463e-02
1.194822601974010468e-02
1.307242829352617264e-02
1.186465099453926086e-02
1.173946820199489594e-02
1.167226303368806839e-02
1.160723902285099030e-02
1.154212094843387604e-02
1.149510592222213745e-02
1.182753965258598328e-02
1.137337367981672287e-02
1.131915673613548279e-02
1.126184873282909393e-02
1.120890025049448013e-02
1.115603744983673096e-02
1.110562868416309357e-02
1.128474902361631393e-02
1.110839750617742538e-02
1.098501682281494141e-02
1.092806831002235413e-02
1.088423281908035278e-02
1.084101945161819458e-02
1.079784054309129715e-02
1.075470447540283203e-02
1.071284059435129166e-02
1.098292227834463120e-02
1.064396277070045471e-02
1.062348112463951111e-02
1.057361532002687454e-02
1.053574774414300919e-02
1.050032489001750946e-02
1.046516653150320053e-02
1.042998209595680237e-02
1.039477903395891190e-02
1.035955734550952911e-02
1.032432541251182556e-02
1.029900368303060532e-02
1.057386677712202072e-02
1.030450686812400818e-02
1.022546738386154175e-02
1.017954666167497635e-02
1.015053689479827881e-02
1.012204773724079132e-02
1.009355951100587845e-02
1.006510760635137558e-02
1.003664452582597733e-02
1.000815816223621368e-02
9.979704394936561584e-03
9.951223619282245636e-03
9.922754950821399689e-03
9.894301183521747589e-03
9.866379201412200928e-03
1.283746305853128433e-02
9.966581128537654877e-03
9.824727661907672882e-03
9.776169434189796448e-03
9.752196259796619415e-03
9.729100391268730164e-03
9.706011041998863220e-03
9.682971052825450897e-03
9.659937582910060883e-03
9.636911563575267792e-03
9.613863192498683929e-03
9.590822272002696991e-03
9.568008594214916229e-03
1.227302569895982742e-02
9.765831753611564636e-03
9.543836116790771484e-03
9.494473226368427277e-03
9.474653750658035278e-03
9.455640800297260284e-03
9.436612017452716827e-03
9.417589753866195679e-03
9.398569352924823761e-03
9.379534050822257996e-03
9.360487572848796844e-03
9.341442957520484924e-03
9.441467933356761932e-03
9.446369484066963196e-03
9.302110411226749420e-03
9.271206334233283997e-03
9.251755662262439728e-03
9.233268909156322479e-03
9.294405579566955566e-03
9.500735439360141754e-03
9.228023700416088104e-03
9.174732491374015808e-03
9.153236635029315948e-03
9.137231856584548950e-03
9.120997972786426544e-03
9.104857221245765686e-03
9.088732302188873291e-03
9.072569198906421661e-03
9.056414477527141571e-03
9.042486548423767090e-03
9.459730237722396851e-03
9.020912460982799530e-03
9.009566158056259155e-03
8.987344801425933838e-03
8.971719071269035339e-03
8.957399055361747742e-03
8.943102322518825531e-03
8.928778581321239471e-03
8.914460428059101105e-03
8.900103159248828888e-03
8.885756134986877441e-03
9.554058313369750977e-03
9.284770116209983826e-03
8.897548541426658630e-03
8.843204006552696228e-03
8.826527744531631470e-03
8.813267573714256287e-03
8.800810202956199646e-03
8.788347244262695312e-03
8.775869384407997131e-03
8.763368241488933563e-03
8.750857785344123840e-03
8.738318458199501038e-03
9.440516121685504913e-03
8.738479577004909515e-03
8.709160611033439636e-03
8.694126270711421967e-03
8.680523373186588287e-03
8.668620139360427856e-03
8.657303638756275177e-03
1.048415340483188629e-02
8.758663199841976166e-03
8.642205968499183655e-03
8.617858402431011200e-03
8.603902533650398254e-03
8.592994883656501770e-03
8.582002483308315277e-03
8.571017533540725708e-03
8.560012094676494598e-03
8.548961952328681946e-03
8.537886664271354675e-03
8.526977151632308960e-03
1.052001211792230606e-02
8.549263700842857361e-03
8.511256426572799683e-03
8.491735905408859253e-03
8.481083437800407410e-03
8.471316657960414886e-03
8.461407385766506195e-03
8.451513946056365967e-03
8.441602811217308044e-03
8.431656286120414734e-03
8.421653881669044495e-03
8.411627262830734253e-03
8.401608094573020935e-03
9.260133840143680573e-03
8.458264172077178955e-03
8.382491767406463623e-03
8.365287445485591888e-03
8.357835002243518829e-03
9.340723045170307159e-03
8.432031609117984772e-03
8.332745172083377838e-03
8.319677785038948059e-03
8.309935219585895538e-03
8.300524204969406128e-03
8.291193284094333649e-03
8.281894959509372711e-03
8.278223685920238495e-03
9.070803411304950714e-03
8.330597542226314545e-03
8.260138332843780518e-03
8.242274634540081024e-03
8.232092484831809998e-03
8.223250508308410645e-03
8.214442059397697449e-03
8.205617778003215790e-03
8.196708746254444122e-03
8.187802508473396301e-03
9.118423797190189362e-03
8.215934969484806061e-03
8.167796768248081207e-03
8.156267926096916199e-03
8.147891610860824585e-03
8.840288966894149780e-03
8.151011541485786438e-03
8.127182722091674805e-03
8.115776814520359039e-03
8.106223307549953461e-03
8.097745478153228760e-03
8.089142851531505585e-03
8.080427534878253937e-03
8.071691729128360748e-03
8.710755035281181335e-03
8.430215530097484589e-03
8.057002909481525421e-03
8.044757880270481110e-03
8.033936843276023865e-03
8.025467395782470703e-03
8.016871288418769836e-03
8.008208125829696655e-03
7.999354973435401917e-03
7.990356534719467163e-03
7.981154136359691620e-03
7.973616942763328552e-03
7.992868311703205109e-03
7.979427464306354523e-03
7.950083352625370026e-03
7.937407121062278748e-03
7.930687628686428070e-03
8.302196860313415527e-03
7.913831621408462524e-03
7.912367582321166992e-03
7.891692221164703369e-03
7.880804128944873810e-03
7.869944907724857330e-03
7.858929224312305450e-03
7.847515866160392761e-03
7.840217091143131256e-03
8.408296853303909302e-03
7.853254675865173340e-03
7.806583773344755173e-03
7.794530130922794342e-03
7.781171239912509918e-03
7.768414914608001709e-03
7.755119353532791138e-03
7.741257548332214355e-03
7.726815063506364822e-03
7.712651509791612625e-03
8.017133921384811401e-03
7.744780741631984711e-03
7.679472211748361588e-03
7.660598494112491608e-03
7.645480800420045853e-03
7.629952859133481979e-03
7.614174857735633850e-03
7.597901858389377594e-03
7.581088226288557053e-03
7.563743740320205688e-03
7.547736633569002151e-03
8.398978970944881439e-03
7.575714495033025742e-03
7.512108422815799713e-03
7.490503601729869843e-03
7.472966797649860382e-03
7.456415332853794098e-03
7.439801469445228577e-03
7.422863505780696869e-03
7.405598647892475128e-03
7.388039957731962204e-03
7.370159495621919632e-03
9.626988321542739868e-03
7.473826874047517776e-03
7.344027049839496613e-03
7.316402625292539597e-03
7.299711927771568298e-03
7.284090388566255569e-03
7.268528919667005539e-03
7.252799347043037415e-03
7.236910518258810043e-03
7.220861036330461502e-03
7.204642519354820251e-03
7.190949749201536179e-03
7.318568415939807892e-03
7.179332897067070007e-03
7.171640172600746155e-03
7.142819929867982864e-03
7.128501310944557190e-03
7.114889565855264664e-03
7.101236376911401749e-03
7.087521720677614212e-03
7.073744200170040131e-03
7.059898693114519119e-03
7.045995444059371948e-03
7.032016757875680923e-03
7.018926087766885757e-03
7.512361742556095123e-03
7.020682096481323242e-03
6.995445583015680313e-03
6.974897813051939011e-03
6.962388753890991211e-03
6.950079463422298431e-03
6.937797646969556808e-03
6.925495341420173645e-03
6.913763005286455154e-03
7.765627466142177582e-03
6.919298321008682251e-03
6.893410347402095795e-03
6.878293585032224655e-03
6.866928655654191971e-03
6.856186315417289734e-03
6.845700088888406754e-03
6.835266482084989548e-03
6.824871525168418884e-03
6.814484018832445145e-03
6.804171949625015259e-03
6.793859880417585373e-03
6.783603690564632416e-03
6.773522589355707169e-03
7.547452580183744431e-03
6.935992743819952011e-03
6.775023415684700012e-03
6.747573148459196091e-03
6.738402880728244781e-03
6.729868706315755844e-03
6.721446290612220764e-03
6.713071372359991074e-03
6.704747676849365234e-03
6.696408614516258240e-03
6.688139867037534714e-03
6.679852958768606186e-03
6.671627517789602280e-03
6.664635613560676575e-03
8.044162765145301819e-03
6.658507511019706726e-03
6.656866520643234253e-03
6.642946042120456696e-03
6.633724551647901535e-03
6.626493763178586960e-03
6.619437132030725479e-03
6.612408906221389771e-03
6.605394650250673294e-03
6.598376668989658356e-03
6.591398734599351883e-03
6.584410089999437332e-03
6.577439606189727783e-03
7.062296383082866669e-03
6.722396705299615860e-03
6.605090573430061340e-03
6.560767069458961487e-03
6.551909260451793671e-03
6.545595824718475342e-03
6.539359223097562790e-03
6.533264182507991791e-03
6.527159363031387329e-03
6.521062459796667099e-03
6.514995824545621872e-03
6.508932448923587799e-03
6.666392553597688675e-03
6.548842415213584900e-03
6.526957731693983078e-03
6.498534698039293289e-03
6.486805155873298645e-03
6.480476818978786469e-03
6.474987138062715530e-03
6.469558924436569214e-03
6.464151199907064438e-03
6.458720657974481583e-03
6.453319918364286423e-03
6.447886582463979721e-03
6.446691695600748062e-03
7.094033528119325638e-03
6.472121458500623703e-03
6.443435326218605042e-03
6.426287349313497543e-03
6.421236321330070496e-03
6.416141055524349213e-03
6.411359179764986038e-03
8.507390506565570831e-03
6.416470278054475784e-03
6.403011269867420197e-03
6.398734170943498611e-03
6.392006762325763702e-03
6.387327797710895538e-03
6.382719147950410843e-03
6.378160789608955383e-03
6.373602431267499924e-03
6.369030103087425232e-03
6.364542525261640549e-03
8.466318249702453613e-03
6.402225699275732040e-03
6.388110574334859848e-03
6.354738958179950714e-03
6.348202005028724670e-03
6.343869026750326157e-03
6.339641753584146500e-03
6.335468497127294540e-03
6.331292446702718735e-03
6.327096372842788696e-03
6.322908680886030197e-03
6.318701896816492081e-03
6.314498372375965118e-03
7.902367040514945984e-03
6.499779876321554184e-03
6.329231429845094681e-03
6.306305062025785446e-03
6.301185116171836853e-03
6.297217216342687607e-03
6.293377373367547989e-03
6.289551965892314911e-03
6.285738199949264526e-03
6.281943526118993759e-03
6.278111599385738373e-03
6.274274084717035294e-03
6.395264528691768646e-03
6.645476911216974258e-03
6.317466963082551956e-03
6.268640048801898956e-03
6.259329617023468018e-03
6.255706306546926498e-03
6.252055522054433823e-03
6.248399615287780762e-03
6.244723685085773468e-03
6.241051014512777328e-03
6.237362977117300034e-03
6.235826760530471802e-03
7.522406987845897675e-03
6.317778024822473526e-03
6.229843944311141968e-03
6.226713303476572037e-03
6.221734918653964996e-03
6.218210794031620026e-03
6.214734166860580444e-03
6.211270112544298172e-03
6.207769736647605896e-03
6.204267963767051697e-03
6.200702860951423645e-03
6.197166629135608673e-03
6.193572189658880234e-03
6.189952138811349869e-03
6.233781110495328903e-03
6.736062467098236084e-03
6.227976176887750626e-03
6.181247066706418991e-03
6.178047508001327515e-03
6.173743400722742081e-03
6.170296575874090195e-03
6.166817154735326767e-03
6.163326557725667953e-03
6.159824784845113754e-03
6.156278774142265320e-03
6.152772344648838043e-03
7.337201386690139771e-03
6.264280527830123901e-03
6.145962513983249664e-03
6.143909879028797150e-03
6.138222757726907730e-03
6.134759169071912766e-03
6.131313741207122803e-03
6.128043401986360550e-03
7.831070572137832642e-03
6.321818567812442780e-03
6.139999255537986755e-03
6.118385121226310730e-03
6.114249117672443390e-03
6.110861897468566895e-03
6.107485853135585785e-03
6.104102823883295059e-03
6.100635044276714325e-03
6.097181700170040131e-03
6.170509848743677139e-03
6.608501542359590530e-03
6.151979789137840271e-03
6.094603799283504486e-03
6.084789521992206573e-03
6.080988328903913498e-03
6.077582016587257385e-03
6.074206437915563583e-03
6.070826202630996704e-03
6.067343056201934814e-03
6.063821259886026382e-03
6.536548957228660583e-03
6.251154467463493347e-03
6.067662499845027924e-03
6.053572054952383041e-03
6.049629300832748413e-03
6.045718211680650711e-03
6.042121443897485733e-03
6.038559135049581528e-03
6.062385626137256622e-03
6.246203090995550156e-03
6.093173753470182419e-03
6.031269207596778870e-03
6.024112924933433533e-03
6.020259112119674683e-03
6.016593892127275467e-03
6.012870930135250092e-03
6.012784317135810852e-03
6.165730301290750504e-03
6.011266261339187622e-03
6.003990769386291504e-03
5.996966734528541565e-03
5.997882224619388580e-03
6.614182610064744949e-03
6.083409301936626434e-03
5.996068008244037628e-03
5.980428773909807205e-03
5.976581014692783356e-03
5.972678307443857193e-03
5.970012862235307693e-03
6.837517954409122467e-03
6.031577009707689285e-03
5.965991411358118057e-03
5.957694258540868759e-03
5.953377578407526016e-03
5.949645303189754486e-03
6.126713007688522339e-03
5.971424281597137451e-03
6.076923571527004242e-03
5.941169802099466324e-03
5.981797352433204651e-03
6.147765554487705231e-03
5.950582679361104965e-03
5.952183157205581665e-03
5.939473398029804230e-03
5.917322356253862381e-03
5.915163550525903702e-03
5.910507403314113617e-03
6.071703508496284485e-03
5.958898924291133881e-03
5.905454047024250031e-03
5.899893119931221008e-03
5.893819965422153473e-03
5.889768712222576141e-03
6.322807166725397110e-03
5.903524812310934067e-03
5.886906757950782776e-03
5.884627811610698700e-03
6.670458242297172546e-03
5.928840022534132004e-03
5.868342239409685135e-03
5.865748971700668335e-03
5.860695615410804749e-03
6.552900653332471848e-03
6.078789476305246353e-03
5.879480857402086258e-03
5.851730238646268845e-03
5.845712032169103622e-03
5.842168815433979034e-03
5.988945253193378448e-03
5.959507077932357788e-03
5.837902426719665527e-03
5.832147784531116486e-03
5.969850812107324600e-03
5.957225337624549866e-03
5.822747945785522461e-03
5.817707628011703491e-03
5.814704578369855881e-03
5.948239471763372421e-03
5.912499967962503433e-03
5.828336812555789948e-03
5.806289147585630417e-03
5.799552425742149353e-03
5.833674222230911255e-03
5.963780917227268219e-03
5.828465335071086884e-03
5.791549105197191238e-03
5.785909947007894516e-03
5.781543906778097153e-03
6.385767366737127304e-03
6.144370883703231812e-03
5.782668478786945343e-03
5.778819788247346878e-03
5.769925191998481750e-03
5.766275804489850998e-03
5.762987304478883743e-03
5.759697407484054565e-03
5.958629772067070007e-03
5.767562892287969589e-03
5.776145961135625839e-03
5.751575808972120285e-03
5.747366696596145630e-03
5.743957590311765671e-03
5.769868846982717514e-03
6.257191766053438187e-03
5.782737862318754196e-03
5.739843938499689102e-03
5.731617100536823273e-03
5.727773997932672501e-03
5.724408198148012161e-03
5.721184890717267990e-03
5.724957678467035294e-03
6.311971228569746017e-03
5.810577422380447388e-03
5.719409324228763580e-03
5.712322425097227097e-03
5.709058139473199844e-03
5.705993622541427612e-03
5.702953785657882690e-03
5.699932575225830078e-03
5.696896929293870926e-03
5.693855695426464081e-03
5.690816324204206467e-03
5.962789058685302734e-03
5.822377279400825500e-03
5.730847828090190887e-03
5.685939919203519821e-03
5.680728238075971603e-03
5.676970817148685455e-03
5.673776846379041672e-03
5.670759361237287521e-03
5.667681805789470673e-03
5.664748605340719223e-03
7.259747944772243500e-03
5.836026743054389954e-03
5.674487445503473282e-03
5.660611670464277267e-03
5.654014647006988525e-03
5.650646518915891647e-03
5.647529847919940948e-03
5.644456017762422562e-03
5.641363095492124557e-03
5.639750044792890549e-03
5.669269245117902756e-03
5.782113410532474518e-03
5.644505843520164490e-03
5.633285734802484512e-03
5.628209561109542847e-03
5.624947603791952133e-03
5.621877964586019516e-03
5.618827417492866516e-03
5.615746602416038513e-03
5.612649023532867432e-03
5.609552841633558273e-03
6.146764848381280899e-03
5.861040670424699783e-03
5.665856413543224335e-03
5.605654790997505188e-03
5.602361168712377548e-03
5.598679650574922562e-03
5.595656577497720718e-03
5.592709872871637344e-03
5.589763168245553970e-03
5.586815997958183289e-03
5.583870224654674530e-03
5.580895580351352692e-03
5.577932577580213547e-03
5.810032133013010025e-03
5.864909384399652481e-03
5.629387218505144119e-03
5.571218673139810562e-03
5.567877087742090225e-03
5.564094055444002151e-03
5.560978315770626068e-03
5.557977128773927689e-03
5.554986651986837387e-03
5.551970563828945160e-03
5.592352245002985001e-03
5.880390293896198273e-03
5.577864125370979309e-03
5.547336768358945847e-03
5.542836152017116547e-03
5.539224483072757721e-03
5.536178592592477798e-03
5.533241666853427887e-03
5.530258174985647202e-03
5.527317523956298828e-03
5.524314939975738525e-03
5.521317943930625916e-03
5.547968205064535141e-03
6.726566702127456665e-03
5.703592672944068909e-03
5.538848228752613068e-03
5.522204563021659851e-03
5.515886005014181137e-03
5.512461066246032715e-03
5.509686656296253204e-03
5.506961606442928314e-03
5.504288244992494583e-03
5.501622799783945084e-03
5.498971790075302124e-03
5.496334284543991089e-03
5.493664182722568512e-03
5.491006188094615936e-03
5.495748482644557953e-03
6.117117591202259064e-03
5.486328154802322388e-03
5.490632262080907822e-03
5.481487605720758438e-03
5.477616563439369202e-03
5.474955774843692780e-03
5.472244694828987122e-03
5.469596944749355316e-03
5.466972477734088898e-03
6.130327470600605011e-03
5.555133335292339325e-03
5.466606002300977707e-03
5.460983607918024063e-03
5.457819439470767975e-03
5.454546771943569183e-03
5.451849196106195450e-03
5.449173972010612488e-03
5.446530878543853760e-03
5.443859845399856567e-03
5.441190674901008606e-03
5.441741086542606354e-03
6.597684696316719055e-03
5.579079966992139816e-03
5.454319063574075699e-03
5.434000398963689804e-03
5.429496988654136658e-03
5.426621995866298676e-03
5.423992872238159180e-03
5.421360488981008530e-03
5.418719723820686340e-03
5.416052415966987610e-03
5.413395818322896957e-03
5.411471240222454071e-03
6.976030766963958740e-03
5.547273904085159302e-03
5.419915542006492615e-03
5.405663046985864639e-03
5.400996655225753784e-03
5.398116540163755417e-03
5.395521409809589386e-03
5.392931401729583740e-03
5.472430493682622910e-03
5.589380394667387009e-03
5.411467980593442917e-03
5.392966791987419128e-03
5.384403280913829803e-03
5.380687769502401352e-03
5.377959925681352615e-03
5.375388544052839279e-03
5.372794345021247864e-03
5.370202939957380295e-03
5.394865293055772781e-03
5.513018928468227386e-03
5.457626655697822571e-03
5.371066741645336151e-03
5.362139083445072174e-03
5.358329974114894867e-03
5.355719476938247681e-03
5.353121086955070496e-03
5.350566934794187546e-03
5.347962956875562668e-03
5.345455836504697800e-03
7.128170691430568695e-03
5.665465723723173141e-03
5.357685498893260956e-03
5.340139847248792648e-03
5.336669273674488068e-03
5.333829205483198166e-03
5.331284832209348679e-03
5.328726023435592651e-03
5.326197016984224319e-03
5.323642864823341370e-03
5.321410950273275375e-03
7.879711687564849854e-03
5.373574793338775635e-03
5.341517738997936249e-03
5.316297989338636398e-03
5.312450695782899857e-03
5.309476982802152634e-03
5.306932609528303146e-03
5.304433871060609818e-03
5.301871336996555328e-03
5.299312993884086609e-03
5.401880014687776566e-03
5.584482103586196899e-03
5.322856362909078598e-03
5.298439878970384598e-03
5.291176028549671173e-03
5.287655163556337357e-03
5.285011138767004013e-03
5.282467231154441833e-03
5.279920995235443115e-03
5.277393385767936707e-03
5.526692606508731842e-03
5.619831383228302002e-03
5.293003283441066742e-03
5.276575218886137009e-03
5.268392618745565414e-03
5.265919491648674011e-03
5.263350438326597214e-03
5.260859616100788116e-03
5.258927587419748306e-03
7.283481303602457047e-03
5.475110840052366257e-03
5.273079965263605118e-03
5.253814160823822021e-03
5.248911213129758835e-03
5.246119573712348938e-03
5.243517924100160599e-03
5.240980535745620728e-03
5.248274188488721848e-03
5.929359700530767441e-03
5.351093597710132599e-03
5.239113233983516693e-03
5.232547875493764877e-03
5.228911060839891434e-03
5.226229317486286163e-03
5.223640706390142441e-03
5.221102852374315262e-03
5.254106596112251282e-03
5.558980163186788559e-03
5.277803167700767517e-03
5.221221130341291428e-03
5.213385913521051407e-03
5.209206603467464447e-03
5.206523928791284561e-03
5.203921813517808914e-03
5.201304797083139420e-03
5.198977421969175339e-03
7.032484281808137894e-03
5.353612359613180161e-03
5.203254986554384232e-03
5.193497985601425171e-03
5.189464893192052841e-03
5.186740309000015259e-03
5.184147041290998459e-03
5.181577522307634354e-03
5.179001484066247940e-03
5.406605079770088196e-03
5.725496914237737656e-03
5.186119116842746735e-03
5.180058069527149200e-03
5.170309450477361679e-03
5.167078226804733276e-03
5.164379253983497620e-03
5.161786451935768127e-03
5.159201100468635559e-03
5.156604107469320297e-03
6.423978134989738464e-03
5.236378405243158340e-03
5.203769076615571976e-03
5.152505822479724884e-03
5.147593561559915543e-03
5.144808907061815262e-03
5.142226815223693848e-03
5.139645654708147049e-03
5.137064959853887558e-03
5.155375227332115173e-03
5.568874534219503403e-03
5.170967429876327515e-03
5.135850049555301666e-03
5.127516109496355057e-03
5.124325864017009735e-03
5.121611990034580231e-03
5.119182635098695755e-03
7.684155832976102829e-03
5.484066903591156006e-03
5.166147369891405106e-03
5.117554683238267899e-03
5.110488273203372955e-03
5.107669625431299210e-03
5.105172283947467804e-03
5.102645140141248703e-03
5.100108217447996140e-03
5.097554065287113190e-03
5.095041356980800629e-03
6.173816043883562088e-03
5.137431435286998749e-03
5.137385800480842590e-03
5.090535618364810944e-03
5.085774231702089310e-03
5.083259660750627518e-03
5.080652423202991486e-03
5.078083369880914688e-03
5.075545050203800201e-03
5.073367152363061905e-03
7.894777692854404449e-03
5.202904809266328812e-03
5.087582860141992569e-03
5.069659557193517685e-03
5.064076278358697891e-03
5.061396863311529160e-03
5.058817565441131592e-03
5.056295543909072876e-03
5.053736735135316849e-03
5.051541607826948166e-03
7.565544918179512024e-03
5.266952794045209885e-03
5.051627289503812790e-03
5.047506187111139297e-03
5.042031407356262207e-03
5.039352457970380783e-03
5.036776885390281677e-03
5.034259054809808731e-03
5.031729117035865784e-03
5.029324907809495926e-03
9.118774905800819397e-03
5.379382986575365067e-03
5.046207457780838013e-03
5.026659928262233734e-03
5.022482015192508698e-03
5.019823089241981506e-03
5.017392337322235107e-03
5.026673432439565659e-03
5.037126131355762482e-03
5.018912255764007568e-03
5.010021850466728210e-03
5.007234402000904083e-03
5.046672187745571136e-03
5.518459714949131012e-03
5.016264971345663071e-03
5.006731487810611725e-03
4.997468087822198868e-03
4.994202405214309692e-03
4.991874098777770996e-03
5.016100127249956131e-03
5.875986069440841675e-03
5.045684054493904114e-03
4.987257067114114761e-03
4.983869846910238266e-03
4.980111494660377502e-03
4.977736622095108032e-03
4.975384101271629333e-03
4.973092116415500641e-03
5.085263401269912720e-03
5.147044546902179718e-03
5.035605747252702713e-03
4.970765672624111176e-03
4.964611493051052094e-03
4.961979109793901443e-03
4.959536716341972351e-03
4.957165103405714035e-03
4.954803269356489182e-03
4.952650517225265503e-03
7.862181402742862701e-03
5.270922556519508362e-03
4.992819391191005707e-03
4.949836991727352142e-03
4.944787360727787018e-03
4.942200146615505219e-03
4.939889069646596909e-03
4.937573801726102829e-03
4.935250151902437210e-03
4.932973068207502365e-03
5.086873192340135574e-03
5.277054850012063980e-03
4.962900653481483459e-03
4.929955117404460907e-03
4.925568588078022003e-03
4.922356922179460526e-03
4.919977393001317978e-03
4.917685408145189285e-03
4.915391094982624054e-03
4.913387820124626160e-03
8.340308442711830139e-03
5.062308162450790405e-03
4.926467780023813248e-03
4.908420145511627197e-03
4.906528629362583160e-03
4.903587512671947479e-03
4.901289008557796478e-03
4.899031948298215866e-03
4.896789323538541794e-03
4.894506186246871948e-03
4.892319906502962112e-03
5.262422841042280197e-03
5.155769642442464828e-03
4.951118957251310349e-03
4.891779739409685135e-03
4.885150119662284851e-03
4.882215987890958786e-03
4.879930522292852402e-03
4.877673462033271790e-03
4.875856451690196991e-03
5.626549012959003448e-03
4.952018149197101593e-03
4.873093683272600174e-03
4.870607517659664154e-03
4.876194987446069717e-03
5.322377197444438934e-03
4.947412759065628052e-03
4.868589807301759720e-03
4.859727807343006134e-03
4.856787156313657761e-03
4.854593891650438309e-03
4.992435686290264130e-03
4.862689413130283356e-03
4.859613254666328430e-03
4.848290234804153442e-03
4.847172182053327560e-03
4.843704868108034134e-03
4.841341171413660049e-03
4.839141853153705597e-03
4.859626293182373047e-03
5.845517385751008987e-03
4.914678633213043213e-03
4.842844326049089432e-03
4.832546692341566086e-03
4.829037934541702271e-03
4.826703108847141266e-03
4.824477713555097580e-03
4.822296556085348129e-03
4.916632082313299179e-03
5.091570317745208740e-03
4.881692584604024887e-03
4.820435307919979095e-03
4.815388005226850510e-03
4.812275990843772888e-03
4.810051992535591125e-03
4.807876423001289368e-03
4.805696662515401840e-03
4.843521397560834885e-03
5.324060562998056412e-03
4.822377581149339676e-03
4.802416544407606125e-03
4.798247013241052628e-03
4.795254673808813095e-03
4.825963638722896576e-03
5.412678234279155731e-03
4.818394780158996582e-03
4.791894927620887756e-03
4.786302335560321808e-03
4.784198943525552750e-03
4.782016854733228683e-03
4.779986571520566940e-03
5.500922910869121552e-03
5.071218591183423996e-03
4.793810192495584488e-03
4.781940486282110214e-03
4.772886633872985840e-03
4.769982770085334778e-03
4.767837468534708023e-03
4.765717778354883194e-03
4.763601813465356827e-03
4.761799238622188568e-03
7.440994493663311005e-03
5.088227335363626480e-03
4.768419545143842697e-03
4.755870904773473740e-03
4.753787536174058914e-03
4.751403816044330597e-03
4.749277140945196152e-03
4.747147206217050552e-03
4.745021928101778030e-03
4.756350535899400711e-03
5.509461741894483566e-03
4.844523500651121140e-03
4.750542342662811279e-03
4.738288931548595428e-03
4.735249560326337814e-03
4.732995294034481049e-03
4.730917047709226608e-03
4.728828556835651398e-03
4.768217448145151138e-03
4.767026286572217941e-03
4.827677272260189056e-03
4.725520964711904526e-03
4.722775891423225403e-03
4.719267599284648895e-03
4.717088770121335983e-03
4.715008195489645004e-03
4.712941125035285950e-03
4.710866138339042664e-03
4.709001630544662476e-03
7.480991538614034653e-03
5.087975878268480301e-03
4.719454795122146606e-03
4.704408813267946243e-03
4.701219499111175537e-03
4.699133336544036865e-03
4.696991294622421265e-03
4.694920498877763748e-03
4.692844115197658539e-03
4.691226407885551453e-03
5.242123734205961227e-03
4.918106365948915482e-03
4.700603429228067398e-03
4.687602166086435318e-03
4.697113763540983200e-03
5.265678744763135910e-03
4.685189574956893921e-03
4.677277058362960815e-03
4.677948076277971268e-03
4.674512427300214767e-03
4.777919035404920578e-03
5.170283373445272446e-03
4.673306830227375031e-03
4.674264229834079742e-03
4.664777312427759171e-03
4.662605002522468567e-03
4.664554260671138763e-03
6.365008186548948288e-03
4.722469951957464218e-03
4.659472033381462097e-03
4.655582830309867859e-03
4.651878494769334793e-03
4.649874754250049591e-03
4.648474510759115219e-03
6.021442823112010956e-03
4.927476868033409119e-03
4.677539225667715073e-03
4.644095432013273239e-03
4.639667458832263947e-03
4.637569654732942581e-03
4.635673947632312775e-03
4.984318744391202927e-03
4.746232181787490845e-03
4.643908236175775528e-03
4.630602896213531494e-03
4.626968409866094589e-03
4.634224344044923782e-03
5.237522535026073456e-03
4.626379813998937607e-03
4.627220332622528076e-03
4.618195351213216782e-03
4.616056568920612335e-03
4.620882682502269745e-03
5.461287684738636017e-03
4.728044848889112473e-03
4.616648890078067780e-03
4.607717506587505341e-03
4.605793394148349762e-03
4.603567533195018768e-03
4.632870201021432877e-03
4.960909951478242874e-03
4.646287299692630768e-03
4.602472297847270966e-03
4.596814047545194626e-03
4.593351390212774277e-03
4.624133929610252380e-03
4.992439877241849899e-03
4.611773882061243057e-03
4.587724339216947556e-03
4.585110582411289215e-03
4.582677967846393585e-03
4.582631867378950119e-03
6.419726647436618805e-03
4.627936054021120071e-03
4.606955684721469879e-03
4.575197584927082062e-03
4.572455771267414093e-03
4.570108372718095779e-03
4.568829201161861420e-03
5.923437420278787613e-03
4.842641763389110565e-03
4.592693410813808441e-03
4.562768153846263885e-03
4.560547415167093277e-03
4.558071494102478027e-03
4.612007644027471542e-03
4.771685693413019180e-03
4.577367100864648819e-03
4.554582294076681137e-03
4.550165031105279922e-03
4.552301485091447830e-03
5.962506402283906937e-03
4.564370494335889816e-03
4.562901798635721207e-03
4.542250651866197586e-03
4.539703950285911560e-03
4.537191707640886307e-03
4.552826751023530960e-03
4.776042420417070389e-03
4.539031069725751877e-03
4.544746130704879761e-03
4.528869874775409698e-03
4.526886157691478729e-03
4.524764604866504669e-03
4.523158073425292969e-03
6.178594660013914108e-03
4.710611421614885330e-03
4.551117774099111557e-03
4.525757860392332077e-03
4.515537992119789124e-03
4.513346124440431595e-03
4.511241335421800613e-03
4.509316757321357727e-03
4.924591630697250366e-03
4.771061707288026810e-03
4.538272041827440262e-03
4.505037330090999603e-03
4.502669908106327057e-03
4.499764647334814072e-03
4.497693385928869247e-03
4.495632369071245193e-03
4.514473490417003632e-03
5.311893764883279800e-03
4.533059429377317429e-03
4.508810117840766907e-03
4.489856772124767303e-03
4.486575257033109665e-03
4.484253004193305969e-03
4.482236690819263458e-03
4.480196628719568253e-03
4.478158429265022278e-03
4.604676272720098495e-03
4.930725786834955215e-03
4.532295279204845428e-03
4.480504896491765976e-03
4.471969790756702423e-03
4.469636362046003342e-03
4.467514343559741974e-03
4.465495236217975616e-03
4.463476594537496567e-03
4.461556207388639450e-03
6.287815980613231659e-03
4.488651640713214874e-03
4.486000165343284607e-03
4.462028853595256805e-03
4.454697016626596451e-03
4.452355206012725830e-03
4.450223408639431000e-03
4.448191728442907333e-03
4.446246661245822906e-03
5.775508005172014236e-03
4.452290944755077362e-03
4.479714669287204742e-03
4.448235034942626953e-03
4.439363721758127213e-03
4.436579067260026932e-03
4.434485454112291336e-03
4.432393237948417664e-03
4.430321045219898224e-03
4.466770216822624207e-03
4.930146038532257080e-03
4.458989482372999191e-03
4.437908530235290527e-03
4.424507264047861099e-03
4.421134013682603836e-03
4.418999888002872467e-03
4.416914191097021103e-03
4.414808470755815506e-03
4.415506031364202499e-03
4.479919560253620148e-03
4.533733241260051727e-03
4.427022300660610199e-03
4.411135800182819366e-03
4.405683372169733047e-03
4.403413273394107819e-03
4.401258192956447601e-03
4.399099387228488922e-03
4.396966192871332169e-03
4.612000193446874619e-03
4.984128754585981369e-03
4.407095257192850113e-03
4.396240692585706711e-03
4.390582442283630371e-03
4.388177301734685898e-03
4.385921172797679901e-03
4.383811261504888535e-03
4.381684586405754089e-03
4.379563033580780029e-03
4.379621706902980804e-03
6.027014460414648056e-03
4.454161971807479858e-03
4.393418319523334503e-03
4.376371856778860092e-03
4.371477290987968445e-03
4.369271453469991684e-03
4.367147572338581085e-03
4.365034401416778564e-03
4.362908191978931427e-03
4.360784776508808136e-03
4.358652047812938690e-03
5.424280650913715363e-03
4.621303640305995941e-03
4.368216730654239655e-03
4.354435950517654419e-03
4.353262018412351608e-03
4.349795170128345490e-03
4.347607027739286423e-03
4.345450550317764282e-03
4.343275446444749832e-03
4.341078456491231918e-03
4.338877741247415543e-03
4.336781799793243408e-03
8.324235677719116211e-03
4.788546357303857803e-03
4.353410564363002777e-03
4.338188096880912781e-03
4.331759642809629440e-03
4.328819457441568375e-03
4.326579160988330841e-03
4.324439447373151779e-03
4.322273191064596176e-03
4.320118110626935959e-03
4.319893196225166321e-03
4.325679037719964981e-03
4.517598543316125870e-03
4.348309244960546494e-03
4.314455203711986542e-03
4.311387427151203156e-03
4.308843985199928284e-03
4.306597169488668442e-03
4.304406233131885529e-03
4.302196670323610306e-03
4.299967084079980850e-03
4.297746345400810242e-03
4.697290714830160141e-03
4.406687803566455841e-03
4.369766917079687119e-03
4.306163173168897629e-03
4.292909055948257446e-03
4.289494361728429794e-03
4.287091549485921860e-03
4.284906666725873947e-03
4.282729234546422958e-03
4.280519671738147736e-03
4.278310574591159821e-03
4.276044201105833054e-03
4.283922724425792694e-03
5.028339568525552750e-03
4.472284577786922455e-03
4.287256859242916107e-03
4.272032063454389572e-03
4.267835989594459534e-03
4.265550058335065842e-03
4.263360053300857544e-03
4.261196590960025787e-03
4.259025678038597107e-03
4.256829153746366501e-03
4.254637751728296280e-03
4.302471410483121872e-03
4.405305255204439163e-03
4.327024798840284348e-03
4.267239943146705627e-03
4.248903598636388779e-03
4.245876334607601166e-03
4.243657924234867096e-03
4.241484683007001877e-03
4.239259753376245499e-03
4.237082786858081818e-03
4.234852269291877747e-03
4.241180606186389923e-03
6.023305002599954605e-03
4.356793593615293503e-03
4.238863009959459305e-03
4.230499267578125000e-03
4.226467106491327286e-03
4.224206320941448212e-03
4.222034476697444916e-03
4.219862632453441620e-03
4.217679146677255630e-03
4.215488675981760025e-03
4.213294014334678650e-03
4.366362001746892929e-03
5.196987651288509369e-03
4.311552736908197403e-03
4.224248230457305908e-03
4.209528677165508270e-03
4.205455537885427475e-03
4.203283693641424179e-03
4.201120696961879730e-03
4.198994021862745285e-03
4.196837544441223145e-03
4.194696899503469467e-03
4.192519467324018478e-03
4.190394189208745956e-03
7.664308883249759674e-03
4.433780908584594727e-03
4.200063645839691162e-03
4.188165068626403809e-03
4.185385070741176605e-03
4.182268865406513214e-03
4.180081654340028763e-03
4.177919588983058929e-03
4.175751470029354095e-03
4.173585213720798492e-03
4.171402193605899811e-03
4.174376837909221649e-03
4.971906077116727829e-03
4.264926537871360779e-03
4.175509791821241379e-03
4.163658712059259415e-03
4.199957475066184998e-03
4.710073117166757584e-03
4.161209799349308014e-03
4.169000312685966492e-03
4.154995549470186234e-03
4.152914043515920639e-03
4.150500986725091934e-03
4.148856736719608307e-03
6.798740942031145096e-03
4.425193183124065399e-03
4.182165488600730896e-03
4.143543541431427002e-03
4.141102544963359833e-03
4.139002878218889236e-03
4.136729519814252853e-03
4.134555812925100327e-03
4.132412374019622803e-03
4.130274057388305664e-03
5.392791237682104111e-03
4.573679529130458832e-03
4.195955581963062286e-03
4.134692251682281494e-03
4.126654006540775299e-03
4.123129881918430328e-03
4.120876546949148178e-03
4.118835553526878357e-03
4.116769880056381226e-03
4.114693962037563324e-03
4.112621303647756577e-03
4.110523033887147903e-03
4.108432680368423462e-03
1.129999384284019470e-02
4.503904841840267181e-03
4.155463073402643204e-03
4.113502800464630127e-03
4.104936495423316956e-03
4.102195147424936295e-03
4.100171383470296860e-03
4.098177421838045120e-03
4.096202086657285690e-03
4.094198346138000488e-03
4.092199262231588364e-03
4.090199712663888931e-03
4.088158253580331802e-03
4.086097702383995056e-03
4.084050189703702927e-03
4.086494445800781250e-03
4.751895554363727570e-03
4.115590360015630722e-03
4.101033788174390793e-03
4.082751926034688950e-03
4.077096935361623764e-03
4.074733238667249680e-03
4.072703886777162552e-03
4.070688970386981964e-03
4.068641923367977142e-03
4.066616296768188477e-03
4.064559936523437500e-03
4.062488209456205368e-03
4.060397390276193619e-03
4.058554768562316895e-03
9.207995608448982239e-03
4.106509499251842499e-03
4.069144371896982193e-03
4.056074190884828568e-03
4.053419455885887146e-03
4.050372168421745300e-03
4.048265982419252396e-03
4.046209156513214111e-03
4.044159781187772751e-03
4.042075481265783310e-03
4.040007479488849640e-03
4.037979524582624435e-03
4.681413061916828156e-03
4.315691534429788589e-03
4.128626082092523575e-03
4.035000223666429520e-03
4.032562486827373505e-03
4.029461182653903961e-03
4.027296323329210281e-03
4.025233443826436996e-03
4.023140296339988708e-03
4.021050874143838882e-03
4.018926993012428284e-03
4.083455074578523636e-03
4.313332494348287582e-03
4.046279005706310272e-03
4.033742006868124008e-03
