2.364498004317283630e-02
2.336676977574825287e-02
2.327277511358261108e-02
2.319469116628170013e-02
2.311055548489093781e-02
2.299723215401172638e-02
2.285541221499443054e-02
2.270748279988765717e-02
2.256263792514801025e-02
2.242060378193855286e-02
2.227716892957687378e-02
2.212294936180114746e-02
2.193601243197917938e-02
2.167292498052120209e-02
2.130709588527679443e-02
2.084729075431823730e-02
2.032434009015560150e-02
1.976653002202510834e-02
1.913737505674362183e-02
1.842935197055339813e-02
1.775848306715488434e-02
1.725762337446212769e-02
1.665797084569931030e-02
1.616769842803478241e-02
1.571325585246086121e-02
1.527024526149034500e-02
1.483036112040281296e-02
1.438405457884073257e-02
1.403134595602750778e-02
1.401052158325910568e-02
1.325755193829536438e-02
1.289910264313220978e-02
1.252067834138870239e-02
1.202855724841356277e-02
1.186175551265478134e-02
1.119994558393955231e-02
1.087308395653963089e-02
1.712868548929691315e-02
1.036862842738628387e-02
1.014102250337600708e-02
1.002146303653717041e-02
9.824727661907672882e-03
9.657572954893112183e-03
5.564163997769355774e-02
9.423874318599700928e-03
9.288124740123748779e-03
9.157448075711727142e-03
3.466387465596199036e-02
8.938386105000972748e-03
8.819224312901496887e-03
1.078082155436277390e-02
8.648704737424850464e-03
8.550802245736122131e-03
8.451403118669986725e-03
8.465262129902839661e-03
8.295315317809581757e-03
8.203343488276004791e-03
8.171370252966880798e-03
8.067010901868343353e-03
7.984216324985027313e-03
7.945437915623188019e-03
7.862432859838008881e-03
7.784952409565448761e-03
7.758374325931072235e-03
7.665015291422605515e-03
1.507904473692178726e-02
7.550696842372417450e-03
7.478761021047830582e-03
9.001503698527812958e-03
7.373025175184011459e-03
7.304977625608444214e-03
7.541900966316461563e-03
7.208017632365226746e-03
7.144276518374681473e-03
8.833639323711395264e-03
7.053325884044170380e-03
6.991079077124595642e-03
8.171290159225463867e-03
6.899803411215543747e-03
6.840175483375787735e-03
1.226460561156272888e-02
6.759082898497581482e-03
6.701647303998470306e-03
7.088905666023492813e-03
6.617641542106866837e-03
6.561072543263435364e-03
9.026341140270233154e-03
6.478691473603248596e-03
6.425482220947742462e-03
6.409136112779378891e-03
6.344147957861423492e-03
6.367725785821676254e-03
6.268033757805824280e-03
6.216471083462238312e-03
6.220271810889244080e-03
6.197435781359672546e-03
6.096018943935632706e-03
6.046781316399574280e-03
6.024904549121856689e-03
5.975756794214248657e-03
5.987472832202911377e-03
5.903180688619613647e-03
7.081203162670135498e-03
5.825561005622148514e-03
5.821234080940485001e-03
5.749823059886693954e-03
5.755442660301923752e-03
5.676570348441600800e-03
5.646175704896450043e-03
5.723881069570779800e-03
5.591793451458215714e-03
5.536948796361684799e-03
5.850767251104116440e-03
5.466681905090808868e-03
5.455004982650279999e-03
6.318060215562582016e-03
5.400934256613254547e-03
5.334389861673116684e-03
5.304025951772928238e-03
5.273677874356508255e-03
5.237831268459558487e-03
5.213953554630279541e-03
5.175924394279718399e-03
5.212734919041395187e-03
1.089133974164724350e-02
5.085379350930452347e-03
5.096247885376214981e-03
5.026246421039104462e-03
5.010603927075862885e-03
4.969363566488027573e-03
4.943754989653825760e-03
4.910244140774011612e-03
4.884308669716119766e-03
4.927106201648712158e-03
5.882952827960252762e-03
4.839891567826271057e-03
4.777579102665185928e-03
4.753116052597761154e-03
4.760256968438625336e-03
4.846070893108844757e-03
4.710609558969736099e-03
5.237644538283348083e-03
4.624568857252597809e-03
4.601030144840478897e-03
4.592779558151960373e-03
4.555234219878911972e-03
4.765042569488286972e-03
4.523368552327156067e-03
4.497127141803503036e-03
4.488970153033733368e-03
4.459343384951353073e-03
4.506702069193124771e-03
4.419039003551006317e-03
4.567613825201988220e-03
4.374867305159568787e-03
4.357978235930204391e-03
4.428613465279340744e-03
7.833516225218772888e-03
4.287549294531345367e-03
6.014603655785322189e-03
4.410607740283012390e-03
4.211875144392251968e-03
4.221156705170869827e-03
4.412285517901182175e-03
4.118437413126230240e-03
4.061880987137556076e-03
4.042517859488725662e-03
3.987040370702743530e-03
4.224300384521484375e-03
3.922303207218647003e-03
3.941596485674381256e-03
3.898571245372295380e-03
3.836483228951692581e-03
3.810430644080042839e-03
3.781667444854974747e-03
3.767355578020215034e-03
4.038542043417692184e-03
4.317859653383493423e-03
5.881084129214286804e-03
5.470510106533765793e-03
4.002436529844999313e-03
3.686913987621665001e-03
6.309774704277515411e-03
3.599114483222365379e-03
3.568074898794293404e-03
3.545955289155244827e-03
3.524205414578318596e-03
3.502918407320976257e-03
3.495862707495689392e-03
3.459468018263578415e-03
3.824208863079547882e-03
3.416598774492740631e-03
3.403862705454230309e-03
3.377602202817797661e-03
3.370299004018306732e-03
3.354185726493597031e-03
3.322360571473836899e-03
3.301515243947505951e-03
3.290244610980153084e-03
3.898187773302197456e-03
3.405082970857620239e-03
3.294742200523614883e-03
3.207645611837506294e-03
3.198439721018075943e-03
3.228658810257911682e-03
3.313527675345540047e-03
3.150006057694554329e-03
3.144198795780539513e-03
3.139917505905032158e-03
3.496354212984442711e-03
3.082092851400375366e-03
3.712506266310811043e-03
3.076630178838968277e-03
3.136156126856803894e-03
3.021068638190627098e-03
2.995715243741869926e-03
2.977738622575998306e-03
2.970054280012845993e-03
3.113688202574849129e-03
2.953888149932026863e-03
2.957521239295601845e-03
2.908770227804780006e-03
3.142479807138442993e-03
2.880104351788759232e-03
2.865358022972941399e-03
2.907038433477282524e-03
2.893252065405249596e-03
2.840090310201048851e-03
2.820429857820272446e-03
3.543256083503365517e-03
2.831824356690049171e-03
3.042669501155614853e-03
3.135330276563763618e-03
2.750362269580364227e-03
2.793168649077415466e-03
2.728076651692390442e-03
2.755720168352127075e-03
2.701489022001624107e-03
2.779776696115732193e-03
2.669173758476972580e-03
2.673944691196084023e-03
2.645674394443631172e-03
2.636902499943971634e-03
2.876254497095942497e-03
3.523193066939711571e-03
2.941183280199766159e-03
2.629074268043041229e-03
2.581273438408970833e-03
3.598853712901473045e-03
2.762889023870229721e-03
2.549978438764810562e-03
2.579782390967011452e-03
2.611057600006461143e-03
2.617396879941225052e-03
2.635813318192958832e-03
5.950918421149253845e-03
2.474940381944179535e-03
2.732286695390939713e-03
2.462345641106367111e-03
2.454139292240142822e-03
2.591718221083283424e-03
2.427956322208046913e-03
2.545964205637574196e-03
3.195548197254538536e-03
5.487358197569847107e-03
2.452745568007230759e-03
2.455405890941619873e-03
2.468411577865481377e-03
2.437902614474296570e-03
3.336271038278937340e-03
2.429553540423512459e-03
2.536225831136107445e-03
4.480651114135980606e-03
2.891354961320757866e-03
2.475281944498419762e-03
2.303307177498936653e-03
2.297195373103022575e-03
2.282236702740192413e-03
2.279774984344840050e-03
2.277261810377240181e-03
2.310551237314939499e-03
2.287108451128005981e-03
2.245490672066807747e-03
2.601503860205411911e-03
3.992251586169004440e-03
4.567563533782958984e-03
2.236966276541352272e-03
2.239436842501163483e-03
2.238552086055278778e-03
2.384424209594726562e-03
2.195512177422642708e-03
2.843742724508047104e-03
2.493546344339847565e-03
2.475518267601728439e-03
2.148064086213707924e-03
2.138402778655290604e-03
2.145961392670869827e-03
3.590515116229653358e-03
2.260557841509580612e-03
2.291321055963635445e-03
