2.615904808044433594e-02
2.598441205918788910e-02
2.578697726130485535e-02
2.546673268079757690e-02
2.502670325338840485e-02
2.454059198498725891e-02
2.403880469501018524e-02
2.374621480703353882e-02
2.366217412054538727e-02
2.360931038856506348e-02
2.357013896107673645e-02
2.352465502917766571e-02
2.348539605736732483e-02
2.344709634780883789e-02
2.340768836438655853e-02
2.337575145065784454e-02
2.334401570260524750e-02
2.331131882965564728e-02
2.331258542835712433e-02
2.325228042900562286e-02
2.322264574468135834e-02
2.319075912237167358e-02
2.316533029079437256e-02
2.313222549855709076e-02
2.309748530387878418e-02
2.305593900382518768e-02
2.303218096494674683e-02
2.295229025185108185e-02
2.286837063729763031e-02
2.283096686005592346e-02
2.258503250777721405e-02
2.235922776162624359e-02
2.301292121410369873e-02
2.188536152243614197e-02
2.166195772588253021e-02
2.141201309859752655e-02
2.119741961359977722e-02
2.098342962563037872e-02
2.075630612671375275e-02
2.055799402296543121e-02
2.036630362272262573e-02
2.016309462487697601e-02
1.996371708810329437e-02
1.978830620646476746e-02
1.959861256182193756e-02
1.959587261080741882e-02
1.925455592572689056e-02
1.908628083765506744e-02
1.891081780195236206e-02
1.878511719405651093e-02
1.864547096192836761e-02
1.850289292633533478e-02
1.840787194669246674e-02
1.829407550394535065e-02
1.818588562309741974e-02
1.807529479265213013e-02
1.799141243100166321e-02
1.788909174501895905e-02
1.779173500835895538e-02
1.771356537938117981e-02
1.762528344988822937e-02
1.753909699618816376e-02
1.786722242832183838e-02
1.738854683935642242e-02
1.731183379888534546e-02
1.723225787281990051e-02
1.716570742428302765e-02
1.709248498082160950e-02
1.701721362769603729e-02
1.698595285415649414e-02
1.688024587929248810e-02
1.680764928460121155e-02
1.721876300871372223e-02
1.666909269988536835e-02
1.659743115305900574e-02
1.652172766625881195e-02
1.645702496170997620e-02
1.638506352901458740e-02
1.631020382046699524e-02
1.624682545661926270e-02
1.617680676281452179e-02
1.637103781104087830e-02
1.604517735540866852e-02
1.597851701080799103e-02
1.864993013441562653e-02
1.585303805768489838e-02
1.578941009938716888e-02
1.576563715934753418e-02
1.566992700099945068e-02
1.561089977622032166e-02
1.555611845105886459e-02
1.549869589507579803e-02
1.642317511141300201e-02
1.538984570652246475e-02
1.533384993672370911e-02
1.530249509960412979e-02
1.522920094430446625e-02
1.517358608543872833e-02
1.512510795146226883e-02
1.507236156612634659e-02
1.534638740122318268e-02
1.496976707130670547e-02
1.491620764136314392e-02
1.486972160637378693e-02
1.481779012829065323e-02
1.499289553612470627e-02
1.471830159425735474e-02
1.466624159365892410e-02
1.462181564420461655e-02
1.456760801374912262e-02
1.468221750110387802e-02
1.446391455829143524e-02
1.441416982561349869e-02
1.436036359518766403e-02
1.430569682270288467e-02
1.430577319115400314e-02
1.419426221400499344e-02
1.414310373365879059e-02
1.408081781119108200e-02
1.407225709408521652e-02
1.396460644900798798e-02
1.413395907729864120e-02
1.384655758738517761e-02
1.378457061946392059e-02
1.372645515948534012e-02
1.366306655108928680e-02
1.360388752073049545e-02
1.353923045098781586e-02
1.348185539245605469e-02
1.341879088431596756e-02
1.335964817553758621e-02
1.329531148076057434e-02
1.323318947106599808e-02
1.319473888725042343e-02
1.310795824974775314e-02
1.496455166488885880e-02
1.298336312174797058e-02
1.336697302758693695e-02
1.285952609032392502e-02
1.281975395977497101e-02
1.273462735116481781e-02
1.268139109015464783e-02
1.261231396347284317e-02
1.255807094275951385e-02
1.248829904943704605e-02
1.243290584534406662e-02
1.237073540687561035e-02
1.232423633337020874e-02
1.224832516163587570e-02
1.219006907194852829e-02
1.213079318404197693e-02
1.206829678267240524e-02
1.232554484158754349e-02
1.194897852838039398e-02
1.193068735301494598e-02
1.182941626757383347e-02
1.177439931780099869e-02
1.171222329139709473e-02
1.166100520640611649e-02
1.159909646958112717e-02
1.161867566406726837e-02
1.148401200771331787e-02
1.143680326640605927e-02
1.136991009116172791e-02
1.131766196340322495e-02
1.125752367079257965e-02
1.121616829186677933e-02
1.114701945334672928e-02
1.109698135405778885e-02
1.103693433105945587e-02
1.098685432225465775e-02
1.092872209846973419e-02
1.088044419884681702e-02
1.082287542521953583e-02
1.077457796782255173e-02
1.071843970566987991e-02
1.068184152245521545e-02
1.061625685542821884e-02
1.111015491187572479e-02
1.051628030836582184e-02
1.046448945999145508e-02
1.041854824870824814e-02
1.036737766116857529e-02
1.032878458499908447e-02
1.027469057589769363e-02
1.032811030745506287e-02
1.018073409795761108e-02
1.014410424977540970e-02
1.008829940110445023e-02
1.039193384349346161e-02
1.000170316547155380e-02
9.954981505870819092e-03
9.919419884681701660e-03
9.868917986750602722e-03
1.003787107765674591e-02
9.782711043953895569e-03
1.148404367268085480e-02
9.699266403913497925e-03
9.654812514781951904e-03
9.616976603865623474e-03
9.573010727763175964e-03
9.540922939777374268e-03
9.494056925177574158e-03
9.889042004942893982e-03
9.414439089596271515e-03
9.491439908742904663e-03
9.337069466710090637e-03
1.094609871506690979e-02
9.261247701942920685e-03
9.220823645591735840e-03
9.188968688249588013e-03
9.148025885224342346e-03
9.165070950984954834e-03
9.074986912310123444e-03
9.049412794411182404e-03
9.005272760987281799e-03
8.967620320618152618e-03
8.948885835707187653e-03
8.900474756956100464e-03
8.911874145269393921e-03
8.833193220198154449e-03
8.797326125204563141e-03
8.777338080108165741e-03
8.733768947422504425e-03
9.099293500185012817e-03
8.669836446642875671e-03
9.357479400932788849e-03
8.609912358224391937e-03
8.577771484851837158e-03
8.551741950213909149e-03
8.519304916262626648e-03
8.497427217662334442e-03
8.463879115879535675e-03
8.454888127744197845e-03
8.410538546741008759e-03
8.405366912484169006e-03
8.359353989362716675e-03
8.662878535687923431e-03
8.308910764753818512e-03
8.281314745545387268e-03
8.260803297162055969e-03
8.232882246375083923e-03
8.239421993494033813e-03
8.191181346774101257e-03
8.167197927832603455e-03
8.150162175297737122e-03
8.124588057398796082e-03
8.163557387888431549e-03
8.084093220531940460e-03
8.071853779256343842e-03
8.043548092246055603e-03
8.020589128136634827e-03
8.004299364984035492e-03
7.981968112289905548e-03
8.078533224761486053e-03
7.943454198539257050e-03
8.127019740641117096e-03
7.905972190201282501e-03
7.885520346462726593e-03
7.870208472013473511e-03
7.848917506635189056e-03
7.835429161787033081e-03
7.813875563442707062e-03
7.800279185175895691e-03
7.779445964843034744e-03
7.856269367039203644e-03
7.746745366603136063e-03
1.237858086824417114e-02
7.714576553553342819e-03
7.696073036640882492e-03
7.683683652430772781e-03
7.665349170565605164e-03
7.842343300580978394e-03
7.634347304701805115e-03
8.111145347356796265e-03
7.604532409459352493e-03
7.587821688503026962e-03
7.575819268822669983e-03
7.557782344520092010e-03
7.545726373791694641e-03
7.528947200626134872e-03
7.518281228840351105e-03
7.500265724956989288e-03
7.509273011237382889e-03
7.472750265151262283e-03
7.618858478963375092e-03
7.446213159710168839e-03
9.555271826684474945e-03
7.420901674777269363e-03
7.406054064631462097e-03
7.403351366519927979e-03
7.382591720670461655e-03
7.671905215829610825e-03
7.358449511229991913e-03
7.430290803313255310e-03
7.334916386753320694e-03
7.322530262172222137e-03
7.312462199479341507e-03
7.299053017050027847e-03
7.392283063381910324e-03
