9.533137083053588867e-02
4.201127961277961731e-02
2.752194739878177643e-02
2.594376914203166962e-02
2.510196343064308167e-02
2.466801553964614868e-02
2.435673214495182037e-02
2.410482428967952728e-02
2.389870584011077881e-02
2.374695800244808197e-02
2.365731634199619293e-02
2.361520379781723022e-02
2.359471656382083893e-02
2.358045242726802826e-02
2.356758154928684235e-02
2.355492487549781799e-02
2.354210801422595978e-02
2.352892048656940460e-02
2.351518906652927399e-02
2.350071072578430176e-02
2.348523028194904327e-02
2.346845902502536774e-02
2.345005609095096588e-02
2.342962846159934998e-02
2.340672723948955536e-02
2.338085323572158813e-02
2.335141412913799286e-02
2.331772632896900177e-02
2.327896654605865479e-02
2.323416247963905334e-02
2.318213693797588348e-02
2.312154136598110199e-02
2.305084280669689178e-02
2.296822518110275269e-02
2.287073805928230286e-02
2.275173366069793701e-02
2.259480766952037811e-02
2.236513607203960419e-02
2.201439440250396729e-02
2.153327688574790955e-02
2.093496359884738922e-02
2.024923264980316162e-02
1.955142244696617126e-02
1.881598494946956635e-02
1.776831597089767456e-02
1.654942519962787628e-02
1.610503345727920532e-02
1.595800369977951050e-02
1.590279117226600647e-02
1.589050143957138062e-02
1.587451994419097900e-02
1.586603000760078430e-02
1.585944928228855133e-02
1.585312373936176300e-02
1.584676839411258698e-02
1.584033668041229248e-02
1.583380438387393951e-02
1.582714170217514038e-02
1.582029275596141815e-02
1.581319235265254974e-02
1.580576784908771515e-02
1.579792983829975128e-02
1.578956283628940582e-02
1.578052341938018799e-02
1.577061414718627930e-02
1.575957238674163818e-02
1.574705913662910461e-02
1.573268510401248932e-02
1.571607217192649841e-02
1.569692231714725494e-02
1.567498594522476196e-02
1.564991660416126251e-02
1.562111731618642807e-02
1.558834780007600784e-02
1.555076893419027328e-02
1.550255436450242996e-02
1.544623915106058121e-02
1.537694223225116730e-02
1.529015786945819855e-02
1.517972908914089203e-02
1.503695733845233917e-02
1.485352125018835068e-02
1.460160687565803528e-02
1.427081227302551270e-02
1.387562509626150131e-02
1.328109949827194214e-02
1.259479951113462448e-02
1.178438030183315277e-02
1.089489832520484924e-02
1.012712065130472183e-02
9.437631815671920776e-03
8.526708930730819702e-03
8.087874390184879303e-03
7.375505752861499786e-03
7.215395104140043259e-03
6.482090335339307785e-03
6.101470440626144409e-03
5.855141673237085342e-03
5.420955829322338104e-03
5.762581247836351395e-03
5.029030609875917435e-03
4.744390491396188736e-03
4.568414762616157532e-03
6.688144057989120483e-03
4.429771099239587784e-03
4.300772678107023239e-03
4.210845567286014557e-03
4.145455546677112579e-03
4.089446738362312317e-03
4.040289204567670822e-03
3.996446728706359863e-03
5.351946223527193069e-03
4.063159227371215820e-03
3.921749070286750793e-03
3.880017437040805817e-03
3.853429341688752174e-03
3.829015418887138367e-03
3.806473454460501671e-03
3.785402514040470123e-03
3.769071539863944054e-03
3.818187629804015160e-03
3.738414263352751732e-03
3.720036474987864494e-03
3.703188616782426834e-03
3.688803641125559807e-03
3.675231477245688438e-03
3.662632312625646591e-03
3.686358453705906868e-03
3.686779178678989410e-03
3.636429784819483757e-03
3.621989628300070763e-03
3.612013533711433411e-03
3.602175507694482803e-03
3.592762397602200508e-03
3.583592129871249199e-03
3.574624424800276756e-03
3.566277446225285530e-03
3.897486021742224693e-03
3.564511425793170929e-03
3.548696869984269142e-03
3.537817858159542084e-03
3.529669251292943954e-03
3.522064536809921265e-03
3.514592302963137627e-03
3.507190616801381111e-03
3.499831538647413254e-03
3.492499934509396553e-03
3.485742723569273949e-03
3.854260547086596489e-03
3.498369129374623299e-03
3.473398974165320396e-03
3.461710177361965179e-03
3.454597434028983116e-03
3.447905415669083595e-03
3.441195935010910034e-03
3.434467129409313202e-03
3.427695482969284058e-03
3.420872148126363754e-03
3.413991304114460945e-03
3.407409647479653358e-03
3.767977468669414520e-03
3.424192080274224281e-03
3.396912245079874992e-03
3.383891889825463295e-03
3.376940032467246056e-03
3.370078979060053825e-03
3.363146446645259857e-03
3.356109838932752609e-03
3.348928643390536308e-03
3.341585630550980568e-03
3.334062173962593079e-03
3.326342441141605377e-03
3.360660513862967491e-03
3.419052809476852417e-03
3.332349238917231560e-03
3.301558550447225571e-03
3.289922140538692474e-03
3.281241748481988907e-03
3.272552741691470146e-03
3.263680962845683098e-03
3.254553535953164101e-03
3.245155094191431999e-03
3.235473064705729485e-03
3.225507214665412903e-03
3.975287545472383499e-03
3.291049273684620857e-03
3.202904015779495239e-03
3.189455252140760422e-03
3.177646547555923462e-03
3.166809678077697754e-03
3.155640792101621628e-03
3.144179238006472588e-03
3.132376354187726974e-03
3.120203036814928055e-03
3.108380828052759171e-03
3.226031083613634109e-03
3.103936556726694107e-03
3.076094901189208031e-03
3.057592082768678665e-03
3.042691154405474663e-03
3.027844708412885666e-03
3.012973116710782051e-03
3.262129612267017365e-03
3.007942577823996544e-03
2.971143694594502449e-03
2.951581031084060669e-03
2.934482181444764137e-03
3.089268226176500320e-03
2.912982134148478508e-03
2.880847780033946037e-03
2.856933744624257088e-03
2.838666550815105438e-03
3.025638870894908905e-03
2.824601484462618828e-03
2.773022279143333435e-03
2.745165955275297165e-03
2.803886774927377701e-03
2.741268835961818695e-03
2.674318617209792137e-03
2.641814993694424629e-03
3.119666362181305885e-03
2.624836750328540802e-03
2.557665575295686722e-03
2.526451600715517998e-03
2.493620151653885841e-03
2.532850252464413643e-03
2.431617816910147667e-03
2.400376833975315094e-03
2.364804036915302277e-03
2.366727450862526894e-03
2.302051754668354988e-03
2.266057534143328667e-03
2.231893828138709068e-03
2.196260029450058937e-03
2.161227166652679443e-03
2.746102400124073029e-03
2.191040432080626488e-03
2.078887540847063065e-03
2.031221520155668259e-03
1.998601015657186508e-03
2.000878099352121353e-03
2.075845142826437950e-03
1.912795356474816799e-03
1.878573675639927387e-03
1.847325242124497890e-03
1.899329945445060730e-03
1.951484358869493008e-03
1.765288761816918850e-03
1.735513564199209213e-03
1.708376919850707054e-03
1.939091598615050316e-03
1.670237397775053978e-03
1.629197271540760994e-03
1.598699367605149746e-03
1.990608172491192818e-03
1.555268885567784309e-03
1.525569125078618526e-03
1.501403981819748878e-03
1.896183937788009644e-03
1.502850092947483063e-03
1.441253931261599064e-03
1.408142852596938610e-03
1.409401418641209602e-03
1.387126860208809376e-03
1.464786473661661148e-03
1.369058387354016304e-03
1.304487697780132294e-03
1.328970654867589474e-03
1.331393257714807987e-03
1.292931032367050648e-03
1.278980867937207222e-03
1.289597363211214542e-03
1.193537376821041107e-03
1.301488722674548626e-03
1.157783670350909233e-03
1.153583871200680733e-03
1.362079405225813389e-03
1.146528054960072041e-03
1.238648430444300175e-03
1.223939354531466961e-03
1.168716931715607643e-03
1.098550972528755665e-03
1.231920323334634304e-03
1.112672151066362858e-03
1.008064602501690388e-03
1.044309348799288273e-03
1.019303919747471809e-03
1.107034506276249886e-03
1.050997874699532986e-03
9.836263488978147507e-04
1.291124150156974792e-03
9.988326346501708031e-04
9.157099411822855473e-04
8.960034465417265892e-04
9.507387876510620117e-04
8.655184647068381310e-04
9.295374038629233837e-04
9.672539890743792057e-04
8.465014980174601078e-04
9.711628081277012825e-04
8.486340520903468132e-04
8.535319357179105282e-04
8.543859003111720085e-04
8.672950207255780697e-04
8.148379274643957615e-04
7.706996402703225613e-04
7.783108740113675594e-04
7.839592872187495232e-04
7.715268293395638466e-04
7.287961198017001152e-04
7.152197067625820637e-04
7.135018822737038136e-04
6.962295738048851490e-04
7.208513561636209488e-04
6.989562534727156162e-04
6.833301158621907234e-04
7.144262199290096760e-04
6.715988856740295887e-04
8.469429449178278446e-04
6.501016323454678059e-04
6.652089650742709637e-04
6.390774506144225597e-04
6.412963848561048508e-04
8.177633280865848064e-04
7.081226212903857231e-04
6.876931292936205864e-04
6.339970859698951244e-04
7.500469801016151905e-04
6.868059863336384296e-04
6.025031907483935356e-04
5.828950670547783375e-04
5.733498255722224712e-04
6.269685109145939350e-04
6.000692956149578094e-04
6.265473202802240849e-04
6.251781596802175045e-04
6.046161288395524025e-04
7.246294408105313778e-04
5.284928483888506889e-04
5.279176984913647175e-04
5.335019668564200401e-04
5.902778357267379761e-04
6.553794955834746361e-04
7.236445671878755093e-04
6.022623856551945210e-04
5.702289054170250893e-04
5.210309755057096481e-04
5.043281707912683487e-04
4.954382893629372120e-04
4.975939518772065639e-04
7.134533952921628952e-04
4.715987888630479574e-04
4.963765968568623066e-04
5.080890841782093048e-04
5.071329651400446892e-04
5.018363590352237225e-04
4.971021553501486778e-04
4.927828558720648289e-04
5.442851688712835312e-04
5.296696908771991730e-04
4.227674799039959908e-04
4.197490634396672249e-04
4.303757741581648588e-04
4.698460397776216269e-04
4.160177777521312237e-04
4.291811201255768538e-04
3.813014773186296225e-04
4.022918001282960176e-04
5.481960834003984928e-04
4.692467045970261097e-04
3.710538148880004883e-04
4.748180799651890993e-04
4.856913001276552677e-04
5.142486770637333393e-04
3.708682488650083542e-04
3.604378143791109324e-04
3.593805013224482536e-04
3.851964429486542940e-04
6.065052002668380737e-04
3.779813705477863550e-04
3.700736851897090673e-04
4.608365998137742281e-04
4.943573730997741222e-04
4.712063819169998169e-04
4.446417733561247587e-04
4.205206059850752354e-04
4.030067648272961378e-04
4.111626185476779938e-04
3.409997443668544292e-04
3.246433916501700878e-04
3.276213828939944506e-04
3.341252158861607313e-04
3.533730923663824797e-04
2.810278965625911951e-04
3.573740541469305754e-04
3.376822860445827246e-04
4.318230785429477692e-04
3.791206981986761093e-04
4.210718616377562284e-04
3.779046819545328617e-04
3.621472569648176432e-04
3.203965898137539625e-04
3.146202652715146542e-04
3.032772801816463470e-04
3.150441334582865238e-04
4.241209244355559349e-04
4.342593892943114042e-04
3.298461379017680883e-04
2.970885834656655788e-04
3.119679749943315983e-04
2.655215503182262182e-04
2.403739199507981539e-04
2.552224032115191221e-04
2.462789416313171387e-04
2.649235248100012541e-04
3.058596339542418718e-04
2.428816223982721567e-04
3.019345458596944809e-04
3.430149808991700411e-04
3.534711140673607588e-04
2.650114183779805899e-04
2.392120513832196593e-04
2.452796325087547302e-04
2.520691195968538523e-04
2.582234155852347612e-04
2.621033927425742149e-04
2.649739035405218601e-04
2.674768911674618721e-04
8.931909687817096710e-04
3.217215125914663076e-04
2.249115641461685300e-04
2.368527348153293133e-04
2.424719132250174880e-04
2.485945587977766991e-04
2.531552454456686974e-04
2.556723775342106819e-04
2.570057113189250231e-04
2.577685809228569269e-04
2.652588300406932831e-04
2.756681351456791162e-04
2.108940243488177657e-04
2.584054018370807171e-04
2.529644116293638945e-04
2.480704570189118385e-04
2.536954707466065884e-04
3.257075732108205557e-04
3.168365801684558392e-04
2.636029385030269623e-04
2.688138338271528482e-04
2.157763374270871282e-04
2.266892552142962813e-04
1.873833534773439169e-04
3.016023547388613224e-04
1.685826136963441968e-04
2.854639897122979164e-04
2.677753509487956762e-04
2.960072597488760948e-04
3.227923007216304541e-04
2.723738725762814283e-04
2.558742417022585869e-04
2.414877526462078094e-04
2.399778022663667798e-04
1.919051719596609473e-04
1.638218382140621543e-04
1.602453849045559764e-04
2.425301499897614121e-04
1.721657172311097383e-04
1.717856357572600245e-04
2.951694768853485584e-04
1.956245687324553728e-04
2.571733784861862659e-04
2.686741645447909832e-04
2.569896751083433628e-04
2.420757373329252005e-04
8.257621666416525841e-04
2.656621509231626987e-04
2.544987655710428953e-04
2.604271867312490940e-04
2.492791390977799892e-04
2.364688261877745390e-04
2.248371602036058903e-04
2.169770887121558189e-04
2.114098751917481422e-04
2.077532990369945765e-04
2.071822818834334612e-04
2.161268348572775722e-04
2.160138246836140752e-04
1.958127249963581562e-04
3.551701083779335022e-04
2.355411997996270657e-04
2.734709123615175486e-04
2.541649446357041597e-04
2.487435995135456324e-04
2.301818312844261527e-04
2.161613228963688016e-04
1.420460175722837448e-04
1.260210701730102301e-04
1.735783589538186789e-04
2.135112590622156858e-04
2.311608841409906745e-04
2.120546560036018491e-04
3.644707612693309784e-04
2.584529283922165632e-04
1.570687018102034926e-04
1.482461811974644661e-04
1.744382316246628761e-04
1.351682440144941211e-04
1.957773492904379964e-04
1.603358396096155047e-04
1.865472295321524143e-04
2.545700990594923496e-04
2.710171393118798733e-04
1.919983187690377235e-04
1.825999497668817639e-04
1.765828637871891260e-04
1.825093349907547235e-04
1.064644529833458364e-04
1.800695463316515088e-04
1.606320147402584553e-04
1.695079408818855882e-04
1.700696739135310054e-04
1.733202516334131360e-04
1.873210712801665068e-04
1.659269764786586165e-04
2.660102327354252338e-04
1.985155104193836451e-04
1.343518961220979691e-04
1.347065262962132692e-04
1.518725184723734856e-04
1.694824604783207178e-04
1.413141144439578056e-04
2.615511475596576929e-04
1.506685948697850108e-04
2.396896743448451161e-04
2.256519073853269219e-04
3.007637860719114542e-04
2.019949315581470728e-04
1.366113719996064901e-04
1.360257883789017797e-04
1.586047292221337557e-04
2.353637246415019035e-04
1.303193275816738605e-04
1.225983578478917480e-04
1.483032247051596642e-04
1.585266727488487959e-04
2.022949192905798554e-04
2.272045094287022948e-04
1.835376897361129522e-04
1.879083574749529362e-04
1.858992764027789235e-04
2.485332661308348179e-04
1.326919300481677055e-04
1.278074341826140881e-04
1.328455982729792595e-04
1.362395123578608036e-04
1.391053810948505998e-04
1.555565104354172945e-04
1.591129403095692396e-04
1.140398017014376819e-04
1.391463592881336808e-04
1.405763177899643779e-04
2.535109233576804399e-04
1.760496961651369929e-04
1.637248205952346325e-04
1.565089914947748184e-04
1.504341198597103357e-04
1.468381960876286030e-04
1.443441287847235799e-04
1.884562370833009481e-04
1.174780627479776740e-04
1.330539816990494728e-04
1.393306301906704903e-04
1.451743301004171371e-04
1.453834993299096823e-04
1.440874912077561021e-04
1.423093199264258146e-04
1.409190590493381023e-04
1.401774788973852992e-04
1.441039203200489283e-04
3.077274013776332140e-04
1.391866826452314854e-04
1.417253079125657678e-04
1.511156151536852121e-04
1.546836720081046224e-04
1.561485405545681715e-04
2.893732744269073009e-04
2.102354192174971104e-04
1.696203544270247221e-04
1.558406365802511573e-04
1.484254316892474890e-04
1.480183709645643830e-04
1.585734426043927670e-04
1.408800017088651657e-04
1.403917558491230011e-04
8.906750008463859558e-05
7.956862827995792031e-05
1.459373743273317814e-04
1.460269413655623794e-04
2.376775810262188315e-04
2.163288736483082175e-04
1.573826448293402791e-04
1.320819574175402522e-04
1.832913112593814731e-04
2.578891289886087179e-04
1.080120709957554936e-04
1.074832543963566422e-04
1.412311394233256578e-04
9.662874799687415361e-05
1.008635226753540337e-04
1.407926756655797362e-04
1.057970439433120191e-04
1.075187683454714715e-04
1.098493448807857931e-04
1.105565024772658944e-04
1.129858792410232127e-04
6.007670308463275433e-04
1.323167380178347230e-04
1.045563330990262330e-04
1.085632466129027307e-04
1.095664119930006564e-04
1.112267127609811723e-04
1.128352232626639307e-04
1.141567554441280663e-04
1.153664052253589034e-04
1.169272727565839887e-04
1.193395000882446766e-04
1.342454634141176939e-04
1.350058155367150903e-04
1.331781531916931272e-04
1.223666477017104626e-04
1.188508686027489603e-04
3.483588516246527433e-04
1.042619696818292141e-04
1.314169785473495722e-04
1.238433178514242172e-04
1.331908424617722631e-04
1.287961786147207022e-04
1.527249260107055306e-04
1.222012942889705300e-04
1.308723731199279428e-04
1.610402687219902873e-04
1.095601619454100728e-04
1.613115455256775022e-04
1.182030100608244538e-04
1.144068082794547081e-04
1.138951556640677154e-04
1.263434096472337842e-04
7.759386062389239669e-05
8.144156163325533271e-05
8.142516162479296327e-05
8.624413021607324481e-05
8.991267532110214233e-05
9.728150325827300549e-05
2.197868889197707176e-04
1.110972516471520066e-04
6.737232615705579519e-05
1.171245094155892730e-04
5.570711073232814670e-05
9.740173118188977242e-05
8.700393664184957743e-05
6.292598845902830362e-05
6.951789691811427474e-05
8.539146801922470331e-05
1.306843478232622147e-04
1.783027691999450326e-04
1.419039472239091992e-04
1.662754220888018608e-04
1.431579148629680276e-04
1.898369955597445369e-04
1.160550964414142072e-04
9.597824100637808442e-05
1.182644627988338470e-04
9.504059562459588051e-05
1.819932222133502364e-04
1.273713132832199335e-04
9.072760440176352859e-05
9.153603605227544904e-05
9.406908793607726693e-05
1.266830950044095516e-04
8.064674329943954945e-05
9.333941125078126788e-05
1.151321921497583389e-04
8.714393334230408072e-05
1.536102645331993699e-04
2.092994691338390112e-04
1.120316592277958989e-04
1.303147291764616966e-04
1.163176784757524729e-04
1.775403507053852081e-04
1.704945461824536324e-04
1.006156890070997179e-04
9.761373075889423490e-05
9.685956320026889443e-05
1.316704147029668093e-04
9.358282113680616021e-05
3.232868402847088873e-05
4.680036363424733281e-05
1.735914120217785239e-04
7.605381688335910439e-05
5.938799222349189222e-05
8.874498598743230104e-05
6.484039477072656155e-05
7.110694423317909241e-05
1.438853214494884014e-04
1.292911765631288290e-04
1.815593568608164787e-04
1.776424032868817449e-04
1.738169376039877534e-04
4.472100699786096811e-04
2.565498289186507463e-04
3.167423346894793212e-05
7.147108408389613032e-05
7.443473441526293755e-05
8.803058153716847301e-05
8.602527668699622154e-05
1.007636383292265236e-04
8.798222552286460996e-05
1.055114626069553196e-04
5.045434227213263512e-05
3.714630292961373925e-05
1.090246078092604876e-04
1.039712733472697437e-04
1.338686561211943626e-04
1.239669509232044220e-04
1.969986333278939128e-04
1.918066991493105888e-04
1.438364997738972306e-04
1.915543980430811644e-04
1.209431356983259320e-04
9.968414087779819965e-05
1.500854559708386660e-04
9.549752576276659966e-05
7.413067214656621218e-05
8.247820369433611631e-05
9.109583334065973759e-05
7.500874926336109638e-05
5.151090226718224585e-05
1.066518088919110596e-04
1.036350804497487843e-04
1.099793953471817076e-04
4.186809819657355547e-04
8.766576502239331603e-05
5.862458783667534590e-05
5.854485425516031682e-05
6.158256292110309005e-05
6.398690311471000314e-05
6.674326868960633874e-05
6.998475873842835426e-05
2.604926412459462881e-04
2.066742017632350326e-04
1.514275791123509407e-04
1.279855350730940700e-04
1.111659803427755833e-04
1.068923884304240346e-04
1.172257543657906353e-04
1.157566366600804031e-04
9.735682397149503231e-05
1.776748686097562313e-04
8.255529246525838971e-05
1.401821209583431482e-04
1.267679181182757020e-04
1.675835083005949855e-04
1.219948608195409179e-04
1.045470489771105349e-04
1.026201134664006531e-04
1.083503084373660386e-04
4.298987551010213792e-05
4.473558146855793893e-05
6.661379302386194468e-05
7.963231473695486784e-05
8.611350494902580976e-05
1.404428476234897971e-04
1.289847568841651082e-04
5.518325633602216840e-05
8.479812822770327330e-05
7.099944923538714647e-05
1.350454258499667048e-04
1.221263810293748975e-04
7.532870949944481254e-05
7.498764898627996445e-05
7.806977373547852039e-05
1.267184416064992547e-04
1.674922677921131253e-04
5.899550160393118858e-05
7.214950164780020714e-05
7.639121031388640404e-05
1.651748607400804758e-04
9.985781071009114385e-05
8.774436719249933958e-05
9.082996984943747520e-05
9.075293201021850109e-05
4.736327391583472490e-04
1.001012060442008078e-04
1.014014778775162995e-04
9.823225991567596793e-05
9.621524077374488115e-05
9.482042514719069004e-05
9.337616938864812255e-05
9.247443813364952803e-05
9.867892367765307426e-05
6.383099389495328069e-05
5.135709943715482950e-05
6.526880315504968166e-05
7.007902604527771473e-05
7.354878471232950687e-05
7.822926272638142109e-05
1.289655774598941207e-04
1.796299911802634597e-04
5.194774348638020456e-05
5.448485899250954390e-05
7.298841228475794196e-05
9.489048534305766225e-05
8.367201371584087610e-05
5.747958857682533562e-05
6.668809510301798582e-05
7.218498649308457971e-05
1.051114304573275149e-04
1.230188936460763216e-04
8.227136277128010988e-05
9.065442282008007169e-05
1.031386564136482775e-04
1.134572448791004717e-04
1.016824971884489059e-04
1.378393935738131404e-04
1.211840863106772304e-04
1.014006629702635109e-04
1.446763926651328802e-04
1.277199044125154614e-04
5.605928890872746706e-05
8.303890354000031948e-05
6.588208634639158845e-05
9.567660163156688213e-05
8.679924212628975511e-05
5.065574805485084653e-05
5.639338269247673452e-05
6.264998955884948373e-05
6.622765067731961608e-05
9.168999531539157033e-05
1.445483649149537086e-04
3.690749144880101085e-05
5.566118124988861382e-05
5.799077553092502058e-05
6.889440555823966861e-05
7.641587581019848585e-05
8.763407822698354721e-05
7.675080269109457731e-05
1.198373647639527917e-04
1.073243838618509471e-04
7.127787102945148945e-05
9.447542834095656872e-05
7.980734517332166433e-05
1.040099377860315144e-04
7.691140490351244807e-05
4.778746369993314147e-05
7.049502164591103792e-05
6.502596806967630982e-05
1.124458940466865897e-04
1.446504611521959305e-04
8.671372779645025730e-05
8.013669139472767711e-05
7.955892942845821381e-05
7.878528413129970431e-05
8.052871999097988009e-05
5.204140688874758780e-05
9.867385961115360260e-05
9.226863767253234982e-05
9.286297427024692297e-05
9.292925096815451980e-05
9.216796752298250794e-05
9.142008639173582196e-05
9.050036169355735183e-05
8.962007268564775586e-05
8.882075781002640724e-05
8.792942389845848083e-05
9.687056444818153977e-05
2.005994319915771484e-04
5.661758405040018260e-05
6.501520692836493254e-05
7.017466850811615586e-05
7.323831960093230009e-05
7.542031380580738187e-05
7.732543599558994174e-05
7.863634527893736959e-05
7.995889609446749091e-05
8.326493843924254179e-05
2.267266681883484125e-04
1.137071012635715306e-04
1.322121097473427653e-04
1.230489433510228992e-04
1.120910965255461633e-04
1.115063787437975407e-04
1.113277394324541092e-04
5.394425170379690826e-05
8.493597852066159248e-05
9.086230420507490635e-05
9.678809874458238482e-05
1.089109500753693283e-04
1.001464188448153436e-04
6.797134847147390246e-05
5.240155951469205320e-05
6.006215699017047882e-05
6.974263669690117240e-05
1.305281330132856965e-04
1.315567787969484925e-04
9.287095599574968219e-05
9.343342389911413193e-05
8.855748455971479416e-05
9.376650268677622080e-05
3.545914296410046518e-05
2.193725595134310424e-05
2.176892012357711792e-04
1.606025762157514691e-04
1.481331273680552840e-04
1.256635441677644849e-04
1.257590774912387133e-04
6.767645390937104821e-05
5.328525730874389410e-05
6.259598012547940016e-05
7.255573291331529617e-05
1.052182778948917985e-04
8.697003067936748266e-05
6.971460243221372366e-05
7.773366814944893122e-05
7.975763583090156317e-05
1.370109966956079006e-04
1.364320050925016403e-04
1.091708691092208028e-04
1.033105872920714319e-04
1.017157628666609526e-04
1.665455638431012630e-04
1.376005238853394985e-04
9.059996227733790874e-05
7.550981536041945219e-05
7.708815246587619185e-05
8.138502016663551331e-05
7.635595102328807116e-05
7.307985652005299926e-05
8.745805098442360759e-05
7.360253221122547984e-05
8.264565985882654786e-05
1.147959410445764661e-04
7.075219764374196529e-05
8.652429096400737762e-05
8.872534090187400579e-05
9.272314491681754589e-05
1.825839863158762455e-04
6.658962229266762733e-05
8.416334458161145449e-05
8.991658251034095883e-05
9.221406071446835995e-05
9.417968249181285501e-05
1.308589271502569318e-04
1.528437569504603744e-04
8.960348350228741765e-05
9.740116365719586611e-05
8.475423237541690469e-05
9.869412315310910344e-05
5.179965592105872929e-05
4.027385875815525651e-05
4.824556526727974415e-05
5.624330879072658718e-05
6.127110100351274014e-05
7.409678801195695996e-05
6.797422975068911910e-05
3.545362778822891414e-05
5.761871580034494400e-05
6.801806011935696006e-05
7.632532651768997312e-05
7.825940701877698302e-05
8.733602589927613735e-05
8.270199759863317013e-05
1.146488357335329056e-04
1.053475207299925387e-04
9.032397792907431722e-05
1.128721996792592108e-04
8.020923269214108586e-05
5.903466444578953087e-05
8.375851029995828867e-05
6.961150211282074451e-05
8.204085315810516477e-05
5.442109977593645453e-05
5.298458927427418530e-05
5.983767550787888467e-05
6.934684643056243658e-05
7.244141306728124619e-05
7.671514322282746434e-05
1.721902517601847649e-04
1.332127139903604984e-04
1.027358885039575398e-04
1.007324171951040626e-04
9.457581472815945745e-05
8.971401985036209226e-05
8.694813732290640473e-05
9.043758473126217723e-05
1.022192809614352882e-04
1.111712481360882521e-04
8.300698391394689679e-05
6.564218347193673253e-05
6.794698128942400217e-05
7.393441046588122845e-05
9.231195144820958376e-05
6.269835284911096096e-05
7.199670653790235519e-05
7.670672493986785412e-05
7.722836016910150647e-05
7.811738760210573673e-05
7.833777635823935270e-05
7.945008837850764394e-05
8.122959843603894114e-05
1.705213799141347408e-04
7.154271588660776615e-05
1.370773534290492535e-04
1.047431869665160775e-04
1.061503353412263095e-04
8.246504148701205850e-05
7.331927190534770489e-05
1.289532956434413791e-04
4.596166763803921640e-05
7.123396062524989247e-05
6.040536754881031811e-05
6.226912228157743812e-05
6.560853216797113419e-05
6.975238648010417819e-05
7.429840479744598269e-05
8.823120151646435261e-05
7.022183126537129283e-05
1.324454642599448562e-04
8.668925875099375844e-05
8.731638081371784210e-05
9.158861939795315266e-05
9.126413351623341441e-05
7.831510447431355715e-05
1.783618063200265169e-04
7.716005347901955247e-05
7.143790571717545390e-05
6.739097443642094731e-05
6.726147694280371070e-05
6.822225986979901791e-05
7.322891906369477510e-05
7.902646029833704233e-05
9.929179941536858678e-05
9.148428216576576233e-05
8.175452239811420441e-05
8.983699808595702052e-05
8.511100895702838898e-05
8.244060882134363055e-05
5.509703623829409480e-05
9.080600284505635500e-05
8.059653191594406962e-05
7.932945300126448274e-05
7.698399713262915611e-05
7.553730392828583717e-05
7.441775960614904761e-05
7.405259384540840983e-05
7.397077570203691721e-05
9.623575897421687841e-05
1.048728008754551411e-04
1.811010406527202576e-05
4.319443905842490494e-05
6.720807141391560435e-05
6.494865374406799674e-05
6.902691529830917716e-05
7.535448094131425023e-05
9.443242015549913049e-05
1.182752239401452243e-04
8.536539098713546991e-05
7.119314977899193764e-05
7.307542546186596155e-05
1.163951965281739831e-04
1.198291720356792212e-04
8.262221672339364886e-05
8.452877227682620287e-05
8.276839071186259389e-05
7.864434883231297135e-05
6.084457345423288643e-05
7.486228423658758402e-05
7.267573528224602342e-05
7.325348269660025835e-05
7.372705294983461499e-05
7.520241342717781663e-05
1.457952748751267791e-04
1.435475714970380068e-04
1.357419296255102381e-05
3.526923319441266358e-05
5.123744267621077597e-05
4.464797893888317049e-05
6.717211363138630986e-05
7.292131340363994241e-05
1.053805608535185456e-04
9.936447895597666502e-05
9.109565871767699718e-05
8.897890074877068400e-05
4.352005635155364871e-05
3.902900061802938581e-05
5.162765592103824019e-05
5.878273077541962266e-05
6.285068957367911935e-05
7.398643356282263994e-05
8.463116682833060622e-05
7.852419366827234626e-05
1.401517220074310899e-04
8.260447066277265549e-05
8.962464926298707724e-05
8.553154475521296263e-05
9.559044701745733619e-05
6.148815009510144591e-05
5.435358252725563943e-05
6.293463957263156772e-05
7.990386075107380748e-05
6.766695878468453884e-05
1.340971211902797222e-04
8.251817780546844006e-05
7.333787652896717191e-05
7.167445437517017126e-05
7.819817255949601531e-05
8.052032353589311242e-05
5.473886631079949439e-05
6.305623537627980113e-05
6.904472684254869819e-05
7.302855374291539192e-05
7.550342706963419914e-05
1.501915103290230036e-04
1.366288197459653020e-04
6.299332744674757123e-05
4.855444421991705894e-05
5.537243123399093747e-05
5.583863094216212630e-05
6.997394666541367769e-05
6.826171011198312044e-05
5.970247002551332116e-05
6.468941137427464128e-05
7.194624049589037895e-05
8.783521479927003384e-05
6.266617856454104185e-05
5.845715350005775690e-05
6.676553311990574002e-05
7.494611054426059127e-05
7.687156903557479382e-05
7.571503374492749572e-05
3.732545010279864073e-04
5.166213304619304836e-05
4.374948184704408050e-05
5.066066296421922743e-05
5.625997437164187431e-05
6.152391870273277164e-05
6.554535502800717950e-05
6.865633622510358691e-05
7.105425174813717604e-05
1.410724507877603173e-04
7.742064917692914605e-05
6.456756818806752563e-05
6.556992593687027693e-05
6.426288746297359467e-05
6.437246338464319706e-05
6.541380571434274316e-05
6.677443889202550054e-05
6.828064215369522572e-05
1.240165438503026962e-04
8.854804764268919826e-05
7.650636689504608512e-05
6.271593883866444230e-05
6.231734732864424586e-05
6.170036067487671971e-05
6.351807678584009409e-05
6.759988173143938184e-05
9.675646288087591529e-05
9.088082879316061735e-05
7.136981730582192540e-05
6.827464676462113857e-05
6.860548455733805895e-05
1.608409365871921182e-04
8.493061613989993930e-05
9.409050107933580875e-05
8.758214244153350592e-05
8.168238127836957574e-05
8.374691969947889447e-05
4.270622957847081125e-05
2.700890399864874780e-05
6.700345693388953805e-05
1.000570337055251002e-04
1.080723886843770742e-04
8.399699436267837882e-05
7.143560651456937194e-05
7.158035441534593701e-05
8.085559966275468469e-05
6.725605635438114405e-05
1.477565820096060634e-04
7.540601654909551144e-05
6.668179412372410297e-05
6.692161696264520288e-05
1.023164440994150937e-04
9.239229984814301133e-05
5.708245225832797587e-05
5.667997174896299839e-05
5.850082743563689291e-05
6.659005157416686416e-05
5.940240953350439668e-05
4.386349246487952769e-05
6.098805533838458359e-05
6.552434206241741776e-05
7.022621139185503125e-05
7.310986984521150589e-05
7.830042159184813499e-05
9.422096627531573176e-05
9.580270852893590927e-05
8.098024409264326096e-05
8.156110561685636640e-05
8.498751412844285369e-05
7.615045615239068866e-05
7.441504567395895720e-05
6.907025090185925364e-05
6.992265844019129872e-05
4.485513636609539390e-05
6.406282045645639300e-05
7.024713704595342278e-05
7.732885569566860795e-05
8.708217501407489181e-05
7.868476677685976028e-05
1.246236643055453897e-04
8.585059549659490585e-05
7.729055505478754640e-05
7.765776535961776972e-05
9.278641664423048496e-05
6.696157652186229825e-05
7.738819113001227379e-05
7.486170943593606353e-05
7.738368731224909425e-05
8.869400335242971778e-05
3.823870429187081754e-05
8.122149301925674081e-05
9.728786972118541598e-05
9.750833123689517379e-05
1.096658888855017722e-04
7.152622129069641232e-05
6.834539817646145821e-05
7.302762242034077644e-05
6.485841004177927971e-05
6.514284905279055238e-05
2.768621488939970732e-04
9.946022328222170472e-05
8.032793266465887427e-05
7.459371408913284540e-05
7.079817441990599036e-05
6.859735731268301606e-05
6.756606308044865727e-05
6.955557182664051652e-05
7.165584975155070424e-05
8.732803689781576395e-05
5.976170359645038843e-05
7.196961814770475030e-05
6.646698602708056569e-05
7.404052303172647953e-05
7.542643288616091013e-05
2.707456587813794613e-04
8.088160393526777625e-05
7.648744940524920821e-05
7.061260112095624208e-05
6.797152309445664287e-05
6.695625779684633017e-05
6.634369492530822754e-05
6.804716394981369376e-05
1.123953697970137000e-04
1.346648641629144549e-04
7.785026537021622062e-05
6.301809480646625161e-05
7.147865835577249527e-05
8.017662185011431575e-05
7.237131649162620306e-05
5.677223452948965132e-05
6.112694245530292392e-05
7.177716906880959868e-05
6.723860133206471801e-05
1.795311982277780771e-04
6.379088881658390164e-05
5.583775782724842429e-05
5.960982525721192360e-05
5.966058233752846718e-05
6.181944627314805984e-05
8.122537110466510057e-05
9.211652650265023112e-05
6.062762258807197213e-05
5.889748354093171656e-05
6.167898391140624881e-05
6.369261245708912611e-05
6.563540227944031358e-05
6.797455716878175735e-05
6.975575524847954512e-05
1.048519261530600488e-04
1.197507808683440089e-04
6.261090311454609036e-05
6.137378659332171082e-05
5.700036490452475846e-05
6.437608681153506041e-05
3.990486948168836534e-05
3.589427069528028369e-05
5.449197124107740819e-05
6.717909855069592595e-05
7.009469118202105165e-05
7.153495243983343244e-05
7.907933468231931329e-05
8.305672963615506887e-05
1.099650762625969946e-04
8.917273225961253047e-05
7.591551548102870584e-05
9.248095011571422219e-05
9.661990043241530657e-05
5.461506952997297049e-05
6.833857332821935415e-05
6.341430707834661007e-05
8.793410961516201496e-05
7.455158629454672337e-05
4.872342469752766192e-05
5.314393274602480233e-05
6.263692921493202448e-05
6.038414358044974506e-05
1.791053218767046928e-04
7.068324339343234897e-05
5.884642450837418437e-05
6.282464164542034268e-05
6.266324635362252593e-05
6.384105654433369637e-05
6.600088090635836124e-05
1.584282726980745792e-04
1.155912759713828564e-04
9.663955279393121600e-05
7.406074291793629527e-05
7.555030606454238296e-05
6.247866258490830660e-05
6.618792394874617457e-05
6.598694017156958580e-05
5.529073314392007887e-05
9.074242552742362022e-05
7.261845894390717149e-05
6.760661199223250151e-05
1.120357046602293849e-04
9.476154809817671776e-05
7.544649270130321383e-05
7.483162335120141506e-05
8.186282502720132470e-05
1.126623537857085466e-04
5.487418093252927065e-05
5.607992352452129126e-05
6.023159585311077535e-05
6.587304960703477263e-05
6.749283784301951528e-05
2.785395772662013769e-04
1.246164902113378048e-04
7.237002864712849259e-05
5.142032387084327638e-05
4.111217640456743538e-05
4.282074223738163710e-05
4.720374636235646904e-05
5.070050974609330297e-05
5.898024755879305303e-05
6.649743590969592333e-05
6.846219912404194474e-05
7.242021092679351568e-05
1.027096659527160227e-04
8.940204861573874950e-05
6.469625077443197370e-05
6.315548671409487724e-05
6.335445505101233721e-05
1.579185773152858019e-04
8.716352749615907669e-05
7.324772741412743926e-05
6.883214518893510103e-05
6.556246080435812473e-05
6.434817623812705278e-05
6.897137063788250089e-05
5.749679985456168652e-05
4.494829045142978430e-05
9.211894212057814002e-05
7.529278809670358896e-05
9.355342626804485917e-05
5.273372516967356205e-05
4.961699960404075682e-05
5.223702828516252339e-05
6.268876313697546721e-05
3.779767575906589627e-05
3.328316597617231309e-05
5.488984243129380047e-05
6.579348701052367687e-05
7.303254096768796444e-05
8.824068208923563361e-05
7.242415449582040310e-05
5.928017344558611512e-05
6.761370605090633035e-05
6.656367622781544924e-05
1.222334394697099924e-04
9.760666580405086279e-05
9.761968976818025112e-05
7.019216718617826700e-05
6.530468817800283432e-05
1.112603422370739281e-04
7.806593202985823154e-05
6.721216050209477544e-05
6.373854557750746608e-05
7.007323438301682472e-05
1.115572231356054544e-04
9.496138955000787973e-05
8.784072997514158487e-05
7.415062282234430313e-05
6.829908670624718070e-05
1.341764436801895499e-04
9.997122106142342091e-05
7.830958929844200611e-05
5.996937761665321887e-05
5.747306204284541309e-05
5.698199674952775240e-05
6.159223994472995400e-05
6.644307723036035895e-05
1.042344229063019156e-04
8.571246871724724770e-05
5.576292096520774066e-05
5.930651605012826622e-05
6.323666457319632173e-05
6.420561840059235692e-05
6.455647235270589590e-05
6.546700024046003819e-05
1.509301073383539915e-04
8.328883996000513434e-05
7.310459477594122291e-05
6.587748794117942452e-05
6.274539191508665681e-05
6.093537012930028141e-05
6.148892134660854936e-05
1.650711055845022202e-04
8.008643635548651218e-05
1.054497843142598867e-04
9.194049926009029150e-05
7.573534094262868166e-05
6.756882066838443279e-05
7.001902849879115820e-05
5.821563172503374517e-05
5.326497921487316489e-05
6.192572618601843715e-05
8.031240577111020684e-05
7.804804045008495450e-05
7.861727499403059483e-05
4.084603642695583403e-05
4.381509279482997954e-05
5.595830953097902238e-05
6.794724322389811277e-05
7.242344145197421312e-05
7.980640657478943467e-05
5.800897633889690042e-05
2.518002656870521605e-05
3.594108784454874694e-05
5.280609548208303750e-05
6.818959082011133432e-05
1.113567996071651578e-04
1.078617060557007790e-04
8.605431503383442760e-05
6.812754145357757807e-05
1.064269381458871067e-04
9.680277435109019279e-05
6.912457320140674710e-05
5.360312934499233961e-05
5.250154208624735475e-05
5.817135024699382484e-05
7.598767115268856287e-05
8.578951383242383599e-05
9.601419878890737891e-05
8.504367724526673555e-05
6.734157068422064185e-05
1.798877201508730650e-04
8.723761129658669233e-05
5.759780833614058793e-05
5.740423875977285206e-05
5.897649680264294147e-05
6.108457455411553383e-05
6.279305671341717243e-05
6.355652294587343931e-05
6.814345397287979722e-05
7.106370321707800031e-05
5.389501893660053611e-05
6.229924474610015750e-05
6.923253386048600078e-05
9.417687397217378020e-05
1.114640253945253789e-04
4.337122663855552673e-05
4.489091588766314089e-05
5.467518349178135395e-05
8.778851042734459043e-05
8.393378084292635322e-05
5.900512041989713907e-05
6.056222628103569150e-05
6.218429189175367355e-05
6.739564560120925307e-05
8.619173604529350996e-05
5.565284664044156671e-05
6.510380626423284411e-05
6.831182690802961588e-05
6.866570765851065516e-05
6.649584247497841716e-05
6.510766252176836133e-05
7.153652404667809606e-05
4.992614776710979640e-05
3.824944724328815937e-05
7.622459816047921777e-05
