2.638120390474796295e-02
2.627643756568431854e-02
2.625856921076774597e-02
2.624738402664661407e-02
2.623540163040161133e-02
2.622012794017791748e-02
2.619798481464385986e-02
2.615674026310443878e-02
2.604397758841514587e-02
2.572191692888736725e-02
2.550047822296619415e-02
2.451200969517230988e-02
2.362060733139514923e-02
2.354069240391254425e-02
2.350241504609584808e-02
2.346804179251194000e-02
2.342326380312442780e-02
2.337270230054855347e-02
2.327527478337287903e-02
2.306357212364673615e-02
2.276257425546646118e-02
2.222980558872222900e-02
2.130882628262042999e-02
2.045120112597942352e-02
1.936995610594749451e-02
1.918762736022472382e-02
1.808860525488853455e-02
1.757786981761455536e-02
1.726202666759490967e-02
1.691720075905323029e-02
1.673936285078525543e-02
1.659900695085525513e-02
1.635141111910343170e-02
1.645270735025405884e-02
1.618532277643680573e-02
1.611353084444999695e-02
1.615013554692268372e-02
1.604480110108852386e-02
1.616929285228252411e-02
1.600635237991809845e-02
1.602110825479030609e-02
1.607757247984409332e-02
1.602950319647789001e-02
1.598121412098407745e-02
1.634601503610610962e-02
1.601520739495754242e-02
1.598250679671764374e-02
1.597351394593715668e-02
1.597009040415287018e-02
1.617721281945705414e-02
1.599777303636074066e-02
1.596372947096824646e-02
1.597133465111255646e-02
1.597008295357227325e-02
1.595852710306644440e-02
1.604056172072887421e-02
1.600176282227039337e-02
1.595430448651313782e-02
1.598585024476051331e-02
1.595040783286094666e-02
1.601120643317699432e-02
1.597545482218265533e-02
1.597812399268150330e-02
1.598379015922546387e-02
1.611546054482460022e-02
1.593633741140365601e-02
1.594336703419685364e-02
1.600281335413455963e-02
1.592567563056945801e-02
1.604019664227962494e-02
1.593900099396705627e-02
1.593494415283203125e-02
1.589993014931678772e-02
1.591073349118232727e-02
1.587887480854988098e-02
1.599954999983310699e-02
1.584678515791893005e-02
1.580114476382732391e-02
1.579710096120834351e-02
1.570320129394531250e-02
1.565996930003166199e-02
1.541687268763780594e-02
1.595371030271053314e-02
1.488889008760452271e-02
1.478831749409437180e-02
1.375629846006631851e-02
1.359754055738449097e-02
1.273995265364646912e-02
1.229156926274299622e-02
1.411340013146400452e-02
1.165684033185243607e-02
1.139129977673292160e-02
1.154497172683477402e-02
1.055371761322021484e-02
1.033943425863981247e-02
1.022828742861747742e-02
1.009248569607734680e-02
9.715034626424312592e-03
9.608872234821319580e-03
9.250150993466377258e-03
8.881443180143833160e-03
9.487380273640155792e-03
8.515450172126293182e-03
8.352130651473999023e-03
8.752914145588874817e-03
8.481721393764019012e-03
8.204538375139236450e-03
7.938439026474952698e-03
8.085121400654315948e-03
8.389242924749851227e-03
8.000875823199748993e-03
7.610930129885673523e-03
7.858189754188060760e-03
7.402163464576005936e-03
7.407681550830602646e-03
7.410360500216484070e-03
7.378348149359226227e-03
7.839042693376541138e-03
7.217374164611101151e-03
7.385684177279472351e-03
7.830062881112098694e-03
7.419814355671405792e-03
7.379994727671146393e-03
7.478971034288406372e-03
7.366052363067865372e-03
6.985609419643878937e-03
6.953909527510404587e-03
6.906760390847921371e-03
7.440607529133558273e-03
7.258451078087091446e-03
7.348815444856882095e-03
7.005871273577213287e-03
6.834502331912517548e-03
6.808000151067972183e-03
6.961886771023273468e-03
7.369450759142637253e-03
6.978196091949939728e-03
6.762854754924774170e-03
7.287572603672742844e-03
7.256187032908201218e-03
6.790146697312593460e-03
6.795745342969894409e-03
6.787745282053947449e-03
6.808039266616106033e-03
6.849196273833513260e-03
6.782528012990951538e-03
6.857156287878751755e-03
6.692568771541118622e-03
6.920897867530584335e-03
6.879227235913276672e-03
6.866686977446079254e-03
6.696857046335935593e-03
6.677682511508464813e-03
7.121347822248935699e-03
6.887076422572135925e-03
6.651926320046186447e-03
6.714476738125085831e-03
7.035049609839916229e-03
6.704727187752723694e-03
6.719970609992742538e-03
7.068302482366561890e-03
6.750235799700021744e-03
6.715896073728799820e-03
6.712249945849180222e-03
6.915014702826738358e-03
6.590284872800111771e-03
7.029545027762651443e-03
6.838101893663406372e-03
6.585889961570501328e-03
6.676397752016782761e-03
6.869917269796133041e-03
6.613140460103750229e-03
6.632986478507518768e-03
6.843620445579290390e-03
6.607391871511936188e-03
6.567632779479026794e-03
6.901623215526342392e-03
6.778169889003038406e-03
6.540366448462009430e-03
6.574280094355344772e-03
6.589069496840238571e-03
6.522505544126033783e-03
6.785777397453784943e-03
6.787583697587251663e-03
6.485502701252698898e-03
6.783878430724143982e-03
6.580929271876811981e-03
6.609040778130292892e-03
6.566002033650875092e-03
6.442738696932792664e-03
6.805555894970893860e-03
6.421318743377923965e-03
6.652708631008863449e-03
6.396006327122449875e-03
6.627615541219711304e-03
6.413659546524286270e-03
6.393144372850656509e-03
6.340138614177703857e-03
6.264063064008951187e-03
6.714258342981338501e-03
6.413349416106939316e-03
6.146686151623725891e-03
6.358682177960872650e-03
6.335831712931394577e-03
6.158655975013971329e-03
5.998668260872364044e-03
5.988141987472772598e-03
5.893842782825231552e-03
5.724241025745868683e-03
5.998334381729364395e-03
5.565704312175512314e-03
5.631362553685903549e-03
5.668754223734140396e-03
5.270901601761579514e-03
6.206336431205272675e-03
5.172005388885736465e-03
5.320140626281499863e-03
4.989051725715398788e-03
5.706209223717451096e-03
4.934726282954216003e-03
4.771050531417131424e-03
4.770539700984954834e-03
4.656058736145496368e-03
5.301679950207471848e-03
4.778229165822267532e-03
4.711537621915340424e-03
4.738932009786367416e-03
4.570088349282741547e-03
4.838702734559774399e-03
4.683996550738811493e-03
4.392946138978004456e-03
4.789487924426794052e-03
4.549884237349033356e-03
4.295368213206529617e-03
4.422394093126058578e-03
4.515383858233690262e-03
4.252746701240539551e-03
4.402967635542154312e-03
4.446663893759250641e-03
4.313054494559764862e-03
4.120712168514728546e-03
4.113746806979179382e-03
4.013240337371826172e-03
4.228639882057905197e-03
3.935225307941436768e-03
3.900976851582527161e-03
4.485083743929862976e-03
4.221098963171243668e-03
3.777659730985760689e-03
3.855383954942226410e-03
3.908372949808835983e-03
3.870578017085790634e-03
4.169497638940811157e-03
3.758066100999712944e-03
3.668950404971837997e-03
3.635774599388241768e-03
4.030996467918157578e-03
3.655390115454792976e-03
3.723189933225512505e-03
3.674570005387067795e-03
3.594615496695041656e-03
3.805164480581879616e-03
3.970379941165447235e-03
3.650777274742722511e-03
4.025920759886503220e-03
3.698710585013031960e-03
3.532865084707736969e-03
4.224000964313745499e-03
3.681219415739178658e-03
3.567742882296442986e-03
3.973824903368949890e-03
3.808544715866446495e-03
3.534199437126517296e-03
3.711590077728033066e-03
3.868865780532360077e-03
3.504963824525475502e-03
4.310302902013063431e-03
3.803352592512965202e-03
3.507663728669285774e-03
4.094169940799474716e-03
3.784656524658203125e-03
3.496365156024694443e-03
3.657291177660226822e-03
3.718499094247817993e-03
3.639545990154147148e-03
3.836146323010325432e-03
3.567609004676342010e-03
3.705019596964120865e-03
3.686708165332674980e-03
3.917049616575241089e-03
3.515065182000398636e-03
3.643898060545325279e-03
3.757243743166327477e-03
3.634350141510367393e-03
3.543273545801639557e-03
4.021940752863883972e-03
3.654563101008534431e-03
3.600086783990263939e-03
3.694723127409815788e-03
3.680757945403456688e-03
3.676067106425762177e-03
3.475985955446958542e-03
4.240979440510272980e-03
3.664797870442271233e-03
3.454502439126372337e-03
4.390173126012086868e-03
3.586115548387169838e-03
3.447112627327442169e-03
3.535182448104023933e-03
3.591831307858228683e-03
3.842271864414215088e-03
3.434782614931464195e-03
4.120817407965660095e-03
3.754884237423539162e-03
3.429030068218708038e-03
4.412876442074775696e-03
3.727391362190246582e-03
3.424536203965544701e-03
3.894274821504950523e-03
3.681145841255784035e-03
3.439957275986671448e-03
4.049358423799276352e-03
3.628937527537345886e-03
3.501150757074356079e-03
3.456968814134597778e-03
3.441929351538419724e-03
3.545757383108139038e-03
3.425535280257463455e-03
3.575847251340746880e-03
3.397180233150720596e-03
3.894223365932703018e-03
3.681155154481530190e-03
3.408820135518908501e-03
4.146844148635864258e-03
3.626644145697355270e-03
3.406296484172344208e-03
3.627259982749819756e-03
3.707369789481163025e-03
3.434675512835383415e-03
3.874659771099686623e-03
3.422201611101627350e-03
3.476989455521106720e-03
3.629657207056879997e-03
3.422170877456665039e-03
3.449819050729274750e-03
3.578050062060356140e-03
5.549277644604444504e-03
3.433610778301954269e-03
3.698390675708651543e-03
3.436090424656867981e-03
3.355567576363682747e-03
3.727080300450325012e-03
3.351226681843400002e-03
3.830651286989450455e-03
3.581430064514279366e-03
3.436917206272482872e-03
3.848992520943284035e-03
3.373034531250596046e-03
3.664743155241012573e-03
3.365911077708005905e-03
3.592151682823896408e-03
3.360239323228597641e-03
3.739173989742994308e-03
3.428974654525518417e-03
3.502629930153489113e-03
3.503822023048996925e-03
3.399674547836184502e-03
3.537838347256183624e-03
3.342074574902653694e-03
3.455153200775384903e-03
3.648510668426752090e-03
3.305806079879403114e-03
3.636833513155579567e-03
3.332647727802395821e-03
3.946634940803050995e-03
3.368945559486746788e-03
3.414356149733066559e-03
3.304158570244908333e-03
3.716768696904182434e-03
3.456495236605405807e-03
3.330626292154192924e-03
3.619851777330040932e-03
3.286465303972363472e-03
4.022020380944013596e-03
3.481175517663359642e-03
3.318905364722013474e-03
3.611697349697351456e-03
3.259328659623861313e-03
4.268855787813663483e-03
3.334229113534092903e-03
3.416698891669511795e-03
3.253760049119591713e-03
3.748813876882195473e-03
3.256870433688163757e-03
3.610569750890135765e-03
3.378634341061115265e-03
3.470330499112606049e-03
3.317768918350338936e-03
3.289961954578757286e-03
3.448391100391745567e-03
3.206377616152167320e-03
3.635193686932325363e-03
3.419769462198019028e-03
3.355957567691802979e-03
3.297403221949934959e-03
3.173818811774253845e-03
3.679885528981685638e-03
3.409942146390676498e-03
3.275683149695396423e-03
3.390236990526318550e-03
3.205523593351244926e-03
3.452252829447388649e-03
3.173180855810642242e-03
3.490771399810910225e-03
3.272874746471643448e-03
3.336639609187841415e-03
3.196992212906479836e-03
3.812534967437386513e-03
3.308219369500875473e-03
3.188414033502340317e-03
3.242067294195294380e-03
3.451038617640733719e-03
3.294628113508224487e-03
3.521579317748546600e-03
3.120440756902098656e-03
3.274596296250820160e-03
3.245566738769412041e-03
3.223375882953405380e-03
3.697261912748217583e-03
3.472657874226570129e-03
3.169521456584334373e-03
3.090356243774294853e-03
3.171492600813508034e-03
3.785330103710293770e-03
3.264756174758076668e-03
3.275014227256178856e-03
3.201339393854141235e-03
3.319017356261610985e-03
3.140235785394906998e-03
3.063729964196681976e-03
3.085635835304856300e-03
3.582499921321868896e-03
3.121849847957491875e-03
3.273102920502424240e-03
3.114301944151520729e-03
3.306641010567545891e-03
3.262501442804932594e-03
3.120813285931944847e-03
3.238078439608216286e-03
3.134018974378705025e-03
3.195215482264757156e-03
3.156591672450304031e-03
3.051319392397999763e-03
3.666707780212163925e-03
3.036210546270012856e-03
3.708865260705351830e-03
3.075285349041223526e-03
3.445323323830962181e-03
3.056830028071999550e-03
3.001573262736201286e-03
3.584777936339378357e-03
3.131392179057002068e-03
3.133353078737854958e-03
4.308846313506364822e-03
3.113821381703019142e-03
3.263975959271192551e-03
3.085697535425424576e-03
3.030661260709166527e-03
3.364287549629807472e-03
3.042641095817089081e-03
3.153464291244745255e-03
3.132427576929330826e-03
3.067729063332080841e-03
3.208024892956018448e-03
3.041923977434635162e-03
3.627308877184987068e-03
3.187981666997075081e-03
3.075983608141541481e-03
3.185982117429375648e-03
2.998724114149808884e-03
3.120169742032885551e-03
3.031361149623990059e-03
2.934784628450870514e-03
3.227888606488704681e-03
3.157614031806588173e-03
2.924792002886533737e-03
3.059689421206712723e-03
2.939804224297404289e-03
3.154621692374348640e-03
2.980646211653947830e-03
3.223296487703919411e-03
2.917603356763720512e-03
3.285128856077790260e-03
3.086573444306850433e-03
2.928452333435416222e-03
2.955246483907103539e-03
3.170813433825969696e-03
3.305668476969003677e-03
3.081515897065401077e-03
3.031817032024264336e-03
2.887189853936433792e-03
2.968620974570512772e-03
3.284239908680319786e-03
2.889244118705391884e-03
3.135317936539649963e-03
3.192865755409002304e-03
2.914935117587447166e-03
3.183883382007479668e-03
2.872330369427800179e-03
3.007759805768728256e-03
2.845700830221176147e-03
2.817463595420122147e-03
2.824168186634778976e-03
2.881397726014256477e-03
3.065831027925014496e-03
3.062239615246653557e-03
2.944652689620852470e-03
3.126186784356832504e-03
2.798845293000340462e-03
2.779603935778141022e-03
4.213199485093355179e-03
2.862618537619709969e-03
2.826563781127333641e-03
3.367983270436525345e-03
2.936652861535549164e-03
2.795799635350704193e-03
3.061487805098295212e-03
2.970866393297910690e-03
2.921778243035078049e-03
3.068176563829183578e-03
2.943624043837189674e-03
2.814396517351269722e-03
3.366629825904965401e-03
2.835305407643318176e-03
2.866601804271340370e-03
2.714879112318158150e-03
3.746197791770100594e-03
2.874742494896054268e-03
2.809418831020593643e-03
2.712454413995146751e-03
3.178131766617298126e-03
2.950943075120449066e-03
2.695338567718863487e-03
3.438116982579231262e-03
2.859188709408044815e-03
2.681926824152469635e-03
2.867962466552853584e-03
2.853784942999482155e-03
3.011922119185328484e-03
2.676900010555982590e-03
3.690622514113783836e-03
2.725715516135096550e-03
2.822930924594402313e-03
2.728711348026990891e-03
2.923066727817058563e-03
2.985461847856640816e-03
2.636129036545753479e-03
3.185365116223692894e-03
2.793089253827929497e-03
2.657334785908460617e-03
2.616707934066653252e-03
4.323657602071762085e-03
2.638662466779351234e-03
2.841450273990631104e-03
2.594016725197434425e-03
3.312753280624747276e-03
2.816091524437069893e-03
2.640176797285676003e-03
3.186015645042061806e-03
2.775998553261160851e-03
2.582476474344730377e-03
3.502333536744117737e-03
2.681869082152843475e-03
2.783094299957156181e-03
2.680413657799363136e-03
2.531055128201842308e-03
3.128506708890199661e-03
2.585978247225284576e-03
2.743466524407267570e-03
2.618909347802400589e-03
3.317505586892366409e-03
2.497530076652765274e-03
2.764030359685420990e-03
2.775154309347271919e-03
2.527607372030615807e-03
2.949170302599668503e-03
3.598955227062106133e-03
2.794279484078288078e-03
2.485264791175723076e-03
2.680405043065547943e-03
2.522109076380729675e-03
2.514983760192990303e-03
2.575123915448784828e-03
2.922466024756431580e-03
2.549867145717144012e-03
2.558135660365223885e-03
2.610853407531976700e-03
2.902445849031209946e-03
2.437512855976819992e-03
2.517984947189688683e-03
2.514709485694766045e-03
2.507465425878763199e-03
2.684495877474546432e-03
2.376941265538334846e-03
2.457501599565148354e-03
3.026936436071991920e-03
2.596783917397260666e-03
2.324851695448160172e-03
3.198188496753573418e-03
2.350459573790431023e-03
2.404123544692993164e-03
2.724144374951720238e-03
2.498494228348135948e-03
2.310626441612839699e-03
2.905021654441952705e-03
2.260986017063260078e-03
2.496863249689340591e-03
2.327038673684000969e-03
3.199739148840308189e-03
2.399193355813622475e-03
2.289587166160345078e-03
2.392266876995563507e-03
2.568981377407908440e-03
2.486313460394740105e-03
2.199000446125864983e-03
2.323983004316687584e-03
2.290470525622367859e-03
2.464245306327939034e-03
2.264786744490265846e-03
2.267573960125446320e-03
2.511317143216729164e-03
2.418540650978684425e-03
2.366862725466489792e-03
2.428350271657109261e-03
2.119356999173760414e-03
3.572527552023530006e-03
2.330277115106582642e-03
2.121534897014498711e-03
2.596465172246098518e-03
2.227639080956578255e-03
3.173824166879057884e-03
2.532728714868426323e-03
2.081857295706868172e-03
2.883536973968148232e-03
2.128637162968516350e-03
2.497097011655569077e-03
2.031827345490455627e-03
2.069897949695587158e-03
2.500943373888731003e-03
2.235418884083628654e-03
2.082579303532838821e-03
2.007941016927361488e-03
2.319980645552277565e-03
2.348843961954116821e-03
2.373917493969202042e-03
2.001265762373805046e-03
2.098042052239179611e-03
2.484002849087119102e-03
2.452051732689142227e-03
2.039142418652772903e-03
2.174277324229478836e-03
2.238698536530137062e-03
1.955864718183875084e-03
2.892988966777920723e-03
2.097833203151822090e-03
2.158654853701591492e-03
2.159813651815056801e-03
1.989583251997828484e-03
2.359865233302116394e-03
2.149410312995314598e-03
2.124297665432095528e-03
1.874635112471878529e-03
2.499730326235294342e-03
2.030080882832407951e-03
2.141493139788508415e-03
1.872245571576058865e-03
2.011092379689216614e-03
1.995489466935396194e-03
1.806695596314966679e-03
1.910233986563980579e-03
2.205425407737493515e-03
1.955873332917690277e-03
1.861263299360871315e-03
2.092280890792608261e-03
1.753475866280496120e-03
2.153537236154079437e-03
1.894402084872126579e-03
2.097254386171698570e-03
1.929059042595326900e-03
1.816716045141220093e-03
2.052340190857648849e-03
1.788460416719317436e-03
1.748614478856325150e-03
1.862003584392368793e-03
2.171902917325496674e-03
1.869906438514590263e-03
1.791591988876461983e-03
1.937662367708981037e-03
1.891026855446398258e-03
1.748814713209867477e-03
1.945755677297711372e-03
1.648192876018583775e-03
2.652738709002733231e-03
1.603574492037296295e-03
1.885635545477271080e-03
1.606169505976140499e-03
3.075766377151012421e-03
1.640778966248035431e-03
1.606042264029383659e-03
1.953945728018879890e-03
1.697796047665178776e-03
1.717005041427910328e-03
1.834626076743006706e-03
2.579071326181292534e-03
2.053997945040464401e-03
1.637147157453000546e-03
1.510099042207002640e-03
2.198916394263505936e-03
1.650752965360879898e-03
1.510974601842463017e-03
1.805273350328207016e-03
2.021169522777199745e-03
1.549881999380886555e-03
1.573039917275309563e-03
1.575460773892700672e-03
1.753042801283299923e-03
1.961563481017947197e-03
1.531970337964594364e-03
1.423978595994412899e-03
1.670951489359140396e-03
2.135138027369976044e-03
1.442933455109596252e-03
1.449293456971645355e-03
1.681569381617009640e-03
2.478501060977578163e-03
1.506112632341682911e-03
1.436356571502983570e-03
1.377162407152354717e-03
1.816581119783222675e-03
3.269739449024200439e-03
1.642452203668653965e-03
1.378604210913181305e-03
1.496422803029417992e-03
1.653864863328635693e-03
1.409632852301001549e-03
1.896485919132828712e-03
1.602453412488102913e-03
1.279712538234889507e-03
2.132945228368043900e-03
1.336131943389773369e-03
1.324441982433199883e-03
1.397721818648278713e-03
1.725132227875292301e-03
1.384477596729993820e-03
1.274518202990293503e-03
1.443197135813534260e-03
1.487591071054339409e-03
1.888409606181085110e-03
1.310777035541832447e-03
1.336015877313911915e-03
1.530088251456618309e-03
1.182975829578936100e-03
1.530530280433595181e-03
1.627961522899568081e-03
1.241269754245877266e-03
2.200062386691570282e-03
1.462405896745622158e-03
1.159582636319100857e-03
1.473636017180979252e-03
1.517760450951755047e-03
1.165631809271872044e-03
1.326782046817243099e-03
1.210637041367590427e-03
2.662759972736239433e-03
1.426351955160498619e-03
1.118600135669112206e-03
1.520108198747038841e-03
1.151153119280934334e-03
1.769300550222396851e-03
1.270991400815546513e-03
1.123909838497638702e-03
1.490501803345978260e-03
1.219103345647454262e-03
1.128909876570105553e-03
1.029630657285451889e-03
1.430249889381229877e-03
1.751826959662139416e-03
1.107445219531655312e-03
1.219305326230823994e-03
1.104781404137611389e-03
1.152933225966989994e-03
1.203176798298954964e-03
9.662355296313762665e-04
5.951708182692527771e-03
1.250734669156372547e-03
1.132738310843706131e-03
1.048804842866957188e-03
1.174030825495719910e-03
1.128590898588299751e-03
9.410611237399280071e-04
1.543342950753867626e-03
1.192833995446562767e-03
9.121649200096726418e-04
1.561521203257143497e-03
9.917839197441935539e-04
9.591244161128997803e-04
9.696619235910475254e-04
1.350915641523897648e-03
9.587774984538555145e-04
9.883848251774907112e-04
1.139525091275572777e-03
1.020799856632947922e-03
1.182578154839575291e-03
1.103386166505515575e-03
9.957320289686322212e-04
1.001094467937946320e-03
1.665844349190592766e-03
1.012517255730926991e-03
8.301105117425322533e-04
1.438585692085325718e-03
8.410002337768673897e-04
1.514452276751399040e-03
8.983514271676540375e-04
1.450276351533830166e-03
9.019110584631562233e-04
1.831779489293694496e-03
8.593510719947516918e-04
8.041000692173838615e-04
1.275833463296294212e-03
8.788539562374353409e-04
1.096675870940089226e-03
7.918631308712065220e-04
1.307193306274712086e-03
9.855122771114110947e-04
8.246895158663392067e-04
7.077652262523770332e-04
7.682463037781417370e-04
1.762314350344240665e-03
1.115088351070880890e-03
8.741529891267418861e-04
1.126287737861275673e-03
8.041088003665208817e-04
1.320651150308549404e-03
8.284957148134708405e-04
1.230260473676025867e-03
6.743129924871027470e-04
8.573648519814014435e-04
9.831907227635383606e-04
1.079131383448839188e-03
9.537508012726902962e-04
6.791839841753244400e-04
7.821827312000095844e-04
1.049597980454564095e-03
8.014580234885215759e-04
8.519010734744369984e-04
6.900795269757509232e-04
1.002450939267873764e-03
7.385353674180805683e-04
7.501101354137063026e-04
1.252249348908662796e-03
6.718553486280143261e-04
5.911684129387140274e-04
1.123882946558296680e-03
8.847396820783615112e-04
5.873112240806221962e-04
1.125910319387912750e-03
6.037729908712208271e-04
7.669170154258608818e-04
1.144942827522754669e-03
5.469098687171936035e-04
7.164196576923131943e-04
1.068250858224928379e-03
6.685763364657759666e-04
1.114118262194097042e-03
6.346132140606641769e-04
1.276523689739406109e-03
6.584788789041340351e-04
8.013374172151088715e-04
7.648310274817049503e-04
1.544804661534726620e-03
7.060117786750197411e-04
5.369955324567854404e-04
8.682445622980594635e-04
1.019490882754325867e-03
5.916334921494126320e-04
5.603097961284220219e-04
2.749145496636629105e-03
5.480134859681129456e-04
4.885029629804193974e-04
5.293761496432125568e-04
9.586704545654356480e-04
6.298286025412380695e-04
8.395552285946905613e-04
5.439527449198067188e-04
8.201664313673973083e-04
4.838862514588981867e-04
5.969021585769951344e-04
9.197667823173105717e-04
6.256093038246035576e-04
5.840724916197359562e-04
9.012689115479588509e-04
6.542881019413471222e-04
6.431171204894781113e-04
6.977611337788403034e-04
4.889519768767058849e-04
7.424877258017659187e-04
6.070225499570369720e-04
5.619131843559443951e-04
9.616694878786802292e-04
8.393655880354344845e-04
5.243010236881673336e-04
7.443409413099288940e-04
7.721998845227062702e-04
6.993091665208339691e-04
7.082715164870023727e-04
5.435022758319973946e-04
5.399920046329498291e-04
7.091768784448504448e-04
5.760358180850744247e-04
5.643885233439505100e-04
4.421248158905655146e-04
5.258281598798930645e-04
4.843329952564090490e-04
5.467672599479556084e-04
5.496901576407253742e-04
5.128288757987320423e-04
4.874510050285607576e-04
4.926590481773018837e-04
5.254780407994985580e-04
5.863414262421429157e-04
6.615536403842270374e-04
5.126810283400118351e-04
8.755480521358549595e-04
5.118757835589349270e-04
7.518196362070739269e-04
4.620291292667388916e-04
3.892614331562072039e-04
5.000551464036107063e-04
3.800314734689891338e-04
6.601930363103747368e-04
6.535153952427208424e-04
4.471889405976980925e-04
8.339355117641389370e-04
7.525593391619622707e-04
3.868333296850323677e-04
3.870246582664549351e-04
8.052168413996696472e-04
6.313561461865901947e-04
4.866283270530402660e-04
8.693989948369562626e-04
4.672626091632992029e-04
4.119848599657416344e-04
5.294740549288690090e-04
3.579328767955303192e-04
5.576553521677851677e-04
4.296103725209832191e-04
4.665595770347863436e-04
6.965073407627642155e-04
5.761919310316443443e-04
4.092832969035953283e-04
4.758252471219748259e-04
7.846152875572443008e-04
3.771318297367542982e-04
2.090697962557896972e-04
5.945810116827487946e-04
2.519392292015254498e-04
5.971305072307586670e-04
8.672787225805222988e-04
4.825842042919248343e-04
5.307816900312900543e-04
6.269467994570732117e-04
4.964238032698631287e-04
5.468104500323534012e-04
3.659299109131097794e-04
3.433756937738507986e-04
1.016329624690115452e-03
4.062947700731456280e-04
4.161994147580116987e-04
4.378354642540216446e-04
9.887731866911053658e-04
5.677974550053477287e-04
3.874760295730084181e-04
3.222931118216365576e-04
5.033926572650671005e-04
3.138913016300648451e-04
4.094966861885040998e-04
3.482496831566095352e-04
5.824299296364188194e-04
6.528784288093447685e-04
3.774044744204729795e-04
3.974141727667301893e-04
4.557527427095919847e-04
5.028117448091506958e-04
3.797734680119901896e-04
3.225796972401440144e-04
5.970143247395753860e-04
3.459662257228046656e-04
3.098520683124661446e-04
4.742849559988826513e-04
6.727529107592999935e-04
4.376070864964276552e-04
4.547848366200923920e-04
4.352802061475813389e-04
4.608365416061133146e-04
5.329028936102986336e-04
4.005912051070481539e-04
4.332659009378403425e-04
5.357904010452330112e-04
4.348139045760035515e-04
1.725737238302826881e-04
4.207945021335035563e-04
4.836589214392006397e-04
4.465174861252307892e-04
5.049460451118648052e-04
3.979029715992510319e-04
4.729982756543904543e-04
2.581290318630635738e-04
2.610700321383774281e-04
2.656526630744338036e-04
4.553716862574219704e-04
4.382063925731927156e-04
3.425253380555659533e-04
3.663949028123170137e-04
3.441441804170608521e-04
6.801144336350262165e-04
4.265303723514080048e-04
3.827246546279639006e-04
4.343012406025081873e-04
3.345230361446738243e-04
5.054720677435398102e-04
7.065213867463171482e-04
2.501273120287805796e-04
2.822585520334541798e-04
3.750490141101181507e-04
4.069898859597742558e-04
4.438385658431798220e-04
3.776450466830283403e-04
5.628906656056642532e-04
3.759206738322973251e-04
3.349450707901269197e-04
2.086899476125836372e-03
2.655475982464849949e-04
2.550836361479014158e-04
2.666939108166843653e-04
2.830559387803077698e-04
3.320452524349093437e-04
4.395212163217365742e-04
3.349343896843492985e-04
3.042322641704231501e-04
1.722971093840897083e-03
5.790363065898418427e-04
3.300826356280595064e-04
2.824149560183286667e-04
2.964080194942653179e-04
3.414520178921520710e-04
5.773968878202140331e-04
3.925067430827766657e-04
3.274909395258873701e-04
1.560975098982453346e-03
4.768814542330801487e-04
3.122310154139995575e-04
2.661151520442217588e-04
2.675886207725852728e-04
5.450411699712276459e-04
3.272202156949788332e-04
3.005244943778961897e-04
6.190284620970487595e-04
3.798598190769553185e-04
4.541278176475316286e-04
2.465680590830743313e-04
2.356432232772931457e-04
4.604998102877289057e-04
2.987004700116813183e-04
4.786513454746454954e-04
2.288161340402439237e-04
1.612474297871813178e-04
3.989033866673707962e-04
1.983136899070814252e-04
3.247383865527808666e-04
2.335690951440483332e-04
3.687790303956717253e-04
3.150186676066368818e-04
2.911592891905456781e-04
6.301334942691028118e-04
4.345443740021437407e-04
3.583956568036228418e-04
2.823734539560973644e-04
8.787093102000653744e-04
3.273437614552676678e-04
3.091291291639208794e-04
2.867333241738379002e-04
3.089462115895003080e-04
4.828313831239938736e-04
2.668451634235680103e-04
2.354255411773920059e-04
6.370988558046519756e-04
4.298976564314216375e-04
2.751314605120569468e-04
2.958797558676451445e-04
5.359672941267490387e-04
3.215146716684103012e-04
2.970428322441875935e-04
3.627347468864172697e-04
6.660136859863996506e-04
2.626501955091953278e-04
2.785316319204866886e-04
2.713631838560104370e-04
2.724259102251380682e-04
3.890301741193979979e-04
3.026367630809545517e-04
2.762966905720531940e-04
3.040870942641049623e-04
1.468539849156513810e-04
4.138356598559767008e-04
2.889740862883627415e-04
2.385046536801382899e-04
2.727734390646219254e-04
3.385827876627445221e-04
3.405500028748065233e-04
3.674714535009115934e-04
3.143840003758668900e-04
3.638078633230179548e-04
2.902449923567473888e-04
2.423924306640401483e-04
5.038595991209149361e-04
4.020998894702643156e-04
3.116813022643327713e-04
2.774270251393318176e-04
7.181558758020401001e-04
4.177407827228307724e-04
3.653441381175071001e-04
2.971714711748063564e-04
1.110919518396258354e-03
3.556305891834199429e-04
3.377984394319355488e-04
3.164585505146533251e-04
3.376068489160388708e-04
6.693147588521242142e-04
2.664165513124316931e-04
2.633420808706432581e-04
2.730968117248266935e-04
1.658935099840164185e-03
5.196310812607407570e-04
3.034801629837602377e-04
2.918691607192158699e-04
2.883707056753337383e-04
2.961204445455223322e-04
6.412275251932442188e-04
4.087448178324848413e-04
3.652861923910677433e-04
4.186043224763125181e-04
3.355732187628746033e-04
3.713132464326918125e-04
7.185579161159694195e-04
2.732561843004077673e-04
2.631004608701914549e-04
2.628739457577466965e-04
7.532374002039432526e-04
2.634173142723739147e-04
2.432137698633596301e-04
2.976873074658215046e-04
4.006732197012752295e-04
2.672988339327275753e-04
2.403253020020201802e-04
3.016768605448305607e-04
2.321856300113722682e-04
2.668168453965336084e-04
2.254429564345628023e-04
3.177642065566033125e-04
1.909525744849815965e-04
2.315326128154993057e-04
2.161471929866820574e-04
2.380494843237102032e-04
6.734468624927103519e-04
2.923429710790514946e-04
2.841405512299388647e-04
2.747563121374696493e-04
2.728678809944540262e-04
2.882629341911524534e-04
5.865484126843512058e-04
3.783044521696865559e-04
3.136754094157367945e-04
6.322956178337335587e-04
3.045778721570968628e-04
3.126242954749614000e-04
3.115493746008723974e-04
5.714589497074484825e-04
1.892957225209102035e-04
2.547893091104924679e-04
2.603286411613225937e-04
1.119010499678552151e-03
3.815568634308874607e-04
3.471869567874819040e-04
3.369663900230079889e-04
3.382621507626026869e-04
7.772815879434347153e-04
2.943907456938177347e-04
2.931227791123092175e-04
3.160720225423574448e-04
6.077102734707295895e-04
3.591489221435040236e-04
3.558186290320008993e-04
3.773805219680070877e-04
3.890206571668386459e-04
3.733090998139232397e-04
2.140644064638763666e-04
2.135682298103347421e-04
2.534903469495475292e-04
2.572435187175869942e-04
6.283164257183670998e-04
2.214631822425872087e-04
2.257104206364601851e-04
2.420612727291882038e-04
1.278651063330471516e-03
4.809229576494544744e-04
3.019779396709054708e-04
2.876850194297730923e-04
2.749584382399916649e-04
2.729400584939867258e-04
5.371426232159137726e-04
3.489015798550099134e-04
2.998324634972959757e-04
4.303984751459211111e-04
2.725506783463060856e-04
6.670950679108500481e-04
5.756490281783044338e-04
3.061264287680387497e-04
4.915333702228963375e-04
2.764886885415762663e-04
2.810359292197972536e-04
2.040725899860262871e-03
3.166712413076311350e-04
2.948822220787405968e-04
2.817186468746513128e-04
2.958224795293062925e-04
2.943186555057764053e-04
3.129710676148533821e-04
4.326652851887047291e-04
2.679049794096499681e-04
3.333432832732796669e-04
2.306420501554384828e-04
1.967371499631553888e-04
2.646157226990908384e-04
3.112563572358340025e-04
2.356510813115164638e-04
9.954367997124791145e-04
3.146734379697591066e-04
2.947037864942103624e-04
2.898532256949692965e-04
3.092015394940972328e-04
5.815607728436589241e-04
3.467360220383852720e-04
3.539703029673546553e-04
3.750990726985037327e-04
2.996887487825006247e-04
2.664317144080996513e-04
1.060344860889017582e-03
3.581140772439539433e-04
7.789214578224346042e-05
1.170992836705408990e-04
1.177091471618041396e-04
1.296014524996280670e-04
1.581985852681100368e-04
2.136085968231782317e-04
2.927212917711585760e-04
3.358218236826360226e-04
3.702099202200770378e-04
3.040669544134289026e-04
4.915970494039356709e-04
3.239546203985810280e-04
2.783861418720334768e-04
4.745937767438590527e-04
3.620572679210454226e-04
1.963947579497471452e-04
1.736794074531644583e-04
1.911776344059035182e-04
2.243300841655582190e-04
3.856596013065427542e-04
2.143993187928572297e-04
3.213547170162200928e-04
2.140592114301398396e-04
1.058831228874623775e-03
3.759533574339002371e-04
2.493759966455399990e-04
2.446601865813136101e-04
3.355074441060423851e-04
2.883494016714394093e-04
2.686649095267057419e-04
2.980801509693264961e-04
2.471396874170750380e-04
1.475927769206464291e-03
2.653623232617974281e-04
7.463237125193700194e-05
1.358058798359706998e-04
2.162385935662314296e-04
3.188178816344588995e-04
2.815158804878592491e-04
3.556137962732464075e-04
2.167088532587513328e-04
2.134153910446912050e-04
1.407984294928610325e-03
5.283674690872430801e-04
3.228557179681956768e-04
3.063615586142987013e-04
2.928551693912595510e-04
2.807088894769549370e-04
3.813623916357755661e-04
2.355602191528305411e-04
3.047285135835409164e-04
2.264349604956805706e-04
1.287164282985031605e-03
4.348376241978257895e-04
3.009845968335866928e-04
2.722148492466658354e-04
2.482110867276787758e-04
3.673295141197741032e-04
1.988816802622750401e-04
1.870847772806882858e-04
3.223631065338850021e-04
2.563585003372281790e-04
3.073617408517748117e-04
1.701668224995955825e-04
1.341475581284612417e-04
1.579507224960252643e-04
2.161610027542337775e-04
4.447120008990168571e-04
2.086128224618732929e-04
2.861879474949091673e-04
2.843301917891949415e-04
4.187003651168197393e-04
3.496263816487044096e-04
3.135093138553202152e-04
3.889000217895954847e-04
2.498770772945135832e-04
4.960057558491826057e-04
3.368589095771312714e-04
2.355676842853426933e-04
2.467218728270381689e-04
2.042748965322971344e-04
2.635296841617673635e-04
2.253596758237108588e-04
2.227847289759665728e-04
2.361349761486053467e-04
2.464410790707916021e-04
4.920698120258748531e-04
3.439729625824838877e-04
2.563557936809957027e-04
7.506978581659495831e-04
3.739358508028090000e-04
3.218106576241552830e-04
2.826950803864747286e-04
5.460712127387523651e-04
3.828818153124302626e-04
2.829799486789852381e-04
4.204747965559363365e-04
2.609700604807585478e-04
4.116781346965581179e-04
3.761045809369534254e-04
2.313989971298724413e-04
2.658412558957934380e-04
3.275930357631295919e-04
2.070972986984997988e-04
4.018938925582915545e-04
3.397637628950178623e-04
2.355626202188432217e-04
4.550003504846245050e-04
2.117359399562701583e-04
2.021947875618934631e-04
1.000639400444924831e-03
3.281824756413698196e-04
2.650049573276191950e-04
2.671087277121841908e-04
2.817086060531437397e-04
6.064864574000239372e-04
3.039408475160598755e-04
3.000462311320006847e-04
2.579342690296471119e-04
2.535451785661280155e-04
2.028360497206449509e-03
3.704566624946892262e-04
4.876383754890412092e-04
3.866778279189020395e-04
3.896887355949729681e-04
4.149099113419651985e-04
3.453202371019870043e-04
2.498996909707784653e-04
2.195879351347684860e-04
2.925047883763909340e-04
2.462949196342378855e-04
3.212686569895595312e-04
2.210365637438371778e-04
2.262846683152019978e-04
2.265040675411000848e-04
1.928180136019363999e-04
2.115475363098084927e-04
2.182121970690786839e-04
2.396446943748742342e-04
2.429711021250113845e-04
4.019821353722363710e-04
2.401976962573826313e-04
1.966309937415644526e-04
3.365545999258756638e-04
2.190325903939083219e-04
4.196580557618290186e-04
3.360862319823354483e-04
2.180165320169180632e-04
2.251501136925071478e-04
4.253590886946767569e-04
1.514117466285824776e-04
2.419810189167037606e-04
2.034843055298551917e-04
1.923407253343611956e-04
2.193757391069084406e-04
2.296014426974579692e-04
3.098664456047117710e-04
2.516415552236139774e-04
2.627542125992476940e-04
2.515210362616926432e-04
1.544077385915443301e-04
2.740189665928483009e-04
2.231688704341650009e-04
5.171194788999855518e-04
3.567084204405546188e-04
2.787925768643617630e-04
2.449664752930402756e-04
5.835722549818456173e-04
4.885393427684903145e-04
2.217323344666510820e-04
2.045108121819794178e-04
2.577384002506732941e-04
8.359112689504399896e-05
8.237521979026496410e-05
2.933370415121316910e-04
3.034803667105734348e-04
4.859213950112462044e-04
3.072026302106678486e-04
3.198870399501174688e-04
2.084127627313137054e-04
2.461535914335399866e-04
2.109724737238138914e-04
2.393413597019389272e-04
4.493393062148243189e-04
3.405549214221537113e-04
2.303510846104472876e-04
2.433743356959894300e-04
4.973920295014977455e-04
5.008509033359587193e-04
2.620520826894789934e-04
2.554381499066948891e-04
3.647460835054516792e-04
2.652622060850262642e-04
2.157277631340548396e-04
2.540729474276304245e-04
2.491638588253408670e-04
3.242123930249363184e-04
1.573899789946153760e-04
1.640581467654556036e-04
1.736323029035702348e-04
2.579570573288947344e-04
1.866988895926624537e-04
1.698784326435998082e-04
2.136925177183002234e-04
2.515517116989940405e-04
5.388036370277404785e-04
3.234367177356034517e-04
3.289752930868417025e-04
2.629299415275454521e-04
8.633731049485504627e-04
2.945540181826800108e-04
4.748693318106234074e-04
4.106756532564759254e-04
3.905363846570253372e-04
2.343733067391440272e-04
2.680414181668311357e-04
1.602389820618554950e-04
7.526851550210267305e-05
1.655968371778726578e-04
2.289008989464491606e-04
2.561064029578119516e-04
7.314539980143308640e-04
4.092505550943315029e-04
2.775082830339670181e-04
2.255718572996556759e-04
2.775638422463089228e-04
3.073212865274399519e-04
1.380339672323316336e-04
2.115717506967484951e-04
3.021196171175688505e-04
2.475215296726673841e-04
3.645909309852868319e-04
2.291291748406365514e-04
4.255672974977642298e-04
2.440070966258645058e-04
2.152609667973592877e-04
3.567877574823796749e-04
3.081924514845013618e-04
3.732213517650961876e-04
3.337444795761257410e-04
1.922141236718744040e-04
2.330129791516810656e-04
2.460795512888580561e-04
3.544538049027323723e-04
2.132766967406496406e-04
7.891681889304891229e-05
1.135815546149387956e-04
2.117511176038533449e-04
5.793109303340315819e-04
4.632562340702861547e-04
2.789621648844331503e-04
2.703125937841832638e-04
4.033811273984611034e-04
4.095761978533118963e-04
2.290524280397221446e-04
2.735960588324815035e-04
2.856430655810981989e-04
2.405522536719217896e-04
2.634347183629870415e-04
2.758764021564275026e-04
2.803542884066700935e-04
2.545620372984558344e-04
2.607365022413432598e-04
2.115917304763570428e-04
3.489312075544148684e-04
2.292875869898125529e-04
1.161638210760429502e-04
1.454050070606172085e-04
1.936154003487899899e-04
5.706041119992733002e-04
4.610055475495755672e-04
2.292689459864050150e-04
2.349599963054060936e-04
2.860719687305390835e-04
1.568190637044608593e-04
1.965442061191424727e-04
2.096226089634001255e-04
3.176225582137703896e-04
2.334098826395347714e-04
2.104590384988114238e-04
1.107666874304413795e-03
2.622610481921583414e-04
4.900707790511660278e-05
5.365035613067448139e-04
5.501552950590848923e-04
2.908314345404505730e-04
2.530657802708446980e-04
2.633637341205030680e-04
2.847261494025588036e-04
2.792226150631904602e-04
2.772716397885233164e-04
4.336677957326173782e-04
4.777361173182725906e-04
3.794213989749550819e-04
3.065768687520176172e-04
4.372696566861122847e-04
4.386540676932781935e-04
2.865025307983160019e-04
2.446682483423501253e-04
6.929716328158974648e-04
3.364285803399980068e-04
3.365720622241497040e-04
2.551326469983905554e-04
2.896588703151792288e-04
2.556020626798272133e-04
2.244638162665069103e-04
5.731140845455229282e-04
1.773087569745257497e-04
1.249239576281979680e-04
1.544168335385620594e-04
1.496144541306421161e-04
1.751159143168479204e-04
1.808519737096503377e-04
3.292247420176863670e-04
1.520961232017725706e-04
2.652985276654362679e-04
2.573330129962414503e-04
2.456619404256343842e-04
2.378836215939372778e-04
2.323315420653671026e-04
2.329846029169857502e-04
2.333445008844137192e-04
3.470380615908652544e-04
1.986786519410088658e-04
1.555528870085254312e-04
2.113408409059047699e-04
3.777442325372248888e-04
3.468453360255807638e-04
2.098128898069262505e-04
2.113858499797061086e-04
1.933099702000617981e-04
6.812434876337647438e-04
3.027190105058252811e-04
2.900403924286365509e-04
2.756006724666804075e-04
2.504952426534146070e-04
2.415092167211696506e-04
2.399627992417663336e-04
9.634079760871827602e-04
3.687213174998760223e-04
3.537158481776714325e-04
3.791799827013164759e-04
3.384950687177479267e-04
3.872023371513932943e-04
2.356565091758966446e-04
2.165685145882889628e-04
5.454074125736951828e-04
2.222192415501922369e-04
2.437274233670905232e-04
1.994436752283945680e-04
2.189372607972472906e-04
2.057858073385432363e-04
2.230984391644597054e-04
2.251936239190399647e-04
5.066007724963128567e-04
4.037354083266109228e-04
2.716205781325697899e-04
2.048856113106012344e-04
5.715811857953667641e-04
3.848837804980576038e-04
3.387723118066787720e-04
2.587057242635637522e-04
2.190647355746477842e-04
3.340354014653712511e-04
1.970943703781813383e-04
1.834536233218386769e-04
2.712719142436981201e-04
2.123182493960484862e-04
1.089584402507171035e-04
1.739180443109944463e-04
2.137710980605334044e-04
2.755247405730187893e-04
4.585790738929063082e-04
2.253156853839755058e-04
3.317746450193226337e-04
3.062564355786889791e-04
5.256503936834633350e-04
3.533259441610425711e-04
2.906730223912745714e-04
3.228318237233906984e-04
2.123836165992543101e-04
5.409021396189928055e-04
4.690458299592137337e-04
1.800449244910851121e-04
1.621978299226611853e-04
2.194558619521558285e-04
4.479867347981780767e-04
1.540194789413362741e-04
2.013405028264969587e-04
2.027003647526726127e-04
2.221498289145529270e-04
2.218394365627318621e-04
2.481004630681127310e-04
3.921424795407801867e-04
2.031033654930070043e-04
5.019435193389654160e-04
3.652675368357449770e-04
2.633074764162302017e-04
2.144145837519317865e-04
4.710507055278867483e-04
3.318555536679923534e-04
2.956305979751050472e-04
2.819442306645214558e-04
2.534273371566087008e-04
2.641578321345150471e-04
3.102036716882139444e-04
2.124475286109372973e-04
2.120802528224885464e-04
8.155673276633024216e-04
3.316111105959862471e-04
4.365799541119486094e-04
2.960148558486253023e-04
2.581114240456372499e-04
1.942063681781291962e-04
2.625256311148405075e-04
1.799171150196343660e-04
6.739827222190797329e-05
1.232345675816759467e-04
2.676043950486928225e-04
3.350485640112310648e-04
7.185547729022800922e-04
2.416032511973753572e-04
2.604810579214245081e-04
2.329072158318012953e-04
2.373495372012257576e-04
2.888141898438334465e-04
2.177509013563394547e-04
2.154281974071636796e-04
5.637584836222231388e-04
2.713656285777688026e-04
4.400289035402238369e-04
3.477385907899588346e-04
2.641970640979707241e-04
3.513782576192170382e-04
1.471535069867968559e-04
3.284984268248081207e-04
4.285796603653579950e-04
3.569203836377710104e-04
7.861959165893495083e-04
3.013882669620215893e-04
2.643468324095010757e-04
1.786604407243430614e-04
2.067004534183070064e-04
1.941546943271532655e-04
2.098224504152312875e-04
2.136899565812200308e-04
2.732663706410676241e-04
4.394556453917175531e-04
3.186713438481092453e-04
3.874075482599437237e-04
6.172012945171445608e-05
4.547610296867787838e-05
8.486368460580706596e-05
1.315067638643085957e-04
1.324971963185817003e-04
2.116656978614628315e-04
2.892570628318935633e-04
2.241221081931143999e-04
2.890850009862333536e-04
3.049574734177440405e-04
4.029647971037775278e-04
3.308821178507059813e-04
4.645955050364136696e-05
9.340506949229165912e-05
4.638232639990746975e-04
2.885310968849807978e-04
8.522152784280478954e-04
3.325850993860512972e-04
2.831063757184892893e-04
2.631093957461416721e-04
2.438196097500622272e-04
3.279401280451565981e-04
2.259108441649004817e-04
1.150878742919303477e-04
1.210244154208339751e-04
1.745359040796756744e-04
6.533303530886769295e-04
3.328302118461579084e-04
3.908170328941196203e-04
1.998431253014132380e-04
1.677342515904456377e-04
7.884319056756794453e-04
1.770023227436468005e-04
5.689066601917147636e-04
3.916793793905526400e-04
3.007145714946091175e-04
2.022887201746925712e-04
6.030458607710897923e-04
3.162711218465119600e-04
2.074839721899479628e-04
1.689321652520447969e-04
2.087632456095889211e-04
2.104139275616034865e-04
2.146017941413447261e-04
2.159184805350378156e-04
2.139672433258965611e-04
2.909205795731395483e-04
8.095884550129994750e-05
2.372888848185539246e-04
3.756126534426584840e-05
5.047692102380096912e-04
5.647489451803267002e-04
3.974428109358996153e-04
3.116970765404403210e-04
3.150296397507190704e-04
2.911840856540948153e-04
3.021786105819046497e-04
3.032465174328535795e-04
2.167284110328182578e-04
2.287863317178562284e-04
8.767496183281764388e-05
1.174374920083209872e-04
2.368370041949674487e-04
2.736292663030326366e-04
2.704804064705967903e-04
2.602541353553533554e-04
2.362241211812943220e-04
8.122898725559934974e-05
3.671055019367486238e-04
4.805048811249434948e-04
4.182884877081960440e-04
3.166157985106110573e-04
2.745481033343821764e-04
2.458370581734925508e-04
2.273349819006398320e-04
2.490218903403729200e-04
2.351201546844094992e-04
2.148675557691603899e-04
3.746068978216499090e-04
3.223141538910567760e-04
1.678935659583657980e-04
2.226851356681436300e-04
1.802581973606720567e-04
2.677439479157328606e-04
1.278509589610621333e-04
1.196384182549081743e-04
1.712903613224625587e-04
3.619381750468164682e-04
4.455538874026387930e-04
3.420131979510188103e-04
1.693469821475446224e-04
3.765581350307911634e-04
3.322883858345448971e-04
1.871691783890128136e-04
1.279083517147228122e-04
2.189060323871672153e-04
1.550492597743868828e-04
1.258893753401935101e-04
1.718737912597134709e-04
3.238091885577887297e-04
3.047099162358790636e-04
4.472190921660512686e-04
1.563124242238700390e-04
1.659315312281250954e-04
1.873358269222080708e-04
1.718356361379846931e-04
2.190907980548217893e-04
2.442219119984656572e-04
3.320247924420982599e-04
2.144882892025634646e-04
1.984214031836017966e-04
8.942467393353581429e-04
4.125495033804327250e-04
2.191762323491275311e-04
2.218791341874748468e-04
2.117618569172918797e-04
2.343721571378409863e-04
2.819099463522434235e-04
2.278200554428622127e-04
2.609145885799080133e-04
1.321618910878896713e-04
7.395692955469712615e-05
3.990081022493541241e-04
2.060668921330943704e-04
7.202469278126955032e-04
1.518190838396549225e-04
1.151204342022538185e-04
1.013279616017825902e-04
1.731708180159330368e-04
2.219884772785007954e-04
3.954881103709340096e-04
2.931726630777120590e-04
2.310515556018799543e-04
2.903567801695317030e-04
1.736117119435220957e-04
2.157122071366757154e-04
2.285460504936054349e-04
3.226404951419681311e-04
3.331916814204305410e-04
2.914431970566511154e-04
3.914574626833200455e-04
3.819990379270166159e-04
2.685976505745202303e-04
1.969303848454728723e-04
4.163841658737510443e-04
5.543379229493439198e-04
1.542432437418028712e-04
1.578427181812003255e-04
4.244234587531536818e-04
1.683766604401171207e-04
2.456804213579744101e-04
3.467033675406128168e-04
3.879464347846806049e-04
2.059293474303558469e-04
7.870546687627211213e-05
1.311391970375552773e-04
2.346304099773988128e-04
3.120764740742743015e-04
2.456823131069540977e-04
2.522700524423271418e-04
3.534325514920055866e-04
2.559469139669090509e-04
2.255212602904066443e-04
2.001145476242527366e-04
4.694289236795157194e-04
5.182682798476889729e-05
3.482403990346938372e-04
2.890521864173933864e-05
5.151244477019645274e-05
6.823481526225805283e-04
4.679039993789047003e-04
1.906119287014007568e-04
4.775030829478055239e-04
6.467269849963486195e-05
8.834427717374637723e-05
2.908625174313783646e-04
2.031575422734022141e-04
2.221881877630949020e-04
2.527502074372023344e-04
2.602566382847726345e-04
1.847009756602346897e-03
1.229215558851137757e-04
3.694389670272357762e-05
4.418218159116804600e-04
5.700679030269384384e-04
3.451325756032019854e-04
2.608546637929975986e-04
2.493837964721024036e-04
2.550324134062975645e-04
4.420453915372490883e-04
3.470309602562338114e-04
2.416826901026070118e-04
2.077937533613294363e-04
3.291439497843384743e-04
4.197153029963374138e-04
3.071783576160669327e-04
2.216022112406790257e-04
4.507517442107200623e-04
3.308787709102034569e-04
2.323268709005787969e-04
2.001051761908456683e-04
1.821429177653044462e-04
2.716527087613940239e-04
1.739279978210106492e-04
1.254147064173594117e-04
2.307812537765130401e-04
3.104411007370799780e-04
2.171546657336875796e-04
8.364034583792090416e-04
2.581035078037530184e-04
1.967791467905044556e-04
2.037160738836973906e-04
2.032414777204394341e-04
2.092632203130051494e-04
3.948342346120625734e-04
3.210508439224213362e-04
1.486132823629304767e-04
1.320795417996123433e-04
2.546541218180209398e-04
4.282913287170231342e-04
2.398333163000643253e-04
2.020658284891396761e-04
1.978342334041371942e-04
2.492864441592246294e-04
2.127790066879242659e-04
1.622759300516918302e-04
3.219119971618056297e-04
3.211695293430238962e-04
2.187743230024352670e-04
1.696833351161330938e-04
1.633299252716824412e-04
1.836438023019582033e-04
2.860444365069270134e-04
2.164278121199458838e-04
3.156215534545481205e-04
3.817115502897650003e-04
2.209738740930333734e-04
2.123665472026914358e-04
2.334014134248718619e-04
3.403124283067882061e-04
2.894859935622662306e-04
3.823949955403804779e-04
2.193594118580222130e-04
2.909034956246614456e-04
4.017252940684556961e-04
3.719957021530717611e-04
2.452456101309508085e-04
3.836672694887965918e-04
4.471859137993305922e-04
9.124691860051825643e-05
7.820764585630968213e-05
7.957029447425156832e-05
1.724846806610003114e-04
3.419223648961633444e-04
2.649811794981360435e-04
3.215436590835452080e-04
2.869789605028927326e-04
2.257848536828532815e-04
2.774861641228199005e-04
2.952449140138924122e-04
2.338339836569502950e-04
1.484056847402825952e-04
1.088939097826369107e-04
2.718963078223168850e-04
2.158074639737606049e-04
1.151694741565734148e-04
1.415986480424180627e-04
1.783851184882223606e-04
7.159255910664796829e-04
2.583367750048637390e-04
1.268304913537576795e-04
1.370626414427533746e-04
1.506788248661905527e-04
1.570009335409849882e-04
2.230432583019137383e-04
1.871837157523259521e-04
1.798294397303834558e-04
1.778106670826673508e-04
1.951707090483978391e-04
2.111403737217187881e-04
2.573610399849712849e-04
2.890005125664174557e-04
2.707318053580820560e-04
2.695510629564523697e-04
3.875876718666404486e-04
1.683886075625196099e-04
1.239347475348040462e-04
1.775122218532487750e-04
1.877874892670661211e-04
2.264490758534520864e-04
2.401444799033924937e-04
6.421559373848140240e-04
2.800940710585564375e-04
2.815054322127252817e-04
1.739895087666809559e-04
1.058935304172337055e-04
1.457327743992209435e-04
1.099533619708381593e-04
1.078518616850487888e-04
1.537596690468490124e-04
2.635141136124730110e-04
3.896662965416908264e-04
2.942625433206558228e-04
2.710526168812066317e-04
2.103405713569372892e-04
2.091855276376008987e-04
3.401826252229511738e-04
4.421607591211795807e-04
3.795241354964673519e-04
2.209659869549795985e-04
1.609836908755823970e-04
2.361735969316214323e-04
5.072683561593294144e-04
2.056464145425707102e-04
1.845881488407030702e-04
2.093021612381562591e-04
2.046517911367118359e-04
2.135759423254057765e-04
2.563188027124851942e-04
1.949066063389182091e-04
2.051169140031561255e-04
2.915062359534204006e-04
4.184396530035883188e-04
1.892936415970325470e-04
2.833511971402913332e-04
2.252797858091071248e-04
3.080811584368348122e-04
2.986126346513628960e-04
5.480545951286330819e-05
1.462694199290126562e-04
1.994240301428362727e-04
3.077550209127366543e-04
3.555215080268681049e-04
1.075914115062914789e-04
1.623475982341915369e-04
1.328812359133735299e-04
1.853248977568000555e-04
3.025511687155812979e-04
2.236602740595117211e-04
2.530540805310010910e-04
1.745764020597562194e-04
1.973597682081162930e-04
2.091911737807095051e-04
5.884284037165343761e-04
3.849746717605739832e-04
1.695711107458919287e-04
9.268653957406058908e-05
1.818902237573638558e-04
1.676324027357622981e-04
1.780088932719081640e-04
2.645184285938739777e-04
2.257107262266799808e-04
1.318157883360981941e-03
2.389720175415277481e-04
2.371417649555951357e-04
1.789991074474528432e-04
1.969393488252535462e-04
1.898326736409217119e-04
2.008574374485760927e-04
2.457723021507263184e-04
2.317673497600480914e-04
2.442151599097996950e-04
3.077415749430656433e-04
4.293486708775162697e-04
2.444036363158375025e-04
2.813051978591829538e-04
2.134235837729647756e-04
2.931269700638949871e-04
2.756421745289117098e-04
1.909084967337548733e-04
2.086277381749823689e-04
2.158251591026782990e-04
2.488698228262364864e-04
4.375369753688573837e-04
4.361775063443928957e-04
2.066780580207705498e-04
2.692276320885866880e-04
2.159068972105160356e-04
1.890064013423398137e-04
5.298698670230805874e-04
2.062494895653799176e-04
2.706841332837939262e-04
2.690060355234891176e-04
2.069337497232481837e-04
2.437048387946560979e-04
2.547257754486054182e-04
2.964481536764651537e-04
2.482096606399863958e-04
1.502871746197342873e-04
2.019310777541249990e-04
2.386666892562061548e-04
5.268817767500877380e-04
3.217167977709323168e-04
3.270271699875593185e-04
1.515485637355595827e-04
3.179770137649029493e-04
2.940642298199236393e-04
2.376213087700307369e-04
2.041386760538443923e-04
6.059334846213459969e-04
2.325682435184717178e-04
2.397399512119591236e-04
2.472531632520258427e-04
2.172882959712296724e-04
2.919072867371141911e-04
1.968931464944034815e-04
8.961973799159750342e-05
1.409135002177208662e-04
2.853178011719137430e-04
3.351939958520233631e-04
1.974430342670530081e-04
1.423045323463156819e-04
1.936459739226847887e-04
2.365726832067593932e-04
3.807073808275163174e-04
3.807278699241578579e-04
2.775229222606867552e-04
1.573243207531049848e-04
2.590348303783684969e-04
2.435315836919471622e-04
1.153898556367494166e-04
1.317308924626559019e-04
3.125811927020549774e-04
3.763658751267939806e-04
2.624385815579444170e-04
1.915795000968500972e-04
1.566116843605414033e-04
5.560840363614261150e-04
4.825393843930214643e-04
2.754564593487884849e-05
1.113823454943485558e-04
1.021926873363554478e-04
1.275400514714419842e-03
1.046594552462920547e-04
3.415830724406987429e-05
1.234203373314812779e-04
1.976419007405638695e-04
2.138631389243528247e-04
2.182266180170699954e-04
2.637301513459533453e-04
2.078721736324951053e-04
1.586334983585402369e-04
1.492404990131035447e-04
1.627805177122354507e-04
2.132621157215908170e-04
3.670642036013305187e-04
3.470060473773628473e-04
3.198091289959847927e-04
2.068016910925507545e-04
1.785024214768782258e-04
3.119719040114432573e-04
4.106839769519865513e-04
2.192543615819886327e-04
2.016056241700425744e-04
2.121504658134654164e-04
2.116846299031749368e-04
2.221834729425609112e-04
1.369762758258730173e-04
1.094153412850573659e-04
5.438268999569118023e-04
3.119664033874869347e-04
2.781400689855217934e-04
1.197194214910268784e-04
5.217398211243562400e-05
1.788069057511165738e-04
2.790018916130065918e-04
5.351919098757207394e-04
4.669807094614952803e-04
2.412457251921296120e-04
2.181911258958280087e-04
1.474651508033275604e-04
1.501124352216720581e-04
3.078301961068063974e-04
2.653241972438991070e-04
2.871246833819895983e-04
1.962147507583722472e-04
2.469845931045711040e-04
2.905061992350965738e-04
1.996241044253110886e-04
1.442530774511396885e-04
1.161392938229255378e-04
3.607737598940730095e-04
2.763975644484162331e-04
8.755766612011939287e-05
8.743727084947749972e-05
1.411733974236994982e-04
2.384528779657557607e-04
6.088869995437562466e-04
1.956004998646676540e-04
3.097781445831060410e-04
3.074406413361430168e-04
2.256722218589857221e-04
1.858102477854117751e-04
1.696946274023503065e-04
1.777012366801500320e-04
7.247704779729247093e-04
2.850829332601279020e-04
2.542885777074843645e-04
2.325003297301009297e-04
1.976434723474085331e-04
2.859217638615518808e-04
2.173872635466977954e-04
1.362758339382708073e-04
2.708589017856866121e-04
2.380163496127352118e-04
1.098513239412568510e-04
1.795922289602458477e-04
2.467630256433039904e-04
2.528795157559216022e-04
3.062212490476667881e-04
1.986097486224025488e-04
5.458404193632304668e-04
1.890275889309123158e-04
1.594569766893982887e-04
1.906551478896290064e-04
2.332877338631078601e-04
3.818532277364283800e-04
3.436617553234100342e-04
5.365605102269910276e-05
1.145203350461088121e-04
1.559591619297862053e-04
3.345535660628229380e-04
1.910474966280162334e-04
1.504286192357540131e-04
3.827056207228451967e-05
1.761923776939511299e-04
2.876401704270392656e-04
2.825302071869373322e-04
2.543441369198262691e-04
2.234932908322662115e-04
2.014710480580106378e-04
9.252248128177598119e-05
1.190451730508357286e-04
2.267198724439367652e-04
3.027715720236301422e-04
2.815162588376551867e-04
2.515108208172023296e-04
1.499062782386317849e-04
1.651611673878505826e-04
1.649069890845566988e-04
2.014191559283062816e-04
3.250813169870525599e-04
2.000813547056168318e-04
5.368172060116194189e-05
1.049658676492981613e-04
2.164873876608908176e-04
3.284153353888541460e-04
9.670164436101913452e-04
3.279325610492378473e-04
2.159788418794050813e-04
1.995592028833925724e-04
1.921681832754984498e-04
2.006511058425530791e-04
2.775697794277220964e-04
2.035763027379289269e-04
1.997382496483623981e-04
1.847090898081660271e-04
1.545631530461832881e-04
1.443121436750516295e-04
2.566248294897377491e-04
3.038035356439650059e-04
3.024300967808812857e-04
2.333859010832384229e-04
3.232938179280608892e-04
2.208303631050512195e-04
6.318081868812441826e-04
2.378330391366034746e-04
1.648803445277735591e-04
2.078646502923220396e-04
2.073395298793911934e-04
1.992605975829064846e-04
2.123675803886726499e-04
2.719425829127430916e-04
3.057932481169700623e-04
3.840482095256447792e-04
1.742286112857982516e-04
2.942983992397785187e-04
4.660693521145731211e-04
1.236650714417919517e-04
1.274324167752638459e-04
1.364445488434284925e-04
5.398417124524712563e-04
2.877378719858825207e-04
4.019304833491332829e-05
1.259445998584851623e-04
1.003086872515268624e-04
3.582628560252487659e-04
4.024330701213330030e-04
2.692868874873965979e-04
2.391973102930933237e-04
1.821048936108127236e-04
3.428546478971838951e-04
4.356707213446497917e-04
1.349304075120016932e-04
1.267501793336123228e-04
2.928659378085285425e-04
1.672410726314410567e-04
2.224337804364040494e-04
3.579923650249838829e-04
1.804585772333666682e-04
1.807046937756240368e-04
1.711059303488582373e-04
2.247260999865829945e-04
1.711833319859579206e-04
2.824433613568544388e-04
2.555867540650069714e-04
1.885701931314542890e-04
2.235227148048579693e-04
2.400296361884102225e-04
3.551788977347314358e-04
1.496577315265312791e-04
7.782437023706734180e-05
1.837829186115413904e-04
2.817110216710716486e-04
7.546094129793345928e-04
1.563754340168088675e-04
3.911928797606378794e-04
1.407386880600824952e-04
1.393830752931535244e-04
1.455184537917375565e-04
1.938244677148759365e-04
2.110335335601121187e-04
1.965033152373507619e-04
2.055381337413564324e-04
1.923417585203424096e-04
3.407303302083164454e-04
2.670335816219449043e-04
4.022257053293287754e-05
9.564239735482260585e-05
2.193666296079754829e-04
4.834023711737245321e-04
2.879935782402753830e-04
2.531813697714824229e-05
1.759405713528394699e-04
2.329829731024801731e-04
4.483253578655421734e-04
4.353056719992309809e-04
2.594458637759089470e-04
2.750321000348776579e-04
1.453879376640543342e-04
1.445765810785815120e-04
2.549451019149273634e-04
1.444896770408377051e-04
1.034030501614324749e-04
1.663885195739567280e-04
2.385538973612710834e-04
2.671315160114318132e-04
3.242316306568682194e-04
2.471620973665267229e-04
2.830733719747513533e-04
1.943855459103360772e-04
1.626619778107851744e-04
1.613190834177657962e-04
1.755236589815467596e-04
1.949848083313554525e-04
2.185940829804167151e-04
4.373040865175426006e-04
2.226551587227731943e-04
2.533704682718962431e-04
2.260870533064007759e-04
2.024074346991255879e-04
1.879266637843102217e-04
1.805320353014394641e-04
1.780825114110484719e-04
1.802961342036724091e-04
1.846402155933901668e-04
1.886097597889602184e-04
2.110783825628459454e-04
3.021326265297830105e-04
4.692672810051590204e-04
2.711597335292026401e-05
1.039596390910446644e-04
1.442768116248771548e-04
1.546145795146003366e-04
1.756240235408768058e-04
2.353039162699133158e-04
1.861641503637656569e-04
1.860389165813103318e-04
1.689178170636296272e-04
1.719510328257456422e-04
1.956065098056569695e-04
2.546751347836107016e-04
1.484142267145216465e-04
8.839173824526369572e-05
2.302257489645853639e-04
2.817857603076845407e-04
3.469992370810359716e-04
1.304684556089341640e-04
6.070045128581114113e-05
1.646190357860177755e-04
2.280698245158419013e-04
2.480459806974977255e-04
2.237455046270042658e-04
1.988668955164030194e-04
2.799927024170756340e-04
2.910537295974791050e-04
1.311258674832060933e-04
1.970113225979730487e-04
2.138807321898639202e-04
2.740921045187860727e-04
2.420853998046368361e-04
2.135602990165352821e-04
3.747003502212464809e-04
3.155143931508064270e-04
2.707239764276891947e-04
2.555244427639991045e-04
1.230383932124823332e-04
1.833477144828066230e-04
3.406741016078740358e-04
4.334079276304692030e-04
1.935712061822414398e-04
2.316112950211390853e-04
2.464869467075914145e-04
1.823871425585821271e-04
2.990914799738675356e-04
2.968882326968014240e-04
1.925025426317006350e-04
1.767192297847941518e-04
1.956045452971011400e-04
1.804329513106495142e-04
1.903099473565816879e-04
2.995976828970015049e-04
2.461053663864731789e-04
5.571594374487176538e-05
1.806805230444297194e-04
2.785247925203293562e-04
2.827994176186621189e-04
2.504069998394697905e-04
1.919439528137445450e-04
1.996360078919678926e-04
2.228241355624049902e-04
2.179402799811214209e-04
2.880182000808417797e-04
3.415667160879820585e-04
1.781291939551010728e-04
1.588479353813454509e-04
2.223544579464942217e-04
2.439590898575261235e-04
8.264874340966343880e-04
1.607171579962596297e-04
1.640561531530693173e-04
1.712708326522260904e-04
1.848573010647669435e-04
1.953977480297908187e-04
2.139099960913881660e-04
9.767804294824600220e-05
8.862035610945895314e-05
8.383855310967192054e-05
1.008957042358815670e-04
7.096860645106062293e-05
9.355742367915809155e-04
3.888503706548362970e-04
4.441787677933461964e-05
4.908004484605044127e-05
1.321143354289233685e-04
1.397329324390739202e-04
2.078429388348013163e-04
3.629758139140903950e-04
3.654764732345938683e-04
1.438009494449943304e-04
1.269901695195585489e-04
1.713030360406264663e-04
5.677663721144199371e-04
7.150247984100133181e-05
1.990840246435254812e-04
4.781304742209613323e-04
2.519921981729567051e-04
1.673632505116984248e-04
1.910667051561176777e-04
1.784190390026196837e-04
1.533709873910993338e-04
1.759495207807049155e-04
2.820040681399405003e-04
1.528742432128638029e-04
6.166467937873676419e-05
1.495331380283460021e-04
2.727825194597244263e-04
4.649093316402286291e-04
2.060577971860766411e-04
3.354877699166536331e-04
2.557614934630692005e-04
1.672834478085860610e-04
3.675820771604776382e-04
1.776717690518125892e-04
1.705532777123153210e-04
2.090585912810638547e-04
2.871790784411132336e-04
1.516808406449854374e-04
1.338520378340035677e-04
2.948880137410014868e-04
2.792206651065498590e-04
1.759137958288192749e-04
1.356319844489917159e-04
2.219383459305390716e-04
1.778927544364705682e-04
1.511120790382847190e-04
2.242902555735781789e-04
1.356970606138929725e-04
8.540313865523785353e-05
3.596153401304036379e-04
2.574168611317873001e-04
5.490689654834568501e-04
1.361403556074947119e-04
9.897001291392371058e-05
1.648713805479928851e-04
2.225389325758442283e-04
2.720974152907729149e-04
1.003611760097555816e-04
4.612139673554338515e-05
1.847234125307295471e-05
4.034434386994689703e-04
3.050187369808554649e-04
2.367863198742270470e-04
2.006415743380784988e-04
2.453594934195280075e-04
2.089812624035403132e-04
1.830349938245490193e-04
1.777982106432318687e-04
1.759035512804985046e-04
4.391368711367249489e-04
3.781617851927876472e-04
5.766467074863612652e-05
8.240241004386916757e-05
2.107399050146341324e-04
2.231424878118559718e-04
1.361227914458140731e-04
1.414076541550457478e-04
2.074215881293639541e-04
4.767361388076096773e-04
3.952620318159461021e-04
2.841170680767390877e-05
1.235283416463062167e-04
1.777258148649707437e-04
6.067474023438990116e-04
2.853338955901563168e-04
1.771838869899511337e-04
1.291925436817109585e-04
1.514590403530746698e-04
1.805294159566983581e-04
3.276506904512643814e-04
2.512282226234674454e-04
8.220277959480881691e-05
1.311005762545391917e-04
2.518091350793838501e-04
6.059271981939673424e-04
3.064012562390416861e-04
1.319714501732960343e-04
1.262113946722820401e-04
1.254390372196212411e-04
2.886189322452992201e-04
3.113993443548679352e-04
2.903735148720443249e-04
2.397582284174859524e-04
1.907731930259615183e-04
2.243259368697181344e-04
6.491465610451996326e-04
2.009683958021923900e-04
1.308963110204786062e-04
1.473212032578885555e-04
1.905616227304562926e-04
3.114397113677114248e-04
1.857922179624438286e-04
3.653914609458297491e-05
4.366848152130842209e-04
3.154634905513375998e-04
2.074427029583603144e-04
1.275746501050889492e-03
3.667029377538710833e-04
2.156067203031852841e-04
4.765230551129207015e-05
7.317598647205159068e-05
1.460981729906052351e-04
2.087937464239075780e-04
2.430962194921448827e-04
2.332363364985212684e-04
2.846424176823347807e-04
2.764415403362363577e-04
1.336878922302275896e-04
1.301783340750262141e-04
2.016013022512197495e-04
1.743744651321321726e-04
1.887842227006331086e-04
1.888870028778910637e-04
1.747774513205513358e-04
1.776601275196298957e-04
3.496634599287062883e-04
4.282280860934406519e-04
9.938508446794003248e-05
1.145124188042245805e-04
1.796049764379858971e-04
1.403266360284760594e-04
4.468441329663619399e-05
3.885567130055278540e-04
3.067818470299243927e-04
2.014477649936452508e-04
1.765531633282080293e-04
9.997797315008938313e-05
1.498906640335917473e-04
1.893670560093596578e-04
2.198869624407961965e-04
2.208727964898571372e-04
2.498516696505248547e-04
5.357424961403012276e-04
9.622990182833746076e-05
1.322299358434975147e-04
1.739558938425034285e-04
3.376017557457089424e-04
2.479952527210116386e-04
1.046543766278773546e-04
1.242860744241625071e-04
1.343249459750950336e-04
2.057768433587625623e-04
5.809191497974097729e-04
2.041142142843455076e-04
2.933105861302465200e-04
2.146890910807996988e-04
1.480599166825413704e-04
1.433935831300914288e-04
2.004439447773620486e-04
1.954144681803882122e-04
1.862667559180408716e-04
1.432035351172089577e-04
1.515372714493423700e-04
3.605431120377033949e-04
2.551106445025652647e-04
5.801807492389343679e-05
1.231232017744332552e-04
2.748142287600785494e-04
1.420239132130518556e-04
5.025294376537203789e-05
1.444365043425932527e-04
2.557348052505403757e-04
2.765980025287717581e-04
3.142120258416980505e-04
2.452492481097579002e-04
1.440190098946914077e-04
1.837081072153523564e-04
1.982670801226049662e-04
4.630061739590018988e-04
4.190633189864456654e-04
8.156804688042029738e-05
8.575631363783031702e-05
1.603557902853935957e-04
2.270296390634030104e-04
1.531994785182178020e-04
1.707066257949918509e-04
1.892911823233589530e-04
1.855899754445999861e-04
4.972008755430579185e-04
2.554217644501477480e-04
2.262771886307746172e-04
1.537915231892839074e-04
1.585903810337185860e-04
1.707333722151815891e-04
1.943976676557213068e-04
1.891191932372748852e-04
2.814123290590941906e-04
2.329407579964026809e-04
3.578160249162465334e-05
2.341453800909221172e-04
4.064908134751021862e-04
1.818572054617106915e-04
1.566223945701494813e-04
1.186494700959883630e-04
1.802653714548796415e-04
5.178032442927360535e-04
2.589223440736532211e-04
2.044237626250833273e-04
1.639903057366609573e-04
1.924611133290454745e-04
1.972294849110767245e-04
2.930273185484111309e-04
2.779320057015866041e-04
1.529272412881255150e-04
1.699416461633518338e-04
1.932542072609066963e-04
2.336235047550871968e-04
1.860318006947636604e-04
2.269782562507316470e-04
1.806854415917769074e-04
2.652880211826413870e-04
2.564052119851112366e-04
2.302333159605041146e-04
1.251357316505163908e-04
1.955547777470201254e-04
3.104993957094848156e-04
1.767976500559598207e-04
1.771622337400913239e-04
1.465865207137539983e-04
2.121569559676572680e-04
1.395358121953904629e-04
1.259559212485328317e-04
4.455204471014440060e-04
1.947060518432408571e-04
1.183809872600249946e-04
4.374751879367977381e-04
3.885233600158244371e-04
1.239721605088561773e-04
1.047356781782582402e-04
1.002962162601761520e-04
1.907495316118001938e-04
3.262810932938009501e-04
2.060202969005331397e-04
1.789316302165389061e-04
1.505864929640665650e-04
2.873027988243848085e-04
2.220019960077479482e-04
3.077171277254819870e-05
1.505530235590413213e-04
3.295363276265561581e-04
3.582740318961441517e-04
2.281123743159696460e-04
1.882150827441364527e-04
2.405575942248106003e-04
1.747560017975047231e-04
1.706414914224296808e-04
1.892463769763708115e-04
2.432454202789813280e-04
2.003616536967456341e-04
2.554953098297119141e-04
1.690040080575272441e-04
3.112358099315315485e-04
2.405976993031799793e-04
1.059322603396140039e-04
1.123281763284467161e-04
1.855325535871088505e-04
3.712465113494545221e-04
3.318871604278683662e-04
3.747877781279385090e-05
1.642351417103782296e-04
5.394478794187307358e-04
3.915749839507043362e-04
7.189230382209643722e-05
1.051732615451328456e-04
2.778544439934194088e-04
2.446034632157534361e-04
2.324146189494058490e-04
1.996391220018267632e-04
1.730113726807758212e-04
1.598114467924460769e-04
1.893488224595785141e-04
9.790235344553366303e-05
8.757496107136830688e-05
4.107056593056768179e-04
1.574823108967393637e-04
1.191625633509829640e-04
9.886711632134392858e-05
1.278071198612451553e-03
3.031179949175566435e-04
1.833826827351003885e-04
1.172259799204766750e-04
1.121294480981305242e-04
1.278862182516604662e-04
1.746641937643289566e-04
2.148066705558449030e-04
1.991476892726495862e-04
1.679806591710075736e-04
1.842890487750992179e-04
2.102397120324894786e-04
3.290364984422922134e-04
4.377399091026745737e-05
6.138408934930339456e-05
5.799270002171397209e-04
1.715467806207016110e-04
1.183717758976854384e-04
1.100948575185611844e-04
1.404727227054536343e-04
1.969191944226622581e-04
2.309790434082970023e-04
3.405493043828755617e-04
2.534855448175221682e-04
2.614465665828902274e-05
1.335381530225276947e-04
2.807570272125303745e-04
3.452379605732858181e-04
1.572797045810148120e-04
2.433855115668848157e-04
2.330847055418416858e-04
2.114539820468053222e-04
1.938157220138236880e-04
2.869912423193454742e-04
2.351693401578813791e-04
2.136177936336025596e-04
1.996851497096940875e-04
2.199715527240186930e-04
1.611564948689192533e-04
1.451419084332883358e-04
1.793816190911456943e-04
1.736822741804644465e-04
2.603252942208200693e-04
1.702196168480440974e-04
2.329130620637442917e-05
4.802702169399708509e-04
2.152168017346411943e-04
1.784307532943785191e-04
1.994360209209844470e-04
1.810993708204478025e-04
2.623936161398887634e-04
2.430479944450780749e-04
1.129696975112892687e-04
1.329771039308980107e-04
1.275708782486617565e-04
2.469286555424332619e-04
1.972483296412974596e-04
2.180630253860726953e-04
1.436065795132890344e-04
1.371322432532906532e-04
2.403238177066668868e-04
2.117468538926914334e-04
2.338570775464177132e-04
4.904930392513051629e-05
7.004644721746444702e-04
2.812959719449281693e-04
1.739167055347934365e-04
1.745775371091440320e-04
8.186847117030993104e-05
1.050201026373542845e-04
1.537983771413564682e-04
2.243879280285909772e-04
2.511953352950513363e-04
2.800382208079099655e-04
2.180446463171392679e-04
2.867440052796155214e-04
1.849154941737651825e-04
1.595404173713177443e-04
3.476910642348229885e-04
1.400649634888395667e-04
1.905789395095780492e-04
2.139837160939350724e-04
1.879444753285497427e-04
1.552739850012585521e-04
1.949291763594374061e-04
1.628967875149101019e-04
1.164294080808758736e-04
3.053159744013100863e-04
1.959297951543703675e-04
2.550346252974122763e-04
2.913951175287365913e-04
1.725668698782101274e-04
1.806100626708939672e-04
1.787845976650714874e-04
1.786424254532903433e-04
2.871943870559334755e-04
2.815195475704967976e-04
6.937980651855468750e-05
1.065797259798273444e-04
2.336595207452774048e-04
3.669159486889839172e-04
1.258000993402674794e-04
1.660946290940046310e-04
1.612763153389096260e-04
1.861038617789745331e-04
1.960650988621637225e-04
3.489170921966433525e-04
3.215389733668416739e-04
1.931757724378257990e-04
9.395762026542797685e-05
1.650701015023514628e-04
3.602951765060424805e-04
9.514285920886322856e-05
1.330366794718429446e-04
1.951487793121486902e-04
2.315712627023458481e-04
1.718680141493678093e-04
1.513714814791455865e-04
1.253931259270757437e-04
2.644298074301332235e-04
3.346278099343180656e-04
9.227191185345873237e-05
1.044363452820107341e-04
1.506063999840989709e-04
2.602671447675675154e-04
1.602168631507083774e-04
1.581342658028006554e-04
1.558177900733426213e-04
1.571880711708217859e-04
1.878733019111678004e-04
5.053474451415240765e-04
3.047077334485948086e-04
1.337724916083971038e-05
5.692241829819977283e-04
1.292759698117151856e-04
1.358617446385324001e-04
7.740710861980915070e-05
9.710666199680417776e-05
4.258276894688606262e-04
1.809075911296531558e-04
1.310803345404565334e-04
4.791152241523377597e-05
2.011500037042424083e-04
2.530113561078906059e-04
2.459883689880371094e-04
1.802332553779706359e-04
1.486162218498066068e-04
2.621966123115271330e-04
3.482332394924014807e-04
9.039889846462756395e-05
1.297805429203435779e-04
2.269661781610921025e-04
4.530980659183114767e-04
2.425776619929820299e-04
1.419288892066106200e-04
1.721942680887877941e-04
2.295685262652114034e-04
1.794113049982115626e-04
3.546142834238708019e-04
1.640398259041830897e-04
1.191094997921027243e-04
1.497637131251394749e-04
1.929773570736870170e-04
2.118002012139186263e-04
7.860954792704433203e-05
4.074827011208981276e-04
1.056541877915151417e-04
7.928241393528878689e-05
1.241977442987263203e-04
3.831017238553613424e-04
1.542495738249272108e-04
1.094464605557732284e-04
1.035289678839035332e-04
1.419505570083856583e-04
2.163126191589981318e-04
3.739499952644109726e-04
2.996845287270843983e-04
1.761494931997731328e-04
1.507713022874668241e-04
1.595290959812700748e-04
1.862784702097997069e-04
2.818363136611878872e-04
1.166499641840346158e-04
4.340638406574726105e-04
3.074438718613237143e-04
2.524305891711264849e-04
1.184011562145315111e-04
1.035519162542186677e-04
1.448886614525690675e-04
4.045061650685966015e-04
2.378860663156956434e-04
1.570111635373905301e-04
1.305714977206662297e-04
1.728606875985860825e-04
2.096665848512202501e-04
2.441354736220091581e-04
2.097218675771728158e-04
7.635410293005406857e-05
1.129321317421272397e-04
2.828655706252902746e-04
2.050723996944725513e-04
9.251768642570823431e-05
1.092028687708079815e-04
1.840351615101099014e-04
3.331222687847912312e-04
1.551719615235924721e-04
4.107319909962825477e-05
3.016850387211889029e-04
3.092333790846168995e-04
4.738452480523847044e-05
7.128027209546416998e-05
2.763139200396835804e-04
3.339020768180489540e-04
2.995119430124759674e-04
2.430269814794883132e-04
1.312204985879361629e-04
2.235405554529279470e-04
1.659158151596784592e-04
1.259106647921726108e-04
2.338356134714558721e-04
1.392183621646836400e-04
6.564205978065729141e-05
1.632972416700795293e-04
2.755165915004909039e-04
5.504449363797903061e-04
1.101717934943735600e-04
2.104766172124072909e-04
2.458113885950297117e-04
1.885932288132607937e-04
1.416028535459190607e-04
3.058096335735172033e-04
4.335113335400819778e-04
6.597370520466938615e-05
1.031619394780136645e-04
2.974142553284764290e-04
2.932769129984080791e-04
4.424087455845437944e-05
8.481444820063188672e-05
1.886717509478330612e-04
4.501408548094332218e-04
2.926755696535110474e-04
1.833977330534253269e-05
3.720711101777851582e-04
4.484405799303203821e-04
3.014996473211795092e-04
