2.845598757266998291e-02
2.653808332979679108e-02
2.629655413329601288e-02
2.626615948975086212e-02
2.626272663474082947e-02
2.625989168882369995e-02
2.625671401619911194e-02
2.625327743589878082e-02
2.624945156276226044e-02
2.624516747891902924e-02
2.624034881591796875e-02
2.623489126563072205e-02
2.622867375612258911e-02
2.622156217694282532e-02
2.621337957680225372e-02
2.620390616357326508e-02
2.619287185370922089e-02
2.617991343140602112e-02
2.616453729569911957e-02
2.614609338343143463e-02
2.612368017435073853e-02
2.609604597091674805e-02
2.606139704585075378e-02
2.601729333400726318e-02
2.596092410385608673e-02
2.589030563831329346e-02
2.580661512911319733e-02
2.571609243750572205e-02
2.562833763659000397e-02
2.554940246045589447e-02
2.547480165958404541e-02
2.539209462702274323e-02
2.528806030750274658e-02
2.514934726059436798e-02
2.495715767145156860e-02
2.468186989426612854e-02
2.429299242794513702e-02
2.384213730692863464e-02
2.362016588449478149e-02
2.354789152741432190e-02
2.353255450725555420e-02
2.352542802691459656e-02
2.352022752165794373e-02
2.351578325033187866e-02
2.351186238229274750e-02
2.350837364792823792e-02
2.350524254143238068e-02
2.350240945816040039e-02
2.349980548024177551e-02
2.349735796451568604e-02
2.349684946238994598e-02
2.349909394979476929e-02
2.349080331623554230e-02
2.348861470818519592e-02
2.348628826439380646e-02
2.348393946886062622e-02
2.348147332668304443e-02
2.347885817289352417e-02
2.347607538104057312e-02
2.347309142351150513e-02
2.346988394856452942e-02
2.346641570329666138e-02
2.346265316009521484e-02
2.345856651663780212e-02
2.345411479473114014e-02
2.344936504960060120e-02
2.344431728124618530e-02
2.343991026282310486e-02
2.343343198299407959e-02
2.342712879180908203e-02
2.342045307159423828e-02
2.341321669518947601e-02
2.340534888207912445e-02
2.339677698910236359e-02
2.338740415871143341e-02
2.337710373103618622e-02
2.336569875478744507e-02
2.335325814783573151e-02
2.333951927721500397e-02
2.332520484924316406e-02
2.330702170729637146e-02
2.328646183013916016e-02
2.326165139675140381e-02
2.323137596249580383e-02
2.319430559873580933e-02
2.314927987754344940e-02
2.309576980769634247e-02
2.303439006209373474e-02
2.296918258070945740e-02
2.290303818881511688e-02
2.283668518066406250e-02
2.277627587318420410e-02
2.272100560367107391e-02
2.267014048993587494e-02
2.262221276760101318e-02
2.257512509822845459e-02
2.253209985792636871e-02
2.248334698379039764e-02
2.243804559111595154e-02
2.238420210778713226e-02
2.232317812740802765e-02
2.225178293883800507e-02
2.216857299208641052e-02
2.214061096310615540e-02
2.199797891080379486e-02
2.189008146524429321e-02
2.177597582340240479e-02
2.163531631231307983e-02
2.147172950208187103e-02
2.126613445580005646e-02
2.106426283717155457e-02
2.089405991137027740e-02
2.070226892828941345e-02
2.051658369600772858e-02
2.033666335046291351e-02
2.015539631247520447e-02
1.996251568198204041e-02
1.979792863130569458e-02
1.960673555731773376e-02
1.942637003958225250e-02
1.925145275890827179e-02
1.908809505403041840e-02
1.891290396451950073e-02
1.879088766872882843e-02
1.860457286238670349e-02
1.848658546805381775e-02
1.829168759286403656e-02
1.814183406531810760e-02
1.799004152417182922e-02
1.789961010217666626e-02
1.769766956567764282e-02
1.762739568948745728e-02
1.741483435034751892e-02
1.726849190890789032e-02
1.723627746105194092e-02
1.697412692010402679e-02
1.681211963295936584e-02
1.662696525454521179e-02
1.642827503383159637e-02
1.627503894269466400e-02
1.605526171624660492e-02
1.577175036072731018e-02
1.550841145217418671e-02
1.524622645229101181e-02
1.528268866240978241e-02
1.480521075427532196e-02
1.457921508699655533e-02
1.436906028538942337e-02
1.416148524731397629e-02
1.410071738064289093e-02
1.376515347510576248e-02
1.355790067464113235e-02
1.334803458303213120e-02
1.320637948811054230e-02
1.302907615900039673e-02
1.275701913982629776e-02
1.274269353598356247e-02
1.238188799470663071e-02
1.223895326256752014e-02
1.205466687679290771e-02
1.189591269940137863e-02
1.203768514096736908e-02
1.157744135707616806e-02
1.140630617737770081e-02
1.123021170496940613e-02
1.107343938201665878e-02
1.106449309736490250e-02
1.079957745969295502e-02
1.064829993993043900e-02
1.050273980945348740e-02
1.040669903159141541e-02
1.026990357786417007e-02
1.012265495955944061e-02
9.992371313273906708e-03
9.995128959417343140e-03
9.780065156519412994e-03
9.639960713684558868e-03
9.586676955223083496e-03
9.422252885997295380e-03
9.389483369886875153e-03
9.311862289905548096e-03
9.115408174693584442e-03
9.008925408124923706e-03
8.907567709684371948e-03
9.047932922840118408e-03
8.769033476710319519e-03
8.644739165902137756e-03
8.544893935322761536e-03
8.631648495793342590e-03
8.396404795348644257e-03
8.310950361192226410e-03
8.212486281991004944e-03
8.666780777275562286e-03
8.141275495290756226e-03
7.999958470463752747e-03
7.915048860013484955e-03
7.888744585216045380e-03
7.803530432283878326e-03
7.720133289694786072e-03
7.689044345170259476e-03
7.604083977639675140e-03
7.544694468379020691e-03
7.485884241759777069e-03
7.464377209544181824e-03
7.406157907098531723e-03
7.334835361689329147e-03
7.625509984791278839e-03
7.286488544195890427e-03
7.194988429546356201e-03
7.155285216867923737e-03
7.249066140502691269e-03
7.123618386685848236e-03
7.047811988741159439e-03
7.012363988906145096e-03
7.078995928168296814e-03
7.107904646545648575e-03
6.938354112207889557e-03
6.900319829583168030e-03
6.872395984828472137e-03
6.860241759568452835e-03
6.919833365827798843e-03
6.826879922300577164e-03
6.789128761738538742e-03
6.765881553292274475e-03
6.746148224920034409e-03
7.492664270102977753e-03
6.849632132798433304e-03
6.703368853777647018e-03
6.685802247375249863e-03
6.669248454272747040e-03
6.654634606093168259e-03
6.641942542046308517e-03
6.927245296537876129e-03
6.628524046391248703e-03
6.616736762225627899e-03
6.598183419555425644e-03
6.586840841919183731e-03
6.576223764568567276e-03
6.567247677594423294e-03
6.849967408925294876e-03
6.559077184647321701e-03
6.551833357661962509e-03
6.536030210554599762e-03
6.527668330818414688e-03
6.519790738821029663e-03
6.512347608804702759e-03
6.813291925936937332e-03
6.512716412544250488e-03
6.508066318929195404e-03
6.492331624031066895e-03
6.484281737357378006e-03
6.478020921349525452e-03
6.472344510257244110e-03
6.466843187808990479e-03
6.490853149443864822e-03
6.761849857866764069e-03
6.477746646851301193e-03
6.452566478401422501e-03
6.447773426771163940e-03
6.442969664931297302e-03
6.438677199184894562e-03
6.434510461986064911e-03
6.430472247302532196e-03
6.426533684134483337e-03
6.422848906368017197e-03
6.645420566201210022e-03
6.442535668611526489e-03
6.421375554054975510e-03
6.413932889699935913e-03
6.409626454114913940e-03
6.406288594007492065e-03
6.403102073818445206e-03
6.400003097951412201e-03
6.396969314664602280e-03
6.393996533006429672e-03
6.455637514591217041e-03
6.602392531931400299e-03
6.402857135981321335e-03
6.387467961758375168e-03
6.383821833878755569e-03
6.380735896527767181e-03
6.378083489835262299e-03
6.375532597303390503e-03
6.373013835400342941e-03
6.370706949383020401e-03
6.794542074203491211e-03
6.469547282904386520e-03
6.372054573148488998e-03
6.364671513438224792e-03
6.361943203955888748e-03
6.359486375004053116e-03
6.357219535857439041e-03
6.354988086968660355e-03
6.352777592837810516e-03
6.353731267154216766e-03
6.571018602699041367e-03
6.365835200995206833e-03
6.351941265165805817e-03
6.345479749143123627e-03
6.342621054500341415e-03
6.340545136481523514e-03
6.338465958833694458e-03
6.336417980492115021e-03
6.334708537906408310e-03
6.468865554779767990e-03
6.381173618137836456e-03
6.331687327474355698e-03
6.330156698822975159e-03
6.327326409518718719e-03
6.325204856693744659e-03
6.323217879980802536e-03
6.321246735751628876e-03
6.319276057183742523e-03
6.317305378615856171e-03
6.458085961639881134e-03
6.500592455267906189e-03
6.332986988127231598e-03
6.313514895737171173e-03
6.310700904577970505e-03
6.308580748736858368e-03
6.306611932814121246e-03
6.304658018052577972e-03
6.302700378000736237e-03
6.300758104771375656e-03
7.258713711053133011e-03
6.394310388714075089e-03
6.300474051386117935e-03
6.296860985457897186e-03
6.293686106801033020e-03
6.291678640991449356e-03
6.289649289101362228e-03
6.287652067840099335e-03
6.285646930336952209e-03
6.283627822995185852e-03
6.288491655141115189e-03
6.471287459135055542e-03
6.307320203632116318e-03
6.279787514358758926e-03
6.276527419686317444e-03
6.274093873798847198e-03
6.272007245570421219e-03
6.269921548664569855e-03
6.287918426096439362e-03
6.375567521899938583e-03
6.300043780356645584e-03
6.264790892601013184e-03
6.261841394007205963e-03
6.259433925151824951e-03
6.257260683923959732e-03
6.255093961954116821e-03
6.315525155514478683e-03
6.277228705585002899e-03
6.263659801334142685e-03
6.250554230064153671e-03
6.246937904506921768e-03
6.244413554668426514e-03
6.242183968424797058e-03
6.399833131581544876e-03
6.346677895635366440e-03
6.258468143641948700e-03
6.236481014639139175e-03
6.233549676835536957e-03
6.230926141142845154e-03
6.228539627045392990e-03
6.228297483175992966e-03
6.329758558422327042e-03
6.227576639503240585e-03
6.222640164196491241e-03
6.220196839421987534e-03
6.217548623681068420e-03
6.235441658645868301e-03
6.276250351220369339e-03
6.219749804586172104e-03
6.208477541804313660e-03
6.246779579669237137e-03
6.245781201869249344e-03
6.211683154106140137e-03
6.200879346579313278e-03
6.198409479111433029e-03
6.221720948815345764e-03
6.328842602670192719e-03
6.213718559592962265e-03
6.190733984112739563e-03
6.187766324728727341e-03
6.184900645166635513e-03
6.204624660313129425e-03
6.338533479720354080e-03
6.185642443597316742e-03
6.179146002978086472e-03
6.174315698444843292e-03
6.171335466206073761e-03
6.169140338897705078e-03
6.553605198860168457e-03
6.211601663380861282e-03
6.169716361910104752e-03
6.160786841064691544e-03
6.157476454973220825e-03
6.154422648251056671e-03
6.151957903057336807e-03
6.296231411397457123e-03
6.180657539516687393e-03
6.152345333248376846e-03
6.142772734165191650e-03
6.139687728136777878e-03
6.136584561318159103e-03
6.139815319329500198e-03
6.515006534755229950e-03
6.152931600809097290e-03
6.129595916718244553e-03
6.124124862253665924e-03
6.120672915130853653e-03
6.117390003055334091e-03
6.114115007221698761e-03
6.478659342974424362e-03
6.186613813042640686e-03
6.110711954534053802e-03
6.105676759034395218e-03
6.100810598582029343e-03
6.097423844039440155e-03
6.270084530115127563e-03
6.118364632129669189e-03
6.093034986406564713e-03
6.084476597607135773e-03
6.089402362704277039e-03
6.201197858899831772e-03
6.081092171370983124e-03
6.071240641176700592e-03
6.067292764782905579e-03
6.063295528292655945e-03
6.569448858499526978e-03
6.127252709120512009e-03
6.054648663848638535e-03
6.049445830285549164e-03
6.044812034815549850e-03
6.040488369762897491e-03
6.036129314452409744e-03
6.068452261388301849e-03
6.142210680991411209e-03
6.034466903656721115e-03
6.023992784321308136e-03
6.016389001160860062e-03
6.011596880853176117e-03
6.006707437336444855e-03
6.001791451126337051e-03
5.996805615723133087e-03
6.112203933298587799e-03
6.068903487175703049e-03
6.004541181027889252e-03
5.979747045785188675e-03
5.973525345325469971e-03
5.967661738395690918e-03
5.961991380900144577e-03
5.956269335001707077e-03
5.950446706265211105e-03
5.945518612861633301e-03
6.304784212261438370e-03
5.965820513665676117e-03
5.929673556238412857e-03
5.922906566411256790e-03
5.916282068938016891e-03
5.909749772399663925e-03
5.903178360313177109e-03
5.896613467484712601e-03
6.755869369953870773e-03
5.923761986196041107e-03
5.885331891477108002e-03
5.872610490769147873e-03
5.863864440470933914e-03
5.856633186340332031e-03
5.849416833370923996e-03
6.234096828848123550e-03
5.919052287936210632e-03
5.832870025187730789e-03
5.823398008942604065e-03
5.814409349113702774e-03
5.806523375213146210e-03
5.799093749374151230e-03
6.601312197744846344e-03
5.820630118250846863e-03
5.779449827969074249e-03
5.770671181380748749e-03
5.762011278420686722e-03
5.753792356699705124e-03
5.745608825236558914e-03
5.975047592073678970e-03
5.815476179122924805e-03
5.725977476686239243e-03
5.717384628951549530e-03
5.707357544451951981e-03
5.704677663743495941e-03
5.884428042918443680e-03
5.693291779607534409e-03
5.676222965121269226e-03
5.667620804160833359e-03
5.901728756725788116e-03
5.677153356373310089e-03
5.645569879561662674e-03
5.634593311697244644e-03
5.645110271871089935e-03
5.819589830935001373e-03
5.637974012643098831e-03
5.603281315416097641e-03
5.594103597104549408e-03
5.585310980677604675e-03
5.580035503953695297e-03
5.774419289082288742e-03
5.575386341661214828e-03
5.558438599109649658e-03
5.545130930840969086e-03
5.535862408578395844e-03
5.571410525590181351e-03
5.552797578275203705e-03
5.523216444998979568e-03
5.505596753209829330e-03
5.494913551956415176e-03
5.488844122737646103e-03
5.721148103475570679e-03
5.501022096723318100e-03
5.464242771267890930e-03
5.454943049699068069e-03
5.446370225399732590e-03
5.836017895489931107e-03
5.435279104858636856e-03
5.423655733466148376e-03
5.415696185082197189e-03
5.406924523413181305e-03
5.550697445869445801e-03
5.436969920992851257e-03
5.386034958064556122e-03
5.376573186367750168e-03
5.368312820792198181e-03
5.363835487514734268e-03
5.423162598162889481e-03
5.360708571970462799e-03
5.339370109140872955e-03
5.331039894372224808e-03
5.322901066392660141e-03
5.899473559111356735e-03
5.448225419968366623e-03
5.315848626196384430e-03
5.295241251587867737e-03
5.287474021315574646e-03
5.279504228383302689e-03
5.279612727463245392e-03
5.371050443500280380e-03
5.264795850962400436e-03
5.253578536212444305e-03
5.245020147413015366e-03
5.237592849880456924e-03
5.249485373497009277e-03
5.425180774182081223e-03
5.222464911639690399e-03
5.215958692133426666e-03
5.205318331718444824e-03
5.197635851800441742e-03
5.190733354538679123e-03
5.263998173177242279e-03
5.226368084549903870e-03
5.173731129616498947e-03
5.165913607925176620e-03
5.159261170774698257e-03
5.240271799266338348e-03
5.261477548629045486e-03
5.141882225871086121e-03
5.133740603923797607e-03
5.128225777298212051e-03
5.332763772457838058e-03
5.119886714965105057e-03
5.113022867590188980e-03
5.103521514683961868e-03
5.096595268696546555e-03
5.090004298835992813e-03
5.466328933835029602e-03
5.139406304806470871e-03
5.073330365121364594e-03
5.067900754511356354e-03
5.059676244854927063e-03
5.052994005382061005e-03
5.107045639306306839e-03
5.193557590246200562e-03
5.035539157688617706e-03
5.030788015574216843e-03
5.022611934691667557e-03
5.015958100557327271e-03
6.077860947698354721e-03
5.157911218702793121e-03
5.010448861867189407e-03
4.995577037334442139e-03
4.988338798284530640e-03
4.982102662324905396e-03
5.000208970159292221e-03
4.984764382243156433e-03
4.984665196388959885e-03
4.960902035236358643e-03
4.953092895448207855e-03
4.947122652083635330e-03
4.941223654896020889e-03
5.325222853571176529e-03
4.943308420479297638e-03
4.926780704408884048e-03
4.931114614009857178e-03
4.921641666442155838e-03
4.919009283185005188e-03
4.906876012682914734e-03
5.167936440557241440e-03
4.945954773575067520e-03
4.895218182355165482e-03
4.902858752757310867e-03
4.951864480972290039e-03
4.888632334768772125e-03
4.881868604570627213e-03
4.876423161476850510e-03
4.860837012529373169e-03
4.860299173742532730e-03
4.936820361763238907e-03
4.866492468863725662e-03
4.848886746913194656e-03
4.837438464164733887e-03
4.826587159186601639e-03
4.824132658541202545e-03
5.205735564231872559e-03
4.860772751271724701e-03
4.807244520634412766e-03
4.800714086741209030e-03
4.856215789914131165e-03
4.794968757778406143e-03
4.789396654814481735e-03
5.133260507136583328e-03
4.805275239050388336e-03
4.769529215991497040e-03
4.764496814459562302e-03
4.761697258800268173e-03
5.094064865261316299e-03
4.775990732014179230e-03
4.748230800032615662e-03
4.741916898638010025e-03
5.056814290583133698e-03
4.773740191012620926e-03
4.730741493403911591e-03
4.721737001091241837e-03
4.718619398772716522e-03
5.136507097631692886e-03
4.713389556854963303e-03
4.708281718194484711e-03
4.699518904089927673e-03
4.700146149843931198e-03
4.841595888137817383e-03
4.710116423666477203e-03
4.685189574956893921e-03
4.686557222157716751e-03
4.763700067996978760e-03
4.669743124395608902e-03
4.678206518292427063e-03
4.740786738693714142e-03
4.673508461564779282e-03
4.658278543502092361e-03
4.651144146919250488e-03
5.354586057364940643e-03
4.677672870457172394e-03
4.643532913178205490e-03
4.635400138795375824e-03
4.631546325981616974e-03
4.631076473742723465e-03
4.643905442208051682e-03
4.621891304850578308e-03
4.618356470018625259e-03
4.622604232281446457e-03
4.811443854123353958e-03
4.615954589098691940e-03
4.605516791343688965e-03
4.602269269526004791e-03
4.600953776389360428e-03
4.959305748343467712e-03
4.644731990993022919e-03
4.596289712935686111e-03
4.588185809552669525e-03
4.585003014653921127e-03
4.779941868036985397e-03
4.670100286602973938e-03
4.582756198942661285e-03
4.575703758746385574e-03
4.588332492858171463e-03
4.669365007430315018e-03
4.571742843836545944e-03
4.565823357552289963e-03
4.562455695122480392e-03
4.560888279229402542e-03
5.121724214404821396e-03
4.608714487403631210e-03
4.556387662887573242e-03
4.552479833364486694e-03
4.549548495560884476e-03
4.632148426026105881e-03
4.565022885799407959e-03
4.550951067358255386e-03
4.542975686490535736e-03
4.541142843663692474e-03
4.893372766673564911e-03
4.539338871836662292e-03
4.539327230304479599e-03
4.532919730991125107e-03
5.168991629034280777e-03
4.552625119686126709e-03
4.534682258963584900e-03
4.526521079242229462e-03
4.540743771940469742e-03
4.602882545441389084e-03
4.524254705756902695e-03
4.520345944911241531e-03
4.518042784184217453e-03
4.524697549641132355e-03
4.789197351783514023e-03
4.545616451650857925e-03
4.513906780630350113e-03
4.511923994868993759e-03
4.510074853897094727e-03
4.510837607085704803e-03
4.556069616228342056e-03
4.541907459497451782e-03
4.509164486080408096e-03
4.504892509430646896e-03
4.741604905575513840e-03
4.574142862111330032e-03
4.510187543928623199e-03
4.500537179410457611e-03
4.498576279729604721e-03
4.497595597058534622e-03
4.510749131441116333e-03
4.660150501877069473e-03
4.517262801527976990e-03
4.497314337641000748e-03
4.492850042879581451e-03
4.493082407861948013e-03
4.870131611824035645e-03
4.543811082839965820e-03
4.491462837904691696e-03
4.491730593144893646e-03
4.725235048681497574e-03
4.519033711403608322e-03
4.492295440286397934e-03
4.487925674766302109e-03
4.906262736767530441e-03
4.506108351051807404e-03
4.485189449042081833e-03
4.483052995055913925e-03
4.556920845061540604e-03
4.594509489834308624e-03
4.493049811571836472e-03
4.481473471969366074e-03
4.481510724872350693e-03
4.784316755831241608e-03
4.513891413807868958e-03
4.483880940824747086e-03
4.477523267269134521e-03
4.476694855839014053e-03
4.476050380617380142e-03
4.518969915807247162e-03
4.496247973293066025e-03
4.475762136280536652e-03
4.474851768463850021e-03
4.474716261029243469e-03
4.650507587939500809e-03
4.505822900682687759e-03
4.479295108467340469e-03
4.471650812774896622e-03
4.471937660127878189e-03
4.626294132322072983e-03
4.514595028012990952e-03
4.480580333620309830e-03
4.469992592930793762e-03
4.580767825245857239e-03
4.489224869757890701e-03
4.479492083191871643e-03
4.469077102839946747e-03
4.484042525291442871e-03
4.534414503723382950e-03
4.477974027395248413e-03
4.470005165785551071e-03
4.666749853640794754e-03
4.489581100642681122e-03
4.470256157219409943e-03
4.466638434678316116e-03
4.689679481089115143e-03
4.505442921072244644e-03
4.473002627491950989e-03
4.490833263844251633e-03
4.473451990634202957e-03
4.469057079404592514e-03
4.466881044209003448e-03
4.734220914542675018e-03
4.482194315642118454e-03
4.462285432964563370e-03
4.462537355720996857e-03
5.241868551820516586e-03
4.531952086836099625e-03
4.463299643248319626e-03
4.463448189198970795e-03
4.615766927599906921e-03
4.464443307369947433e-03
4.460844211280345917e-03
4.460718948394060135e-03
4.459958989173173904e-03
4.464802797883749008e-03
4.631309304386377335e-03
4.492573905736207962e-03
4.460649564862251282e-03
4.459560383111238480e-03
4.458481445908546448e-03
4.458378069102764130e-03
4.876421764492988586e-03
4.479253664612770081e-03
4.502240102738142014e-03
4.504930227994918823e-03
4.458932206034660339e-03
4.458403680473566055e-03
4.456699360162019730e-03
4.461153876036405563e-03
4.692006390541791916e-03
4.487324971705675125e-03
4.462389275431632996e-03
4.456078633666038513e-03
4.463704302906990051e-03
4.682485014200210571e-03
4.490074235945940018e-03
4.459583666175603867e-03
4.455345217138528824e-03
4.454712849110364914e-03
4.454514943063259125e-03
4.557318519800901413e-03
4.594378173351287842e-03
4.457657691091299057e-03
4.455021116882562637e-03
4.454769194126129150e-03
4.767050500959157944e-03
4.505486693233251572e-03
4.459624644368886948e-03
4.454257432371377945e-03
4.453034605830907822e-03
4.452650900930166245e-03
4.465905018150806427e-03
4.707227926701307297e-03
4.482882563024759293e-03
4.455570131540298462e-03
4.452748689800500870e-03
4.451759625226259232e-03
4.451556131243705750e-03
4.451377317309379578e-03
4.514059983193874359e-03
4.577805288136005402e-03
4.457617178559303284e-03
4.453240893781185150e-03
4.710248205810785294e-03
4.475149326026439667e-03
4.451167304068803787e-03
4.450572188943624496e-03
4.450220149010419846e-03
4.449925851076841354e-03
4.449727479368448257e-03
4.449544940143823624e-03
4.536349326372146606e-03
4.672434180974960327e-03
4.478019196540117264e-03
4.452724475413560867e-03
4.449560306966304779e-03
4.448955878615379333e-03
4.448750521987676620e-03
4.448558203876018524e-03
4.471395630389451981e-03
4.471439868211746216e-03
4.466067999601364136e-03
4.450488369911909103e-03
4.448186140507459641e-03
4.448338411748409271e-03
4.931178875267505646e-03
4.467972088605165482e-03
4.453715402632951736e-03
4.448014777153730392e-03
4.447153303772211075e-03
4.447041545063257217e-03
4.625278059393167496e-03
4.548259079456329346e-03
4.452642519026994705e-03
4.446322098374366760e-03
4.451343324035406113e-03
4.563766997307538986e-03
4.470182117074728012e-03
4.448589403182268143e-03
4.446021281182765961e-03
4.445432685315608978e-03
4.734687507152557373e-03
4.491399973630905151e-03
4.454142879694700241e-03
4.445665981620550156e-03
4.445019643753767014e-03
4.463979043066501617e-03
4.595820792019367218e-03
4.452287685126066208e-03
4.446256440132856369e-03
4.444268532097339630e-03
4.443837329745292664e-03
4.471507854759693146e-03
4.473901819437742233e-03
4.448625259101390839e-03
4.446064587682485580e-03
4.443356767296791077e-03
4.442852456122636795e-03
4.457997158169746399e-03
4.504346288740634918e-03
4.476736765354871750e-03
4.443052690476179123e-03
4.442914854735136032e-03
4.442155361175537109e-03
4.455683287233114243e-03
4.522256087511777878e-03
4.444492515176534653e-03
4.442858509719371796e-03
4.441424272954463959e-03
4.441135097295045853e-03
4.441532306373119354e-03
5.109250079840421677e-03
4.489182494580745697e-03
4.447512794286012650e-03
4.440528340637683868e-03
4.440346732735633850e-03
4.440667573362588882e-03
4.824686329811811447e-03
4.447736777365207672e-03
4.445694386959075928e-03
4.439453128725290298e-03
4.439415875822305679e-03
5.246032960712909698e-03
4.527597688138484955e-03
4.448804538697004318e-03
4.439004696905612946e-03
4.438620526343584061e-03
4.438638687133789062e-03
4.673367831856012344e-03
4.472782835364341736e-03
4.444233141839504242e-03
4.438256379216909409e-03
4.437557421624660492e-03
4.447306040674448013e-03
4.587921313941478729e-03
4.449215251952409744e-03
4.437740426510572433e-03
4.437206313014030457e-03
4.437059629708528519e-03
4.579385742545127869e-03
4.482528194785118103e-03
4.443485289812088013e-03
4.435889422893524170e-03
4.453322850167751312e-03
4.568131174892187119e-03
4.445825703442096710e-03
4.436727613210678101e-03
4.435646347701549530e-03
4.436703398823738098e-03
4.687443841248750687e-03
4.454121924936771393e-03
4.436390008777379990e-03
4.434191156178712845e-03
4.435064271092414856e-03
5.082016810774803162e-03
4.486779216676950455e-03
4.438300151377916336e-03
4.433627706021070480e-03
4.433366470038890839e-03
4.441756289452314377e-03
4.499737173318862915e-03
4.441221710294485092e-03
4.432931076735258102e-03
4.433701280504465103e-03
4.723052494227886200e-03
4.460971336811780930e-03
4.436017479747533798e-03
4.432001616805791855e-03
4.432516638189554214e-03
4.738706164062023163e-03
4.444953519850969315e-03
4.433800932019948959e-03
4.431530367583036423e-03
4.466363694518804550e-03
4.530788864940404892e-03
4.435381852090358734e-03
4.429697990417480469e-03
4.431683570146560669e-03
4.662638995796442032e-03
4.463859833776950836e-03
4.433433525264263153e-03
4.456510301679372787e-03
4.529222380369901657e-03
4.439230076968669891e-03
4.430745262652635574e-03
4.511546343564987183e-03
4.435161128640174866e-03
4.427757579833269119e-03
4.434932023286819458e-03
4.462181590497493744e-03
4.450745414942502975e-03
4.428175278007984161e-03
4.429501481354236603e-03
4.656931851059198380e-03
4.448190331459045410e-03
4.431894980370998383e-03
4.510517697781324387e-03
4.476146306842565536e-03
4.435553215444087982e-03
4.431175068020820618e-03
4.588127601891756058e-03
4.452752415090799332e-03
4.424301441758871078e-03
4.454758018255233765e-03
4.556727595627307892e-03
4.433133639395236969e-03
4.425666294991970062e-03
4.423235077410936356e-03
4.427250474691390991e-03
4.742140416055917740e-03
4.436654038727283478e-03
4.424535669386386871e-03
4.433710593730211258e-03
4.450762178748846054e-03
4.427971784025430679e-03
4.424710758030414581e-03
4.421844612807035446e-03
4.422113765031099319e-03
5.042303353548049927e-03
4.428373649716377258e-03
4.422905389219522476e-03
4.421185702085494995e-03
4.419893957674503326e-03
4.432462155818939209e-03
4.536457359790802002e-03
4.425260704010725021e-03
4.583900794386863708e-03
4.434012342244386673e-03
4.419657401740550995e-03
4.418618045747280121e-03
4.452511202543973923e-03
4.575675353407859802e-03
4.434014670550823212e-03
4.417734220623970032e-03
4.416788462549448013e-03
4.417372867465019226e-03
4.516515880823135376e-03
4.433908499777317047e-03
4.446368198841810226e-03
4.525650758296251297e-03
4.426842089742422104e-03
4.417046438902616501e-03
4.414476454257965088e-03
4.414272494614124298e-03
4.435783717781305313e-03
4.653658252209424973e-03
4.445524886250495911e-03
4.415274132043123245e-03
4.413413349539041519e-03
4.412553273141384125e-03
4.412889480590820312e-03
4.513171501457691193e-03
4.417992196977138519e-03
4.422037396579980850e-03
4.476673435419797897e-03
4.416278097778558731e-03
4.413433838635683060e-03
4.410609137266874313e-03
4.410072229802608490e-03
4.409658256918191910e-03
4.409278742969036102e-03
4.409490618854761124e-03
5.470671691000461578e-03
4.488888196647167206e-03
4.414077382534742355e-03
4.409898538142442703e-03
4.407934378832578659e-03
4.407427739351987839e-03
4.407131578773260117e-03
4.595755599439144135e-03
4.458378534764051437e-03
4.410916939377784729e-03
4.412617534399032593e-03
4.425409715622663498e-03
4.428840242326259613e-03
4.405729006975889206e-03
4.404564853757619858e-03
4.404217470437288284e-03
4.403811413794755936e-03
4.639867693185806274e-03
4.425810184329748154e-03
4.419681616127490997e-03
4.404674284160137177e-03
4.402504302561283112e-03
4.401997197419404984e-03
4.401552956551313400e-03
4.401137586683034897e-03
4.419966600835323334e-03
4.419714678078889847e-03
4.427737556397914886e-03
4.403688479214906693e-03
4.400205798447132111e-03
4.400555975735187531e-03
4.684935789555311203e-03
4.416610114276409149e-03
4.398359451442956924e-03
4.398553632199764252e-03
4.397605545818805695e-03
4.398420453071594238e-03
5.056396126747131348e-03
4.466165788471698761e-03
4.404508974403142929e-03
4.396908450871706009e-03
4.395548254251480103e-03
4.395079798996448517e-03
4.430199973285198212e-03
4.397268872708082199e-03
4.394505638629198074e-03
4.410570021718740463e-03
4.415415227413177490e-03
4.410460125654935837e-03
4.392865579575300217e-03
4.396528936922550201e-03
4.780240822583436966e-03
4.430880770087242126e-03
4.396486561745405197e-03
4.391747061163187027e-03
4.464145284146070480e-03
4.451930522918701172e-03
4.407011438161134720e-03
4.389798268675804138e-03
4.401114769279956818e-03
4.571322351694107056e-03
4.407393746078014374e-03
4.391436930745840073e-03
4.387589637190103531e-03
4.391383379697799683e-03
4.395452328026294708e-03
4.396615084260702133e-03
4.386897664517164230e-03
4.385262727737426758e-03
4.385719541460275650e-03
5.095243919640779495e-03
4.461579024791717529e-03
4.393222741782665253e-03
4.383637569844722748e-03
4.382693674415349960e-03
4.381978418678045273e-03
4.439077805727720261e-03
4.435891285538673401e-03
4.392225295305252075e-03
4.398944322019815445e-03
4.380583763122558594e-03
4.380954429507255554e-03
4.382231738418340683e-03
4.379417281597852707e-03
4.434430506080389023e-03
4.479477182030677795e-03
4.378964193165302277e-03
4.377151839435100555e-03
4.378592595458030701e-03
4.597398452460765839e-03
4.386086948215961456e-03
4.376820754259824753e-03
4.922093823552131653e-03
4.408758599311113358e-03
4.375395365059375763e-03
4.373513627797365189e-03
4.373413044959306717e-03
4.717561881989240646e-03
4.380999598652124405e-03
4.377513192594051361e-03
4.394766874611377716e-03
4.453702364116907120e-03
4.379498306661844254e-03
4.370547831058502197e-03
4.368248861283063889e-03
4.377176053822040558e-03
4.572538658976554871e-03
4.399980418384075165e-03
4.371543880552053452e-03
4.365523811429738998e-03
4.364777822047472000e-03
4.365492146462202072e-03
4.963724408298730850e-03
4.419493954628705978e-03
4.369214642792940140e-03
4.362580366432666779e-03
4.382954444736242294e-03
4.441164433956146240e-03
4.363856744021177292e-03
4.361588042229413986e-03
4.513509571552276611e-03
4.385896027088165283e-03
4.364215303212404251e-03
4.357834812253713608e-03
4.356972407549619675e-03
4.926735069602727890e-03
4.410297144204378128e-03
4.359884653240442276e-03
4.355663899332284927e-03
4.353712778538465500e-03
4.402107559144496918e-03
4.446952138096094131e-03
4.371249582618474960e-03
4.351630341261625290e-03
4.349858965724706650e-03
4.349015187472105026e-03
4.412303213030099869e-03
4.529517609626054764e-03
4.363489337265491486e-03
4.349610302597284317e-03
4.345640074461698532e-03
4.344576504081487656e-03
4.344430286437273026e-03
5.168990232050418854e-03
4.423337988555431366e-03
4.348058719187974930e-03
4.341959953308105469e-03
4.340927582234144211e-03
4.665234126150608063e-03
4.345377441495656967e-03
4.343187436461448669e-03
4.337904974818229675e-03
4.658134654164314270e-03
4.416297189891338348e-03
4.344497807323932648e-03
4.334026481956243515e-03
4.332634154707193375e-03
4.376509692519903183e-03
4.336327780038118362e-03
4.339038860052824020e-03
4.356124904006719589e-03
4.329056013375520706e-03
4.343485925346612930e-03
4.329316318035125732e-03
4.330301657319068909e-03
4.504059441387653351e-03
4.377390258014202118e-03
4.324728157371282578e-03
4.321290180087089539e-03
4.320808686316013336e-03
4.420272540301084518e-03
4.343485925346612930e-03
4.320135340094566345e-03
5.052750930190086365e-03
4.360086750239133835e-03
4.315377213060855865e-03
4.313229583203792572e-03
4.310851451009511948e-03
4.309453070163726807e-03
4.308058880269527435e-03
4.306664224714040756e-03
4.640978295356035233e-03
4.439768847078084946e-03
4.318032879382371902e-03
4.302863497287034988e-03
4.323064815253019333e-03
4.536010790616273880e-03
4.322139080613851547e-03
4.296502564102411270e-03
4.295069724321365356e-03
4.293199162930250168e-03
4.291531629860401154e-03
4.290179815143346786e-03
5.548974033445119858e-03
4.317557439208030701e-03
4.300450440496206284e-03
4.284886177629232407e-03
4.283064045011997223e-03
4.281140398234128952e-03
4.282108973711729050e-03
4.327330272644758224e-03
4.286453593522310257e-03
4.275860264897346497e-03
4.311335273087024689e-03
4.441083874553442001e-03
4.281577654182910919e-03
4.269515164196491241e-03
4.264794755727052689e-03
4.263329785317182541e-03
4.884201567620038986e-03
4.301059059798717499e-03
4.266053438186645508e-03
4.256722982972860336e-03
4.252872895449399948e-03
4.252504091709852219e-03
4.343603271991014481e-03
4.264407325536012650e-03
4.244250245392322540e-03
4.641555715352296829e-03
4.317534621804952621e-03
4.243196919560432434e-03
4.236414097249507904e-03
4.231835715472698212e-03
4.228994715958833694e-03
4.226313903927803040e-03
4.808753728866577148e-03
4.399454686790704727e-03
4.229932092130184174e-03
4.218039102852344513e-03
4.213520325720310211e-03
4.210324492305517197e-03
4.207120742648839951e-03
4.229977261275053024e-03
4.237679764628410339e-03
4.239086061716079712e-03
4.198266193270683289e-03
4.192971158772706985e-03
4.189536441117525101e-03
4.187521059066057205e-03
4.323933739215135574e-03
4.209800157696008682e-03
4.179911687970161438e-03
4.244846757501363754e-03
4.307785071432590485e-03
4.170032683759927750e-03
4.163813777267932892e-03
4.157528281211853027e-03
4.154913593083620071e-03
4.413415677845478058e-03
4.167042672634124756e-03
4.152129404246807098e-03
4.139415454119443893e-03
4.133393522351980209e-03
4.128736909478902817e-03
4.200994968414306641e-03
4.201545380055904388e-03
4.133246373385190964e-03
4.361351486295461655e-03
4.106684122234582901e-03
4.102056846022605896e-03
4.096230026334524155e-03
4.108097404241561890e-03
4.113031551241874695e-03
4.114781972020864487e-03
4.077481571584939957e-03
4.069556482136249542e-03
4.094006959348917007e-03
4.231617785990238190e-03
4.081157967448234558e-03
4.050534218549728394e-03
4.038179758936166763e-03
4.131182096898555756e-03
4.147363826632499695e-03
4.058346617966890335e-03
4.018022213131189346e-03
4.007461015135049820e-03
4.000032320618629456e-03
3.993186634033918381e-03
4.700330086052417755e-03
4.032709170132875443e-03
3.982536494731903076e-03
3.965752199292182922e-03
3.960262518376111984e-03
4.799274727702140808e-03
3.965616691857576370e-03
3.947169054299592972e-03
3.929146565496921539e-03
3.919401671737432480e-03
3.911459818482398987e-03
5.485395900905132294e-03
4.037794657051563263e-03
3.901228308677673340e-03
3.884339472278952599e-03
3.874126588925719261e-03
3.865442005917429924e-03
3.856867086142301559e-03
3.848148044198751450e-03
3.847087034955620766e-03
4.037593957036733627e-03
3.850998356938362122e-03
3.827598644420504570e-03
3.811182221397757530e-03
3.802408929914236069e-03
3.794610034674406052e-03
3.831719979643821716e-03
3.788833273574709892e-03
3.776837140321731567e-03
3.761475672945380211e-03
3.752153832465410233e-03
3.743617329746484756e-03
4.582794848829507828e-03
3.737099701538681984e-03
3.748654155060648918e-03
3.715988947078585625e-03
3.703613765537738800e-03
3.694670740514993668e-03
3.685672534629702568e-03
3.676573047414422035e-03
3.721054643392562866e-03
3.796204691752791405e-03
3.669026540592312813e-03
3.648729529231786728e-03
3.638562280684709549e-03
3.629157785326242447e-03
3.620325354859232903e-03
3.611448686569929123e-03
3.602512646466493607e-03
3.671724582090973854e-03
3.612425643950700760e-03
3.615964436903595924e-03
3.576490096747875214e-03
3.563159378245472908e-03
3.553950227797031403e-03
3.544991603121161461e-03
3.542318940162658691e-03
3.739553736522793770e-03
3.597679315134882927e-03
3.521734848618507385e-03
3.506178967654705048e-03
3.496908349916338921e-03
3.537350334227085114e-03
3.729342250153422356e-03
3.519064048305153847e-03
3.471026429906487465e-03
3.458900144323706627e-03
3.449509385973215103e-03
3.442147048190236092e-03
4.684866406023502350e-03
3.460576990619301796e-03
3.425741335377097130e-03
3.415566636249423027e-03
3.404777031391859055e-03
3.396819578483700752e-03
3.399662440642714500e-03
3.599098185077309608e-03
3.377245040610432625e-03
3.374156542122364044e-03
3.362501272931694984e-03
3.354846267029643059e-03
3.347482765093445778e-03
3.801489481702446938e-03
3.589278785511851311e-03
3.357236040756106377e-03
3.326843958348035812e-03
3.316031536087393761e-03
3.308733692392706871e-03
3.302225144580006599e-03
3.835480660200119019e-03
3.482879605144262314e-03
3.299109637737274170e-03
3.281461307778954506e-03
3.272440982982516289e-03
3.518235869705677032e-03
3.325287951156497002e-03
3.277046373113989830e-03
3.249462926760315895e-03
3.244228661060333252e-03
3.238194622099399567e-03
3.561900928616523743e-03
3.255314426496624947e-03
3.246566280722618103e-03
3.221261082217097282e-03
3.211744828149676323e-03
3.208608366549015045e-03
4.354168195277452469e-03
3.214740660041570663e-03
3.208106849342584610e-03
3.189291805028915405e-03
3.181954147294163704e-03
3.179479157552123070e-03
3.698047716170549393e-03
3.209476126357913017e-03
3.175338031724095345e-03
3.160689491778612137e-03
3.155882703140377998e-03
4.096324089914560318e-03
3.265128238126635551e-03
3.148855175822973251e-03
3.139233682304620743e-03
3.132731188088655472e-03
3.128738608211278915e-03
3.901047632098197937e-03
3.227244596928358078e-03
3.138848347589373589e-03
3.114220220595598221e-03
3.108007600530982018e-03
3.119305241852998734e-03
3.208219772204756737e-03
3.111571772024035454e-03
3.100296715274453163e-03
3.087785094976425171e-03
3.083036048337817192e-03
3.091254271566867828e-03
3.507040441036224365e-03
3.100764472037553787e-03
3.076012711971998215e-03
3.072956344112753868e-03
3.504646709188818932e-03
3.066448727622628212e-03
3.055797191336750984e-03
3.046991769224405289e-03
3.043835749849677086e-03
3.655628999695181847e-03
3.101055277511477470e-03
3.046841826289892197e-03
3.028854960575699806e-03
3.022261662408709526e-03
3.048178739845752716e-03
3.273143898695707321e-03
3.032581182196736336e-03
3.009403124451637268e-03
3.001326229423284531e-03
2.996494760736823082e-03
3.342934185639023781e-03
3.016163362190127373e-03
3.006844082847237587e-03
2.983910264447331429e-03
2.974026370793581009e-03
2.971746958792209625e-03
4.192191176116466522e-03
3.004479454830288887e-03
2.958775497972965240e-03
2.953395247459411621e-03
2.947347704321146011e-03
2.942333929240703583e-03
3.510463982820510864e-03
3.112553618848323822e-03
2.942187013104557991e-03
2.928576897829771042e-03
2.920314436778426170e-03
2.914705546572804451e-03
2.942787948995828629e-03
3.482639556750655174e-03
2.975212177261710167e-03
2.903062850236892700e-03
2.893627621233463287e-03
2.887248992919921875e-03
2.882351400330662727e-03
3.472497221082448959e-03
3.149654017761349678e-03
2.889714902266860008e-03
2.866969211027026176e-03
2.860342152416706085e-03
2.855004509910941124e-03
2.852187957614660263e-03
4.120679572224617004e-03
2.963047008961439133e-03
2.847640775144100189e-03
2.836852334439754486e-03
2.829479752108454704e-03
2.824209863319993019e-03
2.819276414811611176e-03
3.067304613068699837e-03
3.116929205134510994e-03
2.841119887307286263e-03
2.808626508340239525e-03
2.800738671794533730e-03
2.795208245515823364e-03
2.790268743410706520e-03
2.785556251183152199e-03
2.978373784571886063e-03
3.286452032625675201e-03
2.778880298137664795e-03
2.779390662908554077e-03
2.768069505691528320e-03
2.762795193120837212e-03
2.758103888481855392e-03
2.753402804955840111e-03
2.748726401478052139e-03
3.221842925995588303e-03
3.129140473902225494e-03
2.767710946500301361e-03
2.739825751632452011e-03
2.731397282332181931e-03
2.726563951000571251e-03
2.721801400184631348e-03
2.717071445658802986e-03
2.712286077439785004e-03
2.709189429879188538e-03
2.748809289187192917e-03
2.716879826039075851e-03
2.702155616134405136e-03
2.695353468880057335e-03
2.690973691642284393e-03
2.685779007151722908e-03
2.680890262126922607e-03
2.675988711416721344e-03
2.670994959771633148e-03
2.666125539690256119e-03
2.795806620270013809e-03
2.979406388476490974e-03
2.686731051653623581e-03
2.651192713528871536e-03
2.644088817760348320e-03
2.638318808749318123e-03
2.632722724229097366e-03
2.928434172645211220e-03
2.660289406776428223e-03
2.650848124176263809e-03
2.625856315717101097e-03
2.612962154671549797e-03
2.607292495667934418e-03
2.601497573778033257e-03
2.595740836113691330e-03
2.589839044958353043e-03
2.583799185231328011e-03
2.577609382569789886e-03
2.571259625256061554e-03
2.790581202134490013e-03
2.900809980928897858e-03
2.578491112217307091e-03
2.552721649408340454e-03
2.546723233535885811e-03
3.263775259256362915e-03
2.791826846078038216e-03
2.543411450460553169e-03
2.524968003854155540e-03
2.514307620003819466e-03
2.506587421521544456e-03
2.517300890758633614e-03
3.130166325718164444e-03
2.613221993669867516e-03
2.497247420251369476e-03
2.475860062986612320e-03
2.466649981215596199e-03
2.458382630720734596e-03
2.450156025588512421e-03
2.441827440634369850e-03
6.118886172771453857e-03
2.581702545285224915e-03
2.469803905114531517e-03
2.418337156996130943e-03
2.409402513876557350e-03
2.400297438725829124e-03
2.391425194218754768e-03
2.382289385423064232e-03
2.372922841459512711e-03
2.363311359658837318e-03
2.353423275053501129e-03
2.343275817111134529e-03
2.332896227017045021e-03
6.058988627046346664e-03
2.687101485207676888e-03
2.354969037696719170e-03
2.306639216840267181e-03
2.293847734108567238e-03
2.282295376062393188e-03
2.271566772833466530e-03
2.260708482936024666e-03
2.249606652185320854e-03
2.238263376057147980e-03
2.226665848866105080e-03
2.214817795902490616e-03
2.202710369601845741e-03
2.190508646890521049e-03
3.413612488657236099e-03
2.415333641692996025e-03
2.196582499891519547e-03
2.157229930162429810e-03
2.142894314602017403e-03
2.130309119820594788e-03
2.118339296430349350e-03
2.106231404468417168e-03
2.093956107273697853e-03
2.081495011225342751e-03
2.069262554869055748e-03
3.641176503151655197e-03
2.192378276959061623e-03
2.050695242360234261e-03
2.038321224972605705e-03
2.020393963903188705e-03
2.007816452533006668e-03
1.995673403143882751e-03
1.983503112569451332e-03
1.971218734979629517e-03
1.958803040906786919e-03
1.946269767358899117e-03
1.933603780344128609e-03
1.920820795930922031e-03
1.909382641315460205e-03
2.935161814093589783e-03
2.191529842093586922e-03
1.902354182675480843e-03
1.874044653959572315e-03
1.857517403550446033e-03
1.845142920501530170e-03
1.832856796681880951e-03
1.820561941713094711e-03
1.808156259357929230e-03
1.795629854314029217e-03
1.782973995432257652e-03
1.770173897966742516e-03
1.757255173288285732e-03
2.823486458510160446e-03
2.110876841470599174e-03
1.766425790265202522e-03
1.719010644592344761e-03
1.703596324659883976e-03
1.689617289230227470e-03
1.676654093898832798e-03
1.663681236095726490e-03
1.650538993999361992e-03
1.637218985706567764e-03
1.634519081562757492e-03
2.173251705244183540e-03
1.658927183598279953e-03
1.590126659721136093e-03
1.577261486090719700e-03
1.561683253385126591e-03
1.547960564494132996e-03
1.539989840239286423e-03
1.564544043503701687e-03
1.651251805014908314e-03
1.524130813777446747e-03
1.490119611844420433e-03
1.473773387260735035e-03
1.460834755562245846e-03
1.447974820621311665e-03
1.449473667889833450e-03
1.565857790410518646e-03
1.462206128053367138e-03
1.413252670317888260e-03
1.392341218888759613e-03
1.380037749186158180e-03
1.404356327839195728e-03
1.839362899772822857e-03
1.362797338515520096e-03
1.353440224193036556e-03
1.330842147581279278e-03
1.319628907367587090e-03
1.395154511556029320e-03
1.903002266772091389e-03
1.335267908871173859e-03
1.295359339565038681e-03
1.274226466193795204e-03
1.264322665520012379e-03
1.472917851060628891e-03
1.278287963941693306e-03
1.269723055884242058e-03
1.238242024555802345e-03
1.222171587869524956e-03
1.212443690747022629e-03
1.228590379469096661e-03
1.426833681762218475e-03
1.213635434396564960e-03
1.190471113659441471e-03
1.171981100924313068e-03
1.162890577688813210e-03
1.192770549096167088e-03
1.766516012139618397e-03
1.195060089230537415e-03
1.140633830800652504e-03
1.125229755416512489e-03
1.116480911150574684e-03
1.109798671677708626e-03
3.053314052522182465e-03
1.122507150284945965e-03
1.117554958909749985e-03
1.081448863260447979e-03
1.072533195838332176e-03
1.063734875060617924e-03
1.134691759943962097e-03
1.521694241091609001e-03
1.070530503056943417e-03
1.042910502292215824e-03
1.031034160405397415e-03
1.022659474983811378e-03
1.015065936371684074e-03
1.009963918477296829e-03
3.086685901507735252e-03
1.222046441398561001e-03
1.020355848595499992e-03
9.839623235166072845e-04
9.759910753928124905e-04
9.687768178991973400e-04
9.628862608224153519e-04
3.211073577404022217e-03
9.583342471159994602e-04
9.550416725687682629e-04
9.433911764062941074e-04
9.320920216850936413e-04
9.244801476597785950e-04
9.290293673984706402e-04
2.753969980403780937e-03
9.401200804859399796e-04
9.182436624541878700e-04
9.006914915516972542e-04
8.892099722288548946e-04
8.823392563499510288e-04
8.756164461374282837e-04
8.774584275670349598e-04
1.282033976167440414e-03
1.016917172819375992e-03
8.656404097564518452e-04
8.516162051819264889e-04
8.426913409493863583e-04
8.361984509974718094e-04
8.298317552544176579e-04
8.235179702751338482e-04
1.051461440511047840e-03
1.018502749502658844e-03
8.706964435987174511e-04
8.121406426653265953e-04
7.972635794430971146e-04
7.907195249572396278e-04
7.844305364415049553e-04
7.781094755046069622e-04
7.922474760562181473e-04
2.151247113943099976e-03
8.038956439122557640e-04
7.670704508200287819e-04
7.527858251705765724e-04
7.461202330887317657e-04
7.395552820526063442e-04
7.332236855290830135e-04
7.269070483744144440e-04
7.293611997738480568e-04
1.294331741519272327e-03
8.470407919958233833e-04
7.142146932892501354e-04
7.021471392363309860e-04
6.947736255824565887e-04
6.883643800392746925e-04
6.822001305408775806e-04
6.760558462701737881e-04
6.699475343339145184e-04
1.350193400867283344e-03
9.678266360424458981e-04
7.515292963944375515e-04
6.653949967585504055e-04
6.500078015960752964e-04
6.425821920856833458e-04
6.369280745275318623e-04
6.313272169791162014e-04
6.257837521843612194e-04
6.202687509357929230e-04
6.147781969048082829e-04
6.093070842325687408e-04
6.040369626134634018e-04
4.859190434217453003e-03
8.184142061509191990e-04
6.556781008839607239e-04
5.887263105250895023e-04
5.837032804265618324e-04
5.782050429843366146e-04
5.731004639528691769e-04
5.680239410139620304e-04
5.629693041555583477e-04
5.579279968515038490e-04
5.533539224416017532e-04
4.693198949098587036e-03
9.742959518916904926e-04
5.952013307251036167e-04
5.434334743767976761e-04
5.352984298951923847e-04
5.300518241710960865e-04
5.252966075204312801e-04
5.205518100410699844e-04
5.158245912753045559e-04
5.111141363158822060e-04
5.064065917395055294e-04
5.063352873548865318e-04
8.521212730556726456e-04
6.590305711142718792e-04
5.027056904509663582e-04
4.895279998891055584e-04
4.839078465010970831e-04
4.790750099346041679e-04
4.745814076159149408e-04
4.701049765571951866e-04
4.656602395698428154e-04
5.695387371815741062e-04
6.444802274927496910e-04
5.273112328723073006e-04
4.638185200747102499e-04
4.510065773501992226e-04
4.445342055987566710e-04
4.401157784741371870e-04
4.358358564786612988e-04
4.315903061069548130e-04
4.273630329407751560e-04
4.268157936166971922e-04
7.139145745895802975e-04
5.996950203552842140e-04
4.234699299558997154e-04
4.136243078391999006e-04
4.075190518051385880e-04
4.034086887259036303e-04
3.993704449385404587e-04
3.954005078412592411e-04
3.914550470653921366e-04
3.879412834066897631e-04
5.034769419580698013e-03
4.200421099085360765e-04
4.204853321425616741e-04
3.816402168013155460e-04
3.742256085388362408e-04
3.698413202073425055e-04
3.660157963167876005e-04
3.623292141128331423e-04
3.586722887121140957e-04
3.550390829332172871e-04
3.517078584991395473e-04
3.327474230900406837e-03
7.257242104969918728e-04
3.791767521761357784e-04
3.427355259191244841e-04
3.385746676940470934e-04
3.346406156197190285e-04
3.311734471935778856e-04
3.277891955804079771e-04
3.244435647502541542e-04
3.228005080018192530e-04
2.600793493911623955e-03
3.752734628506004810e-04
3.583387879189103842e-04
3.162869834341108799e-04
3.096772124990820885e-04
3.059830924030393362e-04
3.028375213034451008e-04
2.997523988597095013e-04
2.966983302030712366e-04
2.938405959866940975e-04
3.253831528127193451e-03
8.005029521882534027e-04
2.943579165730625391e-04
2.929801994469016790e-04
2.842507383320480585e-04
2.804732357617467642e-04
2.776059554889798164e-04
2.748020342551171780e-04
2.720435149967670441e-04
2.693119458854198456e-04
2.685653162188827991e-04
1.226266962476074696e-03
5.316627211868762970e-04
2.644350461196154356e-04
2.637530560605227947e-04
2.580315631348639727e-04
2.549908240325748920e-04
2.524523588363081217e-04
2.499519323464483023e-04
2.474853827152401209e-04
2.450414176564663649e-04
2.491345803719013929e-04
1.077489694580435753e-03
3.341325500514358282e-04
2.695646253414452076e-04
2.403752587269991636e-04
2.352443407289683819e-04
2.325137611478567123e-04
2.302178181707859039e-04
2.279764157719910145e-04
2.257697051391005516e-04
2.235969586763530970e-04
3.014105895999819040e-04
3.441665903665125370e-04
3.054988628719002008e-04
2.288977993885055184e-04
2.178504073526710272e-04
2.145222970284521580e-04
2.122476289514452219e-04
2.101880963891744614e-04
2.081889979308471084e-04
2.062183484667912126e-04
2.513878280296921730e-04
8.308429387398064137e-04
2.977536641992628574e-04
2.130481152562424541e-04
2.008946612477302551e-04
1.984787231776863337e-04
1.962411915883421898e-04
1.944056857610121369e-04
1.925984397530555725e-04
1.908137492137029767e-04
1.913585438160225749e-04
1.635614433325827122e-03
2.498152898624539375e-04
2.145608741557225585e-04
1.889198465505614877e-04
1.834986323956400156e-04
1.818140008253976703e-04
1.800979807740077376e-04
1.784650521585717797e-04
1.768840884324163198e-04
2.600907173473387957e-04
5.665121716447174549e-04
2.080716949421912432e-04
1.769128139130771160e-04
1.724634494166821241e-04
1.701563014648854733e-04
1.685899478616192937e-04
1.670986821409314871e-04
1.656877138884738088e-04
2.613673859741538763e-04
6.665679975412786007e-04
2.170515945181250572e-04
1.718350395094603300e-04
1.616041117813438177e-04
1.595661160536110401e-04
1.580387179274111986e-04
1.566812134115025401e-04
1.589077874086797237e-04
2.030308824032545090e-03
3.724435809999704361e-04
1.825296349124982953e-04
1.531546440673992038e-04
1.511472510173916817e-04
1.497479388490319252e-04
1.484566746512427926e-04
1.483305095462128520e-04
2.618095139041543007e-03
1.609534374438226223e-04
1.591370091773569584e-04
1.491734437877312303e-04
1.437894243281334639e-04
1.421864144504070282e-04
1.409469259670004249e-04
1.402941416017711163e-04
1.518965582363307476e-03
4.872536228504031897e-04
1.891985593829303980e-04
1.415361039107665420e-04
1.371874241158366203e-04
1.353357220068573952e-04
1.341729366686195135e-04
1.332715473836287856e-04
4.573859332595020533e-04
2.025782305281609297e-04
1.530721492599695921e-04
1.357883011223748326e-04
1.303598255617544055e-04
1.289914362132549286e-04
1.280019932892173529e-04
1.271763176191598177e-04
2.872615586966276169e-04
3.819179837591946125e-04
1.843815844040364027e-04
1.350798556813970208e-04
1.257834228454157710e-04
1.235101517522707582e-04
1.224029547302052379e-04
1.216569362441077828e-04
4.705537576228380203e-04
2.154912799596786499e-04
1.424674992449581623e-04
1.240923884324729443e-04
1.194981159642338753e-04
1.181873085442930460e-04
1.173653217847459018e-04
1.166137371910735965e-04
1.914077438414096832e-04
9.653083398006856441e-04
1.959021610673516989e-04
1.225689629791304469e-04
1.164388086181133986e-04
1.138644147431477904e-04
1.128132134908810258e-04
1.120377855841070414e-04
1.291761727770790458e-04
6.971489638090133667e-04
2.325022651348263025e-04
1.261534780496731400e-04
1.107727148337289691e-04
1.097453277907334268e-04
1.088667559088207781e-04
1.081635709851980209e-04
1.075194086297415197e-04
1.718603161862120032e-04
1.005819067358970642e-03
1.880909694591537118e-04
1.203423671540804207e-04
1.061176371877081692e-04
1.053025916917249560e-04
1.046441539074294269e-04
1.039887574734166265e-04
1.048832709784619510e-04
2.817472442984580994e-03
1.944918476510792971e-04
1.069094651029445231e-04
1.065597316483035684e-04
1.021687712636776268e-04
1.014511071844026446e-04
1.007724786177277565e-04
1.001937707769684494e-04
1.623083080630749464e-04
9.219096391461789608e-04
1.601286639925092459e-04
1.043249867507256567e-04
1.009734187391586602e-04
9.867036715149879456e-05
9.807990863919258118e-05
9.752586629474535584e-05
9.698745998321101069e-05
9.881592268357053399e-05
2.042745938524603844e-03
2.087565808324143291e-04
1.061383518390357494e-04
1.001475829980336130e-04
9.583417704561725259e-05
9.518203296465799212e-05
9.462977322982624173e-05
9.412632789462804794e-05
9.370869520353153348e-05
5.337684997357428074e-04
7.402456249110400677e-04
1.618421956663951278e-04
9.997070446843281388e-05
9.460439468966796994e-05
9.260980004910379648e-05
9.210234566126018763e-05
9.162398055195808411e-05
9.116043656831607223e-05
9.070866508409380913e-05
1.607901067472994328e-04
1.693205849733203650e-04
1.987393334275111556e-04
1.041549185174517334e-04
9.189996490022167563e-05
9.044044418260455132e-05
8.986400644062086940e-05
8.939304098021239042e-05
8.896036160876974463e-05
8.853415056364610791e-05
8.811658335616812110e-05
8.770659769652411342e-05
1.539163931738585234e-04
1.414682046743109822e-04
1.980013039428740740e-04
9.810239862417802215e-05
9.023756138049066067e-05
8.768189582042396069e-05
8.692675328347831964e-05
8.651403186377137899e-05
8.611207886133342981e-05
8.572253864258527756e-05
8.533835352864116430e-05
8.624931069789454341e-05
2.720744814723730087e-03
1.930100406752899289e-04
8.739640179555863142e-05
8.570969657739624381e-05
8.523537690052762628e-05
8.443364640697836876e-05
8.403313404414802790e-05
8.366053953068330884e-05
8.329842967214062810e-05
8.490837353747338057e-05
2.180299954488873482e-03
2.437270595692098141e-04
1.048880149028263986e-04
8.770703425398096442e-05
8.286159572890028358e-05
8.236752910306677222e-05
8.200493903132155538e-05
8.164149767253547907e-05
8.153218368533998728e-05
1.471115276217460632e-03
2.760185452643781900e-04
1.099527071346528828e-04
8.785735553828999400e-05
8.152288501150906086e-05
8.083770080702379346e-05
8.043368870858103037e-05
8.009313751244917512e-05
8.000615343917161226e-05
1.073422725312411785e-03
5.387453129515051842e-04
1.306378835579380393e-04
8.209097723010927439e-05
8.036841609282419086e-05
7.929097773740068078e-05
7.888806430855765939e-05
7.853793067624792457e-05
7.841364276828244328e-05
2.560674445703625679e-03
3.401585854589939117e-04
1.389877288602292538e-04
8.399860234931111336e-05
7.912729779491201043e-05
7.810826355125755072e-05
7.775187987135723233e-05
7.743497553747147322e-05
7.713308878010138869e-05
7.683630246901884675e-05
8.011082536540925503e-05
2.806015836540609598e-04
2.219815796706825495e-04
9.775548096513375640e-05
7.972900493768975139e-05
7.707211625529453158e-05
7.643358549103140831e-05
7.608737359987571836e-05
7.578994700452312827e-05
7.550176087534055114e-05
7.549030851805582643e-05
2.621079795062541962e-03
2.366684493608772755e-04
1.208770336234010756e-04
8.074105426203459501e-05
7.556790660601109266e-05
7.511585135944187641e-05
7.473567529814317822e-05
7.445111987181007862e-05
7.416981679853051901e-05
7.407140947179868817e-05
2.338470192626118660e-03
1.819716999307274818e-04
1.197446908918209374e-04
7.995576015673577785e-05
7.431281119352206588e-05
7.388763333437964320e-05
7.351411477429792285e-05
7.322763121919706464e-05
7.296125841094180942e-05
7.430051482515409589e-05
2.226768294349312782e-03
2.559037820901721716e-04
7.857868331484496593e-05
7.699621346546337008e-05
7.306806946871802211e-05
7.236939563881605864e-05
7.204908615676686168e-05
7.207199087133631110e-05
1.132857054471969604e-03
4.637620586436241865e-04
1.149564122897572815e-04
7.424040086334571242e-05
7.234052463900297880e-05
7.149181328713893890e-05
7.119928341126069427e-05
7.111025479389354587e-05
3.024226462002843618e-04
2.020268002524971962e-04
1.145255009760148823e-04
7.740436558378860354e-05
7.177167572081089020e-05
7.059872586978599429e-05
7.033623842289671302e-05
1.640227128518745303e-04
7.125094416551291943e-04
1.061197835952043533e-04
7.847211963962763548e-05
7.146345160435885191e-05
6.980386388022452593e-05
6.968952948227524757e-05
1.068966157617978752e-04
2.658717276062816381e-04
1.328227517660707235e-04
7.606153667438775301e-05
7.093420572346076369e-05
6.935264536878094077e-05
7.570571324322372675e-05
1.360973576083779335e-03
1.345443452009931207e-04
8.031806646613404155e-05
7.116699271136894822e-05
6.886204937472939491e-05
9.659826901042833924e-05
1.684665621723979712e-04
1.017778631648980081e-04
6.981641490710899234e-05
6.910364754730835557e-05
7.057670882204547524e-05
7.386183133348822594e-04
7.553422619821503758e-05
8.527908357791602612e-05
6.956061406526714563e-05
6.760869291611015797e-05
8.856349450070410967e-05
1.502766390331089497e-04
1.334638654952868819e-04
6.974228017497807741e-05
6.772957567591220140e-05
6.694756302749738097e-05
6.685595872113481164e-05
1.440367050236091018e-04
5.102321156300604343e-04
1.177945523522794247e-04
7.315896800719201565e-05
6.684296386083588004e-05
6.621552165597677231e-05
7.311952504096552730e-05
8.161105215549468994e-04
2.055622462648898363e-04
7.319552241824567318e-05
6.663193926215171814e-05
6.610425043618306518e-05
6.560271867783740163e-05
6.836545071564614773e-05
1.540342113003134727e-03
1.689111086307093501e-04
7.479722262360155582e-05
6.890443182783201337e-05
6.565036164829507470e-05
6.748138548573479056e-05
1.479667378589510918e-03
2.687216619960963726e-04
8.880849782144650817e-05
6.799922994105145335e-05
6.516762368846684694e-05
6.426185427699238062e-05
7.280031422851607203e-05
2.340251230634748936e-04
1.478769700042903423e-04
7.089169957907870412e-05
6.703220424242317677e-05
6.440052675316110253e-05
6.395010132109746337e-05
6.371218478307127953e-05
6.367314199451357126e-05
4.438489559106528759e-04
7.354941044468432665e-05
1.132547477027401328e-04
6.788435712223872542e-05
6.443796155508607626e-05
6.325379945337772369e-05
6.301805842667818069e-05
1.466810499550774693e-04
6.546329823322594166e-04
1.206042143166996539e-04
6.505944475065916777e-05
6.320262764347717166e-05
6.288020085776224732e-05
6.253860192373394966e-05
6.262161332415416837e-05
7.418333552777767181e-04
1.746355119394138455e-04
1.078045534086413682e-04
6.784382276237010956e-05
6.277041393332183361e-05
6.205469981068745255e-05
6.573452265001833439e-05
1.532473717816174030e-03
9.936066635418683290e-05
6.230361759662628174e-05
6.334632053039968014e-05
6.154787115519866347e-05
6.314462370937690139e-05
8.451053290627896786e-04
9.418078116141259670e-05
6.702129030600190163e-05
6.450845830840989947e-05
6.238943024072796106e-05
8.151066867867484689e-05
3.598780895117670298e-04
8.257121226051822305e-05
7.218855171231552958e-05
6.197673064889386296e-05
6.068660877645015717e-05
1.362687326036393642e-04
7.480934727936983109e-04
9.754671191330999136e-05
6.688428402412682772e-05
6.124129140516743064e-05
6.048792783985845745e-05
6.019296779413707554e-05
6.052495155017822981e-05
1.036497997120022774e-03
2.863852423615753651e-04
9.059422154678031802e-05
6.364986620610579848e-05
6.027244307915680110e-05
5.967437027720734477e-05
6.338513048831373453e-05
1.526150968857109547e-03
8.199672447517514229e-05
7.606358849443495274e-05
6.139283505035564303e-05
5.962479190202429891e-05
5.943448559264652431e-05
9.777247032616287470e-05
1.385962968925014138e-04
1.040503848344087601e-04
6.314662459772080183e-05
6.037916318746283650e-05
6.034952821210026741e-05
5.645099445246160030e-04
8.358874765690416098e-05
7.390420796582475305e-05
6.233806197997182608e-05
5.968664845568127930e-05
8.566361066186800599e-05
2.752285217866301537e-04
8.684178465045988560e-05
6.691410089842975140e-05
5.939866969129070640e-05
1.008373728836886585e-04
9.800478437682613730e-05
7.592097972519695759e-05
6.806322926422581077e-05
6.049055082257837057e-05
8.786925172898918390e-05
2.815376792568713427e-04
8.843735122354701161e-05
6.230530561879277229e-05
5.786162000731565058e-05
5.763965236837975681e-05
9.305377025157213211e-04
4.865262017119675875e-04
9.794095967663452029e-05
5.885536666028201580e-05
5.801983570563606918e-05
5.732096178689971566e-05
5.710573896067216992e-05
5.691174010280519724e-05
5.788229100289754570e-05
2.011434640735387802e-03
1.779429730959236622e-04
6.154656875878572464e-05
5.960712951491586864e-05
5.721082925447262824e-05
5.668649828294292092e-05
5.648344813380390406e-05
5.957555913482792675e-05
1.472916454076766968e-03
1.437390601495280862e-04
7.464419468306005001e-05
5.775246245320886374e-05
5.669071106240153313e-05
5.621060699922963977e-05
5.614447218249551952e-05
3.791888011619448662e-04
7.394935528282076120e-05
8.843303658068180084e-05
6.009995195199735463e-05
5.654341657646000385e-05
5.594902540906332433e-05
5.593668174697086215e-05
4.011905984953045845e-04
9.579034667694941163e-05
6.794166984036564827e-05
5.830940062878653407e-05
5.628549115499481559e-05
5.557708573178388178e-05
9.460321598453447223e-05
2.060481201624497771e-04
1.138936058850958943e-04
6.462018791353330016e-05
5.578692434937693179e-05
5.587117630057036877e-05
1.525678235339000821e-04
3.116858715657144785e-04
8.681283361511304975e-05
5.699503162759356201e-05
5.561165744438767433e-05
5.687801967724226415e-05
1.547403866425156593e-03
1.767122303135693073e-04
6.223790114745497704e-05
5.739504194934852421e-05
5.464008063427172601e-05
5.478756793309003115e-05
1.460973144276067615e-04
4.063372907694429159e-04
9.018229320645332336e-05
5.959182453807443380e-05
5.536364187719300389e-05
5.455661812447942793e-05
3.029304207302629948e-04
1.681020075920969248e-04
8.370498107979074121e-05
6.005026443745009601e-05
5.414372208178974688e-05
5.397476707003079355e-05
5.396276173996739089e-05
5.876007489860057831e-04
1.584488927619531751e-04
9.655739995650947094e-05
5.517036333912983537e-05
5.415661871666088700e-05
5.373236854211427271e-05
5.368920392356812954e-05
1.339054433628916740e-04
5.618311697617173195e-04
7.626719889231026173e-05
5.537004108191467822e-05
5.424718619906343520e-05
5.350173523765988648e-05
5.358034104574471712e-05
7.051540887914597988e-04
2.461450640112161636e-04
8.372697629965841770e-05
5.629063889500685036e-05
5.344293458620086312e-05
5.309905463946051896e-05
5.306220191414467990e-05
2.064219443127512932e-04
4.288052150513976812e-04
8.212852844735607505e-05
5.739929474657401443e-05
5.341618089005351067e-05
5.273081478662788868e-05
5.546567263081669807e-05
1.568724401295185089e-03
1.138076477218419313e-04
7.438525790348649025e-05
5.472317934618331492e-05
5.288837201078422368e-05
5.252990376902744174e-05
5.311339555191807449e-05
8.721557096578180790e-04
1.382857153657823801e-04
6.749408203177154064e-05
5.274165960145182908e-05
5.282496931613422930e-05
5.375713226385414600e-05
7.348165963776409626e-04
7.172995537985116243e-05
6.211768777575343847e-05
5.359653005143627524e-05
5.235005301074124873e-05
5.187120405025780201e-05
9.421865979675203562e-05
8.611931116320192814e-04
9.662302181823179126e-05
6.286674761213362217e-05
5.262443301035091281e-05
5.201877866056747735e-05
5.183398388908244669e-05
5.167075505596585572e-05
5.174292164156213403e-05
6.402297876775264740e-04
1.514260220574215055e-04
8.993634401122108102e-05
5.586132101598195732e-05
5.229025919106788933e-05
5.157876512384973466e-05
5.236137440078891814e-05
1.074604107998311520e-03
2.774187596514821053e-04
7.303641905309632421e-05
5.299030090100131929e-05
5.185584814171306789e-05
5.117090404382906854e-05
5.292034984449855983e-05
1.611111802048981190e-03
7.728019409114494920e-05
5.492539276019670069e-05
5.161604349268600345e-05
5.149514618096873164e-05
5.104271258460357785e-05
5.824515028507448733e-05
6.887142662890255451e-04
6.323306297417730093e-05
5.248970774118788540e-05
5.326651444192975760e-05
5.123388837091624737e-05
7.196533988462761045e-05
1.615303335711359978e-04
7.680549606448039412e-05
5.434800186776556075e-05
5.083750511403195560e-05
5.255974247120320797e-05
4.931184230372309685e-04
1.486315741203725338e-04
7.212204218376427889e-05
5.324721496435813606e-05
5.328548650140874088e-05
5.019595846533775330e-04
1.356748398393392563e-04
6.679767830064520240e-05
5.165355833014473319e-05
5.317471368471160531e-05
5.924488650634884834e-04
8.560234709875658154e-05
7.340480806306004524e-05
5.396259075496345758e-05
5.039134339313022792e-05
1.396900770487263799e-04
5.479154642671346664e-04
8.874179911799728870e-05
5.697031883755698800e-05
5.072157364338636398e-05
5.003171827411279082e-05
5.163068271940574050e-05
1.317815476795658469e-04
5.546557367779314518e-04
7.604655547766014934e-05
5.250344838714227080e-05
5.019590389565564692e-05
4.969070505467243493e-05
4.980760422768071294e-05
3.464999317657202482e-04
9.886350017040967941e-05
6.955820572329685092e-05
5.380695802159607410e-05
5.015705755795352161e-05
4.952473318553529680e-05
5.026214057579636574e-05
9.329274180345237255e-04
1.873889123089611530e-04
6.809279875596985221e-05
5.118166154716163874e-05
4.988928412785753608e-05
4.919517959933727980e-05
6.856808613520115614e-05
3.949271340388804674e-04
1.222236605826765299e-04
5.730453995056450367e-05
5.170655640540644526e-05
4.934232492814771831e-05
4.914616511086933315e-05
4.899628765997476876e-05
7.282847218448296189e-05
2.135810209438204765e-04
9.130300895776599646e-05
5.396565757109783590e-05
4.996558345737867057e-05
4.906630056211724877e-05
4.873768921243026853e-05
4.865315713686868548e-05
1.273164758458733559e-03
1.676945685176178813e-04
7.766769704176113009e-05
5.031196269555948675e-05
4.974217154085636139e-05
4.909946437692269683e-05
4.892086508334614336e-05
4.876049206359311938e-05
4.862086643697693944e-05
4.849228207604028285e-05
4.836906737182289362e-05
5.004435297450982034e-05
1.200911123305559158e-03
5.978403351036831737e-05
6.211848813109099865e-05
5.018640513299033046e-05
4.858777174376882613e-05
4.835897925659082830e-05
4.899804116575978696e-05
1.785440836101770401e-03
6.030012809787876904e-05
5.382000745157711208e-05
5.271113695926032960e-05
4.839165558223612607e-05
4.821747643291018903e-05
4.808642916032113135e-05
4.794884807779453695e-05
4.787600482814013958e-05
4.860750050283968449e-04
5.484219873324036598e-04
9.871532529359683394e-05
5.066160883870907128e-05
4.916113175568170846e-05
4.824067218578420579e-05
4.804840136785060167e-05
4.790356251760385931e-05
4.777426875079981983e-05
4.765227640746161342e-05
5.668939775205217302e-05
4.046357935294508934e-04
5.350765059120021760e-05
5.452760160551406443e-05
4.860758781433105469e-05
4.815113061340525746e-05
1.338723814114928246e-04
5.276302108541131020e-04
5.377036723075434566e-05
5.546525790123268962e-05
4.852658457821235061e-05
4.763031392940320075e-05
4.742831515613943338e-05
7.759964501019567251e-05
4.882674547843635082e-04
7.741126319160684943e-05
5.341344512999057770e-05
4.818850356969051063e-05
4.739647556561976671e-05
4.721933873952366412e-05
4.784695920534431934e-05
9.194610756821930408e-04
1.710340293357148767e-04
6.201441283337771893e-05
4.990424349671229720e-05
4.740134318126365542e-05
4.773520413436926901e-05
1.016929629258811474e-03
3.143698268104344606e-04
5.809263893752358854e-05
5.187377610127441585e-05
4.754699330078437924e-05
4.697397162090055645e-05
4.683397855842486024e-05
6.452366505982354283e-05
1.435003068763762712e-04
1.006840102490969002e-04
5.283244172460399568e-05
4.861074921791441739e-05
4.685370731749571860e-05
4.659706610254943371e-05
4.813745181309059262e-05
1.419087871909141541e-03
1.843011705204844475e-04
5.470852192956954241e-05
4.915073805022984743e-05
4.688333865487948060e-05
4.661204729927703738e-05
4.644524597097188234e-05
4.771573003381490707e-05
1.810987014323472977e-03
5.618319119093939662e-05
6.211855361470952630e-05
4.682188591687008739e-05
4.651183189707808197e-05
4.640136103262193501e-05
4.617602098733186722e-05
4.627844828064553440e-05
1.196100260131061077e-03
1.731203228700906038e-04
8.642289321869611740e-05
4.921202344121411443e-05
4.689074557973071933e-05
4.633154094335623085e-05
4.614729914464987814e-05
4.602507397066801786e-05
4.641088889911770821e-05
1.279277610592544079e-03
2.046099107246845961e-04
5.528969268198125064e-05
4.705681203631684184e-05
4.619959872798062861e-05
4.589446689351461828e-05
4.946126864524558187e-05
1.044187112711369991e-03
1.923976815305650234e-04
4.970168447471223772e-05
4.847164018428884447e-05
4.622733831638470292e-05
4.576666106004267931e-05
4.565671406453475356e-05
4.849454853683710098e-05
1.251515932381153107e-03
8.573422383051365614e-05
5.786122346762567759e-05
4.729355350718833506e-05
4.590023672790266573e-05
4.551243910100311041e-05
4.639265898731537163e-05
1.765314256772398949e-03
7.900672790128737688e-05
6.722057150909677148e-05
4.606115180649794638e-05
4.556636849883943796e-05
4.548793367575854063e-05
4.530056685325689614e-05
4.520612128544598818e-05
1.987782306969165802e-04
1.873879082268103957e-04
8.084389264695346355e-05
5.498269092640839517e-05
4.562997128232382238e-05
4.557097781798802316e-05
4.534061372396536171e-05
4.523069583228789270e-05
6.576048326678574085e-05
1.006198290269821882e-04
6.745725841028615832e-05
7.399708556476980448e-05
5.062510899733752012e-05
4.909273411612957716e-05
1.270823297090828419e-03
1.754898694343864918e-04
5.660433453158475459e-05
4.796547364094294608e-05
4.547760181594640017e-05
4.559941226034425199e-05
4.739502910524606705e-04
1.306300837313756347e-04
5.948298348812386394e-05
4.766805432154797018e-05
4.497609552345238626e-05
4.471334978006780148e-05
1.278681302210316062e-04
8.924378198571503162e-05
1.021843199850991368e-04
4.934909156872890890e-05
4.560298839351162314e-05
4.508420170168392360e-05
4.479025665204972029e-05
4.465840174816548824e-05
4.454584268387407064e-05
4.444200021680444479e-05
4.466038444661535323e-05
1.999195199459791183e-03
1.389423850923776627e-04
6.534717977046966553e-05
4.779627124662511051e-05
4.512788655119948089e-05
4.472705040825530887e-05
4.458339390112087131e-05
4.446017192094586790e-05
4.434971197042614222e-05
4.461687058210372925e-05
2.390865003690123558e-03
3.023864992428570986e-04
7.186169386841356754e-05
4.572233228827826679e-05
4.502090087044052780e-05
4.450059714145027101e-05
4.434603761183097959e-05
4.422300844453275204e-05
4.411915142554789782e-05
4.402023841976188123e-05
4.440649718162603676e-05
2.836284693330526352e-03
8.574184175813570619e-05
5.050756954005919397e-05
4.755484042107127607e-05
4.490341234486550093e-05
4.435797745827585459e-05
4.419788092491216958e-05
4.407510641613043845e-05
4.396571966935880482e-05
4.386518776300363243e-05
4.408988388604484499e-05
1.115798950195312500e-03
1.158419909188523889e-04
6.345245492411777377e-05
4.607446680893190205e-05
4.434664879227057099e-05
4.383783380035310984e-05
7.199847459560260177e-05
7.922293152660131454e-04
1.229438203154131770e-04
5.306000457494519651e-05
4.428985994309186935e-05
4.388067463878542185e-05
4.372859257273375988e-05
4.361261017038486898e-05
4.353945041657425463e-05
6.786832818761467934e-05
8.540391572751104832e-04
1.141172979259863496e-04
4.543332397588528693e-05
4.457326213014312088e-05
4.379662641440518200e-05
4.359947342891246080e-05
4.346925197751261294e-05
4.341009480413049459e-05
1.851605629781261086e-04
2.596729609649628401e-04
6.474635301856324077e-05
4.829889076063409448e-05
4.443723810254596174e-05
9.125893848249688745e-05
3.165880625601857901e-04
9.755544306244701147e-05
4.746226841234602034e-05
4.475966852623969316e-05
4.358674050308763981e-05
4.413236092659644783e-05
9.264119435101747513e-04
2.962737053167074919e-04
6.209012644831091166e-05
4.706961408373899758e-05
4.354865450295619667e-05
4.322731547290459275e-05
4.303851164877414703e-05
4.315505429985933006e-05
1.024881377816200256e-03
1.597853115526959300e-04
6.448093336075544357e-05
4.595616701408289373e-05
4.344107583165168762e-05
4.309759242460131645e-05
4.296848419471643865e-05
4.552731115836650133e-05
9.698551730252802372e-04
1.435196463717147708e-04
4.975613410351797938e-05
4.532548700808547437e-05
4.321336746215820312e-05
4.297871419112198055e-05
4.282589725335128605e-05
4.272573642083443701e-05
4.263287337380461395e-05
4.311037264415062964e-05
2.687221160158514977e-03
1.148823575931601226e-04
6.044182009645737708e-05
4.363764674053527415e-05
4.348503716755658388e-05
4.297888517612591386e-05
4.283616362954489887e-05
4.272121077519841492e-05
4.261750291334465146e-05
4.252112921676598489e-05
4.243003058945760131e-05
4.242551585775800049e-05
1.238123048096895218e-03
1.581297256052494049e-04
7.459639164153486490e-05
4.691545836976729333e-05
4.277381594874896109e-05
4.253868246451020241e-05
4.305644324631430209e-05
1.548242405988276005e-03
4.825005089514888823e-05
4.474223169381730258e-05
4.540069494396448135e-05
4.260040441295132041e-05
4.240689668222330511e-05
4.230516060488298535e-05
4.219731999910436571e-05
4.243887815391644835e-05
1.296133268624544144e-03
8.404680556850507855e-05
5.497465099324472249e-05
4.401637124828994274e-05
4.263206210453063250e-05
4.231704588164575398e-05
4.217164314468391240e-05
4.206726953270845115e-05
4.197715315967798233e-05
4.228055695421062410e-05
1.322181196883320808e-03
1.085411131498403847e-04
7.366517820628359914e-05
4.442418503458611667e-05
4.254354644217528403e-05
4.213745341985486448e-05
4.194727080175653100e-05
4.184654608252458274e-05
4.272338992450386286e-05
1.237418502569198608e-03
1.043508746079169214e-04
5.406340642366558313e-05
4.267780605005100369e-05
4.191070911474525928e-05
4.181973417871631682e-05
4.169448584434576333e-05
6.631806172663345933e-05
8.383785607293248177e-04
8.276536391349509358e-05
4.549364166450686753e-05
4.239416375639848411e-05
4.199932664050720632e-05
4.177404844085685909e-05
4.164168421993963420e-05
4.154822454438544810e-05
4.146839273744262755e-05
5.180094376555643976e-05
1.997570507228374481e-04
1.094787658075802028e-04
4.734285903396084905e-05
4.244803858455270529e-05
4.172183253103867173e-05
4.153574627707712352e-05
4.142930265516042709e-05
4.174378045718185604e-05
9.431263897567987442e-04
2.682703780010342598e-04
5.073703869129531085e-05
4.383962004794739187e-05
4.166206781519576907e-05
4.139521843171678483e-05
4.135292692808434367e-05
9.649508137954398990e-05
5.145092727616429329e-04
6.591182318516075611e-05
4.584464841173030436e-05
4.175918729742988944e-05
4.134902701480314136e-05
4.112555689061991870e-05
4.111200541956350207e-05
7.653041975572705269e-04
3.637401096057146788e-04
8.582552982261404395e-05
4.393199196783825755e-05
4.188527236692607403e-05
4.126374551560729742e-05
4.111406087758950889e-05
4.100935620954260230e-05
4.092502786079421639e-05
5.175750993657857180e-05
8.966401219367980957e-04
9.938819130184128881e-05
4.798200097866356373e-05
4.161027391091920435e-05
4.135153358220122755e-05
4.103448372916318476e-05
4.092360541108064353e-05
4.083039675606414676e-05
4.074856042279861867e-05
4.135392373427748680e-05
1.470504328608512878e-03
1.042710864567197859e-04
5.664767013513483107e-05
4.128082218812778592e-05
4.092883682460524142e-05
4.080652433913201094e-05
4.067336340085603297e-05
4.091368100489489734e-05
1.035618246532976627e-03
2.350759459659457207e-04
5.746249371441081166e-05
4.135774361202493310e-05
4.077680569025687873e-05
4.069072019774466753e-05
4.054338569403626025e-05
4.045190871693193913e-05
4.290873403078876436e-05
6.718822987750172615e-04
8.888394950190559030e-05
4.300297950976528227e-05
4.308013376430608332e-05
4.089963840669952333e-05
4.059737329953350127e-05
4.046630419907160103e-05
