2.430291846394538879e-02
2.320550568401813507e-02
2.272629365324974060e-02
2.238632738590240479e-02
2.206029556691646576e-02
2.174508385360240936e-02
2.143883705139160156e-02
2.113582380115985870e-02
2.082447148859500885e-02
2.052338421344757080e-02
2.022699825465679169e-02
1.992819458246231079e-02
1.962693221867084503e-02
1.932298019528388977e-02
1.901933364570140839e-02
1.872024498879909515e-02
1.867473125457763672e-02
1.821733079850673676e-02
1.806142739951610565e-02
1.843849569559097290e-02
1.775700785219669342e-02
1.848155632615089417e-02
1.749070174992084503e-02
1.747868396341800690e-02
1.728257350623607635e-02
1.735267043113708496e-02
1.706870086491107941e-02
1.748033985495567322e-02
1.703737117350101471e-02
1.697234809398651123e-02
3.255320712924003601e-02
1.672145538032054901e-02
1.655946671962738037e-02
1.653079874813556671e-02
1.651122979819774628e-02
1.628254540264606476e-02
2.051431685686111450e-02
1.604240760207176208e-02
1.598875410854816437e-02
1.580442301928997040e-02
1.584104634821414948e-02
1.563606783747673035e-02
1.792666502296924591e-02
1.536870840936899185e-02
1.528350729495286942e-02
1.888763532042503357e-02
1.505696307867765427e-02
4.122825339436531067e-02
1.495744008570909500e-02
6.061975657939910889e-02
1.481637638062238693e-02
1.485932897776365280e-02
1.445401273667812347e-02
1.430296991020441055e-02
1.420241128653287888e-02
1.592301763594150543e-02
1.403150800615549088e-02
1.385393179953098297e-02
1.564301364123821259e-02
1.365804765373468399e-02
1.352413650602102280e-02
1.346382405608892441e-02
1.324436441063880920e-02
1.321023050695657730e-02
1.303867809474468231e-02
1.291829533874988556e-02
1.445673592388629913e-02
1.268193125724792480e-02
1.363313850015401840e-02
1.320316363126039505e-02
1.302477717399597168e-02
1.285543665289878845e-02
1.268979720771312714e-02
1.252699363976716995e-02
1.241563633084297180e-02
1.220020093023777008e-02
1.468298584222793579e-02
1.232941262423992157e-02
3.280790150165557861e-02
1.193108409643173218e-02
1.178479474037885666e-02
1.163948141038417816e-02
1.149386446923017502e-02
1.147472672164440155e-02
1.126897428184747696e-02
1.128147076815366745e-02
1.123183686286211014e-02
1.109546516090631485e-02
1.095729786902666092e-02
1.081985607743263245e-02
1.069797202944755554e-02
1.058450620621442795e-02
1.048624049872159958e-02
1.182642113417387009e-02
1.055613812059164047e-02
1.014942768961191177e-02
1.003173459321260452e-02
1.696138828992843628e-02
9.789601899683475494e-03
9.704996831715106964e-03
1.066390424966812134e-02
9.753947146236896515e-03
1.003035530447959900e-02
9.630216285586357117e-03
9.491330944001674652e-03
9.350741282105445862e-03
9.206607937812805176e-03
9.204422123730182648e-03
9.218281134963035583e-03
1.088354736566543579e-02
9.193491190671920776e-03
9.059065021574497223e-03
8.511944673955440521e-03
8.348565548658370972e-03
8.172705769538879395e-03
8.050046861171722412e-03
7.967857643961906433e-03
7.777801714837551117e-03
7.656804285943508148e-03
7.552815601229667664e-03
7.947463542222976685e-03
7.384952157735824585e-03
7.253870833665132523e-03
7.184081245213747025e-03
7.367546204477548599e-03
7.055900059640407562e-03
6.929125171154737473e-03
6.911969743669033051e-03
6.783140357583761215e-03
6.691561080515384674e-03
6.614185869693756104e-03
7.914850488305091858e-03
6.460515782237052917e-03
6.447112187743186951e-03
6.765896920114755630e-03
7.416702341288328171e-03
6.472269538789987564e-03
6.701362784951925278e-03
6.244511809200048447e-03
5.991063080728054047e-03
6.095446646213531494e-03
5.889163818210363388e-03
6.988686043769121170e-03
7.742315996438264847e-03
5.763506051152944565e-03
6.104200147092342377e-03
6.024924572557210922e-03
5.735856480896472931e-03
5.531212314963340759e-03
5.508481059223413467e-03
5.447612609714269638e-03
6.282790098339319229e-03
5.358354188501834869e-03
5.798399448394775391e-03
5.372369661927223206e-03
5.299025680869817734e-03
5.373777821660041809e-03
8.360704407095909119e-03
5.350018851459026337e-03
5.477715749293565750e-03
5.360408220440149307e-03
5.352624226361513138e-03
5.089121870696544647e-03
5.116551183164119720e-03
4.982104524970054626e-03
4.955653566867113113e-03
5.435813684016466141e-03
4.908157512545585632e-03
6.445051636546850204e-03
4.902788437902927399e-03
4.957236349582672119e-03
8.242815732955932617e-03
5.702591035515069962e-03
5.009157583117485046e-03
5.024888087064027786e-03
4.961464088410139084e-03
4.922274500131607056e-03
5.516231060028076172e-03
4.956005606800317764e-03
5.510092247277498245e-03
4.815693479031324387e-03
4.788082558661699295e-03
5.207739304751157761e-03
5.643662996590137482e-03
5.519879516214132309e-03
5.094569642096757889e-03
4.650734364986419678e-03
5.276891868561506271e-03
7.641079835593700409e-03
5.456361919641494751e-03
4.558743443340063095e-03
4.647431429475545883e-03
4.943998530507087708e-03
4.769642837345600128e-03
5.905677564442157745e-03
5.090437363833189011e-03
4.584721755236387253e-03
4.592516925185918808e-03
6.775619927793741226e-03
4.993543960154056549e-03
4.683514125645160675e-03
4.994368646293878555e-03
6.487620528787374496e-03
5.968831479549407959e-03
5.019016563892364502e-03
4.392169415950775146e-03
4.370895680040121078e-03
5.185845773667097092e-03
4.359281621873378754e-03
4.195930901914834976e-03
4.862798843532800674e-03
4.724869970232248306e-03
4.416918382048606873e-03
4.157281946390867233e-03
4.155000671744346619e-03
4.094277042895555496e-03
4.914938937872648239e-03
4.143736790865659714e-03
4.262095782905817032e-03
4.078852478414773941e-03
4.255260806530714035e-03
6.635394413024187088e-03
5.031520966440439224e-03
3.974143881350755692e-03
3.960394766181707382e-03
4.281447269022464752e-03
4.336846992373466492e-03
4.227603320032358170e-03
3.926143515855073929e-03
3.866409417241811752e-03
5.029040388762950897e-03
3.828868968412280083e-03
3.819289151579141617e-03
8.450502529740333557e-03
3.792700124904513359e-03
4.088965710252523422e-03
3.758132923394441605e-03
3.717036219313740730e-03
4.547292366623878479e-03
4.263858776539564133e-03
3.660575486719608307e-03
3.847125219181180000e-03
3.837558906525373459e-03
4.711491055786609650e-03
3.812056500464677811e-03
5.613034591078758240e-03
3.722839057445526123e-03
3.540461184456944466e-03
3.765619825571775436e-03
3.488571848720312119e-03
3.815211821347475052e-03
6.038627121597528458e-03
3.465206827968358994e-03
3.461325541138648987e-03
3.363944590091705322e-03
4.090875852853059769e-03
4.378918092697858810e-03
3.588563064113259315e-03
3.277755808085203171e-03
3.910329658538103104e-03
3.230031346902251244e-03
3.520612837746739388e-03
3.789673792198300362e-03
3.740837797522544861e-03
3.697316395118832588e-03
3.153393277898430824e-03
3.394003491848707199e-03
4.179178737103939056e-03
3.157531376928091049e-03
3.120857058092951775e-03
3.094479208812117577e-03
4.576197359710931778e-03
4.659143742173910141e-03
2.980189863592386246e-03
3.086930606514215469e-03
2.937483135610818863e-03
2.934057265520095825e-03
2.904484514147043228e-03
2.990557579323649406e-03
4.358918406069278717e-03
2.886688802391290665e-03
4.247184842824935913e-03
2.837353851646184921e-03
5.082944408059120178e-03
2.901180181652307510e-03
2.794796600937843323e-03
3.381006419658660889e-03
2.736257156357169151e-03
2.749551087617874146e-03
3.091231454163789749e-03
3.089719451963901520e-03
3.093630541115999222e-03
5.794400349259376526e-03
2.659594872966408730e-03
3.420420922338962555e-03
2.904777182266116142e-03
3.292982000857591629e-03
3.054201602935791016e-03
2.763045253232121468e-03
2.583939116448163986e-03
