3.328418731689453125e-02
2.610565908253192902e-02
2.569521032273769379e-02
2.538842894136905670e-02
2.510286122560501099e-02
2.481379732489585876e-02
2.455704845488071442e-02
2.430943027138710022e-02
2.407730184495449066e-02
2.386327832937240601e-02
2.366737462580204010e-02
2.349400147795677185e-02
2.333595603704452515e-02
2.319087274372577667e-02
2.305204421281814575e-02
2.290279790759086609e-02
2.279733121395111084e-02
2.270974405109882355e-02
2.263288758695125580e-02
2.256228774785995483e-02
2.250195853412151337e-02
2.244591340422630310e-02
2.239381708204746246e-02
2.234721556305885315e-02
2.230584435164928436e-02
2.226954698562622070e-02
2.223714441061019897e-02
2.220779284834861755e-02
2.218071930110454559e-02
2.215572446584701538e-02
2.213225699961185455e-02
2.210963331162929535e-02
2.208738401532173157e-02
2.206606417894363403e-02
2.204475179314613342e-02
2.202137559652328491e-02
2.198496274650096893e-02
2.193644456565380096e-02
2.188901230692863464e-02
2.183888293802738190e-02
2.176255173981189728e-02
2.171039022505283356e-02
2.166266925632953644e-02
2.161549404263496399e-02
2.156899869441986084e-02
2.152267470955848694e-02
2.147598005831241608e-02
2.142919041216373444e-02
2.138135954737663269e-02
2.133299037814140320e-02
2.128356695175170898e-02
2.123378776013851166e-02
2.118190564215183258e-02
2.112819626927375793e-02
2.107396535575389862e-02
2.101756446063518524e-02
2.095920592546463013e-02
2.089786529541015625e-02
2.083510346710681915e-02
2.076960541307926178e-02
2.070292457938194275e-02
2.063303627073764801e-02
2.056257799267768860e-02
2.048954926431179047e-02
2.041687071323394775e-02
2.033952437341213226e-02
2.026318572461605072e-02
2.018251270055770874e-02
2.010252140462398529e-02
2.001990750432014465e-02
1.994384638965129852e-02
1.985781639814376831e-02
1.977342739701271057e-02
1.968813501298427582e-02
1.960767991840839386e-02
1.951932907104492188e-02
1.943058520555496216e-02
1.937098056077957153e-02
1.929113268852233887e-02
1.921668276190757751e-02
1.912210136651992798e-02
1.904115080833435059e-02
1.899082213640213013e-02
1.891287788748741150e-02
1.881445571780204773e-02
1.891304180026054382e-02
1.869622059166431427e-02
1.870241947472095490e-02
1.864759810268878937e-02
1.858134940266609192e-02
1.844929903745651245e-02
1.857053861021995544e-02
1.834359019994735718e-02
1.832529529929161072e-02
1.819958724081516266e-02
1.886251196265220642e-02
1.809202134609222412e-02
1.804050616919994354e-02
1.801237277686595917e-02
1.793593540787696838e-02
1.789118349552154541e-02
1.795664988458156586e-02
1.780587434768676758e-02
1.774920523166656494e-02
1.770587824285030365e-02
1.765437051653862000e-02
1.760710589587688446e-02
1.775959134101867676e-02
1.760209724307060242e-02
1.751909404993057251e-02
1.743558421730995178e-02
1.781751215457916260e-02
1.744211278855800629e-02
1.733893714845180511e-02
1.727226749062538147e-02
1.809867285192012787e-02
1.719983853399753571e-02
1.715692691504955292e-02
1.724166050553321838e-02
1.707885600626468658e-02
1.777307875454425812e-02
1.715925149619579315e-02
1.699907705187797546e-02
1.706201024353504181e-02
1.711842045187950134e-02
1.685259677469730377e-02
1.681286655366420746e-02
1.682294532656669617e-02
1.703261770308017731e-02
1.686806976795196533e-02
1.671735942363739014e-02
1.662766188383102417e-02
1.700493507087230682e-02
1.657775975763797760e-02
1.653374731540679932e-02
1.675532199442386627e-02
1.658095233142375946e-02
1.647005416452884674e-02
1.650701276957988739e-02
1.634768955409526825e-02
1.670504920184612274e-02
1.634532958269119263e-02
1.625119522213935852e-02
1.667898707091808319e-02
1.625836454331874847e-02
1.636138930916786194e-02
1.612591557204723358e-02
1.668106950819492340e-02
1.637683063745498657e-02
1.605702377855777740e-02
1.601849682629108429e-02
1.598474010825157166e-02
1.657314784824848175e-02
1.591905578970909119e-02
1.591930165886878967e-02
1.621087454259395599e-02
1.789705082774162292e-02
1.633600704371929169e-02
1.587374508380889893e-02
1.581847295165061951e-02
1.579495333135128021e-02
1.577225886285305023e-02
1.574949920177459717e-02
1.572681777179241180e-02
1.570386439561843872e-02
1.568077504634857178e-02
1.565846242010593414e-02
1.563599891960620880e-02
1.561365183442831039e-02
1.559074316173791885e-02
1.556794531643390656e-02
1.554473768919706345e-02
1.552174240350723267e-02
1.549844257533550262e-02
1.547519490122795105e-02
1.545147225260734558e-02
1.542792934924364090e-02
1.540402881801128387e-02
1.537985075265169144e-02
1.535550318658351898e-02
1.533223595470190048e-02
1.542964763939380646e-02
1.529872044920921326e-02
1.533078029751777649e-02
1.527243759483098984e-02
1.530044898390769958e-02
1.519413199275732040e-02
1.536221988499164581e-02
1.528829988092184067e-02
1.524711307138204575e-02
1.511421054601669312e-02
1.508776936680078506e-02
1.612868346273899078e-02
1.518105901777744293e-02
1.501032710075378418e-02
1.515619736164808273e-02
1.495770364999771118e-02
1.539589185267686844e-02
1.504020392894744873e-02
1.502591185271739960e-02
1.489725615829229355e-02
1.488205231726169586e-02
1.522858254611492157e-02
1.485367491841316223e-02
1.483901869505643845e-02
1.543942559510469437e-02
1.475267484784126282e-02
1.473192870616912842e-02
1.470739580690860748e-02
1.511217746883630753e-02
1.470229960978031158e-02
1.465114299207925797e-02
1.462699845433235168e-02
1.467088237404823303e-02
1.516766194254159927e-02
1.466645207256078720e-02
1.455383747816085815e-02
1.453631371259689331e-02
1.452332735061645508e-02
1.517772022634744644e-02
1.453519053757190704e-02
1.448899414390325546e-02
1.444981619715690613e-02
1.560689229518175125e-02
1.454703602939844131e-02
1.441788580268621445e-02
1.439707074314355850e-02
1.496755890548229218e-02
1.439240574836730957e-02
1.435761339962482452e-02
1.481300499290227890e-02
1.445021387189626694e-02
1.426786556839942932e-02
1.475080102682113647e-02
1.429864857345819473e-02
1.423524692654609680e-02
1.418839395046234131e-02
1.418099179863929749e-02
1.427990477532148361e-02
1.431488059461116791e-02
1.412852108478546143e-02
1.411476545035839081e-02
1.410048361867666245e-02
1.518466323614120483e-02
1.422483380883932114e-02
1.403457298874855042e-02
1.409992296248674393e-02
1.431871298700571060e-02
1.398500707000494003e-02
1.419189479202032089e-02
1.396076846867799759e-02
1.394586637616157532e-02
1.475652214139699936e-02
1.406383328139781952e-02
1.395993214100599289e-02
1.387333311140537262e-02
1.390309818089008331e-02
1.420349348336458206e-02
1.392912957817316055e-02
1.382803358137607574e-02
1.480851508677005768e-02
1.378132589161396027e-02
1.377079635858535767e-02
1.452621724456548691e-02
1.379495300352573395e-02
1.373681519180536270e-02
1.391060091555118561e-02
1.384838018566370010e-02
1.370704546570777893e-02
1.383371837437152863e-02
1.379952114075422287e-02
1.366561371833086014e-02
1.362109649926424026e-02
1.381332054734230042e-02
1.397995464503765106e-02
1.358268503099679947e-02
1.355961803346872330e-02
1.402063202112913132e-02
1.353537477552890778e-02
1.358229294419288635e-02
1.352035999298095703e-02
1.349008549004793167e-02
1.401149388402700424e-02
1.366222742944955826e-02
1.342333294451236725e-02
1.363711338490247726e-02
1.342067494988441467e-02
1.355212088674306870e-02
1.398829184472560883e-02
1.335944980382919312e-02
1.334745064377784729e-02
1.335400901734828949e-02
1.414384413510560989e-02
1.337517984211444855e-02
1.326949056237936020e-02
1.359405647963285446e-02
1.336040720343589783e-02
1.328533142805099487e-02
1.372761651873588562e-02
1.335886865854263306e-02
1.341233495622873306e-02
1.331484690308570862e-02
1.326657552272081375e-02
1.313901692628860474e-02
1.370627805590629578e-02
1.337024383246898651e-02
1.321774721145629883e-02
1.337305828928947449e-02
1.319263689219951630e-02
1.310519874095916748e-02
1.352043356746435165e-02
1.311301346868276596e-02
1.323718484491109848e-02
1.320325303822755814e-02
1.303852722048759460e-02
1.305342186242341995e-02
1.324224006384611130e-02
1.349649298936128616e-02
1.304688397794961929e-02
1.294197235256433487e-02
1.294512022286653519e-02
1.291009224951267242e-02
1.296168193221092224e-02
1.286371424794197083e-02
1.284825429320335388e-02
1.357609312981367111e-02
1.282589044421911240e-02
1.281363796442747116e-02
1.280683092772960663e-02
1.290244143456220627e-02
1.277486421167850494e-02
1.287821214646100998e-02
1.280669495463371277e-02
1.315682101994752884e-02
1.274678856134414673e-02
1.270784158259630203e-02
1.273480709642171860e-02
1.431211084127426147e-02
1.287005655467510223e-02
1.268142927438020706e-02
1.265915576368570328e-02
1.263509318232536316e-02
1.267219707369804382e-02
1.329870242625474930e-02
1.272079255431890488e-02
1.282394118607044220e-02
1.257933303713798523e-02
1.260057277977466583e-02
1.326092053204774857e-02
1.270029507577419281e-02
1.259695272892713547e-02
1.254713907837867737e-02
1.355266664177179337e-02
1.250111125409603119e-02
1.248583570122718811e-02
1.246853638440370560e-02
1.246018055826425552e-02
1.245632208883762360e-02
1.246668305248022079e-02
1.242196466773748398e-02
1.240370236337184906e-02
1.242390461266040802e-02
1.304778549820184708e-02
1.237489748746156693e-02
1.237282622605562210e-02
1.326425839215517044e-02
1.234862022101879120e-02
1.233946066349744797e-02
1.231204625219106674e-02
1.266199629753828049e-02
1.277225557714700699e-02
1.230421941727399826e-02
1.226477324962615967e-02
1.244038995355367661e-02
1.289629098027944565e-02
1.234909519553184509e-02
1.226157322525978088e-02
1.221025921404361725e-02
1.221385970711708069e-02
1.354727614670991898e-02
1.222489587962627411e-02
1.223173737525939941e-02
1.216133590787649155e-02
1.481320522725582123e-02
1.214611530303955078e-02
1.216819602996110916e-02
1.211362611502408981e-02
1.209951471537351608e-02
1.218059007078409195e-02
1.262513548135757446e-02
1.225019153207540512e-02
1.209122966974973679e-02
1.206490397453308105e-02
1.220964360982179642e-02
1.256516017019748688e-02
1.209444552659988403e-02
1.201451756060123444e-02
1.199279446154832840e-02
1.408790238201618195e-02
1.244112476706504822e-02
1.196671184152364731e-02
1.195559464395046234e-02
1.194795966148376465e-02
1.214269734919071198e-02
1.231771707534790039e-02
1.190836634486913681e-02
1.189609337598085403e-02
1.250439696013927460e-02
1.212307438254356384e-02
1.192144025117158890e-02
1.184970047324895859e-02
1.192207820713520050e-02
1.193192880600690842e-02
1.187675260007381439e-02
1.181697566062211990e-02
1.328377611935138702e-02
1.182934641838073730e-02
1.178570557385683060e-02
1.176546700298786163e-02
1.227849349379539490e-02
1.212939340621232986e-02
1.182023715227842331e-02
1.172544527798891068e-02
1.173983234912157059e-02
1.221948489546775818e-02
1.189356297254562378e-02
1.168073620647192001e-02
1.179410982877016068e-02
1.166168041527271271e-02
1.178990490734577179e-02
1.166260894387960434e-02
1.261689327657222748e-02
1.163413655012845993e-02
1.171196252107620239e-02
1.209383644163608551e-02
1.202282682061195374e-02
1.169881690293550491e-02
1.162200234830379486e-02
1.228782441467046738e-02
1.180233806371688843e-02
1.154371071606874466e-02
1.170680858194828033e-02
1.154221780598163605e-02
1.152049843221902847e-02
1.194014213979244232e-02
1.167083252221345901e-02
1.150096859782934189e-02
1.250389497727155685e-02
1.175034884363412857e-02
1.157268881797790527e-02
1.221852377057075500e-02
1.166630443185567856e-02
1.143264863640069962e-02
1.145714800804853439e-02
1.324240211397409439e-02
1.158926449716091156e-02
1.139390934258699417e-02
1.138649228960275650e-02
1.137180998921394348e-02
1.137638185173273087e-02
1.260289270430803299e-02
1.134366076439619064e-02
1.138331554830074310e-02
1.141336001455783844e-02
1.131648663431406021e-02
1.133386883884668350e-02
1.129579078406095505e-02
1.131867244839668274e-02
1.177379488945007324e-02
1.128506939858198166e-02
1.217616163194179535e-02
1.124616060405969620e-02
1.124435290694236755e-02
1.219062134623527527e-02
1.147277932614088058e-02
1.133723650127649307e-02
1.151117589324712753e-02
1.119144260883331299e-02
1.157372724264860153e-02
1.122355740517377853e-02
1.129683852195739746e-02
1.137048937380313873e-02
1.124040223658084869e-02
1.137037668377161026e-02
1.112289819866418839e-02
1.112551614642143250e-02
1.150180678814649582e-02
1.162944082170724869e-02
1.111614610999822617e-02
1.122630666941404343e-02
1.163590326905250549e-02
1.105717197060585022e-02
1.224394142627716064e-02
1.105705462396144867e-02
1.112805958837270737e-02
1.102122198790311813e-02
1.128745917230844498e-02
1.100442931056022644e-02
1.111228298395872116e-02
1.162519585341215134e-02
1.131435856223106384e-02
1.101886015385389328e-02
1.131859794259071350e-02
1.144214998930692673e-02
1.097255479544401169e-02
1.157622598111629486e-02
1.096185669302940369e-02
1.102142315357923508e-02
1.101058721542358398e-02
1.102729793637990952e-02
1.088691968470811844e-02
1.117220334708690643e-02
1.106346864253282547e-02
1.138377189636230469e-02
1.088180392980575562e-02
1.193488016724586487e-02
1.102482154965400696e-02
1.092485617846250534e-02
1.105015259236097336e-02
1.080959942191839218e-02
1.080620940774679184e-02
1.150566898286342621e-02
1.117829326540231705e-02
1.095631066709756851e-02
1.086640916764736176e-02
1.133104972541332245e-02
1.097147632390260696e-02
1.073736790567636490e-02
1.124085113406181335e-02
1.102450210601091385e-02
1.072917506098747253e-02
1.071769651025533676e-02
1.075394637882709503e-02
1.102863624691963196e-02
1.071875821799039841e-02
1.178119704127311707e-02
1.094697322696447372e-02
1.073252409696578979e-02
1.094659510999917984e-02
1.058878749608993530e-02
1.058338396251201630e-02
1.071601919829845428e-02
1.153846085071563721e-02
1.076341699808835983e-02
1.059188507497310638e-02
1.053561456501483917e-02
1.064999029040336609e-02
1.072443928569555283e-02
1.048231311142444611e-02
1.092594768851995468e-02
1.080845203250646591e-02
1.059369556605815887e-02
1.045701839029788971e-02
1.174845919013023376e-02
1.072065252810716629e-02
1.038169395178556442e-02
1.040128525346517563e-02
1.125978305935859680e-02
1.076823845505714417e-02
1.050414517521858215e-02
1.074181310832500458e-02
1.032501272857189178e-02
1.088916789740324020e-02
1.098713185638189316e-02
1.040251553058624268e-02
1.032862067222595215e-02
1.026254706084728241e-02
1.159376092255115509e-02
1.042059902101755142e-02
1.025965530425310135e-02
1.037327013909816742e-02
1.046692300587892532e-02
1.057812850922346115e-02
1.018063910305500031e-02
1.032744254916906357e-02
1.075705233961343765e-02
1.050591561943292618e-02
1.036202535033226013e-02
1.029501762241125107e-02
1.058412622660398483e-02
1.023288629949092865e-02
1.015861518681049347e-02
1.009623706340789795e-02
1.010875403881072998e-02
1.007868815213441849e-02
1.006659213453531265e-02
1.023880392313003540e-02
1.017319783568382263e-02
1.010679267346858978e-02
1.002982538193464279e-02
1.065063010901212692e-02
1.040619704872369766e-02
1.008955202996730804e-02
1.002702582627534866e-02
9.981220588088035583e-03
9.968464262783527374e-03
1.065725274384021759e-02
1.013804320245981216e-02
9.943293407559394836e-03
9.935691952705383301e-03
9.923293255269527435e-03
9.916646406054496765e-03
1.023860182613134384e-02
1.047934964299201965e-02
1.003080513328313828e-02
9.908077307045459747e-03
9.870192967355251312e-03
1.523767597973346710e-02
1.044710166752338409e-02
9.940857999026775360e-03
9.838028810918331146e-03
9.829971008002758026e-03
9.819169528782367706e-03
9.812360629439353943e-03
9.842733852565288544e-03
9.846740402281284332e-03
9.867572225630283356e-03
9.788523428142070770e-03
9.793607518076896667e-03
9.804665111005306244e-03
1.109654922038316727e-02
9.978693909943103790e-03
9.808270260691642761e-03
9.737190790474414825e-03
1.240219455212354660e-02
1.008763816207647324e-02
9.760095737874507904e-03
9.729754179716110229e-03
9.882608428597450256e-03
9.725312702357769012e-03
9.713024832308292389e-03
9.667978622019290924e-03
1.112439855933189392e-02
1.012570131570100784e-02
9.637750685214996338e-03
9.629902429878711700e-03
9.625785984098911285e-03
9.640998207032680511e-03
1.037128828465938568e-02
9.684017859399318695e-03
9.913831017911434174e-03
9.598921053111553192e-03
1.085027214139699936e-02
9.572414681315422058e-03
9.562984108924865723e-03
9.546900168061256409e-03
9.584517218172550201e-03
1.031468715518712997e-02
9.611966088414192200e-03
9.518522769212722778e-03
1.060876064002513885e-02
9.819917380809783936e-03
9.624183177947998047e-03
9.651946835219860077e-03
9.791822172701358795e-03
9.718002751469612122e-03
9.478813968598842621e-03
9.452410973608493805e-03
1.009168568998575211e-02
9.474026039242744446e-03
1.010239310562610626e-02
9.455212391912937164e-03
9.432394057512283325e-03
1.059286948293447495e-02
9.695034474134445190e-03
9.571953676640987396e-03
9.482969529926776886e-03
9.693288244307041168e-03
9.462246671319007874e-03
1.005093194544315338e-02
9.584183804690837860e-03
9.345494210720062256e-03
1.120875217020511627e-02
9.331751614809036255e-03
9.438180364668369293e-03
9.326668456196784973e-03
1.139738410711288452e-02
9.331288747489452362e-03
9.413363412022590637e-03
9.398560039699077606e-03
1.001152116805315018e-02
9.612921625375747681e-03
9.304126724600791931e-03
1.156092155724763870e-02
9.409996680915355682e-03
9.244320914149284363e-03
9.286903776228427887e-03
9.293452836573123932e-03
1.087449118494987488e-02
9.220639243721961975e-03
9.278330020606517792e-03
9.375610388815402985e-03
9.803785942494869232e-03
9.213839657604694366e-03
9.494982659816741943e-03
9.217476472258567810e-03
9.275482036173343658e-03
9.189271368086338043e-03
1.043873000890016556e-02
9.505548514425754547e-03
9.162223897874355316e-03
9.135665372014045715e-03
9.124097414314746857e-03
9.123860858380794525e-03
1.170065905898809433e-02
9.390833787620067596e-03
9.117852896451950073e-03
9.120909497141838074e-03
9.078690782189369202e-03
9.521322324872016907e-03
1.026500388979911804e-02
9.231025353074073792e-03
9.071258828043937683e-03
9.025570005178451538e-03
9.014139883220195770e-03
9.003329090774059296e-03
9.000341407954692841e-03
9.125990793108940125e-03
9.265918284654617310e-03
9.089811705052852631e-03
9.243012405931949615e-03
9.012720547616481781e-03
8.988927118480205536e-03
9.154732339084148407e-03
9.442332200706005096e-03
8.941427804529666901e-03
9.263306856155395508e-03
9.071435779333114624e-03
8.958809077739715576e-03
8.906320668756961823e-03
1.048832945525646210e-02
8.866299875080585480e-03
8.868520148098468781e-03
9.022673591971397400e-03
1.017946656793355942e-02
9.059216827154159546e-03
8.853260427713394165e-03
8.822815492749214172e-03
9.880482219159603119e-03
9.121816605329513550e-03
8.902674540877342224e-03
9.035455994307994843e-03
8.774220012128353119e-03
9.542047977447509766e-03
8.832688443362712860e-03
9.106690064072608948e-03
8.809491060674190521e-03
8.736579678952693939e-03
8.821366354823112488e-03
8.739885874092578888e-03
8.985007181763648987e-03
9.061479941010475159e-03
8.824928663671016693e-03
8.687268011271953583e-03
8.942366577684879303e-03
8.794254623353481293e-03
8.914601057767868042e-03
9.250855073332786560e-03
8.774823509156703949e-03
8.663622662425041199e-03
8.707607164978981018e-03
1.018943823873996735e-02
8.624256588518619537e-03
8.618296124041080475e-03
8.601671084761619568e-03
8.615143597126007080e-03
9.052223525941371918e-03
8.889619261026382446e-03
8.613182231783866882e-03
8.569793775677680969e-03
9.686304256319999695e-03
8.779197931289672852e-03
8.554477244615554810e-03
8.569261059165000916e-03
1.025118306279182434e-02
8.678539656102657318e-03
8.738977834582328796e-03
8.983374573290348053e-03
8.554027415812015533e-03
8.684612810611724854e-03
9.784061461687088013e-03
8.685308508574962616e-03
8.465913124382495880e-03
8.737850934267044067e-03
8.507233113050460815e-03
9.016801603138446808e-03
8.428437635302543640e-03
1.077000983059406281e-02
8.648702874779701233e-03
8.542291820049285889e-03
8.610466495156288147e-03
8.416119031608104706e-03
8.422741666436195374e-03
9.714812971651554108e-03
8.744270540773868561e-03
8.610703051090240479e-03
8.745356462895870209e-03
8.642723783850669861e-03
9.288305416703224182e-03
8.521423675119876862e-03
8.632930926978588104e-03
9.490926750004291534e-03
8.456932380795478821e-03
8.383932523429393768e-03
8.315258659422397614e-03
8.283946663141250610e-03
8.279664441943168640e-03
8.263254538178443909e-03
1.134590432047843933e-02
8.599676191806793213e-03
8.254727348685264587e-03
8.264508098363876343e-03
8.561061695218086243e-03
8.387040346860885620e-03
8.348133414983749390e-03
8.308365941047668457e-03
8.735498413443565369e-03
8.237716741859912872e-03
8.226339705288410187e-03
8.426380343735218048e-03
8.330856449902057648e-03
8.135613054037094116e-03
8.305151015520095825e-03
8.201804943382740021e-03
8.107478730380535126e-03
8.681435137987136841e-03
8.164133876562118530e-03
8.306332863867282867e-03
8.153109811246395111e-03
8.088597096502780914e-03
8.059737272560596466e-03
8.092840202152729034e-03
8.112390525639057159e-03
8.395939134061336517e-03
8.188916370272636414e-03
8.117925375699996948e-03
8.592771366238594055e-03
8.386926725506782532e-03
7.980105467140674591e-03
9.427524171769618988e-03
8.698362857103347778e-03
8.011358790099620819e-03
7.952616550028324127e-03
7.937788963317871094e-03
7.969481870532035828e-03
8.709119632840156555e-03
7.964590564370155334e-03
7.903529331088066101e-03
8.271325379610061646e-03
8.734210394322872162e-03
8.046749047935009003e-03
7.870670408010482788e-03
8.128506131470203400e-03
7.865040563046932220e-03
7.855392992496490479e-03
8.416608907282352448e-03
8.369674906134605408e-03
7.832919247448444366e-03
7.968089543282985687e-03
7.812983356416225433e-03
7.850159890949726105e-03
8.212550543248653412e-03
7.785197347402572632e-03
7.982932031154632568e-03
9.226307272911071777e-03
7.897774688899517059e-03
7.814765907824039459e-03
7.768519222736358643e-03
8.863514289259910583e-03
7.714441977441310883e-03
7.716465741395950317e-03
7.719267159700393677e-03
7.971216924488544464e-03
7.752106059342622757e-03
7.678282912820577621e-03
7.985630072653293610e-03
7.776776328682899475e-03
7.689164951443672180e-03
8.775261230766773224e-03
7.624401245266199112e-03
7.909160107374191284e-03
7.817008532583713531e-03
8.427814580500125885e-03
8.175469003617763519e-03
7.590592373162508011e-03
8.184062317013740540e-03
7.593647111207246780e-03
8.767660707235336304e-03
7.853520102798938751e-03
7.531311362981796265e-03
8.281187154352664948e-03
8.411407470703125000e-03
9.546741843223571777e-03
7.749541662633419037e-03
7.566654123365879059e-03
7.529959082603454590e-03
7.516252808272838593e-03
7.504469249397516251e-03
7.493883371353149414e-03
7.481129840016365051e-03
7.469634059816598892e-03
7.462912704795598984e-03
7.457117550075054169e-03
7.677132263779640198e-03
7.473196368664503098e-03
7.500410545617341995e-03
7.434587925672531128e-03
8.844051510095596313e-03
7.766805123537778854e-03
7.406464312225580215e-03
7.801180239766836166e-03
7.375957909971475601e-03
8.267895318567752838e-03
7.603424601256847382e-03
7.317221723496913910e-03
8.749675936996936798e-03
7.745286449790000916e-03
7.486663758754730225e-03
7.291494868695735931e-03
9.943204000592231750e-03
7.492075208574533463e-03
7.280565798282623291e-03
7.291172631084918976e-03
8.019980974495410919e-03
7.400717120617628098e-03
7.201442029327154160e-03
8.170080371201038361e-03
7.423802278935909271e-03
7.207161281257867813e-03
8.286031894385814667e-03
7.719391025602817535e-03
7.247076835483312607e-03
7.320512551814317703e-03
7.296084892004728317e-03
7.277238182723522186e-03
7.146614138036966324e-03
7.924318313598632812e-03
7.352032233029603958e-03
7.219331339001655579e-03
7.062352728098630905e-03
9.450123645365238190e-03
7.037035189568996429e-03
7.124555297195911407e-03
7.017204537987709045e-03
7.591978646814823151e-03
7.717077620327472687e-03
6.999960169196128845e-03
7.032160647213459015e-03
7.487809751182794571e-03
7.119380868971347809e-03
7.001675199717283249e-03
7.338377647101879120e-03
7.147359196096658707e-03
7.449590135365724564e-03
7.133781909942626953e-03
7.145401556044816971e-03
7.412017788738012314e-03
6.918884813785552979e-03
7.490754593163728714e-03
7.489326875656843185e-03
6.909690331667661667e-03
7.043421734124422073e-03
7.580476347357034683e-03
6.932109128683805466e-03
7.281982339918613434e-03
7.196066435426473618e-03
6.863363552838563919e-03
6.955361925065517426e-03
7.143796421587467194e-03
6.775385700166225433e-03
6.780171766877174377e-03
6.955250166356563568e-03
7.087102159857749939e-03
7.189960218966007233e-03
6.760620977729558945e-03
7.626013364642858505e-03
7.439471781253814697e-03
6.700451020151376724e-03
6.717997603118419647e-03
6.931427400559186935e-03
6.839950103312730789e-03
6.917150691151618958e-03
6.769255269318819046e-03
7.215569727122783661e-03
6.640967912971973419e-03
7.676807697862386703e-03
6.954935844987630844e-03
6.651068106293678284e-03
7.510181982070207596e-03
7.328680250793695450e-03
6.591068115085363388e-03
6.603790447115898132e-03
6.768921390175819397e-03
6.981770042330026627e-03
6.559315137565135956e-03
6.630762480199337006e-03
6.544406060129404068e-03
8.211455307900905609e-03
6.811708677560091019e-03
6.533063016831874847e-03
6.575264967978000641e-03
7.038005162030458450e-03
7.117221597582101822e-03
6.549637299031019211e-03
6.516529247164726257e-03
6.501531694084405899e-03
6.843046285212039948e-03
6.469410378485918045e-03
6.455597933381795883e-03
6.447937339544296265e-03
6.482888944447040558e-03
8.034081198275089264e-03
6.733536720275878906e-03
6.431260146200656891e-03
6.833564024418592453e-03
6.502488628029823303e-03
6.510671693831682205e-03
6.485384423285722733e-03
6.382424384355545044e-03
6.455666851252317429e-03
6.460512056946754456e-03
7.230505347251892090e-03
6.541565060615539551e-03
6.388554349541664124e-03
6.812131498008966446e-03
7.374033331871032715e-03
6.419513840228319168e-03
6.387528032064437866e-03
6.370605900883674622e-03
7.728246971964836121e-03
6.658622063696384430e-03
6.500140298157930374e-03
6.387207657098770142e-03
6.818683817982673645e-03
6.554837804287672043e-03
6.281873211264610291e-03
6.486208643764257431e-03
6.563514005392789841e-03
6.441295612603425980e-03
6.289451383054256439e-03
6.670401897281408310e-03
6.274830084294080734e-03
6.266436539590358734e-03
6.217585876584053040e-03
6.287063006311655045e-03
7.511619012802839279e-03
6.503609940409660339e-03
6.191950291395187378e-03
6.204382050782442093e-03
6.448677275329828262e-03
7.584137376397848129e-03
6.361934822052717209e-03
6.200532894581556320e-03
6.157230585813522339e-03
6.152315530925989151e-03
6.451152730733156204e-03
7.485706824809312820e-03
6.280553527176380157e-03
6.155618000775575638e-03
6.123451050370931625e-03
6.121169310063123703e-03
8.608425967395305634e-03
6.206497550010681152e-03
6.109348498284816742e-03
6.107585970312356949e-03
6.104807369410991669e-03
6.287235766649246216e-03
6.748456507921218872e-03
6.158646661788225174e-03
6.062139756977558136e-03
6.054494064301252365e-03
6.174758076667785645e-03
6.056118290871381760e-03
6.134168244898319244e-03
6.058496888726949692e-03
6.028201431035995483e-03
6.196360103785991669e-03
7.067646365612745285e-03
6.269610952585935593e-03
6.068817805498838425e-03
6.003641057759523392e-03
6.001386325806379318e-03
6.450666580349206924e-03
6.796616595238447189e-03
6.007868796586990356e-03
6.006817333400249481e-03
5.984917283058166504e-03
8.343297056853771210e-03
5.974153056740760803e-03
5.968289449810981750e-03
5.955031607300043106e-03
6.124402862042188644e-03
6.824000272899866104e-03
5.945626646280288696e-03
6.027896422892808914e-03
6.343006622046232224e-03
6.470291409641504288e-03
5.924884695559740067e-03
5.925871431827545166e-03
5.968510638922452927e-03
8.891060017049312592e-03
6.280199158936738968e-03
5.929681472480297089e-03
5.917941220104694366e-03
5.889238324016332626e-03
7.132367696613073349e-03
5.980880931019783020e-03
6.009075324982404709e-03
5.873669870197772980e-03
5.868968088179826736e-03
5.863349419087171555e-03
5.858490709215402603e-03
6.305392365902662277e-03
6.351283285766839981e-03
6.070830859243869781e-03
5.844733212143182755e-03
5.838983692228794098e-03
5.836006253957748413e-03
5.833929404616355896e-03
5.965277552604675293e-03
5.839475896209478378e-03
5.819880869239568710e-03
5.857450421899557114e-03
5.813760217279195786e-03
5.807526409626007080e-03
1.036780420690774918e-02
6.411380134522914886e-03
5.816668737679719925e-03
5.806326400488615036e-03
5.786805413663387299e-03
5.790862720459699631e-03
5.820588208734989166e-03
9.219447150826454163e-03
6.166346836835145950e-03
5.828267894685268402e-03
5.764214787632226944e-03
5.791235249489545822e-03
6.457429844886064529e-03
6.552390754222869873e-03
5.789693910628557205e-03
5.791923962533473969e-03
5.765878129750490189e-03
8.847136050462722778e-03
5.962930619716644287e-03
5.733981262892484665e-03
5.760503001511096954e-03
5.731514189392328262e-03
8.024078793823719025e-03
5.769965704530477524e-03
5.718705244362354279e-03
5.742660723626613617e-03
5.715160630643367767e-03
6.556352134793996811e-03
6.282201036810874939e-03
5.725318100303411484e-03
5.810001865029335022e-03
6.202774122357368469e-03
6.024617701768875122e-03
5.820066668093204498e-03
5.853720474988222122e-03
6.240850780159235001e-03
5.702913738787174225e-03
7.457020226866006851e-03
5.673403851687908173e-03
5.674432031810283661e-03
6.018278189003467560e-03
5.676801782101392746e-03
5.699571222066879272e-03
6.142030935734510422e-03
6.047492846846580505e-03
5.732909310609102249e-03
5.741430446505546570e-03
6.497263442724943161e-03
6.025750655680894852e-03
5.748363677412271500e-03
5.681719630956649780e-03
8.433636277914047241e-03
5.925510078668594360e-03
5.626311060041189194e-03
5.628602113574743271e-03
6.001799833029508591e-03
5.617258138954639435e-03
5.646446719765663147e-03
5.677549634128808975e-03
7.959988899528980255e-03
5.610293708741664886e-03
5.631436128169298172e-03
5.600071977823972702e-03
5.872029811143875122e-03
5.846990738064050674e-03
5.594708025455474854e-03
5.721955560147762299e-03
7.130039390176534653e-03
5.597957409918308258e-03
5.583966616541147232e-03
6.232526153326034546e-03
5.995507352054119110e-03
5.628834478557109833e-03
5.653868895024061203e-03
6.064388900995254517e-03
6.426884792745113373e-03
5.629958584904670715e-03
5.586261861026287079e-03
5.582974757999181747e-03
6.232898216694593430e-03
6.444916129112243652e-03
5.646980367600917816e-03
5.561535246670246124e-03
5.600552074611186981e-03
7.021919358521699905e-03
5.851859226822853088e-03
5.593640729784965515e-03
5.559346172958612442e-03
5.703983362764120102e-03
5.623582284897565842e-03
5.676504690200090408e-03
5.570451263338327408e-03
5.528189707547426224e-03
5.942624062299728394e-03
6.456471979618072510e-03
5.610760767012834549e-03
5.521896760910749435e-03
5.528102163225412369e-03
5.636301357299089432e-03
5.563503596931695938e-03
5.548014771193265915e-03
5.507301539182662964e-03
5.513069219887256622e-03
5.503149237483739853e-03
5.510958377271890640e-03
6.440091412514448166e-03
5.600792821496725082e-03
5.497853271663188934e-03
5.505463574081659317e-03
5.490256473422050476e-03
5.492425523698329926e-03
5.486074835062026978e-03
5.492874886840581894e-03
5.737347062677145004e-03
5.505625624209642410e-03
5.647614598274230957e-03
5.530328955501317978e-03
5.495721008628606796e-03
8.998645469546318054e-03
5.915119312703609467e-03
5.538953002542257309e-03
5.465467926114797592e-03
5.475379992276430130e-03
6.090970244258642197e-03
6.319352425634860992e-03
5.524842068552970886e-03
5.505983717739582062e-03
5.546389147639274597e-03
6.953808479011058807e-03
5.678776651620864868e-03
5.530971102416515350e-03
5.520134232938289642e-03
6.022177170962095261e-03
5.527993198484182358e-03
5.508184432983398438e-03
5.452921148389577866e-03
5.453813821077346802e-03
8.606096729636192322e-03
5.739320535212755203e-03
5.452140700072050095e-03
5.461009219288825989e-03
5.442932713776826859e-03
7.340474519878625870e-03
5.511153489351272583e-03
5.505973007529973984e-03
5.472471471875905991e-03
5.547884386032819748e-03
5.741987377405166626e-03
5.610742606222629547e-03
5.429824814200401306e-03
5.530027672648429871e-03
6.779894232749938965e-03
5.492118187248706818e-03
5.521137267351150513e-03
5.495544057339429855e-03
5.504252854734659195e-03
5.411316175013780594e-03
5.428996402770280838e-03
5.398940760642290115e-03
5.546727217733860016e-03
6.782470270991325378e-03
5.434885621070861816e-03
5.415886640548706055e-03
5.565409082919359207e-03
5.649053957313299179e-03
5.468197632580995560e-03
5.387428682297468185e-03
5.395136307924985886e-03
5.448083393275737762e-03
7.912952452898025513e-03
5.504601635038852692e-03
5.396519787609577179e-03
5.395902786403894424e-03
5.516816861927509308e-03
5.518108606338500977e-03
5.447544157505035400e-03
5.373552907258272171e-03
5.382596980780363083e-03
5.405554082244634628e-03
7.600057870149612427e-03
5.369379650801420212e-03
5.431853700429201126e-03
5.382876843214035034e-03
5.409941077232360840e-03
7.134648039937019348e-03
5.546411965042352676e-03
5.406327545642852783e-03
5.356004927307367325e-03
5.405483767390251160e-03
6.711485330015420914e-03
5.741728004068136215e-03
5.359085276722908020e-03
5.351991858333349228e-03
5.471222568303346634e-03
6.162558216601610184e-03
5.583127494901418686e-03
5.368315614759922028e-03
5.350048188120126724e-03
5.343893077224493027e-03
5.432078149169683456e-03
6.098368205130100250e-03
5.571327637881040573e-03
5.361271090805530548e-03
5.392655730247497559e-03
7.117898203432559967e-03
5.480068270117044449e-03
5.330755375325679779e-03
5.691327620297670364e-03
5.572143476456403732e-03
5.817526951432228088e-03
5.326733458787202835e-03
5.995408166199922562e-03
5.359262228012084961e-03
5.945201031863689423e-03
5.348540842533111572e-03
6.621079053729772568e-03
5.491340998560190201e-03
5.443654023110866547e-03
5.584058817476034164e-03
5.447985604405403137e-03
5.411006510257720947e-03
5.321492440998554230e-03
5.343086551874876022e-03
7.944669574499130249e-03
5.622643511742353439e-03
5.382951814681291580e-03
5.312313325703144073e-03
5.375318694859743118e-03
6.847112905234098434e-03
5.521662067621946335e-03
5.365104414522647858e-03
5.300863645970821381e-03
8.344746194779872894e-03
6.156136281788349152e-03
5.300553515553474426e-03
5.306464619934558868e-03
5.295224022120237350e-03
5.293102469295263290e-03
5.314659327268600464e-03
8.171316236257553101e-03
5.473814439028501511e-03
5.289995577186346054e-03
5.292386282235383987e-03
5.446352995932102203e-03
5.578857380896806717e-03
5.397370550781488419e-03
5.341892130672931671e-03
5.466160830110311508e-03
5.480095744132995605e-03
5.470744799822568893e-03
5.361314862966537476e-03
5.288850981742143631e-03
8.598225191235542297e-03
5.684147123247385025e-03
5.335418041795492172e-03
5.280917044728994370e-03
5.313421133905649185e-03
5.856507923454046249e-03
5.909666419029235840e-03
5.274737719446420670e-03
5.270911380648612976e-03
5.313410423696041107e-03
6.119523197412490845e-03
5.267559550702571869e-03
5.267393309623003006e-03
5.282529164105653763e-03
5.262526683509349823e-03
5.476252641528844833e-03
5.799634382128715515e-03
5.310899578034877777e-03
5.282800178974866867e-03
5.278003867715597153e-03
5.342082120478153229e-03
5.353819113224744797e-03
5.279536359012126923e-03
5.296259187161922455e-03
5.269127897918224335e-03
5.298797972500324249e-03
7.114865817129611969e-03
5.485126748681068420e-03
5.249125882983207703e-03
5.270209629088640213e-03
5.447716917842626572e-03
5.582253914326429367e-03
5.254986230283975601e-03
5.262481048703193665e-03
5.260344594717025757e-03
6.134862080216407776e-03
5.828519351780414581e-03
5.240648519247770309e-03
5.271594505757093430e-03
5.415511317551136017e-03
5.777932237833738327e-03
5.326568149030208588e-03
5.237037315964698792e-03
5.236182361841201782e-03
5.356318783015012741e-03
5.244915373623371124e-03
5.329062696546316147e-03
5.275562405586242676e-03
5.229698494076728821e-03
5.716772750020027161e-03
6.211382336914539337e-03
5.343951284885406494e-03
5.225257948040962219e-03
5.236285738646984100e-03
5.782866850495338440e-03
5.951309576630592346e-03
5.249703768640756607e-03
5.245141219347715378e-03
5.313606467097997665e-03
6.168460939079523087e-03
5.357847549021244049e-03
5.283018574118614197e-03
5.215916782617568970e-03
5.519847851246595383e-03
6.205555051565170288e-03
5.453626159578561783e-03
5.217399913817644119e-03
5.220368038862943649e-03
5.211029201745986938e-03
5.216381512582302094e-03
5.470996256917715073e-03
5.285023711621761322e-03
5.221197381615638733e-03
5.249030422419309616e-03
5.618619266897439957e-03
6.359482649713754654e-03
5.290555302053689957e-03
5.227122921496629715e-03
5.201963707804679871e-03
5.265824496746063232e-03
6.778883282095193863e-03
5.235584918409585953e-03
5.261222366243600845e-03
5.197520367801189423e-03
6.235733162611722946e-03
5.205473396927118301e-03
5.353651009500026703e-03
5.201966036111116409e-03
5.198874510824680328e-03
5.195647943764925003e-03
5.211165640503168106e-03
7.055380381643772125e-03
5.195971578359603882e-03
5.199403967708349228e-03
5.199082195758819580e-03
5.200601182878017426e-03
5.273030605167150497e-03
5.750310607254505157e-03
5.201729480177164078e-03
5.193714052438735962e-03
5.197591148316860199e-03
5.185227841138839722e-03
5.211525131016969681e-03
5.664335563778877258e-03
5.517154000699520111e-03
5.256439093500375748e-03
5.180530715733766556e-03
5.179655272513628006e-03
5.178997293114662170e-03
5.183397326618432999e-03
5.335333757102489471e-03
5.310445092618465424e-03
5.282064899802207947e-03
5.205192603170871735e-03
5.205804482102394104e-03
5.423300433903932571e-03
5.179942585527896881e-03
5.237117875367403030e-03
5.197796970605850220e-03
5.171541590243577957e-03
5.309799220412969589e-03
6.613219622522592545e-03
5.201338790357112885e-03
