2.907264046370983124e-02
2.519577927887439728e-02
2.426736801862716675e-02
2.358564548194408417e-02
2.318019606173038483e-02
2.290127053856849670e-02
2.265880629420280457e-02
2.243930846452713013e-02
2.224305272102355957e-02
2.204758673906326294e-02
2.185625955462455750e-02
2.163212746381759644e-02
2.140730433166027069e-02
2.118437737226486206e-02
2.086773328483104706e-02
2.057645097374916077e-02
2.027535252273082733e-02
1.994794979691505432e-02
1.957854256033897400e-02
1.916320435702800751e-02
1.859650947153568268e-02
1.809305697679519653e-02
1.747308112680912018e-02
1.684082858264446259e-02
1.619209907948970795e-02
1.556260045617818832e-02
1.488546747714281082e-02
1.426558010280132294e-02
1.367613486945629120e-02
1.305261719971895218e-02
1.256223581731319427e-02
1.194915827363729477e-02
1.168237626552581787e-02
1.107405871152877808e-02
1.044440362602472305e-02
1.001720502972602844e-02
9.796485304832458496e-03
9.333247318863868713e-03
9.041542187333106995e-03
8.913870900869369507e-03
8.494220674037933350e-03
8.625212125480175018e-03
8.045178838074207306e-03
7.849160581827163696e-03
7.797372993081808090e-03
7.482982240617275238e-03
7.294967770576477051e-03
7.128481753170490265e-03
6.960100494325160980e-03
7.313676644116640091e-03
6.679828278720378876e-03
6.542671006172895432e-03
6.398553494364023209e-03
6.265771109610795975e-03
6.365013308823108673e-03
6.041548214852809906e-03
5.888373125344514847e-03
5.807186476886272430e-03
5.730446893721818924e-03
5.526599939912557602e-03
5.420039407908916473e-03
5.308475811034440994e-03
5.193857476115226746e-03
5.153198260813951492e-03
4.994878545403480530e-03
4.888917785137891769e-03
5.182939581573009491e-03
4.683109931647777557e-03
4.578395280987024307e-03
4.511467181146144867e-03
4.560970701277256012e-03
4.315927624702453613e-03
4.204328637570142746e-03
4.359435290098190308e-03
4.058882594108581543e-03
3.982204012572765350e-03
3.951882943511009216e-03
3.853132948279380798e-03
3.712110221385955811e-03
3.634113585576415062e-03
3.566626226529479027e-03
3.493760712444782257e-03
4.119990393519401550e-03
3.348381491377949715e-03
3.290145192295312881e-03
3.229240654036402702e-03
3.171863267198204994e-03
3.122514113783836365e-03
3.184859873726963997e-03
3.014894202351570129e-03
2.963419537991285324e-03
2.916354453191161156e-03
2.869339659810066223e-03
2.825467847287654877e-03
2.778894035145640373e-03
2.971312962472438812e-03
2.703035483136773109e-03
2.686050720512866974e-03
2.651572693139314651e-03
2.772240201011300087e-03
2.605381421744823456e-03
2.619789680466055870e-03
2.565589034929871559e-03
2.498595742508769035e-03
2.430652966722846031e-03
2.428037580102682114e-03
2.454411238431930542e-03
2.362321596592664719e-03
2.327712718397378922e-03
2.306732581928372383e-03
2.283531939610838890e-03
2.653229748830199242e-03
2.299262909218668938e-03
2.230331534519791603e-03
2.209387253969907761e-03
2.414313144981861115e-03
2.177466405555605888e-03
2.157230861485004425e-03
2.313112607225775719e-03
2.131882589310407639e-03
2.132859546691179276e-03
2.135516377165913582e-03
2.210749313235282898e-03
2.092196838930249214e-03
2.267167204990983009e-03
2.062774496152997017e-03
2.119996352121233940e-03
2.026517409831285477e-03
2.190866507589817047e-03
2.065885346382856369e-03
2.011267468333244324e-03
2.077710581943392754e-03
2.044662367552518845e-03
2.000380540266633034e-03
1.977355917915701866e-03
2.077505225315690041e-03
1.966217765584588051e-03
1.974347745999693871e-03
1.943294308148324490e-03
1.937272143550217152e-03
1.920194248668849468e-03
1.920469803735613823e-03
1.912495819851756096e-03
1.903998199850320816e-03
1.899732509627938271e-03
1.892278087325394154e-03
1.888466766104102135e-03
1.887402846477925777e-03
2.134727081283926964e-03
1.873535220511257648e-03
1.869194558821618557e-03
1.868454739451408386e-03
1.860947115346789360e-03
1.953704049810767174e-03
1.881114323623478413e-03
1.848510466516017914e-03
1.848213141784071922e-03
1.840444980189204216e-03
1.836923183873295784e-03
1.846430939622223377e-03
2.111472655087709427e-03
1.838612835854291916e-03
1.830540713854134083e-03
1.825067563913762569e-03
2.075816737487912178e-03
1.834832248277962208e-03
1.812465488910675049e-03
1.807854743674397469e-03
1.803472754545509815e-03
1.800199272111058235e-03
2.468781080096960068e-03
1.947320648469030857e-03
1.797359669581055641e-03
1.793845556676387787e-03
1.787431072443723679e-03
1.783614745363593102e-03
1.781129976734519005e-03
1.777572324499487877e-03
1.776014687493443489e-03
1.807024236768484116e-03
1.813847455196082592e-03
1.773193129338324070e-03
1.786564360372722149e-03
2.013770863413810730e-03
1.760761020705103874e-03
1.754788216203451157e-03
1.751006231643259525e-03
1.746917259879410267e-03
1.746363122947514057e-03
2.315178280696272850e-03
1.790504436939954758e-03
1.738821389153599739e-03
1.734887016937136650e-03
1.732456148602068424e-03
1.743928878568112850e-03
1.906151766888797283e-03
1.730006770230829716e-03
1.722524175420403481e-03
1.894599525257945061e-03
1.787683810107409954e-03
1.718543586321175098e-03
1.714049605652689934e-03
1.735982019454240799e-03
2.037699799984693527e-03
1.748467795550823212e-03
1.707207993604242802e-03
1.703576068393886089e-03
1.701068831607699394e-03
1.698301290161907673e-03
1.704800524748861790e-03
2.043318003416061401e-03
1.723058056086301804e-03
1.685325056314468384e-03
1.682864385657012463e-03
1.678923144936561584e-03
1.844363636337220669e-03
1.906996709294617176e-03
1.677027205005288124e-03
1.668344484642148018e-03
1.667653676122426987e-03
1.663566799834370613e-03
1.660757581703364849e-03
1.659016939811408520e-03
1.659187255427241325e-03
1.922136172652244568e-03
1.775763579644262791e-03
1.653340528719127178e-03
1.652351929806172848e-03
1.645945827476680279e-03
1.644040807150304317e-03
1.641924493014812469e-03
1.851216889917850494e-03
1.744589768350124359e-03
1.643884577788412571e-03
1.633562962524592876e-03
1.628578407689929008e-03
1.626709476113319397e-03
1.624100026674568653e-03
1.643594470806419849e-03
1.858586329035460949e-03
1.619265880435705185e-03
1.617833739146590233e-03
1.614797278307378292e-03
1.610324601642787457e-03
1.608262304216623306e-03
1.612360822036862373e-03
1.607425394468009472e-03
1.659587142057716846e-03
1.606095116585493088e-03
1.597440103068947792e-03
1.598527771420776844e-03
1.592267071828246117e-03
1.589604653418064117e-03
1.590051688253879547e-03
1.586395432241261005e-03
1.692999037913978100e-03
1.587022794410586357e-03
1.581444405019283295e-03
1.584616140462458134e-03
1.577897113747894764e-03
1.573676825501024723e-03
1.571158296428620815e-03
1.572633627802133560e-03
2.072461880743503571e-03
1.637305365875363350e-03
1.573305926285684109e-03
1.563627971336245537e-03
1.558952382765710354e-03
1.556232455186545849e-03
1.553211943246424198e-03
1.692360383458435535e-03
1.615366432815790176e-03
1.552538946270942688e-03
1.551092485897243023e-03
1.923283445648849010e-03
1.590912812389433384e-03
1.552571542561054230e-03
1.538934884592890739e-03
1.534276292659342289e-03
1.533880364149808884e-03
1.531305024400353432e-03
1.538083190098404884e-03
1.548031112179160118e-03
1.528425374999642372e-03
1.523086102679371834e-03
1.524226507171988487e-03
1.529920962639153004e-03
1.786629669368267059e-03
1.539121149107813835e-03
1.518175471574068069e-03
1.509570749476552010e-03
1.510692411102354527e-03
1.921156770549714565e-03
1.559110824018716812e-03
1.499108737334609032e-03
1.503430190496146679e-03
1.493934774771332741e-03
1.492050942033529282e-03
1.515658572316169739e-03
1.490182941779494286e-03
1.486711902543902397e-03
1.488426350988447666e-03
1.486573251895606518e-03
1.479665748775005341e-03
2.608148613944649696e-03
1.610428676940500736e-03
1.477032783441245556e-03
1.468479516915977001e-03
1.465229783207178116e-03
1.463620807044208050e-03
1.461528707295656204e-03
1.460244995541870594e-03
1.456263707950711250e-03
1.453437726013362408e-03
1.453758217394351959e-03
1.778603415004909039e-03
1.452595926821231842e-03
1.459527062252163887e-03
1.447015558369457722e-03
1.441749976947903633e-03
1.439723884686827660e-03
1.441469416022300720e-03
1.437565078958868980e-03
1.433891244232654572e-03
1.429525436833500862e-03
1.427637645974755287e-03
1.428013900294899940e-03
1.441208762116730213e-03
1.457325997762382030e-03
1.425956026650965214e-03
1.420273212715983391e-03
1.415848266333341599e-03
1.411099336110055447e-03
1.408029929734766483e-03
1.424073940142989159e-03
1.824268372729420662e-03
1.432088203728199005e-03
1.398730091750621796e-03
1.398938009515404701e-03
1.393449609167873859e-03
1.392420148476958275e-03
1.395641826093196869e-03
1.388634089380502701e-03
1.583176548592746258e-03
1.561820390634238720e-03
1.397315762005746365e-03
1.382498536258935928e-03
1.372844679281115532e-03
1.369929988868534565e-03
1.366459066048264503e-03
1.363860443234443665e-03
1.545899780467152596e-03
1.482784864492714405e-03
1.372693688608705997e-03
1.355192507617175579e-03
1.350320759229362011e-03
1.345990109257400036e-03
1.345554483123123646e-03
1.348359743133187294e-03
1.339101116172969341e-03
1.336504705250263214e-03
1.336178742349147797e-03
1.327712438069283962e-03
1.322846044786274433e-03
1.325851189903914928e-03
1.344140619039535522e-03
1.419399981386959553e-03
1.318245427682995796e-03
1.327282283455133438e-03
1.549338689073920250e-03
1.303471392020583153e-03
1.308925217017531395e-03
1.342739677056670189e-03
1.333325402811169624e-03
1.323392149060964584e-03
1.385228126309812069e-03
1.308170962147414684e-03
1.534273731522262096e-03
1.277419971302151680e-03
1.275591668672859669e-03
1.272918540053069592e-03
1.407299190759658813e-03
1.325697172433137894e-03
1.269524451345205307e-03
1.251895446330308914e-03
1.247879583388566971e-03
1.250191475264728069e-03
1.550587476231157780e-03
1.329636550508439541e-03
1.236042706295847893e-03
1.231587026268243790e-03
1.226146356202661991e-03
1.222073682583868504e-03
1.219628262333571911e-03
1.216653268784284592e-03
1.210106187500059605e-03
1.211083144880831242e-03
1.204588101245462894e-03
1.201459788717329502e-03
1.215497497469186783e-03
1.518039964139461517e-03
1.199790625832974911e-03
1.193810137920081615e-03
1.191738178022205830e-03
1.179358572699129581e-03
1.171744195744395256e-03
1.166191301308572292e-03
1.161557040177285671e-03
1.232257345691323280e-03
1.301319571211934090e-03
1.174281816929578781e-03
1.151435892097651958e-03
1.144052250310778618e-03
1.323072821833193302e-03
1.224592677317559719e-03
1.154364901594817638e-03
1.130255521275103092e-03
1.188865979202091694e-03
1.202684827148914337e-03
1.114567159675061703e-03
1.112416386604309082e-03
1.123562455177307129e-03
1.104583847336471081e-03
1.151890261098742485e-03
1.106344978325068951e-03
1.102853566408157349e-03
1.096097403205931187e-03
1.110824290663003922e-03
1.083159237168729305e-03
1.071635866537690163e-03
1.067181001417338848e-03
1.214921008795499802e-03
1.154112396761775017e-03
1.058668945915997028e-03
1.051448751240968704e-03
1.398815540596842766e-03
1.100841443985700607e-03
1.052185776643455029e-03
1.033478300087153912e-03
1.041842508129775524e-03
1.082909642718732357e-03
1.031476538628339767e-03
1.028911559842526913e-03
1.110652112402021885e-03
1.009836327284574509e-03
1.003319281153380871e-03
9.979404276236891747e-04
1.735420781187713146e-03
1.100394292734563351e-03
9.989540558308362961e-04
9.835272794589400291e-04
9.760254179127514362e-04
9.706253185868263245e-04
9.664132958278059959e-04
1.135802362114191055e-03
1.056044362485408783e-03
9.602123172953724861e-04
9.488170617260038853e-04
9.423327283002436161e-04
9.361918782815337181e-04
9.306820575147867203e-04
9.257956990040838718e-04
9.203986264765262604e-04
9.670976432971656322e-04
1.114261220209300518e-03
9.098013979382812977e-04
9.070915984921157360e-04
8.986270404420793056e-04
8.929841569624841213e-04
8.891691104508936405e-04
9.228537674061954021e-04
8.830963633954524994e-04
8.760454365983605385e-04
8.709080866537988186e-04
8.665547356940805912e-04
1.612015068531036377e-03
9.359356481581926346e-04
8.638758445158600807e-04
8.495188667438924313e-04
8.511511841788887978e-04
8.862897520884871483e-04
8.709110552445054054e-04
8.357118931598961353e-04
8.475632057525217533e-04
8.239665767177939415e-04
8.295571315102279186e-04
8.128926856443285942e-04
1.006538164801895618e-03
8.895134087651968002e-04
8.008025470189750195e-04
7.949778810143470764e-04
7.931485888548195362e-04
9.158988250419497490e-04
8.361433865502476692e-04
7.852866547182202339e-04
7.729222998023033142e-04
7.817079313099384308e-04
8.930504554882645607e-04
7.626080187037587166e-04
7.565134437754750252e-04
7.503316155634820461e-04
1.297723385505378246e-03
9.284501429647207260e-04
7.517193444073200226e-04
7.441442576237022877e-04
7.354817353188991547e-04
7.294170791283249855e-04
7.250786875374615192e-04
7.202406995929777622e-04
1.700786640867590904e-03
7.376361172646284103e-04
7.236267556436359882e-04
7.080566138029098511e-04
7.025911472737789154e-04
6.975160213187336922e-04
1.741744694299995899e-03
7.735749823041260242e-04
6.900255684740841389e-04
6.847358308732509613e-04
6.791875930503010750e-04
6.925871130079030991e-04
8.467168081551790237e-04
6.995778530836105347e-04
6.661717779934406281e-04
6.609332631342113018e-04
8.543290314264595509e-04
8.139364072121679783e-04
6.682882085442543030e-04
6.481762393377721310e-04
6.418785778805613518e-04
8.135897805914282799e-04
8.022811962291598320e-04
6.496582645922899246e-04
6.309781456366181374e-04
6.246865959838032722e-04
6.257299100980162621e-04
9.204103262163698673e-04
6.429887725971639156e-04
6.184595404192805290e-04
6.070042145438492298e-04
6.012783269397914410e-04
6.924460176378488541e-04
5.974833620712161064e-04
6.094726850278675556e-04
5.901859840378165245e-04
6.213842425495386124e-04
7.464272785000503063e-04
5.786026595160365105e-04
5.776225007139146328e-04
5.919608520343899727e-04
7.433947757817804813e-04
5.895398790016770363e-04
5.599129945039749146e-04
5.551520735025405884e-04
9.738011867739260197e-04
6.116413860581815243e-04
5.580317811109125614e-04
5.403353134170174599e-04
6.551402620971202850e-04
7.589460001327097416e-04
5.446956492960453033e-04
5.254072020761668682e-04
5.170574295334517956e-04
5.121114081703126431e-04
1.299279043450951576e-03
5.106179160065948963e-04
5.014174967072904110e-04
4.992815083824098110e-04
4.913331358693540096e-04
6.689824513159692287e-04
5.745474481955170631e-04
5.667127552442252636e-04
4.932138836011290550e-04
4.785822529811412096e-04
4.699440905824303627e-04
4.646094166673719883e-04
4.723379970528185368e-04
5.801161751151084900e-04
4.620344843715429306e-04
4.527511773630976677e-04
4.470000276342034340e-04
4.431393172126263380e-04
8.203600882552564144e-04
4.576111678034067154e-04
4.501331131905317307e-04
4.358451114967465401e-04
8.089693728834390640e-04
4.681163991335779428e-04
4.173867346253246069e-04
8.197479764930903912e-04
4.409709945321083069e-04
4.290806828066706657e-04
8.215130073949694633e-04
4.405407526064664125e-04
4.125867562834173441e-04
8.996576652862131596e-04
5.018705851398408413e-04
3.960208268836140633e-04
3.843543818220496178e-04
7.551657035946846008e-04
3.989590040873736143e-04
3.766784502658993006e-04
3.766495792660862207e-04
3.808855835814028978e-04
3.914419503416866064e-04
3.690852317959070206e-04
3.662213566713035107e-04
5.474122008308768272e-04
3.544938226696103811e-04
3.523765772115439177e-04
4.836355219595134258e-04
3.463383181951940060e-04
3.550741821527481079e-04
3.372034989297389984e-04
6.183070945553481579e-04
4.954654723405838013e-04
3.361177223268896341e-04
3.296413051430135965e-04
3.447951748967170715e-04
4.663025902118533850e-04
3.561947378329932690e-04
3.131213888991624117e-04
1.034338609315454960e-03
3.859805001411587000e-04
3.163309593219310045e-04
3.533966955728828907e-04
3.523098712321370840e-04
3.263025137130171061e-04
2.939521800726652145e-04
4.541002854239195585e-04
3.136264276690781116e-04
2.906971494667232037e-04
2.917318488471210003e-04
4.330338560976088047e-04
2.796444459818303585e-04
5.772459553554654121e-04
3.025233454536646605e-04
2.957576944027096033e-04
5.070194019936025143e-04
2.715390000957995653e-04
2.720380434766411781e-04
7.008146494626998901e-04
3.304848796688020229e-04
2.703375357668846846e-04
2.900818653870373964e-04
3.935952845495194197e-04
2.626114292070269585e-04
2.511189377401024103e-04
2.507573517505079508e-04
3.046570054721087217e-04
2.505100856069475412e-04
2.816242922563105822e-04
2.478892565704882145e-04
2.591468801256269217e-04
3.865370817948132753e-04
3.083428600803017616e-04
2.419451921014115214e-04
4.448867402970790863e-04
2.438286319375038147e-04
2.428581501590088010e-04
2.508373290766030550e-04
4.657511308323591948e-04
2.319302293471992016e-04
2.209340018453076482e-04
2.111131179844960570e-04
1.195157179608941078e-03
3.160750493407249451e-04
2.195862180087715387e-04
2.094431984005495906e-04
2.005402784561738372e-04
1.992984762182459235e-04
3.725791466422379017e-04
2.445708087179809809e-04
2.013893536059185863e-04
1.937708730110898614e-04
1.912302977871149778e-04
3.400575078558176756e-04
2.498963731341063976e-04
1.962564565474167466e-04
1.914552412927150726e-04
2.490596962161362171e-04
2.791278529912233353e-04
1.866721722763031721e-04
1.823843922466039658e-04
3.395685052964836359e-04
2.194764092564582825e-04
1.862192148109897971e-04
4.634560609702020884e-04
2.246143267257139087e-04
1.720779837341979146e-04
1.722457527648657560e-04
5.412173341028392315e-04
2.096391399390995502e-04
1.703617308521643281e-04
1.602326228749006987e-04
2.606138878036290407e-04
1.623751159058883786e-04
1.847186213126406074e-04
1.566451101098209620e-04
1.657511602388694882e-04
4.043067747261375189e-04
1.711043150862678885e-04
1.557423820486292243e-04
1.495997566962614655e-04
1.805899810278788209e-04
1.853430585470050573e-04
1.531697926111519337e-04
1.443598739570006728e-04
2.998432901222258806e-04
1.682758011156693101e-04
1.699367858236655593e-04
1.421747438143938780e-04
1.679239940131083131e-04
3.505336353555321693e-04
1.713717356324195862e-04
1.420655753463506699e-04
1.628148893360048532e-04
1.617882226128131151e-04
1.704643364064395428e-04
1.951292215380817652e-04
2.404888509772717953e-04
1.286334736505523324e-04
4.428633546922355890e-04
1.859952317317947745e-04
2.202109753852710128e-04
1.824999344535171986e-04
1.546793500892817974e-04
2.370157017139717937e-04
1.228981564054265618e-04
4.296981787774711847e-04
1.483096275478601456e-04
1.976465864572674036e-04
2.749373961705714464e-04
1.172435950138606131e-04
1.740069274092093110e-04
2.722273638937622309e-04
1.329213264398276806e-04
1.273316738661378622e-04
2.176963753299787641e-04
1.487297558924183249e-04
1.295827532885596156e-04
5.394018953666090965e-04
1.317553833359852433e-04
1.589205785421654582e-04
1.071856022463180125e-04
1.215510128531605005e-04
5.110581987537443638e-04
1.027741163852624595e-04
9.972388943424448371e-05
1.081491471268236637e-03
1.273141242563724518e-04
1.126078859670087695e-04
1.001273340079933405e-04
1.748457143548876047e-04
1.193421121570281684e-04
1.168869202956557274e-04
9.616588795324787498e-05
4.033423902001231909e-04
1.073169696610420942e-04
9.892581874737516046e-05
5.808354471810162067e-04
1.143950867117382586e-04
8.917042578104883432e-05
2.172885433537885547e-04
1.781683095032349229e-04
1.133707119151949883e-04
1.392795675201341510e-04
1.730000658426433802e-04
8.848709694575518370e-05
8.288091339636594057e-05
9.250550065189599991e-04
9.507793583907186985e-05
1.019576520775444806e-04
8.360169886145740747e-05
7.915951428003609180e-04
1.841475313995033503e-04
9.340152610093355179e-05
1.381349284201860428e-04
8.521547715645283461e-05
1.054942767950706184e-04
2.639678714331239462e-04
1.447958638891577721e-04
9.110163227887824178e-05
8.008069562492892146e-05
1.486016262788325548e-04
1.016799578792415559e-04
7.316162373172119260e-05
7.272412040038034320e-05
9.224191308021545410e-04
1.468267582822591066e-04
7.271676440723240376e-05
7.395356078632175922e-05
5.602973978966474533e-04
1.275181275559589267e-04
7.003641803748905659e-05
9.335273352917283773e-05
2.731837448664009571e-04
9.148079698206856847e-05
7.319552241824567318e-05
6.369593029376119375e-05
4.395860596559941769e-04
1.269749773200601339e-04
7.252271461766213179e-05
6.461823795689269900e-05
4.419685574248433113e-04
1.051323415595106781e-04
9.260263323085382581e-05
4.564008850138634443e-04
6.530981772812083364e-05
5.908938692300580442e-05
6.656483747065067291e-04
1.941911323228850961e-04
6.683482206426560879e-05
6.050078809494152665e-05
5.035026115365326405e-04
5.910564505029469728e-05
6.299259257502853870e-05
1.370513200527057052e-04
2.127874467987567186e-04
7.776263373671099544e-05
8.667891233926638961e-05
8.798825001576915383e-05
6.902692985022440553e-05
1.125933267758227885e-04
1.052003935910761356e-04
6.216724432306364179e-05
5.348540435079485178e-05
7.748740608803927898e-05
9.585747466189786792e-05
5.306157981976866722e-05
5.690653415513224900e-05
3.062109462916851044e-04
8.657701982883736491e-05
6.069040318834595382e-05
1.505424734205007553e-04
7.468280091416090727e-05
5.665162461809813976e-05
2.250810066470876336e-04
6.071447569411247969e-05
7.796286081429570913e-05
4.773131149704568088e-05
5.100098132970742881e-05
3.369157784618437290e-04
6.145148654468357563e-05
5.057334419689141214e-05
4.892631841357797384e-05
8.282639319077134132e-04
1.023106306092813611e-04
5.493403659784235060e-05
4.374486161395907402e-05
1.097998116165399551e-03
5.652606705552898347e-05
6.223178206710144877e-05
4.426037776283919811e-05
1.205500739160925150e-04
1.769473747117444873e-04
4.447765968507155776e-05
9.512390533927828074e-05
1.773516560206189752e-04
5.042402699473313987e-05
4.215125227347016335e-05
2.449552412144839764e-04
2.068453759420663118e-04
6.111233233241364360e-05
4.846490628551691771e-05
6.490022497018799186e-05
5.454154961626045406e-05
6.526901415782049298e-05
1.114622282329946756e-04
5.428065560408867896e-05
5.264037463348358870e-05
2.299369371030479670e-04
4.350159360910765827e-05
1.317584537900984287e-04
4.509019709075801075e-05
4.889651972916908562e-05
5.893530324101448059e-04
1.047840050887316465e-04
4.262250149622559547e-05
3.584657388273626566e-04
4.250213532941415906e-05
6.421074795071035624e-05
4.044210436404682696e-05
6.997655873419716954e-05
9.702140232548117638e-05
5.080911068944260478e-05
4.786376302945427597e-05
1.358037116006016731e-04
8.421725215157493949e-05
1.050094870151951909e-04
4.474620436667464674e-05
3.398522312636487186e-05
6.512136897072196007e-04
1.155993595602922142e-04
3.743813431356102228e-05
4.057838305016048253e-05
7.472105789929628372e-05
3.669102079584263265e-05
4.444896330824121833e-05
2.544189046602696180e-04
9.126008080784231424e-05
4.234973675920628011e-05
1.929052814375609159e-04
4.386343425721861422e-05
4.683861334342509508e-05
3.869261854561045766e-05
3.784675209317356348e-04
3.485002889647148550e-05
4.227645331411622465e-05
3.689607910928316414e-05
6.722429679939523339e-05
8.356445323443040252e-05
4.892087599728256464e-05
3.421210567466914654e-05
7.172342156991362572e-05
3.422145528020337224e-05
3.890352672897279263e-05
2.549065684434026480e-04
9.977871377486735582e-05
3.811944407061673701e-05
1.805034116841852665e-04
6.798120739404112101e-05
3.978798122261650860e-05
3.577633106033317745e-05
4.656284872908145189e-04
3.147496317978948355e-05
3.774977449211291969e-05
9.834230149863287807e-05
1.988058793358504772e-04
4.008880569017492235e-05
3.447455674177035689e-05
5.094359512440860271e-04
5.205041088629513979e-05
4.678229015553370118e-05
4.235621599946171045e-04
2.992892041220329702e-05
4.518169953371398151e-05
2.284397196490317583e-04
3.113867205684073269e-05
7.921733777038753033e-05
3.478551661828532815e-05
5.464781861519441009e-05
5.410666199168190360e-05
1.800203172024339437e-04
6.410484638763591647e-05
2.838095497281756252e-05
3.402346628718078136e-04
2.921000850619748235e-05
2.663529448909685016e-05
2.814855542965233326e-05
6.343888235278427601e-04
3.093956911470741034e-05
3.221797305741347373e-05
3.637118061305955052e-05
3.720345266629010439e-04
6.782222772017121315e-05
2.767638943623751402e-05
1.483083324274048209e-04
1.194643991766497493e-04
4.221160270390100777e-05
4.204604920232668519e-05
1.984895498026162386e-04
4.454777445062063634e-05
3.746506990864872932e-05
1.122323519666679204e-04
1.695131504675373435e-04
3.195531098754145205e-05
3.654315514722838998e-05
1.979526277864351869e-04
5.733988655265420675e-05
2.455732646922115237e-05
3.213580930605530739e-05
3.732249606400728226e-04
7.394765998469665647e-05
2.494756699888966978e-05
1.210444315802305937e-04
5.974714804324321449e-05
5.879452146473340690e-05
2.634562042658217251e-05
2.352571391384117305e-05
2.881175896618515253e-04
1.074176325346343219e-04
2.556397521402686834e-05
2.174056135118007660e-05
4.820856702281162143e-05
2.635888813529163599e-04
3.227892739232629538e-05
2.439572017465252429e-05
4.352823088993318379e-05
1.059661881299689412e-04
5.553791561396792531e-05
2.218955523858312517e-05
4.872115096077322960e-05
2.784785465337336063e-04
2.821375892381183803e-05
2.351295006519649178e-05
2.060792394331656396e-05
6.035619881004095078e-04
1.868974068202078342e-04
4.676582102547399700e-05
2.324613524251617491e-05
2.021053660428151488e-05
2.655549033079296350e-04
1.131907629314810038e-04
2.617675636429339647e-05
1.963145587069448084e-05
1.952038837771397084e-05
2.155759721063077450e-04
2.204436023021116853e-04
5.088336911285296082e-05
2.180963383580092341e-05
1.930826510943006724e-05
2.414532536931801587e-05
2.848757721949368715e-04
2.281904744450002909e-05
2.751304236880969256e-05
1.881988828245084733e-05
3.979130269726738334e-05
2.843119145836681128e-04
6.175620364956557751e-05
2.203987605753354728e-05
2.115082861564587802e-05
7.215157529572024941e-05
1.161617547040805221e-04
4.415242437971755862e-05
2.531482823542319238e-05
2.609896728245075792e-05
3.843300219159573317e-04
2.096312164212577045e-05
1.838939351728186011e-05
1.788637928257230669e-05
2.372988637944217771e-05
2.565220056567341089e-04
4.929193892166949809e-05
2.299877996847499162e-05
1.925431752169970423e-05
1.719135616440325975e-05
1.348043733742088079e-04
3.565333099686540663e-05
3.154360820190049708e-05
1.816851727198809385e-05
1.667931064730510116e-05
3.842962614726275206e-04
1.892129803309217095e-04
2.907075213443022221e-05
2.172804124711547047e-05
1.882424476207233965e-05
7.672234787605702877e-04
2.239783316326793283e-05
2.392393071204423904e-05
1.713629899313673377e-05
1.611558764125220478e-05
1.089063240215182304e-03
1.282844023080542684e-04
2.392518581473268569e-05
2.077245153486728668e-05
1.641788367123808712e-05
1.633127067179884762e-05
5.109355697641149163e-05
6.822043360443785787e-05
2.762456824711989611e-05
1.854572110460139811e-05
1.594675086380448192e-05
6.550262332893908024e-04
5.355871689971536398e-05
2.417652103758882731e-05
1.832205452956259251e-05
2.928284447989426553e-05
2.887864829972386360e-04
2.150579530280083418e-05
1.710264768917113543e-05
1.860683369159232825e-05
6.829019985161721706e-04
1.010457708616741002e-04
2.817277163558173925e-05
1.566383616591338068e-05
1.193934731418266892e-04
2.879693784052506089e-05
4.011400233139283955e-05
1.782724393706303090e-05
1.879298542917240411e-05
2.832591708283871412e-04
3.417595144128426909e-05
2.539245724619831890e-05
1.695244463917333633e-05
1.680912682786583900e-04
9.617900650482624769e-05
2.447427141305524856e-05
2.109942397510167211e-05
1.547279498481657356e-05
1.664063456701114774e-04
2.105771454807836562e-05
3.393261431483551860e-05
1.822358535719104111e-05
1.668996810622047633e-05
1.382777845719829202e-04
8.537544636055827141e-05
1.655968480918090791e-05
1.778393379936460406e-05
1.771142706274986267e-05
2.597704587969928980e-04
3.895693953381851315e-05
2.711105844355188310e-05
1.630417500564362854e-05
1.989790325751528144e-05
1.471271534683182836e-04
2.434685484331566840e-05
2.031973963312339038e-05
1.397520099999383092e-05
4.383937630336731672e-05
2.073850337183102965e-04
5.042977136326953769e-05
1.638658795855008066e-05
1.441987296857405454e-05
5.198491853661835194e-04
8.584326860727742314e-05
2.867019247787538916e-05
1.690363933448679745e-05
3.145268419757485390e-04
1.804319617804139853e-05
2.177131682401522994e-05
2.015380960074253380e-05
2.305272355442866683e-04
2.747512735368218273e-05
3.776903758989647031e-05
1.829641951189842075e-05
1.695807804935611784e-05
3.676942287711426616e-05
8.805569814285263419e-05
1.803357190510723740e-05
1.683990194578655064e-05
1.057108238455839455e-04
8.229785453295335174e-05
2.372848393861204386e-05
1.343060375802451745e-05
5.491495903697796166e-05
2.412661415291950107e-04
2.447740553179755807e-05
1.771516144799534231e-05
1.993616024265065789e-05
5.121905996929854155e-05
4.951164009980857372e-05
1.394097307638730854e-05
1.585006066306959838e-05
4.778421716764569283e-04
8.872619946487247944e-05
2.584494541224557906e-05
1.283750771108316258e-05
4.127714782953262329e-04
5.519311889656819403e-05
2.747296275629196316e-05
1.743250140862073749e-05
3.101572510786354542e-04
6.194307934492826462e-05
2.732282155193388462e-05
1.669626180955674499e-05
1.394705122947925702e-05
1.736643898766487837e-04
1.045221797539852560e-04
2.295913691341411322e-05
1.388141572533641011e-05
3.460496736806817353e-05
2.615752164274454117e-04
1.799596975615713745e-05
1.373084796796320006e-05
1.945676194736734033e-05
3.188088885508477688e-04
4.700357385445386171e-05
2.226980359409935772e-05
1.284121390199288726e-05
2.240139583591371775e-04
1.520983914815587923e-05
2.256223342556040734e-05
1.506116495875176042e-05
1.272670215257676318e-05
6.218269118107855320e-05
2.726597085711546242e-05
2.062471867247950286e-05
1.445343787054298446e-05
1.229403824254404753e-05
7.042644429020583630e-04
8.350847929250448942e-05
2.799700996547471732e-05
1.435609920008573681e-05
1.182760752271860838e-05
8.146453183144330978e-04
3.335006840643472970e-05
2.040599247266072780e-05
1.501205952081363648e-05
2.308636248926632106e-05
1.463332882849499583e-04
3.166505121043883264e-05
1.270429129363037646e-05
1.168970084108877927e-05
6.080621969886124134e-04
1.287688501179218292e-04
1.917325062095187604e-05
1.292623255721991882e-05
1.285267808270873502e-05
5.192963290028274059e-04
6.481258606072515249e-05
1.445037742087151855e-05
1.325663652096409351e-05
1.097261792892822996e-05
1.405121642164885998e-03
5.735142622143030167e-05
2.500734444765839726e-05
1.360120768367778510e-05
1.136948048952035606e-05
2.884470159187912941e-04
5.973111910861916840e-05
2.553198828536551446e-05
1.425021400791592896e-05
1.154935944214230403e-05
4.962605307810008526e-04
1.146735376096330583e-04
2.685674553504213691e-05
1.420925036654807627e-05
1.080763559002662078e-05
1.699122367426753044e-05
3.316493239253759384e-04
5.208847142057493329e-05
2.240545654785819352e-05
1.296738264500163496e-05
1.454138055123621598e-05
1.262581208720803261e-04
4.959046054864302278e-05
2.048368878604378551e-05
1.261397574126021937e-05
4.220523405820131302e-04
1.201754494104534388e-04
1.268454798264428973e-05
1.169537972600664943e-05
1.845125007093884051e-05
5.803750536870211363e-05
4.936895129503682256e-05
2.006410613830666989e-05
1.668298500590026379e-05
6.397183169610798359e-04
3.027340972039382905e-05
1.209724359796382487e-05
1.431625605619046837e-05
6.523119518533349037e-04
8.842307579470798373e-05
1.764596709108445793e-05
1.184436041512526572e-05
4.492799926083534956e-04
1.245343446498736739e-04
1.345064902125159279e-05
1.541156416351441294e-05
1.193802745547145605e-05
1.148455776274204254e-04
6.086979919928126037e-05
1.858856921899132431e-05
1.255925872101215646e-05
1.013970631902338937e-05
5.410348530858755112e-04
9.762275294633582234e-05
2.310274976480286568e-05
1.455360143154393882e-05
1.057914505508961156e-05
5.003044861950911582e-05
1.453637232771143317e-04
2.675479845493100584e-05
1.463243097532540560e-05
1.342391806247178465e-05
7.777702994644641876e-04
1.673460428719408810e-05
1.930090002133511007e-05
1.085919848264893517e-05
3.170344280079007149e-05
2.956552489195019007e-04
4.732479283120483160e-05
1.256958603335078806e-05
1.124489426729269326e-05
2.841993700712919235e-04
5.148495984030887485e-05
2.729957304836716503e-05
1.292933393415296450e-05
5.312367648002691567e-05
2.232535043731331825e-04
1.414509279129561037e-05
1.389606950397137552e-05
2.681466867215931416e-05
1.104001275962218642e-04
4.569120937958359718e-05
1.658441215113271028e-05
1.646029522817116231e-05
5.333882872946560383e-04
1.436733509763143957e-05
1.776563658495433629e-05
1.282983521377900615e-05
1.247651671292260289e-04
5.358922135201282799e-05
2.885306821553967893e-05
1.113080543291289359e-05
1.017582962958840653e-05
6.059610677766613662e-05
5.597094786935485899e-05
3.058236325159668922e-05
1.128911117120878771e-05
1.024797893478535116e-05
9.416945431439671665e-06
1.061317510902881622e-03
1.792341645341366529e-04
2.454565401421859860e-05
1.514253654022468254e-05
1.060676822817185894e-05
9.843491170613560826e-06
7.581687532365322113e-05
2.530996061977930367e-05
1.802005135687068105e-05
1.263989634026074782e-05
1.033444732456700876e-05
3.361681956448592246e-05
1.464464294258505106e-04
2.864373163902200758e-05
1.634572799957823008e-05
1.055517077475087717e-05
1.226883705385262147e-05
1.935020009113941342e-05
4.214687942294403911e-05
1.322863317909650505e-05
1.060564591170987114e-05
1.583307312102988362e-05
3.888315695803612471e-04
4.818325032829307020e-05
1.225410051119979471e-05
1.019547562464140356e-05
1.073396560968831182e-05
4.525702097453176975e-04
6.350678449962288141e-05
1.151514516095630825e-05
1.099880500987637788e-05
2.028333074122201651e-05
1.596121001057326794e-04
1.770744529494550079e-05
1.308953960688086227e-05
1.131171393353724852e-05
1.940720103448256850e-04
3.748258313862606883e-05
2.070021582767367363e-05
1.080380934581626207e-05
1.435323883924866095e-05
2.441741817165166140e-04
3.730337630258873105e-05
2.040469735220540315e-05
1.022628021019045264e-05
8.900291504687629640e-06
2.387248423474375159e-05
4.978388315066695213e-04
4.884225927526131272e-05
1.710715150693431497e-05
1.063714807969518006e-05
9.673549357103183866e-06
9.009048881125636399e-06
1.612813794054090977e-04
1.743851607898250222e-04
3.075940549024380744e-05
1.138022253144299611e-05
9.530271199764683843e-06
1.781467835826333612e-05
2.258517779409885406e-04
1.147076909546740353e-05
1.425888603989733383e-05
9.429464626009576023e-06
1.060208978742593899e-05
2.151528460672125220e-04
6.270469748415052891e-05
1.845297629188280553e-05
1.020907529891701415e-05
9.674800821812823415e-06
2.399440563749521971e-04
7.533989264629781246e-05
1.513608822278911248e-05
1.054283984558423981e-05
1.679469642112962902e-05
3.922375617548823357e-05
5.442191104521043599e-05
1.448971852369140834e-05
9.290326488553546369e-06
1.559993397677317262e-04
6.734357884852215648e-05
1.189355134556535631e-05
1.074828742275713012e-05
9.245339242625050247e-06
6.080427556298673153e-04
6.911115633556619287e-05
2.594728175608906895e-05
1.023147979140048847e-05
1.018852799461456016e-05
3.255993942730128765e-04
9.609098924556747079e-05
1.219207115354947746e-05
1.079999856301583350e-05
1.898495611385442317e-05
2.306274836882948875e-05
4.493465894483961165e-05
1.028810675052227452e-05
9.753688573255203664e-06
2.575232938397675753e-04
1.103662070818245411e-04
1.087769214791478589e-05
1.028017595672281459e-05
9.127383236773312092e-06
5.608052015304565430e-04
1.119426233344711363e-04
2.348170892219059169e-05
1.135762795456685126e-05
9.438565029995515943e-06
2.986943873111158609e-04
1.653578074183315039e-04
2.708779356908053160e-05
1.011866970657138154e-05
9.471324119658675045e-06
2.316599966434296221e-05
3.218057972844690084e-04
3.998951797257177532e-05
1.350634192931465805e-05
9.835099263000302017e-06
8.614593753009103239e-06
1.155907288193702698e-03
8.285226795123890042e-05
2.411070454400032759e-05
1.012066059047356248e-05
9.262842468160670251e-06
9.014027455123141408e-06
7.168642332544550300e-05
3.206748806405812502e-05
1.409832475474104285e-05
9.577168384566903114e-06
9.189766387862619013e-06
3.872229135595262051e-04
1.535164774395525455e-04
2.041900734184309840e-05
1.110181074182037264e-05
9.284804036724381149e-06
2.329380949959158897e-04
1.762936153681948781e-04
2.592486998764798045e-05
1.052928109857020900e-05
9.524968845653347671e-06
8.117393736029043794e-05
2.507862518541514874e-05
3.020341500814538449e-05
1.044623058987781405e-05
8.552973667974583805e-06
2.126944491465110332e-05
1.327341597061604261e-04
2.310504351044073701e-05
1.339373284281464294e-05
9.370176485390402377e-06
9.243552085536066443e-06
6.410169298760592937e-04
3.092441693297587335e-05
1.385071755066746846e-05
9.553121344652026892e-06
1.202543717226944864e-05
8.712152339285239577e-05
6.506466888822615147e-05
1.114009774028090760e-05
9.996198969020042568e-06
1.223583603859879076e-05
1.447241374989971519e-04
1.952209095179568976e-05
1.523220817034598440e-05
8.637881364847999066e-06
2.855763341358397156e-05
3.036771086044609547e-04
4.768373401020653546e-05
1.062910450855270028e-05
8.950357369030825794e-06
1.371410780848236755e-05
1.694344682618975639e-04
1.401892586727626622e-05
1.457041707908501849e-05
9.556762961437925696e-06
8.106592758849728853e-06
5.883807316422462463e-04
6.490019586635753512e-05
1.619481372472364455e-05
1.083262668544193730e-05
8.733057256904430687e-06
1.067439370672218502e-05
1.143865665653720498e-04
6.413371011149138212e-05
1.359090310870669782e-05
8.858787623466923833e-06
1.365079697279725224e-05
1.627127494430169463e-05
4.352272662799805403e-05
9.995441359933465719e-06
9.657150258135516196e-06
8.273183084384072572e-06
1.708927593426778913e-04
3.031611231563147157e-05
2.373072311456780881e-05
9.731023965287022293e-06
8.273384082713164389e-06
1.019110186462057754e-05
4.357335274107754230e-05
2.267714626214001328e-05
1.549785338283982128e-05
9.438880624657031149e-06
1.075284035323420539e-05
5.216359277255833149e-04
1.747968963172752410e-05
1.662752583797555417e-05
9.232578122464474291e-06
3.415872924961149693e-05
2.497756213415414095e-04
2.570225115050561726e-05
1.394214268657378852e-05
8.233318112615961581e-06
1.578404408064670861e-05
3.996795567218214273e-04
4.717840783996507525e-05
1.297875587624730542e-05
9.125713404500856996e-06
8.458142474410124123e-06
6.478195427916944027e-04
3.084497802774421871e-05
1.171936582977650687e-05
8.727448403078597039e-06
8.463402082270476967e-06
7.374308188445866108e-04
1.269227141165174544e-05
1.459942996007157490e-05
9.321111065219156444e-06
9.772893463377840817e-06
2.110945642925798893e-04
7.686202297918498516e-05
1.323023479926632717e-05
8.559989510104060173e-06
1.140243421104969457e-05
3.287469007773324847e-05
4.277835978427901864e-05
1.346541921520838514e-05
8.497853741573635489e-06
1.852374225563835353e-05
3.597927861846983433e-04
3.444656613282859325e-05
1.061826242221286520e-05
8.625930604466702789e-06
9.202647561323828995e-06
2.471851184964179993e-04
6.708451110171154141e-05
1.699387394182849675e-05
8.636671736894641072e-06
7.754828402539715171e-06
2.839904118445701897e-05
7.081808871589601040e-05
1.753474134602583945e-05
1.218414854520233348e-05
8.585037903685588390e-06
8.823063581075984985e-06
6.211925065144896507e-04
3.975562140112742782e-05
1.089604847948066890e-05
8.542977411707397550e-06
7.770187949063256383e-06
2.063887222902849317e-05
7.947764970595017076e-05
2.270145159855019301e-05
1.101794350688578561e-05
9.008288543554954231e-06
7.713785635132808238e-06
7.590014320157933980e-06
2.708297870412934572e-05
1.995283491851296276e-05
1.704126589174848050e-05
8.907441042538266629e-06
8.129313755489420146e-06
7.699443813180550933e-06
3.530700923874974251e-04
7.712692604400217533e-05
1.692093064775690436e-05
8.748816071602050215e-06
7.685800483159255236e-06
1.139524101745337248e-05
3.806341846939176321e-04
4.821099719265475869e-05
1.268816686206264421e-05
8.959687875176314265e-06
7.672905667277518660e-06
7.860987680032849312e-04
5.126714677317067981e-05
2.038817547145299613e-05
9.938838047673925757e-06
1.052333209372591227e-05
1.682276779320091009e-04
4.904613524558953941e-05
1.144443922385107726e-05
8.829506441543344408e-06
9.862385923042893410e-06
2.023173510679043829e-05
3.368634133948944509e-05
1.076185890269698575e-05
8.141570106090512127e-06
1.038032496580854058e-05
3.547890446498058736e-05
2.201486313424538821e-05
1.514277118985773996e-05
8.644281479064375162e-06
2.135173235728871077e-05
3.262085083406418562e-04
3.194530654582194984e-05
1.326575602433877066e-05
8.373277523787692189e-06
1.688050360826309770e-05
3.668605058919638395e-04
4.223086943966336548e-05
1.015533598547335714e-05
8.250886821770109236e-06
8.860370144248008728e-06
3.611255669966340065e-04
2.541561298130545765e-05
1.458528640796430409e-05
7.847436791053041816e-06
4.105204425286501646e-05
1.144967100117355585e-04
2.642164326971396804e-05
9.974936801881995052e-06
7.771041964588221163e-06
4.523527240962721407e-05
5.932088606641627848e-05
2.785379001579713076e-05
9.279066944145597517e-06
8.542063369532115757e-06
2.936096861958503723e-04
7.535750046372413635e-05
1.309960316575597972e-05
9.351658263767603785e-06
1.583798075444065034e-05
5.620458250632509589e-05
4.059893763042055070e-05
1.088988119590794668e-05
8.438550139544531703e-06
1.511158734501805156e-05
2.551122452132403851e-04
2.131687142536975443e-05
1.270583743462339044e-05
8.039047315833158791e-06
8.427965804003179073e-05
5.100382986711338162e-05
1.935357431648299098e-05
8.958505532064009458e-06
1.229290410265093669e-05
9.221488289767876267e-05
2.705749466258566827e-05
1.391375917592085898e-05
9.310390851169358939e-06
7.641927368240430951e-06
7.896957686170935631e-04
7.117378845578059554e-05
1.778230580384843051e-05
9.701505405246280134e-06
7.651409760001115501e-06
1.221188285853713751e-04
6.097742880228906870e-05
9.887457053991965950e-06
1.018095190374879166e-05
8.069199793681036681e-06
5.667227742378599942e-05
3.382358772796578705e-05
1.756108395056799054e-05
1.191276169265620410e-05
8.238174814323429018e-06
7.717258085904177278e-06
2.689264074433594942e-04
7.240086415549740195e-05
1.857744246080983430e-05
8.689520655025262386e-06
7.454526894434820861e-06
9.573603165335953236e-05
4.711430301540531218e-05
1.079619687516242266e-05
1.062449337041471153e-05
7.772165190544910729e-06
3.685602132463827729e-05
1.681667636148631573e-04
1.368671928503317758e-05
1.005579724733252078e-05
8.308000360557343811e-06
5.898984964005649090e-04
1.037412803270854056e-04
1.304915076616453007e-05
7.997022294148337096e-06
1.508739751443499699e-05
1.524846738902851939e-04
1.719934880384244025e-05
1.307631737290648744e-05
8.461173820251133293e-06
3.408554402994923294e-05
2.448130107950419188e-04
2.378024328208994120e-05
1.248715761903440580e-05
7.646143785677850246e-06
6.924372883077012375e-06
7.078377529978752136e-04
3.366172313690185547e-05
2.336147554160561413e-05
9.431189027964137495e-06
7.648507562407758087e-06
7.021755209279945120e-06
8.714041177881881595e-05
4.249071571393869817e-05
9.428003068023826927e-06
1.053190499078482389e-05
7.297013780771521851e-06
3.025546538992784917e-05
1.552382600493729115e-04
1.999976666411384940e-05
1.281879303860478103e-05
8.659826562507078052e-06
7.207035650935722515e-06
9.019879507832229137e-04
3.172176366206258535e-05
1.423728917870903388e-05
9.163109098153654486e-06
7.259731773956445977e-06
1.448824787075864151e-05
2.963210572488605976e-04
3.460095467744395137e-05
8.805468496575485915e-06
7.516936420870479196e-06
9.474568287259899080e-06
6.900215521454811096e-05
2.357894300075713545e-05
1.283240180782740936e-05
8.000098205229733139e-06
8.666291250847280025e-06
5.535808159038424492e-04
2.634781048982404172e-05
1.093658647732809186e-05
8.013744263735134155e-06
1.450730906071839854e-05
4.284398528398014605e-05
3.919893788406625390e-05
8.599978173151612282e-06
8.997945769806392491e-06
4.936546974931843579e-05
1.002791177597828209e-04
2.534577106416691095e-05
1.000883094093296677e-05
7.512538559240056202e-06
9.254805263481102884e-06
9.619518095860257745e-05
1.431165401299949735e-05
1.287566010432783514e-05
8.772798537393100560e-06
6.900804692122619599e-06
9.787111775949597359e-04
7.511160947615280747e-05
2.910771763708908111e-05
1.045635963237145916e-05
7.908632142061833292e-06
6.936098998266970739e-06
7.493731682188808918e-04
8.285007788799703121e-05
1.715749385766685009e-05
7.905968232080340385e-06
7.817890946171246469e-06
4.963766332366503775e-05
5.694580977433361113e-05
2.580047112132888287e-05
7.795850251568481326e-06
7.995810847205575556e-06
1.401334448019042611e-04
2.341544677619822323e-05
1.146330305346054956e-05
8.017002073756884784e-06
7.418330824293661863e-06
3.164441732224076986e-04
1.405251387041062117e-04
2.393910654063802212e-05
7.906720384198706597e-06
7.936442671052645892e-06
2.384042454650625587e-05
2.738801413215696812e-04
3.631660365499556065e-05
9.093169865082018077e-06
7.239527349156560376e-06
2.215036147390492260e-05
2.389598666923120618e-04
1.295893980568507686e-05
1.133020668930839747e-05
1.022394553729100153e-05
5.589708453044295311e-04
4.410996552905999124e-05
1.289974443352548406e-05
7.352812644967343658e-06
2.362380291742738336e-05
2.165553014492616057e-04
1.345658256468595937e-05
1.170573614217573777e-05
7.123976502043660730e-06
8.969294140115380287e-05
3.711999670485965908e-05
1.365688603982562199e-05
1.123414676840184256e-05
7.379284397757146508e-06
1.089462602976709604e-05
1.026580648613162339e-04
1.423923640686552972e-05
1.327839981968281791e-05
7.128604011086281389e-06
3.852410736726596951e-05
1.398352324031293392e-04
2.085247069771867245e-05
1.252954734809463844e-05
9.162108653981704265e-06
6.540175527334213257e-04
6.660206418018788099e-05
2.043273707386106253e-05
8.736226845940109342e-06
7.571889454993652180e-06
8.786175749264657497e-04
6.990422843955457211e-05
2.082085484289564192e-05
7.986216587596572936e-06
7.220622592285508290e-06
1.534575858386233449e-04
7.639066461706534028e-05
9.569269423082005233e-06
9.307455911766737700e-06
7.602430741826537997e-06
1.297934504691511393e-04
5.716278974432498217e-05
1.001209602691233158e-05
9.728981240186840296e-06
7.985186130099464208e-06
2.931146300397813320e-04
1.125612616306170821e-04
1.092458205675939098e-05
8.568290468247141689e-06
7.724276656517758965e-06
7.767153438180685043e-04
1.319833427260164171e-05
1.147348393715219572e-05
7.780536179780028760e-06
8.309940312756225467e-06
7.730151410214602947e-04
4.867525058216415346e-05
1.351282026007538661e-05
9.022567610372789204e-06
7.681838724238332361e-06
4.231606726534664631e-04
9.654851601226255298e-05
2.087585380650125444e-05
9.449207936995662749e-06
8.323993824888020754e-06
6.915680714882910252e-04
2.061034501821268350e-05
1.447522845410276204e-05
8.010737474251072854e-06
8.552069630241021514e-06
5.424567498266696930e-04
4.268909106031060219e-05
9.807041351450607181e-06
7.758626452414318919e-06
6.769255833205534145e-06
3.757255326490849257e-04
9.609168046154081821e-05
1.462702857679687440e-05
9.826723726291675121e-06
7.454479145962977782e-06
6.447994564950931817e-06
6.010159995639696717e-05
2.801793452817946672e-04
1.980493834707885981e-05
1.160148531198501587e-05
7.541515515185892582e-06
6.838299668743275106e-06
7.580715191579656675e-06
6.514878623420372605e-05
1.500754115113522857e-05
9.637634320824872702e-06
8.230131243180949241e-06
7.358929906331468374e-06
3.156107559334486723e-04
9.800623956834897399e-05
1.527357198938261718e-05
9.559021236782427877e-06
8.762797733652405441e-06
4.735910624731332064e-04
7.343955076066777110e-05
1.081195114238653332e-05
7.196099886641604826e-06
1.089355464500840753e-05
7.045800157357007265e-05
4.457841350813396275e-05
1.306633748754393309e-05
7.567346528958296403e-06
1.459728900954360142e-05
1.122652465710416436e-04
1.152118329628137872e-05
1.223596427735174075e-05
7.934218047012109309e-06
6.444995506171835586e-06
1.190598632092587650e-04
1.941437803907319903e-04
1.486484507040586323e-05
8.797942427918314934e-06
7.415273557853652164e-06
6.546391432493692264e-06
6.192404271132545546e-06
1.474970951676368713e-03
6.163979560369625688e-05
2.346816472709178925e-05
9.941905773303005844e-06
7.083673153829295188e-06
6.710509296681266278e-06
1.426367180101806298e-05
2.618895960040390491e-04
2.218159715994261205e-05
1.060402428265661001e-05
7.057310995151055977e-06
6.536457021866226569e-06
1.202756247948855162e-04
1.275551912840455770e-04
2.296575257787480950e-05
7.441560228471644223e-06
7.092354280757717788e-06
7.165471288317348808e-06
2.048243622994050384e-04
6.430799112422391772e-05
1.535289629828184843e-05
7.697843102505430579e-06
7.321008524741046131e-06
5.388790159486234188e-04
7.506596011808142066e-05
1.252756464964477345e-05
7.131483926059445366e-06
1.317108672083122656e-05
5.954670268693007529e-05
2.592987402749713510e-05
1.299397990806028247e-05
7.102941708581056446e-06
2.190859413531143218e-05
2.525736344978213310e-04
1.393572529195807874e-05
1.183038057206431404e-05
7.442126388923497871e-06
7.760322478134185076e-05
1.812745540519244969e-05
1.214707117469515651e-05
1.041737959894817322e-05
6.814747393946163356e-06
3.685543197207152843e-05
9.690595470601692796e-05
1.706896364339627326e-05
1.016945589071838185e-05
7.122571787476772442e-06
8.146764230332337320e-06
9.982616029446944594e-05
2.097286960633937269e-05
1.310463176196208224e-05
8.005887139006517828e-06
6.629625659115845338e-06
1.535678893560543656e-05
2.774614840745925903e-04
1.907613659568596631e-05
1.047234491124982014e-05
7.021426426945254207e-06
6.412237326003378257e-06
6.533083796966820955e-05
8.829902799334377050e-05
2.529142875573597848e-05
8.888727279554586858e-06
7.034606824163347483e-06
6.794407454435713589e-06
5.751952412538230419e-04
2.373266761424019933e-05
9.080684321816079319e-06
7.008681222941959277e-06
6.923079126863740385e-06
7.626765291206538677e-04
1.672880534897558391e-05
8.731408343010116369e-06
8.617349521955475211e-06
7.298785931197926402e-06
1.136566934292204678e-04
5.807688285131007433e-05
1.025025630951859057e-05
1.004902878776192665e-05
6.964392923691775650e-06
3.816740718320943415e-05
5.967747711110860109e-05
2.347329063923098147e-05
7.682953764742705971e-06
8.020479981496464461e-06
2.417739742668345571e-04
6.381230195984244347e-05
1.438352683180710301e-05
9.037925337906926870e-06
1.687081567069981247e-05
1.448745751986280084e-04
1.706129842204973102e-05
1.032720774674089625e-05
7.609487056470243260e-06
1.237198375747539103e-05
3.741451073437929153e-04
3.325454963487572968e-05
1.065053675119997934e-05
7.049628038657829165e-06
6.651680450886487961e-06
5.875065107829868793e-04
3.574160291464067996e-05
1.278308445762377232e-05
7.546901088062440977e-06
7.362405085586942732e-06
1.835800794651731849e-04
7.300645665964111686e-05
8.735411938687320799e-06
7.701361937506590039e-06
6.426166237361030653e-06
2.334766577405389398e-05
5.617634451482445002e-05
3.740924148587509990e-05
9.301228601543698460e-06
7.635820111318025738e-06
6.439913249778328463e-06
9.345671969640534371e-06
1.596356014488264918e-04
1.372703263768926263e-05
8.856671229295898229e-06
7.320796157728182152e-06
6.273151484492700547e-06
9.958712616935372353e-04
7.713161903666332364e-05
1.872005850600544363e-05
8.424082807323429734e-06
6.682315415673656389e-06
8.123023690131958574e-06
1.760692248353734612e-05
2.700271215871907771e-05
1.047646856022765860e-05
6.954754553589737043e-06
2.299956031492911279e-05
2.119264099746942520e-04
1.455290930607588962e-05
1.116425210057059303e-05
7.324453690671361983e-06
2.297143801115453243e-04
7.161851681303232908e-05
8.622288987680803984e-06
7.615829417773056775e-06
6.693376690236618742e-06
7.983107352629303932e-04
1.875116868177428842e-05
8.976905519375577569e-06
7.273087703651981428e-06
6.593698799406411126e-06
7.728743366897106171e-04
4.400132820592261851e-05
1.912606967380270362e-05
7.793092663632705808e-06
6.620044132432667539e-06
1.140655240305932239e-05
9.997353481594473124e-05
2.266341289214324206e-05
7.463647762051550671e-06
7.803222615621052682e-06
2.508497855160385370e-04
1.009043335216119885e-04
1.175555098598124459e-05
8.867200449458323419e-06
8.700385478732641786e-06
6.217228365130722523e-04
1.366074229736113921e-05
1.511687059974065050e-05
8.528115358785726130e-06
7.085253400873625651e-06
3.582405624911189079e-04
4.740316944662481546e-05
1.027497182803926989e-05
7.696455213590525091e-06
6.581383331649703905e-06
1.383179642289178446e-05
2.183435281040146947e-04
2.375480289629194885e-05
7.391150575131177902e-06
7.475305210391525179e-06
7.940080649859737605e-06
6.415101233869791031e-05
1.157467886514496058e-05
9.942528777173720300e-06
7.253890089486958459e-06
1.238424192706588656e-05
2.750380735960789025e-05
1.840538607211783528e-05
1.164846889878390357e-05
6.516524081234820187e-06
4.049592826049774885e-05
8.676575816934928298e-05
1.401593635819153860e-05
9.848543413681909442e-06
6.477052465925225988e-06
4.185073339613154531e-05
6.356351514114066958e-05
2.256106563436333090e-05
8.149477253027725965e-06
7.784639819874428213e-06
1.007869141176342964e-04
4.351610186859034002e-05
9.633308764023240656e-06
9.116810360865201801e-06
7.117824679880868644e-06
4.701024736277759075e-04
2.653421506693121046e-05
1.032512136589502916e-05
9.139306712313555181e-06
6.494784884125692770e-06
6.142558049759827554e-06
5.348714767023921013e-04
3.303320045233704150e-05
1.715629878162872046e-05
7.962288691487628967e-06
6.545189535245299339e-06
6.127196684246882796e-06
8.204766345443204045e-05
1.839238393586128950e-04
1.597568007127847522e-05
8.811967745714355260e-06
6.703249709971714765e-06
6.296787887549726292e-06
4.557843494694679976e-04
5.420981688075698912e-05
1.678743137745186687e-05
8.099887963908258826e-06
8.826413250062614679e-06
1.873789151431992650e-04
5.971309656160883605e-05
1.197505571326473728e-05
7.566843578388215974e-06
6.505438705062260851e-06
8.742711506783962250e-04
6.683759420411661267e-05
1.270700795430457219e-05
8.521810741513036191e-06
6.449530701502226293e-06
8.949859875428956002e-06
1.969120639842003584e-04
4.867996540269814432e-05
1.282822358916746452e-05
6.944080723769729957e-06
6.527591722260694951e-06
1.854726724559441209e-05
1.573593763168901205e-04
2.542690708651207387e-05
7.069706953188870102e-06
6.997104719630442560e-06
7.955113687785342336e-06
2.056813391391187906e-04
5.522222272702492774e-05
1.266036997549235821e-05
6.870436209283070639e-06
6.449457941926084459e-06
2.350839495193213224e-04
8.997153781820088625e-05
1.165236062661278993e-05
9.023594429891090840e-06
7.000411642366088927e-06
6.296681931416969746e-06
4.869798140134662390e-04
3.589300467865541577e-05
1.196626726596150547e-05
7.236805686261504889e-06
6.405657586583402008e-06
7.042998731776606292e-06
9.380040864925831556e-05
2.070773552986793220e-05
8.596933184890076518e-06
7.538291356468107551e-06
6.223517175385495648e-06
1.213218183693243191e-05
2.736920432653278112e-04
1.964275907084811479e-05
9.353016139357350767e-06
6.672783911199076101e-06
6.136102456366643310e-06
5.420757224783301353e-05
6.182732613524422050e-05
2.448891427775379270e-05
8.340337444678880274e-06
6.595069862669333816e-06
6.513699190691113472e-06
5.610938533209264278e-04
4.005201481049880385e-05
8.508529390383046120e-06
6.851685611763969064e-06
6.685014341201167554e-06
7.370796520262956619e-04
4.330415686126798391e-05
1.141722350439522415e-05
8.553413863410241902e-06
6.640898391196969897e-06
3.020048898179084063e-04
7.654724322492256761e-05
1.692707883194088936e-05
7.923265911813359708e-06
7.506989732064539567e-06
5.293601425364613533e-04
1.122221783589338884e-05
1.448702641937416047e-05
6.726637820975156501e-06
4.622016422217711806e-05
5.135439641890116036e-05
2.323921762581449002e-05
9.237696758646052331e-06
9.939099072653334588e-06
1.335692941211163998e-04
3.846460458589717746e-05
1.360417445539496839e-05
7.289451787073630840e-06
8.079360668489243835e-06
4.420870391186326742e-05
3.794519216171465814e-05
9.515931196801830083e-06
6.434296210500178859e-06
1.241941845364635810e-05
1.755070406943559647e-04
2.342992593185044825e-05
8.007327778614126146e-06
7.091230145306326449e-06
4.400336183607578278e-05
2.395492083451244980e-05
1.277554292755667120e-05
7.464095233444822952e-06
6.482995559053961188e-06
9.774866157385986298e-06
2.601344021968543530e-05
1.635836088098585606e-05
1.177626745629822835e-05
7.031881068542134017e-06
3.682300666696392000e-05
1.136513747042044997e-04
1.334765147475991398e-05
7.459279458998935297e-06
7.176498002081643790e-06
3.416767576709389687e-04
4.910709321848116815e-05
8.001670721569098532e-06
6.766795650037238374e-06
1.194844116980675608e-05
2.532604266889393330e-04
3.434118843870237470e-05
9.718547516968101263e-06
6.953236152185127139e-06
5.974887244519777596e-06
2.785940305329859257e-04
6.493923865491524339e-05
1.109889581130119041e-05
8.828224963508546352e-06
6.326926268229726702e-06
1.068310120899695903e-05
1.707320334389805794e-04
1.952272032212931663e-05
8.001553396752569824e-06
7.042229754006257281e-06
1.110103130486095324e-05
2.935207739938050508e-04
3.915304114343598485e-05
1.215497559314826503e-05
6.957583991606952623e-06
6.308483989414526150e-06
6.859333952888846397e-04
3.640562499640509486e-05
1.583789708092808723e-05
7.032407665974460542e-06
6.871539426356321201e-06
4.157337025390006602e-05
1.794086165318731219e-05
9.134926585829816759e-06
9.721218702907208353e-06
6.978291821724269539e-06
3.181616921210661530e-05
1.099091459764167666e-04
2.339266029594000429e-05
7.167213880165945739e-06
6.978888450248632580e-06
6.826917524449527264e-05
4.357596117188222706e-05
2.203496114816516638e-05
7.237902991619193926e-06
6.933900294825434685e-06
9.749579476192593575e-06
1.359338639304041862e-04
1.372220685880165547e-05
8.500772310071624815e-06
6.947352176212007180e-06
7.388116046058712527e-06
2.129685162799432874e-05
1.495477590651717037e-05
1.147630700870649889e-05
6.878471594973234460e-06
1.921473449328914285e-05
1.744650071486830711e-04
1.898763366625644267e-05
9.877829143078997731e-06
6.582919922948349267e-06
2.199877053499221802e-05
2.628483343869447708e-05
2.933883479272481054e-05
1.106426134356297553e-05
7.461248515028273687e-06
6.733249847457045689e-06
5.341022624634206295e-04
4.067616828251630068e-05
1.276594230148475617e-05
6.687745553790591657e-06
1.925961078086402267e-05
1.771056704455986619e-04
2.038590719166677445e-05
9.919186595652718097e-06
7.115205789887113497e-06
5.714260623790323734e-04
1.477451314713107422e-05
9.502528882876504213e-06
7.879047188907861710e-06
6.899806066940072924e-06
4.594508791342377663e-04
5.733570651500485837e-05
1.133729347202461213e-05
6.554528226843103766e-06
2.199342634412460029e-05
1.458711194572970271e-04
1.388478358421707526e-05
8.840714144753292203e-06
8.289157449326012284e-06
2.658988814800977707e-04
2.243995004391763359e-05
1.203648753289598972e-05
6.160975772218080238e-06
7.446818199241533875e-05
8.298701868625357747e-05
2.173889879486523569e-05
7.316447863559005782e-06
7.300773177121300250e-06
1.608599559403955936e-04
7.541484228568151593e-05
8.267144039564300328e-06
6.945973382244119421e-06
5.976522061246214435e-06
3.047895443160086870e-04
4.277096741134300828e-05
9.150025107373949140e-06
8.637553037260659039e-06
6.437495358113665134e-06
5.144866736372932792e-05
3.553887290763668716e-05
1.710720425762701780e-05
8.533589607395697385e-06
5.934417004027636722e-06
7.313800160773098469e-04
5.212402174947783351e-05
2.116484938596840948e-05
7.939542228996288031e-06
6.259411748033016920e-06
1.330825580225791782e-05
1.973272010218352079e-04
2.578728344815317541e-05
7.205376277852337807e-06
6.652091997239040211e-06
1.028137830871855840e-05
1.625213481020182371e-04
2.766217221505939960e-05
7.185679805843392387e-06
6.435087016143370420e-06
1.439776951883686706e-05
2.200554008595645428e-04
2.474713437550235540e-05
7.492975782952271402e-06
7.132065093173878267e-06
4.151033499510958791e-05
5.661414252244867384e-05
2.056294397334568202e-05
8.531928870070260018e-06
8.098864782368764281e-06
1.120748638641089201e-04
3.536598887876607478e-05
7.998100045369938016e-06
6.943289918126538396e-06
1.132769757532514632e-04
1.284132886212319136e-04
2.491260966053232551e-05
7.335379905271111056e-06
6.541294169437605888e-06
6.081894389353692532e-05
2.061476334347389638e-05
9.160709851130377501e-06
7.961729352246038616e-06
6.470030257332837209e-06
2.392417663941159844e-04
7.927867409307509661e-05
9.081287316803354770e-06
6.794944056309759617e-06
6.370761639118427411e-06
5.210282979533076286e-04
3.057376670767553151e-05
7.824151907698251307e-06
6.737789590260945261e-06
1.914717540785204619e-05
2.083090366795659065e-04
2.903620588767807931e-05
6.921246949787018821e-06
6.583139565918827429e-06
6.391199804056668654e-06
6.325808499241247773e-05
4.769621227751486003e-05
1.286761562369065359e-05
6.975063570280326530e-06
6.324713922367664054e-06
1.515625899628503248e-05
1.426891831215471029e-04
1.861641612777020782e-05
1.010777486953884363e-05
7.054433808661997318e-06
6.927332378836581483e-06
4.777408685185946524e-05
2.489025973773095757e-05
1.010643882182193920e-05
6.104756721470039338e-06
1.996760511246975511e-05
1.367168879369273782e-04
1.026232803269522265e-05
8.475227332382928580e-06
1.288385283260140568e-05
2.021576074184849858e-04
8.352645636477973312e-06
8.858649380272254348e-06
7.889360858825966716e-06
3.674807667266577482e-04
2.619450242491438985e-05
7.224829005281208083e-06
5.961270289844833314e-06
6.399560516001656651e-05
4.442734643816947937e-05
1.076609805750194937e-05
7.855427611502818763e-06
6.387059784174198285e-06
6.717254109389614314e-06
2.388379652984440327e-05
2.253199090773705393e-05
1.138792595156701282e-05
6.512502295663580298e-06
5.859547854925040156e-06
3.324439458083361387e-04
5.972951839794404805e-05
1.033520584314828739e-05
7.374734195764176548e-06
6.088716872909571975e-06
5.864473223482491449e-06
1.180843537440523505e-04
1.678789521974977106e-05
6.498478342109592631e-06
5.830191639688564464e-06
5.495217919815331697e-06
5.541131031350232661e-06
5.855658673681318760e-04
1.476883244322380051e-05
9.060539014171808958e-06
5.736961156799225137e-06
5.652343133988324553e-06
5.412580321717541665e-06
5.372292434913106263e-06
5.293552476359764114e-06
6.097593086451524869e-06
4.541400994639843702e-04
3.003396341227926314e-05
8.824503311188891530e-06
5.633581622532801703e-06
5.314450845617102459e-06
5.274629984342027456e-06
5.754597168561303988e-06
1.202191197080537677e-04
5.908410821575671434e-05
1.598869494046084583e-05
6.638207651121774688e-06
4.918243121210252866e-06
4.835848812945187092e-06
5.815153144794749096e-06
3.531614202074706554e-04
6.271794700296595693e-05
1.804661224014125764e-05
5.819867055834038183e-06
5.694573701475746930e-06
4.790068487636744976e-06
4.789348167832940817e-06
1.972192694665864110e-05
4.300829823478125036e-05
1.207632067234953865e-05
5.718419743061531335e-06
5.063944627181626856e-06
5.670005975844105706e-06
3.552071866579353809e-04
5.411910024122335017e-05
1.026409972837427631e-05
5.541279278986621648e-06
4.767863629240309820e-06
4.960668320563854650e-06
1.629780308576300740e-04
5.256774966255761683e-05
1.163051729236030951e-05
7.850146175769623369e-06
6.095572643971536309e-06
8.376227924600243568e-06
1.076050011761253700e-05
7.390033715637400746e-05
1.671609788900241256e-05
1.455633446312276646e-05
4.682266808231361210e-05
1.834862450778018683e-05
5.607990715361665934e-06
6.472414042946184054e-06
2.176396665163338184e-04
1.392819740431150422e-05
5.186337602935964242e-06
4.893167442787671462e-06
5.648920705425553024e-06
1.758775470079854131e-04
1.253445407201070338e-05
9.672891792433802038e-06
4.925604116579052061e-06
4.746834747493267059e-06
7.154960258048959076e-06
2.443472621962428093e-04
3.592475331970490515e-05
7.211861884570680559e-06
5.187780061532976106e-06
4.190702384221367538e-06
6.618002771574538201e-06
9.869969653664156795e-05
3.475883931969292462e-05
8.913659257814288139e-06
4.846374849876156077e-06
4.231502316542901099e-06
4.160212938586482778e-06
4.097056717000668868e-06
4.058366812387248501e-06
4.960794285580050200e-06
3.940156893804669380e-04
1.009965035336790606e-05
8.545346645405516028e-06
5.105547643324825913e-06
4.017942046630196273e-06
4.000761691713705659e-06
5.540670372283784673e-06
3.220890939701348543e-04
1.899479866551700979e-05
8.807190170045942068e-06
4.458146577235311270e-06
3.952267888962524012e-06
3.953375198761932552e-06
1.678792068560142070e-05
4.800912211067043245e-05
2.313016375410370529e-05
5.471458734973566607e-06
4.366712801129324362e-06
4.050388270115945488e-06
1.348417936242185533e-05
2.717324423429090530e-05
1.053601681633153930e-05
5.860373676114249974e-06
4.247950982971815392e-06
3.990312961832387373e-06
7.043222285574302077e-05
5.675253851222805679e-05
5.899206371395848691e-06
4.273675585864111781e-06
3.854748683806974441e-06
4.114464900339953601e-06
1.690575300017371774e-04
2.017377482843585312e-05
1.019415230985032395e-05
4.948171863361494616e-06
3.765860810744925402e-06
3.844475486403098330e-06
1.076188709703274071e-04
2.232957194792106748e-05
9.354272151540499181e-06
4.018643267045263201e-06
3.855308477795915678e-06
4.026771875942358747e-06
1.326307392446324229e-04
2.083781328110489994e-05
1.199121652462054044e-05
4.802658168046036735e-06
3.525908596202498302e-06
3.587688070183503442e-06
2.108546323142945766e-05
7.696120883338153362e-05
1.663733019086066633e-05
4.941164661431685090e-06
3.467324859229847789e-06
3.673070295917568728e-06
8.257040462922304869e-05
3.955405554734170437e-05
7.620766155014280230e-06
3.739822432180517353e-06
3.468633849479374476e-06
3.854287569993175566e-06
2.229347883258014917e-04
2.515386586310341954e-05
8.449327651760540903e-06
3.644164735305821523e-06
3.447973313086549751e-06
7.844849278626497835e-06
1.576699432916939259e-04
1.612812775420024991e-05
4.134081336815143004e-06
3.377219854883151129e-06
3.568736701708985493e-06
2.160854637622833252e-04
1.976054954866413027e-05
1.019850242300890386e-05
3.361339850016520359e-06
3.250142299293656833e-06
5.913360382692189887e-06
1.746210182318463922e-04
1.107612479245290160e-05
3.739779685929534025e-06
3.424451961109298281e-06
3.154289515805430710e-06
7.229020411614328623e-06
1.353402331005781889e-04
4.485684985411353409e-05
9.817175850912462920e-06
4.202785930829122663e-06
3.369340902281692252e-06
3.185353079970809631e-06
3.129429615000844933e-06
3.175753590767271817e-06
1.283437632082495838e-05
4.411459303810261190e-05
1.486395194660872221e-05
5.644858447340084240e-06
3.141931074424064718e-06
3.243361788918264210e-06
4.790336970472708344e-05
1.093072205549106002e-04
6.541199581988621503e-06
4.166797225479967892e-06
3.068044406973058358e-06
3.038982185898930766e-06
6.797391688451170921e-05
5.573007001657970250e-05
1.482181869505438954e-05
3.345370032548089512e-06
3.292871724625001661e-06
2.909257773353601806e-06
2.829975755958002992e-06
9.679166396381333470e-06
2.996948605868965387e-04
7.927277692942880094e-06
8.197130227927118540e-06
3.634768972915480845e-06
2.931807784989359789e-06
2.887422397179761901e-06
2.786882760119624436e-06
2.758599521257565357e-06
3.160853566441801377e-06
6.884354661451652646e-05
5.694853098248131573e-05
8.838796929921954870e-06
3.095756028415053152e-06
3.237564214941812679e-06
8.001732931006699800e-05
1.972055542864836752e-05
5.025206519349012524e-06
2.766875240922672674e-06
2.746777681750245392e-06
3.609297209550277330e-06
2.386367705184966326e-04
1.833012902352493256e-05
7.465058388334000483e-06
3.044726554435328580e-06
2.813296077874838375e-06
1.504140345787163824e-05
7.626923616044223309e-05
1.504030842625070363e-05
4.183336386631708592e-06
2.718899395404150710e-06
2.599179424578323960e-06
2.523404509702231735e-05
4.606454967870377004e-05
3.735356222023256123e-05
3.746518586922320537e-06
2.964710574815399013e-06
2.700275445022271015e-06
2.604847622933448292e-06
2.556658955654711463e-06
2.501396238585584797e-06
2.483272965037031099e-06
5.318885541782947257e-06
6.554795982083305717e-05
2.765926183201372623e-05
3.760223989957012236e-06
2.958362074423348531e-06
2.498586127330781892e-06
2.434446969346026890e-06
3.175173787894891575e-06
1.972830432350747287e-05
5.203303589951246977e-05
8.626304406789131463e-06
3.026937292816000991e-06
2.657819095475133508e-06
2.538382204875233583e-06
2.470681010890984908e-06
2.415419658063910902e-06
2.381309741394943558e-06
4.993483344151172787e-06
1.141104658017866313e-04
3.316023503430187702e-05
3.964433744840789586e-06
2.782393949019024149e-06
2.421508497718605213e-06
2.491648274371982552e-06
6.900303560541942716e-05
1.681669709796551615e-05
1.150151365436613560e-05
3.486929244900238700e-06
2.516420181564171799e-06
2.333116299269022420e-06
4.767629889101954177e-06
1.191109258797951043e-04
2.282905734318774194e-05
5.184998826734954491e-06
2.903711674662190489e-06
2.423666273898561485e-06
2.446180815240950324e-06
1.047923069563694298e-04
2.425966704322490841e-05
9.345755643153097481e-06
3.429087882977910340e-06
2.456995844113407657e-06
2.336991656193276867e-06
3.681922862597275525e-06
2.935764496214687824e-04
2.794745523715391755e-05
5.238596713752485812e-06
2.589527184682083316e-06
2.261221425214898773e-06
3.261259507780778222e-06
1.560134842293336987e-04
2.775190478132572025e-05
7.011992238403763622e-06
2.774768745439359918e-06
2.521302803870639764e-06
2.307583599758800119e-06
2.239356945210602134e-06
2.193140971940010786e-06
3.099790546912117861e-06
4.595150530803948641e-04
8.981138671515509486e-05
1.509398498455993831e-05
4.234973403072217479e-06
2.323360831724130549e-06
2.262999032609513961e-06
2.206046247010817751e-06
2.190461373174912296e-06
4.490957053349120542e-06
1.353114930680021644e-04
9.491512173553928733e-06
5.362667252484243363e-06
2.421347517156391405e-06
2.288403038619435392e-06
3.663935103759285994e-06
2.900259569287300110e-04
3.407368058105930686e-05
6.345936526486184448e-06
2.509574414943926968e-06
2.189708993682870641e-06
2.187736527048400603e-06
4.864671500399708748e-04
4.730037107947282493e-05
1.024841094476869330e-05
3.416063236727495678e-06
2.425609181955223903e-06
2.196211653426871635e-06
2.133899442924303003e-06
2.132216195604996756e-06
2.209756985394051298e-06
2.377443342993501574e-05
1.555023482069373131e-04
1.394084574712906033e-05
4.108950179215753451e-06
2.327777110622264445e-06
2.145226517313858494e-06
2.071450580842792988e-06
2.219708221673499793e-06
5.171801894903182983e-04
4.478642586036585271e-05
1.419255022483412176e-05
2.653290266607655212e-06
2.229405708931153640e-06
2.058164682239294052e-06
2.026911943175946362e-06
6.101476174080744386e-06
1.609127357369288802e-04
8.915504622564185411e-06
3.817003744188696146e-06
2.394212060607969761e-06
2.076768851111410186e-06
2.083929757645819336e-06
3.522632323438301682e-05
8.628258365206420422e-05
1.916601286211516708e-05
2.684162836885661818e-06
2.246567191832582466e-06
2.090346697514178231e-06
2.036797013715840876e-06
4.398608780320500955e-06
8.055437501752749085e-05
3.972291960963048041e-05
8.107595022011082619e-06
2.499930587873677723e-06
2.172798986066482030e-06
2.052634954452514648e-06
2.006733211601385847e-06
1.986745928661548533e-06
2.484392098267562687e-06
2.456376096233725548e-04
2.449102612445130944e-05
5.989268174744211137e-06
2.281344450238975696e-06
2.067346031253691763e-06
2.012396180361974984e-06
1.992493025682051666e-06
2.175602503484697081e-06
3.382519644219428301e-04
4.001191337010823190e-05
6.371007657435256988e-06
2.563540419942000881e-06
2.019221483351429924e-06
3.142569312331033871e-06
1.215455631609074771e-04
2.655504795257002115e-05
3.491797087917802855e-06
2.399517597950762138e-06
2.042215783149003983e-06
2.041041852862690575e-06
3.253232353017665446e-05
7.906548125902190804e-05
1.118883756134891883e-05
3.674981371659669094e-06
2.307167278559063561e-06
2.043901531578740105e-06
1.956725327545427717e-06
4.194267603452317417e-05
5.460974080051528290e-06
6.026507435308303684e-06
3.463630264377570711e-06
2.084291736537124962e-06
1.994433432628284208e-06
1.941985601661144756e-06
2.174392420783988200e-06
2.352360752411186695e-04
7.709501369390636683e-05
6.773279437766177580e-06
2.911559022322762758e-06
1.995832235479610972e-06
1.933753992489073426e-06
3.001553068315843120e-06
2.971663197968155146e-04
2.298667095601558685e-05
2.974917379106045701e-06
2.609214334370335564e-06
2.017739689108566381e-06
2.784093157970346510e-05
1.469414564780890942e-04
9.985064934880938381e-06
2.196326931880321354e-06
2.164825446016038768e-06
1.981125024030916393e-06
3.690928451760555618e-06
6.159215263323858380e-05
2.211049286415800452e-05
4.429789441928733140e-06
2.445893869662540965e-06
1.906341822177637368e-06
2.158582674383069389e-06
7.835825817892327905e-05
5.959675036137923598e-06
5.457110091811046004e-06
2.026367610596935265e-06
1.926375034599914216e-06
2.787316361718694679e-06
3.000826691277325153e-04
3.819328048848547041e-05
3.760465233426657505e-06
2.769422053461312316e-06
1.994634430957376026e-06
4.114040166314225644e-06
1.388425444019958377e-04
3.811196165770525113e-06
2.604672772577032447e-06
2.262462885482818820e-06
1.890326871034631040e-06
3.623776137828826904e-06
3.829302295343950391e-05
2.983071863127406687e-05
5.671103281201794744e-06
2.758338723651831970e-06
2.041293100774055347e-06
1.946252268680837005e-06
1.885406049950688612e-06
1.857808456406928599e-06
3.790855771512724459e-06
2.076665077765937895e-05
2.695062539714854211e-05
4.155288479523733258e-06
2.318538463441655040e-06
1.857601546362275258e-06
1.845691713242558762e-06
3.031084361282410100e-06
2.668251108843833208e-04
2.912091258622240275e-05
3.872386059811105952e-06
2.516869244573172182e-06
1.865886588348075747e-06
1.864292130449030083e-06
1.926135382745997049e-06
2.320931889698840678e-05
7.199758692877367139e-05
9.288831279263831675e-06
2.752839691311237402e-06
1.889594841486541554e-06
2.307741624463233165e-06
2.164283796446397901e-04
2.898021921282634139e-05
7.281552370841382071e-06
2.385639390922733583e-06
1.860350039351033047e-06
1.981842160603264347e-06
4.976491909474134445e-04
5.047197555541060865e-05
8.996522410598117858e-06
2.653834371812990867e-06
1.911168965307297185e-06
1.835749799283803441e-06
1.786252369129215367e-06
1.764586727404093836e-06
1.865175136117613874e-06
2.433635672787204385e-04
4.646186789614148438e-05
1.282190441997954622e-05
3.022727696588844992e-06
1.894297838589409366e-06
1.831067834245914128e-06
1.779727881512371823e-06
1.763802970344841015e-06
1.753809101501246914e-06
2.902156893469509669e-06
2.222082403022795916e-04
3.505115819280035794e-05
5.005173534300411120e-06
2.299687366758007556e-06
1.854321112659818027e-06
1.767640355865296442e-06
1.735391606416669674e-06
2.084752622977248393e-06
1.086720294551923871e-04
1.380764006171375513e-04
2.541938010836020112e-05
4.425116458151023835e-06
2.296671482326928526e-06
1.830326482377131470e-06
1.781009586920845322e-06
2.933536597993224859e-05
3.195865429006516933e-05
1.033334956446196884e-05
3.826962256425758824e-06
2.039067567238816991e-06
1.827857204261817969e-06
1.779522222022933420e-06
2.089258941850857809e-06
1.969515724340453744e-04
5.505613080458715558e-05
3.615386276578647085e-06
2.625486558827105910e-06
1.855036771303275600e-06
1.733206318021984771e-06
2.025664116445113905e-06
2.059075486613437533e-04
5.548162516788579524e-05
8.122779945551883429e-06
2.168509809052920900e-06
1.917014969876618125e-06
1.772788209564168938e-06
1.752600610416266136e-06
3.361605195095762610e-06
2.089710033033043146e-04
7.585906132590025663e-06
5.503596185008063912e-06
4.549042387225199491e-06
6.708665750920772552e-05
1.383563176204916090e-05
4.066207566211232916e-06
