5.015935748815536499e-02
2.910403162240982056e-02
2.538521401584148407e-02
2.461720071732997894e-02
2.429669350385665894e-02
2.403296902775764465e-02
2.380110695958137512e-02
2.358136139810085297e-02
2.335280366241931915e-02
2.313942648470401764e-02
2.294363826513290405e-02
2.279360778629779816e-02
2.267629280686378479e-02
2.257971651852130890e-02
2.249884232878684998e-02
2.242548577487468719e-02
2.235865034162998199e-02
2.228973060846328735e-02
2.223652601242065430e-02
2.218330837786197662e-02
2.212497964501380920e-02
2.206623181700706482e-02
2.200626768171787262e-02
2.194436639547348022e-02
2.187979966402053833e-02
2.182067930698394775e-02
2.176169306039810181e-02
2.170251868665218353e-02
2.164290286600589752e-02
2.158304676413536072e-02
2.152336202561855316e-02
2.146301418542861938e-02
2.140388637781143188e-02
2.134414389729499817e-02
2.128488942980766296e-02
2.122572623193264008e-02
2.116657420992851257e-02
2.110723592340946198e-02
2.104801312088966370e-02
2.098788507282733917e-02
2.092683315277099609e-02
2.086484618484973907e-02
2.080315910279750824e-02
2.074115350842475891e-02
2.067866921424865723e-02
2.061600983142852783e-02
2.055208384990692139e-02
2.048750221729278564e-02
2.042176574468612671e-02
2.035517990589141846e-02
2.028731256723403931e-02
2.021859399974346161e-02
2.014879696071147919e-02
2.007768489420413971e-02
2.000634558498859406e-02
1.993330568075180054e-02
1.985987275838851929e-02
1.978542841970920563e-02
1.970987766981124878e-02
1.963286660611629486e-02
1.955484040081501007e-02
1.947641745209693909e-02
1.939855702221393585e-02
1.931628212332725525e-02
1.923555880784988403e-02
1.915806718170642853e-02
1.907506026327610016e-02
1.899423636496067047e-02
1.890402659773826599e-02
1.881641149520874023e-02
1.874994486570358276e-02
1.864385046064853668e-02
1.857147365808486938e-02
1.847435534000396729e-02
1.840017363429069519e-02
1.854874752461910248e-02
1.848901249468326569e-02
1.823267340660095215e-02
1.814579404890537262e-02
2.125893160700798035e-02
1.822743378579616547e-02
1.793163083493709564e-02
1.783271133899688721e-02
1.775589585304260254e-02
2.838773280382156372e-02
1.784143224358558655e-02
1.759811304509639740e-02
1.755412295460700989e-02
1.747170649468898773e-02
1.740675792098045349e-02
1.734404265880584717e-02
1.728071086108684540e-02
1.721721701323986053e-02
1.720283553004264832e-02
1.930971629917621613e-02
1.704570278525352478e-02
1.698865555226802826e-02
1.693285442888736725e-02
2.171680517494678497e-02
1.700856909155845642e-02
1.688920333981513977e-02
1.673451438546180725e-02
1.665898226201534271e-02
1.726751402020454407e-02
1.743101142346858978e-02
1.678012683987617493e-02
1.649795100092887878e-02
1.641442999243736267e-02
1.635316759347915649e-02
1.636998355388641357e-02
1.945248432457447052e-02
1.663740724325180054e-02
1.621688902378082275e-02
1.611819490790367126e-02
1.606029085814952850e-02
1.601790264248847961e-02
2.431405335664749146e-02
1.659971103072166443e-02
1.600972749292850494e-02
1.583277247846126556e-02
1.578056998550891876e-02
1.572833955287933350e-02
1.648235134780406952e-02
1.651657931506633759e-02
1.587480865418910980e-02
1.559417787939310074e-02
1.551008690148591995e-02
1.545794121921062469e-02
1.549298968166112900e-02
1.569950021803379059e-02
1.580577529966831207e-02
1.529297884553670883e-02
1.525647845119237900e-02
1.519847474992275238e-02
2.402329258620738983e-02
1.572842895984649658e-02
1.517105754464864731e-02
1.504284236580133438e-02
1.499315164983272552e-02
1.494535151869058609e-02
1.604359969496726990e-02
1.689752377569675446e-02
1.501192990690469742e-02
1.481268927454948425e-02
1.476252824068069458e-02
1.471520215272903442e-02
1.467460487037897110e-02
1.577824912965297699e-02
1.463166065514087677e-02
1.477706059813499451e-02
1.454328093677759171e-02
1.448163855820894241e-02
1.450481638312339783e-02
1.441600080579519272e-02
1.447114627808332443e-02
1.441094651818275452e-02
1.431628223508596420e-02
1.426232140511274338e-02
1.451683044433593750e-02
1.558575313538312912e-02
1.433079969137907028e-02
1.413158699870109558e-02
1.408228557556867599e-02
1.457957085222005844e-02
1.574823819100856781e-02
1.413046754896640778e-02
1.402466744184494019e-02
1.391399465501308441e-02
1.391703076660633087e-02
1.434268429875373840e-02
1.433849055320024490e-02
1.382126659154891968e-02
1.378955133259296417e-02
1.397875044494867325e-02
1.371397078037261963e-02
1.924427412450313568e-02
1.419160794466733932e-02
1.367688551545143127e-02
1.357042230665683746e-02
1.426585856825113297e-02
1.485070493072271347e-02
1.368746627122163773e-02
1.345939189195632935e-02
1.369729265570640564e-02
1.411257963627576828e-02
1.340133603662252426e-02
1.336222141981124878e-02
1.366740465164184570e-02
1.362009067088365555e-02
1.324477791786193848e-02
1.319606229662895203e-02
1.469146646559238434e-02
1.378646120429039001e-02
1.318135205656290054e-02
1.304788142442703247e-02
1.330374460667371750e-02
1.387058477848768234e-02
1.313914451748132706e-02
1.295010279864072800e-02
1.309357583522796631e-02
1.411058846861124039e-02
1.290077809244394302e-02
1.295843068510293961e-02
1.573969423770904541e-02
1.277844700962305069e-02
1.284084096550941467e-02
1.527821272611618042e-02
1.313678547739982605e-02
1.267908979207277298e-02
1.304245833307504654e-02
1.420598663389682770e-02
1.286454871296882629e-02
1.257419772446155548e-02
1.254239771515130997e-02
1.515367813408374786e-02
1.273643970489501953e-02
1.302941609174013138e-02
1.290890388190746307e-02
1.362604554742574692e-02
1.238826010376214981e-02
1.431671064347028732e-02
1.290498860180377960e-02
1.245409995317459106e-02
1.324937492609024048e-02
1.257457770407199860e-02
1.234847679734230042e-02
1.376650389283895493e-02
1.252565905451774597e-02
1.244990061968564987e-02
1.322311256080865860e-02
1.271529681980609894e-02
1.242154929786920547e-02
1.246263552457094193e-02
1.341479923576116562e-02
1.199386082589626312e-02
1.565645635128021240e-02
1.231483090668916702e-02
1.207267772406339645e-02
1.210036501288414001e-02
1.215249951928853989e-02
1.221565715968608856e-02
1.181791163980960846e-02
1.571839116513729095e-02
1.177589315921068192e-02
1.188330724835395813e-02
1.225230470299720764e-02
1.177379302680492401e-02
1.205237209796905518e-02
1.263979356735944748e-02
1.205866876989603043e-02
1.194711774587631226e-02
1.199593767523765564e-02
1.272005680948495865e-02
1.205953489989042282e-02
1.156893745064735413e-02
1.199406478554010391e-02
1.248956006020307541e-02
1.143959723412990570e-02
1.207029074430465698e-02
1.212359126657247543e-02
1.136797945946455002e-02
1.150978542864322662e-02
1.325538847595453262e-02
1.217722613364458084e-02
1.165300048887729645e-02
1.207542233169078827e-02
1.173253357410430908e-02
1.238415110856294632e-02
1.119517907500267029e-02
1.779221743345260620e-02
1.201268471777439117e-02
1.129855588078498840e-02
1.115834154188632965e-02
1.122938748449087143e-02
1.160284318029880524e-02
1.150700263679027557e-02
1.117682363837957382e-02
1.272009871900081635e-02
1.117723342031240463e-02
1.187953166663646698e-02
1.180387474596500397e-02
1.096890587359666824e-02
1.123035233467817307e-02
1.276459544897079468e-02
1.128767430782318115e-02
1.089522242546081543e-02
1.082115620374679565e-02
1.167053822427988052e-02
1.239390578120946884e-02
1.084395963698625565e-02
1.076427847146987915e-02
1.216476783156394958e-02
1.080003753304481506e-02
1.136947050690650940e-02
1.120443642139434814e-02
1.064560934901237488e-02
1.071095746010541916e-02
1.137751061469316483e-02
1.106052380055189133e-02
1.191545836627483368e-02
1.054502744227647781e-02
1.182215567678213120e-02
1.178337074816226959e-02
1.060220971703529358e-02
1.053916011005640030e-02
1.050085481256246567e-02
1.317511778324842453e-02
1.110015250742435455e-02
1.072021108120679855e-02
1.108878012746572495e-02
1.122682355344295502e-02
1.049143262207508087e-02
1.258047390729188919e-02
1.116957329213619232e-02
1.045367401093244553e-02
1.050830725580453873e-02
1.034478656947612762e-02
1.045194454491138458e-02
1.025529764592647552e-02
1.112440321594476700e-02
1.041428279131650925e-02
1.019836682826280594e-02
1.158800348639488220e-02
1.011188700795173645e-02
1.267566811293363571e-02
1.054651476442813873e-02
1.026260014623403549e-02
1.010149810463190079e-02
1.007057819515466690e-02
1.047323644161224365e-02
1.051428075879812241e-02
1.016801781952381134e-02
1.003856770694255829e-02
1.040815282613039017e-02
1.010151486843824387e-02
1.097866334021091461e-02
9.907220490276813507e-03
1.180837862193584442e-02
1.094398368149995804e-02
1.010581478476524353e-02
9.822288528084754944e-03
1.492265518754720688e-02
1.139991078525781631e-02
9.873816743493080139e-03
9.812807664275169373e-03
9.740040637552738190e-03
9.727749042212963104e-03
1.137116458266973495e-02
1.013457309454679489e-02
9.773408994078636169e-03
1.265447400510311127e-02
1.019716355949640274e-02
1.000079512596130371e-02
1.055208034813404083e-02
9.584259241819381714e-03
1.052605826407670975e-02
9.881047531962394714e-03
1.084011327475309372e-02
1.030959188938140869e-02
9.808450937271118164e-03
1.137496251612901688e-02
9.930446743965148926e-03
9.758909232914447784e-03
1.051599811762571335e-02
1.011037547141313553e-02
9.763033129274845123e-03
9.632035158574581146e-03
1.029753684997558594e-02
9.395213797688484192e-03
1.030429825186729431e-02
9.397946298122406006e-03
9.566555730998516083e-03
1.090452261269092560e-02
9.736941196024417877e-03
9.329649619758129120e-03
9.266600012779235840e-03
9.870451875030994415e-03
9.210214950144290924e-03
9.200610220432281494e-03
1.065633073449134827e-02
1.034823525696992874e-02
9.287167340517044067e-03
9.541866369545459747e-03
9.395645000040531158e-03
9.330370463430881500e-03
1.009155344218015671e-02
9.872589260339736938e-03
9.329312480986118317e-03
9.037247858941555023e-03
9.184112772345542908e-03
1.431675814092159271e-02
9.534147568047046661e-03
9.081935510039329529e-03
8.976712822914123535e-03
8.953250944614410400e-03
8.936069905757904053e-03
9.053793735802173615e-03
1.119606941938400269e-02
9.286598302423954010e-03
8.960126899182796478e-03
1.080520357936620712e-02
9.385647252202033997e-03
8.961764164268970490e-03
9.045392274856567383e-03
9.525291621685028076e-03
9.064626879990100861e-03
8.791266940534114838e-03
1.179170701652765274e-02
9.297847747802734375e-03
9.097011759877204895e-03
1.004059892147779465e-02
8.704796433448791504e-03
1.009416021406650543e-02
1.028759777545928955e-02
8.990989997982978821e-03
8.711580187082290649e-03
8.834684267640113831e-03
9.398385882377624512e-03
8.605210110545158386e-03
9.058163501322269440e-03
9.630446322262287140e-03
8.809162303805351257e-03
9.387325495481491089e-03
8.527132682502269745e-03
9.037172421813011169e-03
9.577705524861812592e-03
8.647833019495010376e-03
1.118993386626243591e-02
9.335983544588088989e-03
8.826380595564842224e-03
9.357144124805927277e-03
8.797112852334976196e-03
9.169707074761390686e-03
8.821600116789340973e-03
8.879289031028747559e-03
8.380831219255924225e-03
8.771494962275028229e-03
8.353772573173046112e-03
1.254464965313673019e-02
8.361306041479110718e-03
8.368544280529022217e-03
8.630335330963134766e-03
9.428356774151325226e-03
8.979698643088340759e-03
8.488535881042480469e-03
9.270898066461086273e-03
9.152498096227645874e-03
8.526653982698917389e-03
8.468533866107463837e-03
9.254844859242439270e-03
9.003589861094951630e-03
8.404083549976348877e-03
1.037434209138154984e-02
8.779146708548069000e-03
8.188385516405105591e-03
1.161112450063228607e-02
8.108515292406082153e-03
8.086164481937885284e-03
9.488322772085666656e-03
9.199335239827632904e-03
8.189274929463863373e-03
8.474738337099552155e-03
8.356064558029174805e-03
8.724058978259563446e-03
8.617870509624481201e-03
8.442758582532405853e-03
8.604000322520732880e-03
7.931709289550781250e-03
7.928246632218360901e-03
9.233882650732994080e-03
7.886834442615509033e-03
1.012224052101373672e-02
8.792299777269363403e-03
8.237730711698532104e-03
8.761152625083923340e-03
8.098409511148929596e-03
9.281002916395664215e-03
8.762840181589126587e-03
8.236658759415149689e-03
7.781372405588626862e-03
1.422861125320196152e-02
8.524565957486629486e-03
7.802453357726335526e-03
7.787607610225677490e-03
8.158836513757705688e-03
8.231422863900661469e-03
7.757798768579959869e-03
8.124851621687412262e-03
7.855613715946674347e-03
7.945697754621505737e-03
7.770088035613298416e-03
8.615833707153797150e-03
7.834593765437602997e-03
7.732407655566930771e-03
8.452841080725193024e-03
7.856917567551136017e-03
7.674550637602806091e-03
7.753099780529737473e-03
7.581803947687149048e-03
7.545079570263624191e-03
7.509090472012758255e-03
7.754913996905088425e-03
7.964463904500007629e-03
7.989413104951381683e-03
7.607484236359596252e-03
7.614792790263891220e-03
8.366816677153110504e-03
7.905272766947746277e-03
7.565308827906847000e-03
8.285866118967533112e-03
7.387658115476369858e-03
7.421366870403289795e-03
7.593453861773014069e-03
8.153816685080528259e-03
7.817418314516544342e-03
7.360420655459165573e-03
7.345023564994335175e-03
7.823764346539974213e-03
7.367495913058519363e-03
7.280438672751188278e-03
8.352201431989669800e-03
7.396630477160215378e-03
1.024296041578054428e-02
7.906856946647167206e-03
7.218498736619949341e-03
7.775515783578157425e-03
7.733474485576152802e-03
8.138841949403285980e-03
7.225533016026020050e-03
7.189081981778144836e-03
7.143054623156785965e-03
2.044513821601867676e-02
7.236218545585870743e-03
7.224184460937976837e-03
7.126827724277973175e-03
7.106164470314979553e-03
7.084378972649574280e-03
7.068180479109287262e-03
7.193279918283224106e-03
9.402941912412643433e-03
7.147291675209999084e-03
7.550723385065793991e-03
7.954437285661697388e-03
7.227336056530475616e-03
9.154278784990310669e-03
6.974240764975547791e-03
7.018592208623886108e-03
8.164772763848304749e-03
8.585282601416110992e-03
6.994958035647869110e-03
6.924571469426155090e-03
7.594570517539978027e-03
7.326581981033086777e-03
7.138409186154603958e-03
7.093673571944236755e-03
8.342678658664226532e-03
7.121021859347820282e-03
6.857385858893394470e-03
6.822004448622465134e-03
2.304009348154067993e-02
8.609117008745670319e-03
6.905535701662302017e-03
6.813332904130220413e-03
6.777793169021606445e-03
6.761219818145036697e-03
6.748914718627929688e-03
6.754934787750244141e-03
8.206038735806941986e-03
7.476028986275196075e-03
7.099075242877006531e-03
6.906397640705108643e-03
8.763220161199569702e-03
6.862457375973463058e-03
6.768079940229654312e-03
7.923847995698451996e-03
6.656453944742679596e-03
7.560812868177890778e-03
6.904694717377424240e-03
8.927336893975734711e-03
7.458409760147333145e-03
6.878889631479978561e-03
7.726114708930253983e-03
6.567742675542831421e-03
7.400190457701683044e-03
6.967836990952491760e-03
8.434134535491466522e-03
6.867750547826290131e-03
6.810795050114393234e-03
8.980005048215389252e-03
7.303423248231410980e-03
6.811594124883413315e-03
7.802725303918123245e-03
6.462144199758768082e-03
7.987062446773052216e-03
7.963735610246658325e-03
6.704384461045265198e-03
6.436423398554325104e-03
6.776785012334585190e-03
7.413210347294807434e-03
6.535078398883342743e-03
6.559626664966344833e-03
7.810474373400211334e-03
6.826057564467191696e-03
6.350010167807340622e-03
6.525477860122919083e-03
9.355480782687664032e-03
6.686113774776458740e-03
6.711371708661317825e-03
7.796589285135269165e-03
6.299209780991077423e-03
8.884180337190628052e-03
7.162424735724925995e-03
6.314432248473167419e-03
6.763288751244544983e-03
6.446087732911109924e-03
6.232882849872112274e-03
7.129616104066371918e-03
6.300216075032949448e-03
7.220195606350898743e-03
6.194374989718198776e-03
6.674767006188631058e-03
7.305174134671688080e-03
6.168115884065628052e-03
7.191517390310764313e-03
6.323962006717920303e-03
8.377855643630027771e-03
7.165054325014352798e-03
6.165534257888793945e-03
6.346581038087606430e-03
8.110552094876766205e-03
6.094694137573242188e-03
6.158265285193920135e-03
7.397110108286142349e-03
7.680754177272319794e-03
6.167626474052667618e-03
6.118061020970344543e-03
6.384843960404396057e-03
6.263230461627244949e-03
6.406427826732397079e-03
6.151649169623851776e-03
7.621480152010917664e-03
6.215525325387716293e-03
6.150909699499607086e-03
8.416642434895038605e-03
6.894160062074661255e-03
6.123364903032779694e-03
5.945133510977029800e-03
7.055586203932762146e-03
6.004037801176309586e-03
5.952184088528156281e-03
5.935105495154857635e-03
5.914448294788599014e-03
5.902241915464401245e-03
5.893452558666467667e-03
5.915874615311622620e-03
1.066300552338361740e-02
5.900978576391935349e-03
5.907444283366203308e-03
5.849007982760667801e-03
6.113578099757432938e-03
6.153476890176534653e-03
6.143561098724603653e-03
5.820190533995628357e-03
5.966670345515012741e-03
9.385253302752971649e-03
5.923496559262275696e-03
5.816989112645387650e-03
5.900056101381778717e-03
6.519814953207969666e-03
5.807491950690746307e-03
5.752589553594589233e-03
5.767677444964647293e-03
5.742356646806001663e-03
9.491499513387680054e-03
5.720522254705429077e-03
5.713044665753841400e-03
5.756174214184284210e-03
5.731943529099225998e-03
8.620715700089931488e-03
6.366831250488758087e-03
5.673206876963376999e-03
5.842389073222875595e-03
8.709797635674476624e-03
6.177201401442289352e-03
5.927082151174545288e-03
7.227938156574964523e-03
5.734467878937721252e-03
6.287965923547744751e-03
6.392934359610080719e-03
5.877682939171791077e-03
7.652070373296737671e-03
5.593327339738607407e-03
5.582057870924472809e-03
5.692218430340290070e-03
5.577903240919113159e-03
6.216915324330329895e-03
5.583205260336399078e-03
5.552865099161863327e-03
5.530557129532098770e-03
5.532570183277130127e-03
1.306004915386438370e-02
6.493537221103906631e-03
5.655781831592321396e-03
5.498411599546670914e-03
5.488681606948375702e-03
6.814686115831136703e-03
7.180220447480678558e-03
5.721871275454759598e-03
5.456026643514633179e-03
5.497141275554895401e-03
8.720310404896736145e-03
5.664598196744918823e-03
5.583670455962419510e-03
5.445268470793962479e-03
6.787344347685575485e-03
6.741747725754976273e-03
5.402674432843923569e-03
5.387369543313980103e-03
5.790041293948888779e-03
5.760017316788434982e-03
5.393247120082378387e-03
5.426655057817697525e-03
5.382055416703224182e-03
6.084096152335405350e-03
7.338498253375291824e-03
5.673901643604040146e-03
5.331195890903472900e-03
5.317489150911569595e-03
5.552153568714857101e-03
5.592036526650190353e-03
5.661516450345516205e-03
5.345502402633428574e-03
5.307957995682954788e-03
5.275151692330837250e-03
6.212159991264343262e-03
6.954287178814411163e-03
5.466032773256301880e-03
5.304770078510046005e-03
5.251057911664247513e-03
5.239349789917469025e-03
5.338334012776613235e-03
9.248836897313594818e-03
5.649186670780181885e-03
5.316917784512042999e-03
5.218784790486097336e-03
5.218950100243091583e-03
1.304914895445108414e-02
6.291698198765516281e-03
5.251742899417877197e-03
5.196999758481979370e-03
5.169040989130735397e-03
5.223847925662994385e-03
1.036909688264131546e-02
5.393970292061567307e-03
5.174845457077026367e-03
5.150712560862302780e-03
5.126558244228363037e-03
6.282511632889509201e-03
7.028589956462383270e-03
5.269520916044712067e-03
5.157202016562223434e-03
5.104881711304187775e-03
5.145824979990720749e-03
1.043092738837003708e-02
5.272438284009695053e-03
5.084949079900979996e-03
5.076222587376832962e-03
5.055440589785575867e-03
5.389101803302764893e-03
8.548508398234844208e-03
5.542015191167593002e-03
5.086715333163738251e-03
5.034371744841337204e-03
5.018672440201044083e-03
5.010799504816532135e-03
5.005612503737211227e-03
8.923015557229518890e-03
5.431680940091609955e-03
5.217520054429769516e-03
5.022964905947446823e-03
4.976495634764432907e-03
4.977113567292690277e-03
7.434339728206396103e-03
5.107118748128414154e-03
4.978328943252563477e-03
4.952621646225452423e-03
4.940355662256479263e-03
4.984880797564983368e-03
1.202844362705945969e-02
5.273204296827316284e-03
4.921387881040573120e-03
4.931646399199962616e-03
4.909198265522718430e-03
5.024726036936044693e-03
5.260264035314321518e-03
5.148490425199270248e-03
4.955274518579244614e-03
4.877102095633745193e-03
4.873974248766899109e-03
5.406522657722234726e-03
6.517015863209962845e-03
5.177079699933528900e-03
4.861623980104923248e-03
4.854014609009027481e-03
5.285866092890501022e-03
4.839315544813871384e-03
5.069809500128030777e-03
4.850757773965597153e-03
4.887902643531560898e-03
9.161687456071376801e-03
4.915984347462654114e-03
4.803732968866825104e-03
4.821625072509050369e-03
4.801126662641763687e-03
6.355832796543836594e-03
6.211018189787864685e-03
4.941229242831468582e-03
4.830385558307170868e-03
4.812056198716163635e-03
1.118914876133203506e-02
5.488555412739515305e-03
4.847550764679908752e-03
4.762172698974609375e-03
4.750670865178108215e-03
1.454313285648822784e-02
5.059970542788505554e-03
5.000890698283910751e-03
4.761469084769487381e-03
4.715810529887676239e-03
4.708778578788042068e-03
4.699537064880132675e-03
4.692656919360160828e-03
4.703506361693143845e-03
8.251150138676166534e-03
4.683141596615314484e-03
4.673570860177278519e-03
4.701857920736074448e-03
4.659803584218025208e-03
4.797230940312147141e-03
6.039872299879789352e-03
4.778981208801269531e-03
4.713336005806922913e-03
4.645729437470436096e-03
4.633408971130847931e-03
4.628660157322883606e-03
5.149072967469692230e-03
6.558551453053951263e-03
4.971350077539682388e-03
4.645383916795253754e-03
4.624091554433107376e-03
4.649042617529630661e-03
1.116910576820373535e-02
5.322890356183052063e-03
4.707561805844306946e-03
4.577298182994127274e-03
4.636950790882110596e-03
8.694576099514961243e-03
4.611497744917869568e-03
4.666084423661231995e-03
4.559684079140424728e-03
7.907179184257984161e-03
4.552240949124097824e-03
4.539518617093563080e-03
4.570657387375831604e-03
4.559028428047895432e-03
5.678453482687473297e-03
6.286406889557838440e-03
4.789424128830432892e-03
4.514990840107202530e-03
4.513327032327651978e-03
4.804571159183979034e-03
5.489600356668233871e-03
4.960827995091676712e-03
4.557750653475522995e-03
4.481885116547346115e-03
4.490559920668601990e-03
6.677773315459489822e-03
5.143163725733757019e-03
4.605277441442012787e-03
4.460962023586034775e-03
4.458127543330192566e-03
5.935775116086006165e-03
5.121883470565080643e-03
4.549058619886636734e-03
4.464609548449516296e-03
4.443695303052663803e-03
4.450705833733081818e-03
6.191929336637258530e-03
5.592948757112026215e-03
4.610430914908647537e-03
4.442244768142700195e-03
4.431015346199274063e-03
1.083947811275720596e-02
5.209966097027063370e-03
4.523289389908313751e-03
4.400546662509441376e-03
4.434859845787286758e-03
7.272721733897924423e-03
4.809252917766571045e-03
4.517250694334506989e-03
4.410245921462774277e-03
4.837996792048215866e-03
4.842888098210096359e-03
4.364295396953821182e-03
4.426298197358846664e-03
4.344314336776733398e-03
4.406958352774381638e-03
4.442713223397731781e-03
4.539913963526487350e-03
4.434016533195972443e-03
4.327867645770311356e-03
4.322993569076061249e-03
4.318319726735353470e-03
4.318680148571729660e-03
4.822596441954374313e-03
6.953931413590908051e-03
4.452587570995092392e-03
4.304175730794668198e-03
4.300914239138364792e-03
4.288311582058668137e-03
4.513473249971866608e-03
5.301121156662702560e-03
4.760884679853916168e-03
4.305524285882711411e-03
4.287311341613531113e-03
4.266275092959403992e-03
4.316392354667186737e-03
8.145553991198539734e-03
4.336840473115444183e-03
4.350188653916120529e-03
4.254462663084268570e-03
4.244951065629720688e-03
4.244680516421794891e-03
8.006950840353965759e-03
4.828611388802528381e-03
4.387657158076763153e-03
4.242455586791038513e-03
4.218658898025751114e-03
4.214619286358356476e-03
4.651592578738927841e-03
6.001329980790615082e-03
4.571507684886455536e-03
4.264862276613712311e-03
4.207677673548460007e-03
4.190962761640548706e-03
7.236051373183727264e-03
4.234877415001392365e-03
4.359651822596788406e-03
4.198005422949790955e-03
4.181910771876573563e-03
4.164858255535364151e-03
5.335235968232154846e-03
5.032418761402368546e-03
4.382993094623088837e-03
4.203806165605783463e-03
4.155896604061126709e-03
4.142913036048412323e-03
4.229621030390262604e-03
6.647767033427953720e-03
4.376872442662715912e-03
4.226850811392068863e-03
4.128173459321260452e-03
4.324547015130519867e-03
5.708627402782440186e-03
4.428401123732328415e-03
4.217896610498428345e-03
4.105130676180124283e-03
5.049881990998983383e-03
4.230820108205080032e-03
4.152905661612749100e-03
4.144039005041122437e-03
4.093143623322248459e-03
4.089286085218191147e-03
4.084430634975433350e-03
4.079386591911315918e-03
4.172901157289743423e-03
4.893655423074960709e-03
4.099057521671056747e-03
4.140085075050592422e-03
4.064050968736410141e-03
4.061354324221611023e-03
4.054942633956670761e-03
4.054916556924581528e-03
6.430762819945812225e-03
4.245029762387275696e-03
4.042447544634342194e-03
4.062216728925704956e-03
4.043413326144218445e-03
4.062622319906949997e-03
1.117566134780645370e-02
4.145214334130287170e-03
4.052231088280677795e-03
4.016998689621686935e-03
4.022859968245029449e-03
4.128669388592243195e-03
7.664296776056289673e-03
4.013903439044952393e-03
4.099835641682147980e-03
4.088898655027151108e-03
8.543583564460277557e-03
4.069667309522628784e-03
4.055565688759088516e-03
4.017991479486227036e-03
4.178822040557861328e-03
3.993445541709661484e-03
4.072204697877168655e-03
3.974556457251310349e-03
3.984983079135417938e-03
4.033638630062341690e-03
8.079959079623222351e-03
3.960471600294113159e-03
4.089385271072387695e-03
3.985518589615821838e-03
7.699882611632347107e-03
3.968973178416490555e-03
4.017172381281852722e-03
3.961188253015279770e-03
7.226636633276939392e-03
3.935989458113908768e-03
3.931249026209115982e-03
3.955593332648277283e-03
3.927032928913831711e-03
5.091652739793062210e-03
5.434800870716571808e-03
3.971338272094726562e-03
3.948737401515245438e-03
3.915127366781234741e-03
4.023539833724498749e-03
6.692004390060901642e-03
4.378438927233219147e-03
3.891764441505074501e-03
3.891360945999622345e-03
3.998736385256052017e-03
3.943128976970911026e-03
4.400403238832950592e-03
3.882788820192217827e-03
3.875599242746829987e-03
3.876194590702652931e-03
3.871506778523325920e-03
4.784749355167150497e-03
5.429887678474187851e-03
4.034049343317747116e-03
3.894402412697672844e-03
3.900890937075018883e-03
6.487677805125713348e-03
4.286346957087516785e-03
4.032610449939966202e-03
3.865587292239069939e-03
3.853486152365803719e-03
1.111657824367284775e-02
4.840394482016563416e-03
3.849108703434467316e-03
3.836157266050577164e-03
3.828604239970445633e-03
3.827625885605812073e-03
8.268077857792377472e-03
4.156501963734626770e-03
3.939894493669271469e-03
3.807046683505177498e-03
3.801300656050443649e-03
3.961006645113229752e-03
3.823000239208340645e-03
3.794799093157052994e-03
3.821971127763390541e-03
3.788370871916413307e-03
3.901472780853509903e-03
5.117578431963920593e-03
3.880875417962670326e-03
3.849501721560955048e-03
3.775622230023145676e-03
3.914918750524520874e-03
5.555136594921350479e-03
4.214195534586906433e-03
3.759217448532581329e-03
3.796447068452835083e-03
5.531722679734230042e-03
3.998645581305027008e-03
3.754579229280352592e-03
3.779776860028505325e-03
3.759706160053610802e-03
3.962385468184947968e-03
3.797132987529039383e-03
3.802852006629109383e-03
3.790029324591159821e-03
3.727105213329195976e-03
4.545492585748434067e-03
5.420949310064315796e-03
3.957366105169057846e-03
3.715628059580922127e-03
3.742961678653955460e-03
4.696537740528583527e-03
4.742622375488281250e-03
3.705682232975959778e-03
3.703143447637557983e-03
3.727604867890477180e-03
9.521608240902423859e-03
3.870162181556224823e-03
3.782715415582060814e-03
3.710892051458358765e-03
3.684587078168988228e-03
3.682139329612255096e-03
5.551908630877733231e-03
3.696511732414364815e-03
3.902823897078633308e-03
3.720717271789908409e-03
3.668686142191290855e-03
3.683847142383456230e-03
5.754526238888502121e-03
4.305813927203416824e-03
3.841056022793054581e-03
3.745123045518994331e-03
3.831524169072508812e-03
4.895769525319337845e-03
3.979979548603296280e-03
3.648078534752130508e-03
3.688477678224444389e-03
6.962089333683252335e-03
3.671353217214345932e-03
3.763773711398243904e-03
3.654029686003923416e-03
3.654814790934324265e-03
9.378498420119285583e-03
3.646526020020246506e-03
3.667865879833698273e-03
3.618197748437523842e-03
3.613318549469113350e-03
3.644622862339019775e-03
9.638616815209388733e-03
4.400485660880804062e-03
3.736943472176790237e-03
3.608987899497151375e-03
3.597065340727567673e-03
4.042185842990875244e-03
5.097421817481517792e-03
3.870160318911075592e-03
3.619506023824214935e-03
3.593573346734046936e-03
3.646878991276025772e-03
8.453207090497016907e-03
4.156143404543399811e-03
3.679989138618111610e-03
3.589570289477705956e-03
3.568534972146153450e-03
4.276646301150321960e-03
4.976425785571336746e-03
3.893258981406688690e-03
3.561019431799650192e-03
3.556004958227276802e-03
3.552628215402364731e-03
3.552344394847750664e-03
4.605573136359453201e-03
4.806251730769872665e-03
3.662114264443516731e-03
3.574948059394955635e-03
3.539104713127017021e-03
4.926319234073162079e-03
3.872228087857365608e-03
3.688086289912462234e-03
3.566801780834794044e-03
3.523391438648104668e-03
3.532054368406534195e-03
4.330155439674854279e-03
4.517175722867250443e-03
3.518484300002455711e-03
3.549274988472461700e-03
3.744075074791908264e-03
5.022661760449409485e-03
3.501020139083266258e-03
3.545247251167893410e-03
3.925406374037265778e-03
4.754420835524797440e-03
3.736335551366209984e-03
3.497129073366522789e-03
3.504579421132802963e-03
3.762333653867244720e-03
3.986411727964878082e-03
3.771324874833226204e-03
3.597291652113199234e-03
3.664980176836252213e-03
3.956015221774578094e-03
3.731130622327327728e-03
3.479126142337918282e-03
3.473688382655382156e-03
4.187916871160268784e-03
5.371347069740295410e-03
3.664275398477911949e-03
3.488858230412006378e-03
3.460428211838006973e-03
4.352997988462448120e-03
4.620481748133897781e-03
3.505345433950424194e-03
3.469663672149181366e-03
3.673232626169919968e-03
4.375847987830638885e-03
3.663322655484080315e-03
3.520094556733965874e-03
3.567461157217621803e-03
5.018885713070631027e-03
3.740805434063076973e-03
3.478047437965869904e-03
3.438834100961685181e-03
3.854873124510049820e-03
3.827006090432405472e-03
3.411713754758238792e-03
3.483970416709780693e-03
3.426459385082125664e-03
6.384428590536117554e-03
3.484253073111176491e-03
3.532545175403356552e-03
3.411113517358899117e-03
3.404492978006601334e-03
9.981974028050899506e-03
4.280779045075178146e-03
3.395230509340763092e-03
3.389177843928337097e-03
3.387951524928212166e-03
3.391786245629191399e-03
5.675038788467645645e-03
3.451026510447263718e-03
3.375496948137879372e-03
3.394005587324500084e-03
3.372235922142863274e-03
3.456595819443464279e-03
3.988855984061956406e-03
3.443179186433553696e-03
3.389633726328611374e-03
3.360204864293336868e-03
3.367767436429858208e-03
4.839946981519460678e-03
4.293796606361865997e-03
3.359369002282619476e-03
3.348261117935180664e-03
4.120182711631059647e-03
4.256749525666236877e-03
3.335833549499511719e-03
3.352585947141051292e-03
3.690853714942932129e-03
3.701796289533376694e-03
3.363741096109151840e-03
3.391762962564826012e-03
5.877736955881118774e-03
3.587816841900348663e-03
3.455558093264698982e-03
3.342296229675412178e-03
3.925916738808155060e-03
3.748629707843065262e-03
3.369092242792248726e-03
3.303495468571782112e-03
3.675074782222509384e-03
3.320046933367848396e-03
3.462231252342462540e-03
3.294220194220542908e-03
3.486665198579430580e-03
4.680744837969541550e-03
3.535106312483549118e-03
3.363800700753927231e-03
3.322972916066646576e-03
9.663982316851615906e-03
4.021553788334131241e-03
3.314283909276127815e-03
3.288348438218235970e-03
3.273115726187825203e-03
3.278370248153805733e-03
1.011976040899753571e-02
4.015612881630659103e-03
3.271587425842881203e-03
3.263223916292190552e-03
3.261651145294308662e-03
3.255880670621991158e-03
3.979329485446214676e-03
5.082481540739536285e-03
3.297844901680946350e-03
3.261233912780880928e-03
3.244660561904311180e-03
3.243790706619620323e-03
3.471600124612450600e-03
6.650664377957582474e-03
3.548647975549101830e-03
3.234627889469265938e-03
3.234912408515810966e-03
3.228479530662298203e-03
3.226109780371189117e-03
3.325919387862086296e-03
6.220390088856220245e-03
3.494025906547904015e-03
3.219073871150612831e-03
3.221622901037335396e-03
3.372229635715484619e-03
3.215479664504528046e-03
3.265484003350138664e-03
3.205806482583284378e-03
3.211344359442591667e-03
3.353746607899665833e-03
5.324191879481077194e-03
3.407662268728017807e-03
3.276042174547910690e-03
3.226391505450010300e-03
8.914670906960964203e-03
3.872964764013886452e-03
3.287152387201786041e-03
3.191769588738679886e-03
3.181894542649388313e-03
3.180698491632938385e-03
1.278751995414495468e-02
3.618274349719285965e-03
3.176972968503832817e-03
3.194382647052407265e-03
3.175749676302075386e-03
3.164672059938311577e-03
3.183751367032527924e-03
3.853745060041546822e-03
3.987710457295179367e-03
3.163055749610066414e-03
3.153623314574360847e-03
3.495058510452508926e-03
3.230220638215541840e-03
3.305224468931555748e-03
3.161882515996694565e-03
3.271671012043952942e-03
3.789918264374136925e-03
3.301695222035050392e-03
3.186875255778431892e-03
3.133050398901104927e-03
3.443907946348190308e-03
4.512704443186521530e-03
3.437210805714130402e-03
3.194715827703475952e-03
3.149146214127540588e-03
3.152433549985289574e-03
7.322115357965230942e-03
3.164325840771198273e-03
3.151790238916873932e-03
3.119903849437832832e-03
3.108330536633729935e-03
5.595830269157886505e-03
4.954364150762557983e-03
3.367310622707009315e-03
3.124695271253585815e-03
3.111149417236447334e-03
3.105136333033442497e-03
3.101345617324113846e-03
3.129296936094760895e-03
4.550773650407791138e-03
4.068368114531040192e-03
3.212117822840809822e-03
3.170297481119632721e-03
3.234496572986245155e-03
5.169856362044811249e-03
3.350239014253020287e-03
3.153417259454727173e-03
3.086199285462498665e-03
6.356441881507635117e-03
3.394176252186298370e-03
3.228560322895646095e-03
3.091295482590794563e-03
3.080698195844888687e-03
3.090386278927326202e-03
6.858035456389188766e-03
3.148625604808330536e-03
3.062691539525985718e-03
3.081888426095247269e-03
3.086907090619206429e-03
6.754356902092695236e-03
3.117015119642019272e-03
3.053914289921522141e-03
3.061698284000158310e-03
3.078745212405920029e-03
7.134885527193546295e-03
3.247627988457679749e-03
3.048506798222661018e-03
3.061807947233319283e-03
3.037787042558193207e-03
4.502746276557445526e-03
3.433004021644592285e-03
3.044221783056855202e-03
3.027838421985507011e-03
3.032777225598692894e-03
3.034074557945132256e-03
6.447895430028438568e-03
3.185305744409561157e-03
3.108639968559145927e-03
3.015761729329824448e-03
3.016769653186202049e-03
3.312238259240984917e-03
3.018710296601057053e-03
3.104382893070578575e-03
3.035007277503609657e-03
3.009662264958024025e-03
3.748838091269135475e-03
5.778901278972625732e-03
3.177093109115958214e-03
3.003622638061642647e-03
3.007573774084448814e-03
2.997264498844742775e-03
2.993508009240031242e-03
2.990306122228503227e-03
2.989025320857763290e-03
2.984937746077775955e-03
2.985741710290312767e-03
3.021896816790103912e-03
7.024455349892377853e-03
3.280862001702189445e-03
2.977811498567461967e-03
2.972417511045932770e-03
3.011788940057158470e-03
6.744369864463806152e-03
3.015860682353377342e-03
3.040972165763378143e-03
2.966613974422216415e-03
2.962707076221704483e-03
2.958542900159955025e-03
5.189579445868730545e-03
3.283974714577198029e-03
3.053352469578385353e-03
2.951910952106118202e-03
2.949755173176527023e-03
2.945389831438660622e-03
2.946394961327314377e-03
6.933379452675580978e-03
4.099444020539522171e-03
2.940730424597859383e-03
2.954041585326194763e-03
2.934394869953393936e-03
2.932116622105240822e-03
2.961370861157774925e-03
7.691446226090192795e-03
3.455069847404956818e-03
2.994850045070052147e-03
2.936777891591191292e-03
2.926297485828399658e-03
5.614350084215402603e-03
2.931758295744657516e-03
2.948025474324822426e-03
2.920530503615736961e-03
2.910463139414787292e-03
3.750801784917712212e-03
4.085077438503503799e-03
3.062426112592220306e-03
2.920791972428560257e-03
2.911722287535667419e-03
3.453591605648398399e-03
3.528729313984513283e-03
2.893781755119562149e-03
2.928267233073711395e-03
2.968895016238093376e-03
6.468249950557947159e-03
3.118247026577591896e-03
2.916430123150348663e-03
2.892229473218321800e-03
2.965538995340466499e-03
3.093278268352150917e-03
3.328593913465738297e-03
2.906836569309234619e-03
2.887412905693054199e-03
2.877609338611364365e-03
2.874429803341627121e-03
4.960720427334308624e-03
2.873078687116503716e-03
2.940475242212414742e-03
2.870415337383747101e-03
2.862627152353525162e-03
2.925097243860363960e-03
6.693682633340358734e-03
3.187748603522777557e-03
2.854089252650737762e-03
2.851400291547179222e-03
2.981973346322774887e-03
3.145469818264245987e-03
2.851877128705382347e-03
2.842940622940659523e-03
2.846465446054935455e-03
2.904730616137385368e-03
5.877726245671510696e-03
2.865848597139120102e-03
2.923166844993829727e-03
2.839040942490100861e-03
3.773103933781385422e-03
4.095511510968208313e-03
3.021812532097101212e-03
2.822012407705187798e-03
2.854647580534219742e-03
4.258584696799516678e-03
3.669403260573744774e-03
2.915098797529935837e-03
2.864658599719405174e-03
3.018409246578812599e-03
3.176381811499595642e-03
2.953892108052968979e-03
2.831826684996485710e-03
2.804043935611844063e-03
3.485514782369136810e-03
4.318762104958295822e-03
2.898466540500521660e-03
2.833562903106212616e-03
2.799615031108260155e-03
2.813638187944889069e-03
8.078690618276596069e-03
3.431793302297592163e-03
2.862415742129087448e-03
2.789334859699010849e-03
