2.536006644368171692e-02
2.492554672062397003e-02
2.444013021886348724e-02
2.383508533239364624e-02
2.308027260005474091e-02
2.245268970727920532e-02
2.214572951197624207e-02
2.193562127649784088e-02
2.171426080167293549e-02
2.152752690017223358e-02
2.135927975177764893e-02
2.121067978441715240e-02
2.104176953434944153e-02
2.085319533944129944e-02
2.056156471371650696e-02
2.021991275250911713e-02
1.978746429085731506e-02
1.921944878995418549e-02
1.869442872703075409e-02
1.819129288196563721e-02
1.755217276513576508e-02
1.686069183051586151e-02
1.635247468948364258e-02
1.584086567163467407e-02
1.573484763503074646e-02
1.509816665202379227e-02
1.476643886417150497e-02
1.444363687187433243e-02
1.418874040246009827e-02
1.404969953000545502e-02
1.359728910028934479e-02
1.363141462206840515e-02
1.320352964103221893e-02
1.276493538171052933e-02
1.253679208457469940e-02
1.247797627002000809e-02
1.233616657555103302e-02
1.221321895718574524e-02
1.196105405688285828e-02
1.191615127027034760e-02
1.157475076615810394e-02
1.144854817539453506e-02
1.146586704999208450e-02
1.120024546980857849e-02
1.087891124188899994e-02
1.076571922749280930e-02
1.081119012087583542e-02
1.066905073821544647e-02
1.088343653827905655e-02
1.031576376408338547e-02
1.059178821742534637e-02
1.035211514681577682e-02
9.892835281789302826e-03
9.914669208228588104e-03
9.701215662062168121e-03
9.700016118586063385e-03
9.782391600310802460e-03
9.970398619771003723e-03
9.508822113275527954e-03
9.197378531098365784e-03
9.104602970182895660e-03
9.882064536213874817e-03
9.006026200950145721e-03
9.507370181381702423e-03
8.848543278872966766e-03
8.963179774582386017e-03
9.134144522249698639e-03
8.514081127941608429e-03
8.959760889410972595e-03
8.310228586196899414e-03
8.817925117909908295e-03
8.717207238078117371e-03
8.392944000661373138e-03
7.905505597591400146e-03
8.230220526456832886e-03
7.777984254062175751e-03
7.917242124676704407e-03
7.668100763112306595e-03
8.282286114990711212e-03
7.587125059217214584e-03
7.515756879001855850e-03
7.971039041876792908e-03
7.475835271179676056e-03
7.871663197875022888e-03
7.364576682448387146e-03
7.320426870137453079e-03
7.296225056052207947e-03
7.291472051292657852e-03
7.878837175667285919e-03
7.329615764319896698e-03
7.226199377328157425e-03
7.328112609684467316e-03
7.217803504317998886e-03
7.063187193125486374e-03
6.956812459975481033e-03
6.702233105897903442e-03
7.148555014282464981e-03
6.603257264941930771e-03
6.339745596051216125e-03
8.722592145204544067e-03
6.344911176711320877e-03
6.050799507647752762e-03
6.064451299607753754e-03
6.211161147803068161e-03
5.900224205106496811e-03
6.024151109158992767e-03
6.147779524326324463e-03
6.044887006282806396e-03
5.569747183471918106e-03
5.722266621887683868e-03
5.409691948443651199e-03
6.563386414200067520e-03
5.455576814711093903e-03
5.242692772299051285e-03
5.422787275165319443e-03
5.212502554059028625e-03
5.227500107139348984e-03
5.158075597137212753e-03
6.520055234432220459e-03
4.907855298370122910e-03
4.871737677603960037e-03
4.846234340220689774e-03
5.117330700159072876e-03
5.061957985162734985e-03
5.001469049602746964e-03
5.265231709927320480e-03
5.251272581517696381e-03
5.430265795439481735e-03
5.006777122616767883e-03
5.062379408627748489e-03
5.464448127895593643e-03
5.008792970329523087e-03
5.082224030047655106e-03
4.562002606689929962e-03
4.397900309413671494e-03
4.312891978770494461e-03
4.285905975848436356e-03
4.423699807375669479e-03
4.829016979783773422e-03
4.584406968206167221e-03
4.180774092674255371e-03
4.252508748322725296e-03
5.046723876148462296e-03
4.677154123783111572e-03
4.792463500052690506e-03
4.514174535870552063e-03
4.349959548562765121e-03
4.132169298827648163e-03
4.027644172310829163e-03
4.015152342617511749e-03
4.024819470942020416e-03
3.990899771451950073e-03
3.940927796065807343e-03
3.976055420935153961e-03
4.034086130559444427e-03
4.352755378931760788e-03
4.399692639708518982e-03
3.879250260069966316e-03
3.842512844130396843e-03
3.838717238977551460e-03
4.651627968996763229e-03
4.509355407208204269e-03
3.961850889027118683e-03
3.878006478771567345e-03
3.926450852304697037e-03
3.750516101717948914e-03
3.972746897488832474e-03
4.236248787492513657e-03
4.457545466721057892e-03
3.960816655308008194e-03
3.701154841110110283e-03
4.089572001248598099e-03
4.193510394543409348e-03
4.122576210647821426e-03
3.753597382456064224e-03
3.654224565252661705e-03
4.249552730470895767e-03
3.874859074130654335e-03
4.378324374556541443e-03
3.734918776899576187e-03
3.605958772823214531e-03
4.849423654377460480e-03
4.055299796164035797e-03
3.591626649722456932e-03
3.563241101801395416e-03
3.605126636102795601e-03
3.666872624307870865e-03
3.825561841949820518e-03
4.148561041802167892e-03
3.862773999571800232e-03
3.587674582377076149e-03
3.736204002052545547e-03
3.760708728805184364e-03
4.161459393799304962e-03
3.826994216069579124e-03
3.816804615780711174e-03
3.716124687343835831e-03
3.675223561003804207e-03
3.875662572681903839e-03
3.986972384154796600e-03
3.620305098593235016e-03
3.563509555533528328e-03
4.251573700457811356e-03
3.449517302215099335e-03
3.444344736635684967e-03
3.459733212366700172e-03
4.165596328675746918e-03
3.439882304519414902e-03
3.414075821638107300e-03
3.417527535930275917e-03
4.430794157087802887e-03
3.759831888601183891e-03
3.511266550049185753e-03
3.433878766372799873e-03
4.360560327768325806e-03
3.878444666042923927e-03
3.432029625400900841e-03
3.481297753751277924e-03
4.277625121176242828e-03
3.756069112569093704e-03
3.452658886089920998e-03
3.450990188866853714e-03
4.278457723557949066e-03
3.433780977502465248e-03
3.345876466482877731e-03
3.880268661305308342e-03
3.769540926441550255e-03
3.420078428462147713e-03
3.346484387293457985e-03
4.495808389037847519e-03
3.731889650225639343e-03
3.500305814668536186e-03
3.301525255665183067e-03
4.296745639294385910e-03
3.816087730228900909e-03
3.549159970134496689e-03
3.359667723998427391e-03
3.738229162991046906e-03
3.685494186356663704e-03
3.351458115503191948e-03
3.346990561112761497e-03
4.175157286226749420e-03
3.522398415952920914e-03
3.276797477155923843e-03
4.432130604982376099e-03
3.758966224268078804e-03
3.602561540901660919e-03
3.428523894399404526e-03
3.431438235566020012e-03
3.632450243458151817e-03
3.722827415913343430e-03
3.481301479041576385e-03
3.400583053007721901e-03
3.559246659278869629e-03
3.783378982916474342e-03
3.578133415430784225e-03
3.415112150833010674e-03
3.565486753359436989e-03
3.770017530769109726e-03
3.462864551693201065e-03
3.392549697309732437e-03
3.546932013705372810e-03
3.677268279716372490e-03
3.446751739829778671e-03
3.222525818273425102e-03
3.558045020326972008e-03
3.457338549196720123e-03
3.384587122127413750e-03
3.389039076864719391e-03
3.374473657459020615e-03
3.353700041770935059e-03
3.377533983439207077e-03
3.427427960559725761e-03
3.653620835393667221e-03
3.538961056619882584e-03
3.214007010683417320e-03
3.471246920526027679e-03
3.666390432044863701e-03
3.205380169674754143e-03
3.198696998879313469e-03
3.310719504952430725e-03
3.314840840175747871e-03
3.374685300514101982e-03
3.525333479046821594e-03
3.754581324756145477e-03
3.311974462121725082e-03
3.172264434397220612e-03
4.342444706708192825e-03
3.628980368375778198e-03
3.522474784404039383e-03
3.163589164614677429e-03
4.330081865191459656e-03
3.741886932402849197e-03
3.188754199072718620e-03
3.153507597744464874e-03
3.152415389195084572e-03
3.368895268067717552e-03
3.842449747025966644e-03
3.414299106225371361e-03
3.145922441035509109e-03
3.323828801512718201e-03
3.344734432175755501e-03
3.887456143274903297e-03
3.705699229612946510e-03
3.301767632365226746e-03
3.134019207209348679e-03
3.867581952363252640e-03
3.598791081458330154e-03
3.473045304417610168e-03
3.289322368800640106e-03
3.206858411431312561e-03
3.125536255538463593e-03
3.379710949957370758e-03
3.400135086849331856e-03
3.814765019342303276e-03
3.362324321642518044e-03
3.121137153357267380e-03
3.263125196099281311e-03
3.517797915264964104e-03
3.614726243540644646e-03
3.224084153771400452e-03
3.248149761930108070e-03
3.145231166854500771e-03
3.476023674011230469e-03
3.475689794868230820e-03
3.389688208699226379e-03
3.187647322192788124e-03
3.104708390310406685e-03
3.221213584765791893e-03
3.373071318492293358e-03
3.736923681572079659e-03
3.713428974151611328e-03
3.516276832669973373e-03
3.408384975045919418e-03
3.169846720993518829e-03
3.095193533226847649e-03
3.171266289427876472e-03
3.267310094088315964e-03
3.920675721019506454e-03
3.598302369937300682e-03
3.245089668780565262e-03
3.139191074296832085e-03
3.092995611950755119e-03
3.137650201097130775e-03
4.056253470480442047e-03
3.392461221665143967e-03
3.408403135836124420e-03
3.403570270165801048e-03
3.079178510233759880e-03
3.417144529521465302e-03
3.150067990645766258e-03
3.365645650774240494e-03
3.081099595874547958e-03
3.309739986434578896e-03
3.106630872935056686e-03
3.084310330450534821e-03
3.124555107206106186e-03
3.130787750706076622e-03
3.072986844927072525e-03
3.084332915022969246e-03
3.458344377577304840e-03
3.267124062404036522e-03
3.127133939415216446e-03
3.099968656897544861e-03
3.542901715263724327e-03
3.518248908221721649e-03
3.139698645099997520e-03
3.059811890125274658e-03
4.319289699196815491e-03
3.151400713250041008e-03
3.087851917371153831e-03
3.254993818700313568e-03
3.219026606529951096e-03
3.193430602550506592e-03
3.079328685998916626e-03
3.153040539473295212e-03
3.133341902866959572e-03
3.840505378320813179e-03
3.354292595759034157e-03
3.058353904634714127e-03
3.195060882717370987e-03
3.058671019971370697e-03
3.692572005093097687e-03
3.361425129696726799e-03
3.046809695661067963e-03
3.399927401915192604e-03
3.106031101197004318e-03
3.052342450246214867e-03
3.051109844818711281e-03
3.262168262153863907e-03
3.404965391382575035e-03
3.378131426870822906e-03
3.168787807226181030e-03
3.241358324885368347e-03
3.072679741308093071e-03
3.050256054848432541e-03
3.207823494449257851e-03
3.189619164913892746e-03
3.120023291558027267e-03
3.021525451913475990e-03
4.075128119438886642e-03
3.225835505872964859e-03
3.066310891881585121e-03
3.024590201675891876e-03
3.936254885047674179e-03
3.271137829869985580e-03
3.019985742866992950e-03
3.377850167453289032e-03
3.031254047527909279e-03
3.886720165610313416e-03
3.239734331145882607e-03
3.124685259535908699e-03
3.091964870691299438e-03
3.164439229294657707e-03
3.068401012569665909e-03
3.026987658813595772e-03
4.068755544722080231e-03
3.312603570520877838e-03
3.043430391699075699e-03
3.286609891802072525e-03
3.159659449011087418e-03
3.074736800044775009e-03
3.031959757208824158e-03
3.216426121070981026e-03
3.081768751144409180e-03
3.279781434684991837e-03
3.150897100567817688e-03
2.999094780534505844e-03
3.136983606964349747e-03
3.022435354068875313e-03
3.086651209741830826e-03
3.141652792692184448e-03
3.031342756003141403e-03
3.268706845119595528e-03
3.316075075417757034e-03
3.075603162869811058e-03
3.048933343961834908e-03
3.069842234253883362e-03
3.081362927332520485e-03
2.987032756209373474e-03
4.060424864292144775e-03
3.076108172535896301e-03
3.080950584262609482e-03
3.080969443544745445e-03
3.615382593125104904e-03
3.025332931429147720e-03
3.200183622539043427e-03
3.199649974703788757e-03
2.979078795760869980e-03
3.250327426940202713e-03
3.284815000370144844e-03
3.263455582782626152e-03
3.174786921590566635e-03
3.145273774862289429e-03
3.174555022269487381e-03
2.982415957376360893e-03
3.014003392308950424e-03
3.333118045702576637e-03
3.352315165102481842e-03
3.045344958081841469e-03
3.100613132119178772e-03
2.967235865071415901e-03
2.968486631289124489e-03
3.351296531036496162e-03
2.965691965073347092e-03
5.063828546553850174e-03
3.088474506512284279e-03
3.006284590810537338e-03
3.109876299276947975e-03
2.963301492854952812e-03
3.052592044696211815e-03
3.104998962953686714e-03
3.137650201097130775e-03
3.056420944631099701e-03
3.170170122757554054e-03
3.215332515537738800e-03
3.186858259141445160e-03
3.020438598468899727e-03
3.790130605921149254e-03
3.021023469045758247e-03
3.364530159160494804e-03
3.006009152159094810e-03
3.658167552202939987e-03
3.323498880490660667e-03
2.956724260002374649e-03
3.247689455747604370e-03
2.949141431599855423e-03
3.425173927098512650e-03
3.053346881642937660e-03
2.989688888192176819e-03
3.063411684706807137e-03
2.979736076667904854e-03
3.068723250180482864e-03
3.167433664202690125e-03
2.997034927830100060e-03
3.014561487361788750e-03
3.050185041502118111e-03
2.997836098074913025e-03
2.983804326504468918e-03
3.143667476251721382e-03
3.160936757922172546e-03
3.201993880793452263e-03
2.979290438815951347e-03
3.693900303915143013e-03
3.226419677957892418e-03
2.938385354354977608e-03
4.241913557052612305e-03
2.939481288194656372e-03
2.965050749480724335e-03
3.445535898208618164e-03
3.383876988664269447e-03
3.114760387688875198e-03
2.930812304839491844e-03
3.238174598664045334e-03
3.361667273566126823e-03
2.933212788775563240e-03
2.938986057415604591e-03
2.960148034617304802e-03
3.682485315948724747e-03
3.272521309554576874e-03
3.115014871582388878e-03
3.189258044585585594e-03
2.978669945150613785e-03
3.327632555738091469e-03
3.034670604392886162e-03
3.259352874010801315e-03
2.922239946201443672e-03
3.381760092452168465e-03
3.043934470042586327e-03
2.949497196823358536e-03
3.179216990247368813e-03
2.920830855146050453e-03
4.744316916912794113e-03
2.973824972286820412e-03
2.930125920102000237e-03
2.918368205428123474e-03
3.523268504068255424e-03
2.931729191914200783e-03
3.623640863224864006e-03
2.926698420196771622e-03
3.209280781447887421e-03
2.961811609566211700e-03
3.717337269335985184e-03
3.272493369877338409e-03
3.096218686550855637e-03
2.921347739174962044e-03
3.443725174292922020e-03
2.995420014485716820e-03
2.987431595101952553e-03
3.436111379414796829e-03
2.908425871282815933e-03
3.531120717525482178e-03
3.274408867582678795e-03
2.963282866403460503e-03
2.957778517156839371e-03
3.127976087853312492e-03
3.057640744373202324e-03
2.941141370683908463e-03
2.926996210590004921e-03
3.081865841522812843e-03
3.250488545745611191e-03
2.920938190072774887e-03
2.985262079164385796e-03
2.913109026849269867e-03
2.882250351831316948e-03
3.024598816409707069e-03
2.880410058423876762e-03
3.379443893209099770e-03
2.875736681744456291e-03
3.835686482489109039e-03
2.878751605749130249e-03
2.882540924474596977e-03
3.620586358010768890e-03
3.073394298553466797e-03
2.871874952688813210e-03
3.832120448350906372e-03
3.242871491238474846e-03
2.871165983378887177e-03
4.268309567123651505e-03
2.975077135488390923e-03
2.877081511542201042e-03
2.864133799448609352e-03
6.240581627935171127e-03
3.060188144445419312e-03
2.866485854610800743e-03
2.882742090150713921e-03
2.990433480590581894e-03
2.897087251767516136e-03
3.467170055955648422e-03
3.024275414645671844e-03
2.867381554096937180e-03
3.778669517487287521e-03
3.244948573410511017e-03
2.873545046895742416e-03
3.249175380915403366e-03
3.194862278178334236e-03
2.860317705199122429e-03
3.946179524064064026e-03
3.237978555262088776e-03
3.094188636168837547e-03
2.869515214115381241e-03
3.871266497299075127e-03
3.175238845869898796e-03
2.887509996071457863e-03
3.307872451841831207e-03
2.997151110321283340e-03
2.884231973439455032e-03
3.493238706141710281e-03
3.290160326287150383e-03
2.883100183680653572e-03
3.042991738766431808e-03
2.878656843677163124e-03
3.120242850854992867e-03
2.924897475168108940e-03
2.849268727004528046e-03
3.589250147342681885e-03
3.018934279680252075e-03
2.868544775992631912e-03
3.538543824106454849e-03
3.056479385122656822e-03
2.844011643901467323e-03
3.756163874641060829e-03
3.158979583531618118e-03
2.873375779017806053e-03
2.922985004261136055e-03
3.312121145427227020e-03
2.840713597834110260e-03
2.841351553797721863e-03
5.740746390074491501e-03
3.221337217837572098e-03
2.839790191501379013e-03
2.840769942849874496e-03
2.837860258296132088e-03
2.835680032148957253e-03
2.832948230206966400e-03
2.831659978255629539e-03
3.025460289791226387e-03
3.827805165201425552e-03
3.084441414102911949e-03
2.866852562874555588e-03
2.840267727151513100e-03
2.836500294506549835e-03
2.833633683621883392e-03
2.831782214343547821e-03
2.830276964232325554e-03
2.829976379871368408e-03
2.828154014423489571e-03
2.829016419127583504e-03
2.939635887742042542e-03
2.905591391026973724e-03
2.866311697289347649e-03
3.093275940045714378e-03
2.883426612243056297e-03
2.953575458377599716e-03
2.915757941082119942e-03
2.972797490656375885e-03
2.823809627443552017e-03
2.904616994783282280e-03
3.779009217396378517e-03
2.972506918013095856e-03
2.876819577068090439e-03
2.870232565328478813e-03
3.330669831484556198e-03
2.823777031153440475e-03
3.528990782797336578e-03
3.213452408090233803e-03
2.999070100486278534e-03
2.847844269126653671e-03
3.230463946238160133e-03
2.979581477120518684e-03
2.850204939022660255e-03
3.167302347719669342e-03
3.085312200710177422e-03
2.896028803661465645e-03
3.351073013618588448e-03
2.864092588424682617e-03
3.272709436714649200e-03
2.942667109891772270e-03
3.319118404760956764e-03
2.839884022250771523e-03
3.245507366955280304e-03
3.029532963410019875e-03
2.909863833338022232e-03
2.827793126925826073e-03
2.811481710523366928e-03
3.407441079616546631e-03
2.830502344295382500e-03
3.347386373206973076e-03
3.269827924668788910e-03
2.817503642290830612e-03
3.392092650756239891e-03
3.247559070587158203e-03
2.809717319905757904e-03
4.154332447797060013e-03
2.903363434597849846e-03
2.806942677125334740e-03
2.977094613015651703e-03
2.879633568227291107e-03
3.250880865380167961e-03
2.803890034556388855e-03
2.808025805279612541e-03
2.799729118123650551e-03
3.562779631465673447e-03
3.367256140336394310e-03
2.824133262038230896e-03
2.811150625348091125e-03
2.801449270918965340e-03
2.799186855554580688e-03
2.799589652568101883e-03
2.798785688355565071e-03
2.880208659917116165e-03
2.892797347158193588e-03
3.072834108024835587e-03
2.825267845764756203e-03
3.450725926086306572e-03
2.812781836837530136e-03
2.826502313837409019e-03
3.573185997083783150e-03
3.204139648005366325e-03
2.793126972392201424e-03
2.815103391185402870e-03
2.907884772866964340e-03
3.455382073298096657e-03
2.846208168193697929e-03
2.806296804919838905e-03
2.803734270855784416e-03
4.102623090147972107e-03
2.947861794382333755e-03
2.819968620315194130e-03
2.789972582831978798e-03
4.897734615951776505e-03
2.968977438285946846e-03
2.786552533507347107e-03
2.788539975881576538e-03
2.789461985230445862e-03
3.402038477361202240e-03
3.042625263333320618e-03
2.813433995470404625e-03
2.796586835756897926e-03
2.790028695017099380e-03
3.241116646677255630e-03
2.883537439629435539e-03
2.817292697727680206e-03
3.413205267861485481e-03
2.907488960772752762e-03
2.958436729386448860e-03
2.835034392774105072e-03
3.058312693610787392e-03
2.780225593596696854e-03
2.873975317925214767e-03
2.879661740735173225e-03
2.906568115577101707e-03
2.871871693059802055e-03
2.889540512114763260e-03
2.814855426549911499e-03
2.950238529592752457e-03
2.818858949467539787e-03
2.806971082463860512e-03
3.235218813642859459e-03
2.894753823056817055e-03
3.138062078505754471e-03
2.945803804323077202e-03
2.792808692902326584e-03
3.593756351619958878e-03
3.046100493520498276e-03
2.770758932456374168e-03
2.777119399979710579e-03
4.276911728084087372e-03
2.943347208201885223e-03
2.793350489810109138e-03
2.770314924418926239e-03
2.768633421510457993e-03
2.770179882645606995e-03
4.806400276720523834e-03
3.040584502741694450e-03
2.839780179783701897e-03
2.812010236084461212e-03
2.976446179673075676e-03
2.823800547048449516e-03
2.824134891852736473e-03
3.164133289828896523e-03
3.036101115867495537e-03
2.771270927041769028e-03
3.313931869342923164e-03
2.851534634828567505e-03
2.779186237603425980e-03
3.360574832186102867e-03
2.968627493828535080e-03
2.785179764032363892e-03
2.759101800620555878e-03
2.771259285509586334e-03
4.927009809762239456e-03
2.948157489299774170e-03
2.775952918455004692e-03
2.761406358331441879e-03
2.758296439424157143e-03
2.756893401965498924e-03
2.755396068096160889e-03
2.755375811830163002e-03
2.827811520546674728e-03
3.079612506553530693e-03
2.770782215520739555e-03
2.759621711447834969e-03
2.760789357125759125e-03
2.754598855972290039e-03
2.752155531197786331e-03
2.751408610492944717e-03
2.749940613284707069e-03
7.144200149923563004e-03
2.868275390937924385e-03
2.754412591457366943e-03
2.764494856819510460e-03
2.749886130914092064e-03
2.749009756371378899e-03
2.748050494119524956e-03
2.746625337749719620e-03
3.450258867815136909e-03
4.242955241352319717e-03
2.798765664920210838e-03
2.766099292784929276e-03
2.753990469500422478e-03
2.749771578237414360e-03
2.748011611402034760e-03
2.746773185208439827e-03
2.745391568168997765e-03
2.746143611147999763e-03
2.746341051533818245e-03
2.743982709944248199e-03
2.741253003478050232e-03
6.025196518748998642e-03
2.836784347891807556e-03
2.811921760439872742e-03
2.750137355178594589e-03
2.745893085375428200e-03
2.738878596574068069e-03
2.737694885581731796e-03
7.767904549837112427e-03
3.528583329170942307e-03
2.744137076660990715e-03
2.756957197561860085e-03
2.740602241829037666e-03
2.738271839916706085e-03
2.736724214628338814e-03
2.736758207902312279e-03
2.734855515882372856e-03
2.733315806835889816e-03
6.969858426600694656e-03
2.818274311721324921e-03
2.737455535680055618e-03
2.740924013778567314e-03
2.732854103669524193e-03
2.732857363298535347e-03
2.730921376496553421e-03
2.729780739173293114e-03
2.728771651163697243e-03
3.968712873756885529e-03
4.696552641689777374e-03
2.944341627880930901e-03
2.773097250610589981e-03
2.740379655733704567e-03
2.734536072239279747e-03
2.732901601120829582e-03
2.731225453317165375e-03
2.730089239776134491e-03
2.729110419750213623e-03
2.728088758885860443e-03
2.727523446083068848e-03
2.726166741922497749e-03
2.725073834881186485e-03
2.724743215367197990e-03
2.724470105022192001e-03
2.745525445789098740e-03
3.216381650418043137e-03
2.812567399814724922e-03
2.755789319053292274e-03
2.740957774221897125e-03
3.071488114073872566e-03
2.779728267341852188e-03
2.730785403400659561e-03
3.852955764159560204e-03
2.916739089414477348e-03
2.761284355074167252e-03
2.739705378189682961e-03
3.897325601428747177e-03
2.896342193707823753e-03
2.732794266194105148e-03
2.788039389997720718e-03
2.737384755164384842e-03
2.738381037488579750e-03
2.909621922299265862e-03
2.730943728238344193e-03
2.724533900618553162e-03
2.719211857765913010e-03
3.157102037221193314e-03
2.860877430066466331e-03
2.725780010223388672e-03
3.370437305420637131e-03
2.813132014125585556e-03
2.922320971265435219e-03
2.962557366117835045e-03
2.749102888628840446e-03
3.058372996747493744e-03
2.735361224040389061e-03
4.040390253067016602e-03
2.889444120228290558e-03
2.719610929489135742e-03
2.865668619051575661e-03
3.003659425303339958e-03
2.708586631342768669e-03
3.101882757619023323e-03
2.733002649620175362e-03
2.750601153820753098e-03
2.769904443994164467e-03
2.777882385998964310e-03
2.730555366724729538e-03
2.706680912524461746e-03
2.721915720030665398e-03
2.925876528024673462e-03
2.736722119152545929e-03
2.746633486822247505e-03
2.714330330491065979e-03
3.039289731532335281e-03
3.307288745418190956e-03
2.714818110689520836e-03
2.705216407775878906e-03
2.716192975640296936e-03
2.700618933886289597e-03
2.702644094824790955e-03
8.440931327641010284e-03
3.240373451262712479e-03
2.770890714600682259e-03
2.717688214033842087e-03
2.700430341064929962e-03
2.700761891901493073e-03
2.698349067941308022e-03
2.697322284802794456e-03
2.698099706321954727e-03
2.729339990764856339e-03
4.832067992538213730e-03
2.791358157992362976e-03
2.698423108085989952e-03
2.697121351957321167e-03
2.696092939004302025e-03
2.696254756301641464e-03
2.694142516702413559e-03
2.693237503990530968e-03
2.692484995350241661e-03
2.771918894723057747e-03
3.338161390274763107e-03
2.699632430449128151e-03
2.701202873140573502e-03
2.693165326490998268e-03
2.691826317459344864e-03
2.690977184101939201e-03
2.690085442736744881e-03
2.689802786335349083e-03
2.688804408535361290e-03
7.273727096617221832e-03
2.895253011956810951e-03
2.701935824006795883e-03
2.708203624933958054e-03
2.688990440219640732e-03
2.687719417735934258e-03
2.690089633688330650e-03
2.695270581170916557e-03
5.552210379391908646e-03
3.211935283616185188e-03
2.692674985155463219e-03
2.686190884560346603e-03
2.684676321223378181e-03
2.685151062905788422e-03
2.685709390789270401e-03
2.687921049073338509e-03
5.189829971641302109e-03
2.789425896480679512e-03
2.696144860237836838e-03
2.685202518478035927e-03
2.684220671653747559e-03
2.682908670976758003e-03
2.681882120668888092e-03
2.681078389286994934e-03
2.680344041436910629e-03
2.680371282622218132e-03
2.679229248315095901e-03
3.908935934305191040e-03
2.785387216135859489e-03
2.724921097978949547e-03
2.683528931811451912e-03
2.951125381514430046e-03
3.016243921592831612e-03
2.726569306105375290e-03
2.740924712270498276e-03
2.674965886399149895e-03
5.200095474720001221e-03
3.280093194916844368e-03
2.677522366866469383e-03
2.679544966667890549e-03
2.675790805369615555e-03
2.676291624084115028e-03
2.898792969062924385e-03
2.854477614164352417e-03
2.779268659651279449e-03
2.744765719398856163e-03
3.592603374272584915e-03
3.008976811543107033e-03
2.695728791877627373e-03
2.675639232620596886e-03
5.127205047756433487e-03
2.951027359813451767e-03
2.699085976928472519e-03
2.677378710359334946e-03
2.683282596990466118e-03
4.359571728855371475e-03
2.677534474059939384e-03
2.725580707192420959e-03
2.739456482231616974e-03
3.325828816741704941e-03
2.917214063927531242e-03
2.707720734179019928e-03
2.665206557139754295e-03
3.023259574547410011e-03
2.669468754902482033e-03
2.696918789297342300e-03
2.676906064152717590e-03
2.665804699063301086e-03
2.662860089913010597e-03
2.662048209458589554e-03
2.663031686097383499e-03
4.967520944774150848e-03
2.736611990258097649e-03
2.667649416252970695e-03
2.662852406501770020e-03
2.671785186976194382e-03
2.658970188349485397e-03
2.658395096659660339e-03
2.659068908542394638e-03
7.766147144138813019e-03
2.869487972930073738e-03
2.668709959834814072e-03
2.677124692127108574e-03
2.662094542756676674e-03
2.660674508661031723e-03
2.659606980159878731e-03
2.658642362803220749e-03
2.657777164131402969e-03
2.656941069290041924e-03
2.656130585819482803e-03
2.655933611094951630e-03
2.654555719345808029e-03
2.653809729963541031e-03
2.652973169460892677e-03
2.652639988809823990e-03
8.587305434048175812e-03
3.253497881814837456e-03
2.693791408091783524e-03
2.653576666489243507e-03
2.652639523148536682e-03
2.653717529028654099e-03
2.650912385433912277e-03
2.650087466463446617e-03
2.649953123182058334e-03
2.648667199537158012e-03
3.067848505452275276e-03
3.977985586971044540e-03
2.882467582821846008e-03
2.676331438124179840e-03
2.650322159752249718e-03
2.649796428158879280e-03
2.648388734087347984e-03
2.647556364536285400e-03
2.646740991622209549e-03
2.646126318722963333e-03
2.645182423293590546e-03
2.650700509548187256e-03
3.237165510654449463e-03
2.745321718975901604e-03
2.683188766241073608e-03
2.650765934959053993e-03
2.643221523612737656e-03
2.642519306391477585e-03
2.641593804582953453e-03
2.878322033211588860e-03
4.528815392404794693e-03
2.816234016790986061e-03
2.661566017195582390e-03
2.644294174388051033e-03
2.642535371705889702e-03
2.641624538227915764e-03
2.640721853822469711e-03
2.639906015247106552e-03
2.639087382704019547e-03
2.644516527652740479e-03
2.637563738971948624e-03
2.638708800077438354e-03
5.323501303791999817e-03
3.629656974226236343e-03
2.797216176986694336e-03
2.651529619470238686e-03
2.640238963067531586e-03
2.637875033542513847e-03
2.637021010741591454e-03
2.636171877384185791e-03
2.635320648550987244e-03
2.634737640619277954e-03
2.635540673509240150e-03
2.632981399074196815e-03
2.632914809510111809e-03
2.723385812714695930e-03
3.882312914356589317e-03
2.744153374806046486e-03
2.646770561113953590e-03
2.634791191667318344e-03
2.633230760693550110e-03
2.632368588820099831e-03
2.631498733535408974e-03
2.630738541483879089e-03
2.630655886605381966e-03
2.629191381856799126e-03
2.634198172017931938e-03
2.628612797707319260e-03
2.626928268000483513e-03
9.049188345670700073e-03
2.750649582594633102e-03
2.767296507954597473e-03
2.642632229253649712e-03
2.631796523928642273e-03
2.629657741636037827e-03
2.628632821142673492e-03
2.627726178616285324e-03
2.626917324960231781e-03
2.626118948683142662e-03
2.625298220664262772e-03
2.625752938911318779e-03
2.624077489599585533e-03
2.623002976179122925e-03
2.622169908136129379e-03
2.621546620503067970e-03
6.462787743657827377e-03
3.332990920171141624e-03
2.625605557113885880e-03
2.638696925714612007e-03
2.623142441734671593e-03
2.622144529595971107e-03
2.620942657813429832e-03
2.620104234665632248e-03
2.622744999825954437e-03
2.619129372760653496e-03
2.617854159325361252e-03
2.619192935526371002e-03
6.158314645290374756e-03
2.683203900232911110e-03
2.655408577993512154e-03
2.622189698740839958e-03
2.618611557409167290e-03
2.617147751152515411e-03
2.616292564198374748e-03
2.615486271679401398e-03
2.615041797980666161e-03
2.615470672026276588e-03
2.613508841022849083e-03
2.621644409373402596e-03
5.759936291724443436e-03
2.837368519976735115e-03
2.622934756800532341e-03
2.615800825878977776e-03
2.614715369418263435e-03
2.613770309835672379e-03
2.612936543300747871e-03
2.612414536997675896e-03
2.611631993204355240e-03
2.610595431178808212e-03
2.609770279377698898e-03
2.608968876302242279e-03
2.608158160001039505e-03
5.618306808173656464e-03
2.649555914103984833e-03
2.702309517189860344e-03
2.615922596305608749e-03
2.608724171295762062e-03
2.607873175293207169e-03
2.607041969895362854e-03
2.606257796287536621e-03
2.606436377391219139e-03
2.606114139780402184e-03
2.603980014100670815e-03
3.255030373111367226e-03
2.689029788598418236e-03
2.803483046591281891e-03
2.624684711918234825e-03
2.607022179290652275e-03
2.605921821668744087e-03
2.605038229376077652e-03
2.604365814477205276e-03
2.603363711386919022e-03
2.602541586384177208e-03
2.601772546768188477e-03
2.600963460281491280e-03
2.600150182843208313e-03
2.670998917892575264e-03
2.645766362547874451e-03
2.602858701720833778e-03
2.609319053590297699e-03
2.608884824439883232e-03
2.620266051962971687e-03
2.776487963274121284e-03
2.607407048344612122e-03
2.598631428554654121e-03
2.597538987174630165e-03
2.596603240817785263e-03
2.595219295471906662e-03
2.594799967482686043e-03
1.278194226324558258e-02
3.498513717204332352e-03
2.629222581163048744e-03
2.607448957860469818e-03
2.599063562229275703e-03
2.596647944301366806e-03
2.595802769064903259e-03
2.595008118078112602e-03
2.594223711639642715e-03
2.593366662040352821e-03
2.592508215457201004e-03
2.591712400317192078e-03
2.590952673926949501e-03
2.591548720374703407e-03
4.954174160957336426e-03
2.869076095521450043e-03
2.635996090248227119e-03
2.589738694950938225e-03
2.599080093204975128e-03
3.438813611865043640e-03
2.864978043362498283e-03
2.601783256977796555e-03
2.600848209112882614e-03
3.283462487161159515e-03
2.888743299990892410e-03
2.591023920103907585e-03
2.657223260030150414e-03
3.484511980786919594e-03
2.615781966596841812e-03
2.606251277029514313e-03
2.639215905219316483e-03
2.897994127124547958e-03
2.695082221180200577e-03
2.626973669975996017e-03
2.605026122182607651e-03
2.657685661688446999e-03
2.679527737200260162e-03
2.637501340359449387e-03
2.584698842838406563e-03
2.584293484687805176e-03
2.583459950983524323e-03
2.582966815680265427e-03
7.402714341878890991e-03
3.333819564431905746e-03
2.582964720204472542e-03
2.588909817859530449e-03
2.580271102488040924e-03
2.579368883743882179e-03
2.578509738668799400e-03
2.577699255198240280e-03
2.578783780336380005e-03
2.576285274699330330e-03
2.575469901785254478e-03
2.844308968633413315e-03
4.252940881997346878e-03
2.641700906679034233e-03
2.580852014943957329e-03
2.581482753157615662e-03
2.575872698798775673e-03
2.575042657554149628e-03
2.574185142293572426e-03
2.573452424257993698e-03
2.573009813204407692e-03
2.572230296209454536e-03
2.573233330622315407e-03
3.190847812220454216e-03
2.761622192338109016e-03
2.603334607556462288e-03
2.577564911916851997e-03
2.571433084085583687e-03
2.570113167166709900e-03
2.569065894931554794e-03
2.568220254033803940e-03
2.847071969881653786e-03
2.698270836845040321e-03
2.603869885206222534e-03
2.579723717644810677e-03
2.569199306890368462e-03
2.567335730418562889e-03
2.566531999036669731e-03
2.565662376582622528e-03
2.635010518133640289e-03
2.832810394465923309e-03
2.643743064254522324e-03
2.568325959146022797e-03
2.564791822806000710e-03
2.566044917330145836e-03
2.615131903439760208e-03
3.982518799602985382e-03
2.749690786004066467e-03
2.583662280812859535e-03
2.563669346272945404e-03
2.562975045293569565e-03
2.561258617788553238e-03
2.560839289799332619e-03
2.559656742960214615e-03
2.558838343247771263e-03
5.400603637099266052e-03
3.092666622251272202e-03
2.608033129945397377e-03
2.564156893640756607e-03
2.561375265941023827e-03
2.560399239882826805e-03
2.559377811849117279e-03
2.558520995080471039e-03
2.557969884946942329e-03
2.557089319452643394e-03
2.556117018684744835e-03
2.555466955527663231e-03
2.555867657065391541e-03
4.897432401776313782e-03
2.582310931757092476e-03
2.603499684482812881e-03
2.570977434515953064e-03
2.556300256401300430e-03
2.554598497226834297e-03
2.553391503170132637e-03
2.552557503804564476e-03
2.553372643887996674e-03
2.553310943767428398e-03
2.745448146015405655e-03
3.490044269710779190e-03
2.623148495331406593e-03
2.567128045484423637e-03
2.554718870669603348e-03
2.551273675635457039e-03
2.550363307818770409e-03
2.549595199525356293e-03
2.548875287175178528e-03
2.548613818362355232e-03
2.547170501202344894e-03
2.565716160461306572e-03
4.458529409021139145e-03
2.841751324012875557e-03
2.561495406553149223e-03
2.548832446336746216e-03
2.548708580434322357e-03
2.547176321968436241e-03
2.546223346143960953e-03
2.545435447245836258e-03
2.544646617025136948e-03
2.544463844969868660e-03
2.543862210586667061e-03
2.546030795201659203e-03
2.627864712849259377e-03
2.672977279871702194e-03
2.571467775851488113e-03
2.549694152548909187e-03
2.545244991779327393e-03
2.543329494073987007e-03
2.542573725804686546e-03
2.541788853704929352e-03
2.541260793805122375e-03
2.540210029110312462e-03
2.540487796068191528e-03
2.542625414207577705e-03
7.616146933287382126e-03
3.040227107703685760e-03
2.605576068162918091e-03
2.547944430261850357e-03
2.542921109125018120e-03
2.538113621994853020e-03
2.537334337830543518e-03
2.537305932492017746e-03
2.535857260227203369e-03
3.823965089395642281e-03
3.149808384478092194e-03
2.558593172580003738e-03
2.552905352786183357e-03
2.535384614020586014e-03
2.534488914534449577e-03
2.533614868298172951e-03
2.532949438318610191e-03
2.935079392045736313e-03
3.797488985583186150e-03
2.541270339861512184e-03
2.551629208028316498e-03
2.535165520384907722e-03
2.533773193135857582e-03
2.531990641728043556e-03
2.534063998609781265e-03
2.530405297875404358e-03
2.530629746615886688e-03
2.530949655920267105e-03
7.812357973307371140e-03
2.747279126197099686e-03
2.557766158133745193e-03
2.536731073632836342e-03
2.530244179069995880e-03
2.528978046029806137e-03
2.528563141822814941e-03
2.527720062062144279e-03
2.526258584111928940e-03
2.816716441884636879e-03
3.041436197236180305e-03
2.624260727316141129e-03
2.552019199356436729e-03
2.531353384256362915e-03
2.526193624362349510e-03
2.537096152082085609e-03
4.666693042963743210e-03
2.769105602055788040e-03
2.529746387153863907e-03
2.524623880162835121e-03
2.523555886000394821e-03
2.522837137803435326e-03
2.522197784855961800e-03
2.525052754208445549e-03
2.523206640034914017e-03
2.534142695367336273e-03
5.089240148663520813e-03
2.526686992496252060e-03
2.555838553234934807e-03
2.521697431802749634e-03
2.520465524867177010e-03
2.520111389458179474e-03
2.519059227779507637e-03
2.517918124794960022e-03
2.517257351428270340e-03
2.533474005758762360e-03
2.524047391489148140e-03
2.690596273168921471e-03
2.524008043110370636e-03
2.522823167964816093e-03
2.516742562875151634e-03
2.517547458410263062e-03
2.514706458896398544e-03
7.510516792535781860e-03
3.102228278294205666e-03
2.545216120779514313e-03
2.516247099265456200e-03
2.514591673389077187e-03
2.513899933546781540e-03
2.512969542294740677e-03
2.512387465685606003e-03
2.519329544156789780e-03
3.937710542231798172e-03
2.558621112257242203e-03
2.589951967820525169e-03
2.554714446887373924e-03
2.671030582860112190e-03
2.723054727539420128e-03
2.522986382246017456e-03
2.553031314164400101e-03
2.548496704548597336e-03
3.718719817698001862e-03
2.687060972675681114e-03
2.539226785302162170e-03
2.509533427655696869e-03
2.511783270165324211e-03
7.290307898074388504e-03
2.877644496038556099e-03
2.577333943918347359e-03
2.521402901038527489e-03
2.506435383111238480e-03
2.506228862330317497e-03
2.504682866856455803e-03
2.505086362361907959e-03
2.506719436496496201e-03
4.462886136025190353e-03
2.849045442417263985e-03
2.535907784476876259e-03
2.504131523892283440e-03
2.504436066374182701e-03
2.502493094652891159e-03
2.501287497580051422e-03
3.158561419695615768e-03
2.747352235019207001e-03
2.573439385741949081e-03
2.500661881640553474e-03
2.501091454178094864e-03
3.978930879384279251e-03
2.901288215070962906e-03
2.572354627773165703e-03
2.500796690583229065e-03
2.498754765838384628e-03
2.519220579415559769e-03
2.497153356671333313e-03
4.841872490942478180e-03
2.969139488413929939e-03
2.498453948646783829e-03
2.499117283150553703e-03
2.497183391824364662e-03
2.497341949492692947e-03
2.494853921234607697e-03
6.048739422112703323e-03
2.529321238398551941e-03
2.541704336181282997e-03
2.502707531675696373e-03
