3.078079596161842346e-02
2.686678990721702576e-02
2.638621814548969269e-02
2.630469575524330139e-02
2.627060748636722565e-02
2.625166811048984528e-02
2.624219655990600586e-02
2.623445168137550354e-02
2.622821554541587830e-02
2.622258476912975311e-02
2.621723897755146027e-02
2.621207013726234436e-02
2.620687335729598999e-02
2.620130591094493866e-02
2.619474567472934723e-02
2.618585713207721710e-02
2.617968246340751648e-02
2.617379836738109589e-02
2.616799622774124146e-02
2.616230584681034088e-02
2.615666761994361877e-02
2.615111507475376129e-02
2.614537626504898071e-02
2.613943256437778473e-02
2.613256871700286865e-02
2.612634375691413879e-02
2.612033672630786896e-02
2.611448615789413452e-02
2.610869705677032471e-02
2.610299549996852875e-02
2.609735541045665741e-02
2.609176747500896454e-02
2.608639560639858246e-02
2.608083188533782959e-02
2.607546374201774597e-02
2.607009187340736389e-02
2.606478706002235413e-02
2.605951391160488129e-02
2.605419605970382690e-02
2.604906447231769562e-02
2.604362741112709045e-02
2.603850141167640686e-02
2.603344060480594635e-02
2.602818422019481659e-02
2.602296695113182068e-02
2.601788938045501709e-02
2.601285278797149658e-02
2.600777894258499146e-02
2.600268647074699402e-02
2.599756419658660889e-02
2.599234692752361298e-02
2.598719112575054169e-02
2.598215267062187195e-02
2.597663551568984985e-02
2.597145177423954010e-02
2.596647664904594421e-02
2.596162073314189911e-02
2.595621906220912933e-02
2.595079131424427032e-02
2.594547718763351440e-02
2.594046480953693390e-02
2.593562752008438110e-02
2.592974901199340820e-02
2.592465467751026154e-02
2.591945976018905640e-02
2.591424249112606049e-02
2.590885199606418610e-02
2.590296603739261627e-02
2.589760534465312958e-02
2.589222043752670288e-02
2.588724717497825623e-02
2.588102780282497406e-02
2.587592415511608124e-02
2.587027102708816528e-02
2.586470916867256165e-02
2.585940621793270111e-02
2.585337497293949127e-02
2.584692090749740601e-02
2.584224380552768707e-02
2.582341060042381287e-02
2.581576630473136902e-02
2.581007033586502075e-02
2.580416575074195862e-02
2.579805813729763031e-02
2.579291723668575287e-02
2.578741498291492462e-02
2.578134089708328247e-02
2.577500976622104645e-02
2.576844394207000732e-02
2.576282992959022522e-02
2.575865760445594788e-02
2.575164102017879486e-02
2.574685961008071899e-02
2.574042044579982758e-02
2.573371864855289459e-02
2.572824992239475250e-02
2.572320587933063507e-02
2.571751177310943604e-02
2.571156807243824005e-02
2.570676617324352264e-02
2.570075727999210358e-02
2.569460868835449219e-02
2.568953484296798706e-02
2.568548731505870819e-02
2.567538246512413025e-02
2.566986531019210815e-02
2.566308528184890747e-02
2.565871924161911011e-02
2.565413340926170349e-02
2.564916014671325684e-02
2.564388327300548553e-02
2.563883922994136810e-02
2.563390880823135376e-02
2.562875673174858093e-02
2.562654949724674225e-02
2.562169544398784637e-02
2.561649493873119354e-02
2.561102621257305145e-02
2.560696192085742950e-02
2.560229226946830750e-02
2.559906058013439178e-02
2.559409849345684052e-02
2.558913826942443848e-02
2.558558434247970581e-02
2.558182366192340851e-02
2.557663992047309875e-02
2.557462267577648163e-02
2.557079121470451355e-02
2.556470967829227448e-02
2.556032128632068634e-02
2.555597014725208282e-02
2.555118314921855927e-02
2.554729580879211426e-02
2.554324828088283539e-02
2.553882636129856110e-02
2.553503587841987610e-02
2.553144656121730804e-02
2.553318254649639130e-02
2.553706802427768707e-02
2.551996894180774689e-02
2.551707997918128967e-02
2.551147341728210449e-02
2.550757117569446564e-02
2.550540305674076080e-02
2.549900859594345093e-02
2.549669705331325531e-02
2.549010142683982849e-02
2.549049071967601776e-02
2.548157982528209686e-02
2.547881007194519043e-02
2.547336183488368988e-02
2.546910196542739868e-02
2.546621114015579224e-02
2.546310238540172577e-02
2.546133473515510559e-02
2.545543387532234192e-02
2.544985525310039520e-02
2.544513531029224396e-02
2.544271573424339294e-02
2.543751150369644165e-02
2.543351426720619202e-02
2.543045580387115479e-02
2.543545700609683990e-02
2.542167529463768005e-02
2.541757933795452118e-02
2.541452832520008087e-02
2.541019767522811890e-02
2.540685981512069702e-02
2.540234848856925964e-02
2.540007978677749634e-02
2.539644762873649597e-02
2.539087459444999695e-02
2.539493702352046967e-02
2.539409697055816650e-02
2.538295090198516846e-02
2.537639439105987549e-02
2.537248097360134125e-02
2.536927908658981323e-02
2.536805532872676849e-02
2.536260336637496948e-02
2.535783126950263977e-02
2.535403706133365631e-02
2.535053715109825134e-02
2.534655481576919556e-02
2.534285001456737518e-02
2.535302005708217621e-02
2.533578127622604370e-02
2.533202804625034332e-02
2.532890811562538147e-02
2.532761730253696442e-02
2.532204799354076385e-02
2.532786503434181213e-02
2.532315626740455627e-02
2.532658167183399200e-02
2.531906776130199432e-02
2.530580945312976837e-02
2.530027925968170166e-02
2.529624477028846741e-02
2.529509365558624268e-02
2.529047243297100067e-02
2.528807707130908966e-02
2.528337575495243073e-02
2.529245801270008087e-02
2.527906373143196106e-02
2.527225576341152191e-02
2.528140693902969360e-02
2.526893652975559235e-02
2.526212856173515320e-02
2.529190480709075928e-02
2.525782771408557892e-02
2.525268681347370148e-02
2.525395713746547699e-02
2.525945007801055908e-02
2.524292096495628357e-02
2.524263411760330200e-02
2.523677982389926910e-02
2.527232468128204346e-02
2.523088827729225159e-02
2.522667683660984039e-02
2.522365748882293701e-02
2.522201836109161377e-02
2.524905838072299957e-02
2.524210885167121887e-02
2.522716671228408813e-02
2.520910836756229401e-02
2.520649135112762451e-02
2.520240470767021179e-02
2.519495971500873566e-02
2.518932335078716278e-02
2.518967352807521820e-02
2.519247867166996002e-02
2.518748119473457336e-02
2.517701312899589539e-02
2.517620101571083069e-02
2.517172321677207947e-02
2.516780234873294830e-02
2.516533806920051575e-02
2.516421303153038025e-02
2.516067959368228912e-02
2.515627257525920868e-02
2.515794523060321808e-02
2.515239082276821136e-02
2.514786086976528168e-02
2.516490593552589417e-02
2.514189667999744415e-02
2.513896673917770386e-02
2.519080415368080139e-02
2.513711340725421906e-02
2.513070404529571533e-02
2.512864768505096436e-02
2.512483671307563782e-02
2.515198662877082825e-02
2.512302435934543610e-02
2.511799521744251251e-02
2.511591091752052307e-02
2.511229924857616425e-02
2.511292323470115662e-02
2.510666102170944214e-02
2.511958405375480652e-02
2.510421536862850189e-02
2.509797737002372742e-02
2.512068673968315125e-02
2.507217787206172943e-02
2.506042830646038055e-02
2.505217120051383972e-02
2.504351548850536346e-02
2.509158849716186523e-02
2.502701990306377411e-02
2.502053603529930115e-02
2.500899694859981537e-02
2.499926462769508362e-02
2.499050647020339966e-02
2.498102933168411255e-02
2.501917071640491486e-02
2.497147955000400543e-02
2.495326288044452667e-02
2.494547702372074127e-02
2.494253590703010559e-02
2.493302710354328156e-02
2.492424100637435913e-02
2.490939013659954071e-02
2.491010352969169617e-02
2.489377744495868683e-02
2.488589286804199219e-02
2.489423379302024841e-02
2.489292249083518982e-02
2.486138604581356049e-02
2.485233731567859650e-02
2.484330162405967712e-02
2.487397938966751099e-02
2.482825517654418945e-02
2.482233010232448578e-02
2.481353655457496643e-02
2.484115399420261383e-02
2.480554021894931793e-02
2.479091100394725800e-02
2.479054778814315796e-02
2.477921359241008759e-02
2.477350458502769470e-02
2.479292452335357666e-02
2.478093840181827545e-02
2.477203123271465302e-02
2.475413307547569275e-02
2.474402822554111481e-02
2.473879046738147736e-02
2.472526207566261292e-02
2.471913583576679230e-02
2.471690811216831207e-02
2.470650896430015564e-02
2.470617368817329407e-02
2.469415590167045593e-02
2.469060197472572327e-02
2.468584477901458740e-02
2.469993755221366882e-02
2.467173524200916290e-02
2.467316761612892151e-02
2.466925047338008881e-02
2.466726489365100861e-02
2.465167827904224396e-02
2.464329637587070465e-02
2.464361302554607391e-02
2.464276552200317383e-02
2.463879436254501343e-02
2.462466247379779816e-02
2.461910620331764221e-02
2.461558394134044647e-02
2.460826560854911804e-02
2.460408583283424377e-02
2.461882121860980988e-02
2.459687925875186920e-02
2.458948269486427307e-02
2.458511292934417725e-02
2.457877062261104584e-02
2.459102496504783630e-02
2.458109334111213684e-02
2.456894889473915100e-02
2.455959841609001160e-02
2.457366324961185455e-02
2.455541677772998810e-02
2.454595267772674561e-02
2.459559775888919830e-02
2.453775331377983093e-02
2.454759739339351654e-02
2.453994378447532654e-02
2.452747151255607605e-02
2.452019229531288147e-02
2.451571077108383179e-02
2.451168559491634369e-02
2.450741268694400787e-02
2.450384013354778290e-02
2.450347319245338440e-02
2.449903450906276703e-02
2.449146844446659088e-02
2.450270578265190125e-02
2.448586001992225647e-02
2.448113076388835907e-02
2.447620034217834473e-02
2.448911406099796295e-02
2.450710348784923553e-02
2.446501515805721283e-02
2.446112968027591705e-02
2.445763163268566132e-02
2.445449493825435638e-02
2.445152774453163147e-02
2.445119060575962067e-02
2.444460429251194000e-02
2.444970048964023590e-02
2.444938383996486664e-02
2.443393319845199585e-02
2.443282492458820343e-02
2.443683892488479614e-02
2.442491613328456879e-02
2.444718778133392334e-02
2.443866617977619171e-02
2.442952618002891541e-02
2.441315725445747375e-02
2.440881170332431793e-02
2.440636605024337769e-02
2.440174296498298645e-02
2.439867891371250153e-02
2.440045960247516632e-02
2.440536580979824066e-02
2.439103461802005768e-02
2.438657917082309723e-02
2.440704032778739929e-02
2.440069243311882019e-02
2.438714727759361267e-02
2.438136935234069824e-02
2.437337674200534821e-02
2.436930313706398010e-02
2.436717785894870758e-02
2.437886968255043030e-02
2.436634525656700134e-02
2.435910142958164215e-02
2.435963042080402374e-02
2.435572631657123566e-02
2.437166124582290649e-02
2.434747479856014252e-02
2.434814162552356720e-02
2.434076741337776184e-02
2.435470744967460632e-02
2.433666400611400604e-02
2.435497194528579712e-02
2.433205582201480865e-02
2.432827465236186981e-02
2.432734332978725433e-02
2.434751205146312714e-02
2.433536946773529053e-02
2.433228679001331329e-02
2.431598864495754242e-02
2.433178760111331940e-02
2.432709559798240662e-02
2.431178651750087738e-02
2.430691570043563843e-02
2.430766448378562927e-02
2.431826852262020111e-02
2.430272661149501801e-02
2.433180809020996094e-02
2.432322874665260315e-02
2.429273352026939392e-02
2.429139241576194763e-02
2.429304644465446472e-02
2.430117875337600708e-02
2.429872937500476837e-02
2.428274229168891907e-02
2.429186366498470306e-02
2.428336814045906067e-02
2.427989430725574493e-02
2.427643351256847382e-02
2.427888847887516022e-02
2.428513951599597931e-02
2.429158985614776611e-02
2.426761202514171600e-02
2.426387183368206024e-02
2.426226250827312469e-02
2.425946108996868134e-02
2.425772882997989655e-02
2.426267229020595551e-02
2.425817213952541351e-02
2.425515465438365936e-02
2.425391413271427155e-02
2.425577491521835327e-02
2.424661442637443542e-02
2.424630895256996155e-02
2.424285747110843658e-02
2.424449287354946136e-02
2.423945069313049316e-02
2.425153367221355438e-02
2.423916757106781006e-02
2.423677965998649597e-02
2.423349954187870026e-02
2.425036765635013580e-02
2.424497902393341064e-02
2.422920241951942444e-02
2.422613650560379028e-02
2.422391623258590698e-02
2.422266453504562378e-02
2.422400750219821930e-02
2.422803640365600586e-02
2.422895468771457672e-02
2.421590127050876617e-02
2.421461045742034912e-02
2.421568147838115692e-02
2.421836555004119873e-02
2.421119809150695801e-02
2.421263977885246277e-02
2.420652471482753754e-02
2.421226911246776581e-02
2.420881390571594238e-02
2.420517429709434509e-02
2.419998310506343842e-02
2.420302480459213257e-02
2.423523366451263428e-02
2.419862337410449982e-02
2.420971728861331940e-02
2.421069145202636719e-02
2.419486641883850098e-02
2.418898232281208038e-02
2.418741025030612946e-02
2.427203953266143799e-02
2.421032823622226715e-02
2.420077286660671234e-02
2.419797517359256744e-02
2.418291941285133362e-02
2.417931705713272095e-02
2.417809329926967621e-02
2.417680807411670685e-02
2.417534217238426208e-02
2.418602257966995239e-02
2.417435497045516968e-02
2.417183853685855865e-02
2.418127469718456268e-02
2.417718246579170227e-02
2.417249418795108795e-02
2.417138777673244476e-02
2.417828515172004700e-02
2.418704703450202942e-02
2.416614629328250885e-02
2.416480332612991333e-02
2.417038753628730774e-02
2.416106127202510834e-02
2.417672984302043915e-02
2.416573092341423035e-02
2.416158840060234070e-02
2.415596134960651398e-02
2.416176535189151764e-02
2.415281534194946289e-02
2.415894158184528351e-02
2.417254075407981873e-02
2.415004000067710876e-02
2.417084760963916779e-02
2.416205406188964844e-02
2.414724044501781464e-02
2.415844425559043884e-02
2.414618432521820068e-02
2.416609227657318115e-02
2.416325174272060394e-02
2.415192686021327972e-02
2.415173873305320740e-02
2.414101921021938324e-02
2.414105273783206940e-02
2.413789555430412292e-02
2.413927391171455383e-02
2.414360269904136658e-02
2.413823083043098450e-02
2.413799799978733063e-02
2.415253221988677979e-02
2.414396032691001892e-02
2.413862384855747223e-02
2.414258569478988647e-02
2.413332834839820862e-02
2.412943728268146515e-02
2.413093484938144684e-02
2.412769012153148651e-02
2.412536740303039551e-02
2.412991784512996674e-02
2.413986995816230774e-02
2.413555234670639038e-02
2.412499673664569855e-02
2.412505075335502625e-02
2.412164397537708282e-02
2.411976270377635956e-02
2.411900088191032410e-02
2.411820553243160248e-02
2.411932125687599182e-02
2.412217855453491211e-02
2.411785535514354706e-02
2.412839792668819427e-02
2.411969192326068878e-02
2.411408349871635437e-02
2.412627637386322021e-02
2.411186322569847107e-02
2.411719225347042084e-02
2.411455661058425903e-02
2.411158755421638489e-02
2.410862781107425690e-02
2.417536266148090363e-02
2.411106601357460022e-02
2.410697564482688904e-02
2.410787716507911682e-02
2.411455288529396057e-02
2.410680800676345825e-02
2.411632984876632690e-02
2.410486340522766113e-02
2.411915175616741180e-02
2.412061206996440887e-02
2.410540543496608734e-02
2.410054020583629608e-02
2.411937527358531952e-02
2.410561032593250275e-02
2.409897372126579285e-02
2.410917356610298157e-02
2.409932017326354980e-02
2.411297895014286041e-02
2.412787452340126038e-02
2.410674281418323517e-02
2.410173229873180389e-02
2.409407123923301697e-02
2.412741631269454956e-02
2.411268651485443115e-02
2.409841865301132202e-02
2.410312928259372711e-02
2.409210242331027985e-02
2.408974990248680115e-02
2.408890612423419952e-02
2.409523166716098785e-02
2.411981672048568726e-02
2.409009076654911041e-02
2.409277856349945068e-02
2.408633939921855927e-02
2.408599667251110077e-02
2.408466674387454987e-02
2.408527769148349762e-02
2.408377639949321747e-02
2.409772388637065887e-02
2.408341318368911743e-02
2.408333867788314819e-02
2.409305423498153687e-02
2.409300766885280609e-02
2.408960089087486267e-02
2.409009821712970734e-02
2.407912537455558777e-02
2.412342838943004608e-02
2.408577501773834229e-02
2.408504672348499298e-02
2.407805435359477997e-02
2.410406619310379028e-02
2.408435568213462830e-02
2.408023923635482788e-02
2.407521568238735199e-02
2.408652193844318390e-02
2.407607808709144592e-02
2.410961687564849854e-02
2.409529872238636017e-02
2.407539449632167816e-02
2.408163249492645264e-02
2.407811023294925690e-02
2.407090552151203156e-02
2.408267557621002197e-02
2.407083287835121155e-02
2.407936565577983856e-02
2.408301830291748047e-02
2.407611533999443054e-02
2.406992949545383453e-02
2.408417128026485443e-02
2.407082542777061462e-02
2.407886646687984467e-02
2.407075464725494385e-02
2.407450601458549500e-02
2.406915463507175446e-02
2.407483942806720734e-02
2.406647056341171265e-02
2.409267798066139221e-02
2.407565154135227203e-02
2.406322211027145386e-02
2.410328015685081482e-02
2.406927198171615601e-02
2.407484501600265503e-02
2.406357415020465851e-02
2.407624386250972748e-02
2.406681515276432037e-02
2.406038343906402588e-02
2.411970309913158417e-02
2.406507916748523712e-02
2.406170777976512909e-02
2.406359836459159851e-02
2.407508157193660736e-02
2.405815571546554565e-02
2.407203242182731628e-02
2.407781034708023071e-02
2.406364865601062775e-02
2.406004816293716431e-02
2.406800910830497742e-02
2.406169287860393524e-02
2.405905351042747498e-02
2.406442724168300629e-02
2.406359463930130005e-02
2.405427210032939911e-02
2.406378649175167084e-02
2.405778132379055023e-02
2.406308799982070923e-02
2.405455708503723145e-02
2.405865676701068878e-02
2.407266944646835327e-02
2.405239641666412354e-02
2.405179664492607117e-02
2.405657991766929626e-02
2.405485138297080994e-02
2.405388839542865753e-02
2.405562624335289001e-02
2.405173145234584808e-02
2.406680211424827576e-02
2.405388467013835907e-02
2.405462041497230530e-02
2.405672892928123474e-02
2.404871396720409393e-02
2.407237514853477478e-02
2.406083419919013977e-02
2.404884807765483856e-02
2.406174130737781525e-02
2.407328411936759949e-02
2.405846118927001953e-02
2.406169287860393524e-02
2.404892072081565857e-02
2.404746413230895996e-02
2.406309545040130615e-02
2.408860437572002411e-02
2.406360022723674774e-02
2.405629679560661316e-02
2.404531650245189667e-02
2.404572442173957825e-02
2.404404245316982269e-02
2.404372952878475189e-02
2.404586225748062134e-02
2.404854260385036469e-02
2.404400333762168884e-02
2.406319230794906616e-02
2.406979724764823914e-02
2.405248768627643585e-02
2.406371384859085083e-02
2.404334023594856262e-02
2.404757589101791382e-02
2.404467761516571045e-02
2.406091056764125824e-02
2.404159307479858398e-02
2.405649237334728241e-02
2.404176071286201477e-02
2.404458262026309967e-02
2.407386153936386108e-02
2.404744364321231842e-02
2.404160797595977783e-02
2.404103241860866547e-02
2.404055930674076080e-02
2.403865940868854523e-02
2.404712699353694916e-02
2.404998429119586945e-02
2.405119687318801880e-02
2.404248528182506561e-02
2.403961680829524994e-02
2.405300177633762360e-02
2.404312230646610260e-02
2.403692342340946198e-02
2.407890185713768005e-02
2.404097840189933777e-02
2.404450811445713043e-02
2.404125407338142395e-02
2.404395118355751038e-02
2.403967455029487610e-02
2.404825016856193542e-02
2.405738271772861481e-02
2.404885552823543549e-02
2.406386658549308777e-02
2.403740584850311279e-02
2.404261194169521332e-02
2.404636144638061523e-02
2.404882572591304779e-02
2.403490245342254639e-02
2.403463050723075867e-02
2.403899841010570526e-02
2.404085546731948853e-02
2.404050529003143311e-02
2.403911016881465912e-02
2.404231764376163483e-02
2.404431253671646118e-02
2.403532527387142181e-02
2.404389344155788422e-02
2.405215986073017120e-02
2.403507009148597717e-02
2.403850667178630829e-02
2.404052577912807465e-02
2.403281070291996002e-02
2.403698861598968506e-02
2.403511665761470795e-02
2.403083443641662598e-02
2.405398339033126831e-02
2.404288947582244873e-02
2.403094246983528137e-02
2.403616905212402344e-02
2.403839118778705597e-02
2.403873205184936523e-02
2.404807321727275848e-02
2.403071336448192596e-02
2.403031289577484131e-02
2.402951195836067200e-02
2.406227588653564453e-02
2.404055744409561157e-02
2.402852289378643036e-02
2.402829937636852264e-02
2.404686808586120605e-02
2.403059042990207672e-02
2.404133789241313934e-02
2.404619753360748291e-02
2.402873337268829346e-02
2.402980439364910126e-02
2.402811124920845032e-02
2.402698621153831482e-02
2.402689866721630096e-02
2.402716130018234253e-02
2.402750588953495026e-02
2.402747794985771179e-02
2.403769083321094513e-02
2.405088208615779877e-02
2.403144165873527527e-02
2.402585744857788086e-02
2.402839995920658112e-02
2.402723766863346100e-02
2.402660809457302094e-02
2.402810379862785339e-02
2.402515336871147156e-02
2.402600832283496857e-02
2.403291314840316772e-02
2.402735687792301178e-02
2.402890473604202271e-02
2.402454055845737457e-02
2.403594180941581726e-02
2.402606606483459473e-02
2.402561716735363007e-02
2.402578853070735931e-02
2.404791116714477539e-02
2.404027618467807770e-02
2.403270639479160309e-02
2.402861602604389191e-02
2.402955666184425354e-02
2.402584999799728394e-02
2.405431866645812988e-02
2.403484471142292023e-02
2.402544207870960236e-02
2.402238547801971436e-02
2.402483485639095306e-02
2.406056225299835205e-02
2.402331680059432983e-02
2.402300015091896057e-02
2.402164600789546967e-02
2.402197755873203278e-02
2.402138151228427887e-02
2.405273169279098511e-02
2.402625046670436859e-02
2.402534522116184235e-02
2.403440140187740326e-02
2.403044328093528748e-02
2.402350679039955139e-02
2.405363321304321289e-02
2.403118275105953217e-02
2.402990125119686127e-02
2.403305470943450928e-02
2.403231896460056305e-02
2.402303181588649750e-02
2.402576617896556854e-02
2.402334846556186676e-02
2.402143180370330811e-02
2.402866445481777191e-02
2.401956915855407715e-02
2.406172268092632294e-02
2.402542158961296082e-02
2.402589097619056702e-02
2.402156963944435120e-02
2.402834221720695496e-02
2.402280457317829132e-02
2.403607591986656189e-02
2.403645776212215424e-02
2.401880174875259399e-02
2.405861020088195801e-02
2.403161861002445221e-02
2.403055317699909210e-02
2.402203530073165894e-02
2.402877621352672577e-02
2.402018941938877106e-02
2.401773259043693542e-02
2.404409460723400116e-02
2.402627281844615936e-02
2.401845343410968781e-02
2.404620870947837830e-02
2.403138205409049988e-02
2.401712164282798767e-02
2.403715997934341431e-02
2.404320240020751953e-02
2.402315475046634674e-02
2.403532154858112335e-02
2.402526699006557465e-02
2.401811629533767700e-02
2.402787841856479645e-02
2.403027564287185669e-02
2.401642315089702606e-02
2.402617782354354858e-02
2.404554374516010284e-02
2.402040548622608185e-02
2.401559427380561829e-02
2.403050288558006287e-02
2.402428165078163147e-02
2.402406744658946991e-02
2.401888743042945862e-02
2.401562221348285675e-02
2.404652908444404602e-02
2.402240782976150513e-02
2.402520366013050079e-02
2.402443438768386841e-02
2.401847392320632935e-02
2.401859499514102936e-02
2.401590906083583832e-02
2.401811443269252777e-02
2.401847951114177704e-02
2.401423826813697815e-02
2.401533536612987518e-02
2.402138710021972656e-02
2.401377633213996887e-02
2.403384260833263397e-02
2.401816099882125854e-02
2.402753196656703949e-02
2.402109280228614807e-02
2.402423135936260223e-02
2.401412464678287506e-02
2.402329072356224060e-02
2.401309274137020111e-02
2.402195706963539124e-02
2.402190491557121277e-02
2.401502430438995361e-02
2.402309514582157135e-02
2.401873096823692322e-02
2.401489391922950745e-02
2.401468344032764435e-02
2.403016015887260437e-02
2.401808649301528931e-02
2.402033284306526184e-02
2.401369623839855194e-02
2.401524223387241364e-02
2.402564883232116699e-02
2.402761578559875488e-02
2.402858436107635498e-02
2.403795719146728516e-02
2.401982620358467102e-02
2.401376143097877502e-02
2.401159331202507019e-02
2.401265315711498260e-02
2.401699312031269073e-02
2.402918599545955658e-02
2.402714081108570099e-02
2.405010350048542023e-02
2.402491681277751923e-02
2.402211353182792664e-02
2.401164360344409943e-02
2.401109039783477783e-02
2.401347085833549500e-02
2.401824295520782471e-02
2.401345223188400269e-02
2.403017133474349976e-02
2.401522733271121979e-02
2.402692474424839020e-02
2.401773631572723389e-02
2.401299402117729187e-02
2.402524277567863464e-02
2.401003055274486542e-02
2.403781376779079437e-02
2.402630262076854706e-02
2.401220984756946564e-02
2.401321195065975189e-02
2.403809130191802979e-02
2.402399107813835144e-02
2.401006035506725311e-02
2.404395863413810730e-02
2.401706948876380920e-02
2.401194721460342407e-02
2.402784861624240875e-02
2.400933392345905304e-02
2.403791062533855438e-02
2.402007021009922028e-02
2.401044219732284546e-02
2.401633560657501221e-02
2.401229552924633026e-02
2.402052842080593109e-02
2.401180379092693329e-02
2.401194348931312561e-02
2.401006221771240234e-02
2.400991879403591156e-02
2.401436679065227509e-02
2.401098050177097321e-02
2.402145043015480042e-02
2.401470206677913666e-02
2.402782067656517029e-02
2.401217073202133179e-02
2.401461824774742126e-02
2.400868758559226990e-02
2.401928044855594635e-02
2.400971017777919769e-02
2.401670254766941071e-02
2.400855347514152527e-02
2.401318028569221497e-02
2.401474118232727051e-02
2.402492426335811615e-02
2.400878630578517914e-02
2.403990365564823151e-02
2.401897124946117401e-02
2.401701174676418304e-02
2.400806732475757599e-02
2.401763573288917542e-02
2.401223406195640564e-02
2.400991134345531464e-02
2.401521801948547363e-02
2.401010319590568542e-02
2.401207759976387024e-02
2.403400279581546783e-02
2.403761073946952820e-02
2.402374334633350372e-02
2.401170134544372559e-02
2.400892041623592377e-02
2.400743588805198669e-02
2.404406853020191193e-02
2.401379309594631195e-02
2.400705777108669281e-02
2.403058297932147980e-02
2.401286736130714417e-02
2.401303872466087341e-02
2.401839941740036011e-02
2.407026104629039764e-02
2.401068247854709625e-02
2.401760779321193695e-02
2.401463873684406281e-02
2.400730550289154053e-02
2.400770783424377441e-02
2.400668524205684662e-02
2.402248419821262360e-02
2.400646358728408813e-02
2.401836216449737549e-02
2.400778047740459442e-02
2.403547428548336029e-02
2.402090653777122498e-02
2.400702610611915588e-02
2.400566451251506805e-02
2.401658147573471069e-02
2.400963194668292999e-02
2.402734570205211639e-02
2.400822192430496216e-02
2.401162125170230865e-02
2.401115186512470245e-02
2.402851730585098267e-02
2.402607351541519165e-02
2.400945127010345459e-02
2.401106432080268860e-02
2.400770410895347595e-02
2.400495484471321106e-02
2.401524037122726440e-02
2.401774562895298004e-02
2.401167154312133789e-02
2.400516532361507416e-02
2.403035201132297516e-02
2.401360496878623962e-02
2.400512062013149261e-02
2.405956760048866272e-02
2.400694787502288818e-02
2.400563657283782959e-02
2.401189506053924561e-02
2.401146478950977325e-02
2.401523292064666748e-02
2.400668524205684662e-02
2.402027510106563568e-02
2.400563843548297882e-02
2.400544285774230957e-02
2.401952072978019714e-02
2.402452379465103149e-02
2.401318028569221497e-02
2.400741353631019592e-02
2.400450035929679871e-02
2.401838824152946472e-02
2.401984110474586487e-02
2.401177957653999329e-02
2.401248738169670105e-02
2.400444447994232178e-02
2.401487529277801514e-02
2.403185330331325531e-02
2.400527335703372955e-02
2.400649711489677429e-02
2.400533482432365417e-02
2.400879748165607452e-02
2.400797791779041290e-02
2.400830574333667755e-02
2.401334047317504883e-02
2.401017583906650543e-02
2.400694042444229126e-02
2.400413714349269867e-02
2.401001192629337311e-02
2.400449477136135101e-02
2.400656230747699738e-02
2.401616424322128296e-02
2.400320582091808319e-02
2.401553466916084290e-02
2.400649711489677429e-02
2.404451742768287659e-02
2.400401420891284943e-02
2.401697076857089996e-02
2.401917427778244019e-02
2.401144988834857941e-02
2.402679622173309326e-02
2.400501072406768799e-02
2.401850186288356781e-02
2.400652877986431122e-02
2.401255071163177490e-02
2.401419915258884430e-02
2.401344291865825653e-02
2.400814555585384369e-02
2.400588430464267731e-02
2.400374226272106171e-02
2.402354963123798370e-02
2.400769479572772980e-02
2.401082031428813934e-02
2.401090413331985474e-02
2.401408925652503967e-02
2.400986291468143463e-02
2.400518208742141724e-02
2.401425130665302277e-02
2.400414831936359406e-02
2.404733560979366302e-02
2.401802130043506622e-02
2.400530688464641571e-02
2.401855960488319397e-02
2.401159517467021942e-02
2.400527708232402802e-02
2.401941455900669098e-02
2.400288172066211700e-02
2.401967719197273254e-02
2.400270663201808929e-02
2.400310151278972626e-02
2.407808043062686920e-02
2.400423027575016022e-02
2.400199137628078461e-02
2.400242350995540619e-02
2.400366216897964478e-02
2.401445433497428894e-02
2.400884777307510376e-02
2.400544099509716034e-02
2.401087619364261627e-02
2.400201186537742615e-02
2.401374839246273041e-02
2.400752715766429901e-02
2.400883287191390991e-02
2.400761097669601440e-02
2.400619722902774811e-02
2.400716580450534821e-02
2.400497905910015106e-02
2.400992065668106079e-02
2.400468476116657257e-02
2.405599690973758698e-02
2.402050979435443878e-02
2.400864847004413605e-02
2.400273829698562622e-02
2.400132827460765839e-02
2.400277368724346161e-02
2.405911684036254883e-02
2.400468662381172180e-02
2.400271035730838776e-02
2.400357089936733246e-02
2.403281070291996002e-02
2.400914579629898071e-02
2.400459349155426025e-02
2.401149831712245941e-02
2.400991320610046387e-02
2.405225485563278198e-02
2.400718256831169128e-02
2.400799654424190521e-02
2.402075007557868958e-02
2.400498650968074799e-02
2.402302250266075134e-02
2.400312945246696472e-02
2.400141581892967224e-02
2.400933206081390381e-02
2.400107309222221375e-02
2.400187775492668152e-02
2.400675788521766663e-02
2.401185780763626099e-02
2.400130406022071838e-02
2.400593832135200500e-02
2.400920167565345764e-02
2.400074899196624756e-02
2.400088123977184296e-02
2.401280403137207031e-02
2.400065585970878601e-02
2.401816472411155701e-02
2.402470074594020844e-02
2.400914579629898071e-02
2.400135062634944916e-02
2.400405704975128174e-02
2.400200627744197845e-02
2.401426434516906738e-02
2.401750721037387848e-02
2.400121465325355530e-02
2.400173246860504150e-02
2.400569990277290344e-02
2.400666847825050354e-02
2.400945127010345459e-02
2.400254271924495697e-02
2.401095256209373474e-02
2.400776371359825134e-02
2.400631085038185120e-02
2.401284687221050262e-02
2.400303073227405548e-02
2.401412464678287506e-02
2.400081604719161987e-02
2.400175668299198151e-02
2.400200068950653076e-02
2.400257997214794159e-02
2.400083281099796295e-02
2.400018461048603058e-02
2.400743216276168823e-02
2.400077693164348602e-02
2.401006780564785004e-02
2.400141023099422455e-02
2.403144910931587219e-02
2.400315739214420319e-02
2.400451339781284332e-02
2.400141954421997070e-02
2.402801066637039185e-02
2.400572784245014191e-02
2.400440722703933716e-02
2.401451021432876587e-02
2.402818761765956879e-02
2.400563843548297882e-02
2.400074526667594910e-02
2.400662004947662354e-02
2.402178570628166199e-02
2.400347217917442322e-02
2.400783821940422058e-02
2.400513552129268646e-02
2.400203421711921692e-02
2.400522679090499878e-02
2.399974502623081207e-02
2.400052733719348907e-02
2.402748167514801025e-02
2.400673553347587585e-02
2.400421537458896637e-02
2.401064336299896240e-02
2.402038685977458954e-02
2.400030940771102905e-02
2.401829697191715240e-02
2.400590851902961731e-02
2.401024661958217621e-02
2.402197569608688354e-02
2.400156483054161072e-02
2.401026897132396698e-02
2.399942465126514435e-02
2.400940470397472382e-02
2.400773391127586365e-02
2.401173114776611328e-02
2.400070615112781525e-02
2.400263585150241852e-02
2.401304803788661957e-02
2.400770224630832672e-02
2.400042489171028137e-02
2.400617301464080811e-02
2.400507777929306030e-02
2.399954944849014282e-02
2.400125376880168915e-02
2.401472069323062897e-02
2.400297485291957855e-02
2.399968728423118591e-02
2.401609160006046295e-02
2.400372736155986786e-02
2.400022186338901520e-02
2.401129528880119324e-02
2.400513552129268646e-02
2.400608733296394348e-02
2.400263026356697083e-02
2.400513552129268646e-02
2.400312572717666626e-02
2.400634437799453735e-02
2.400186285376548767e-02
2.399970032274723053e-02
2.400223724544048309e-02
2.400717698037624359e-02
2.399971149861812592e-02
2.401009202003479004e-02
2.400387264788150787e-02
2.400743961334228516e-02
2.400229871273040771e-02
2.401041984558105469e-02
2.400281839072704315e-02
2.400411851704120636e-02
2.403722889721393585e-02
2.400103956460952759e-02
2.400086633861064911e-02
2.401144802570343018e-02
2.400374598801136017e-02
2.399988658726215363e-02
2.405275218188762665e-02
2.400135062634944916e-02
2.399905584752559662e-02
2.401440590620040894e-02
2.400095574557781219e-02
2.399908564984798431e-02
2.400221303105354309e-02
2.399914152920246124e-02
2.400203607976436615e-02
2.400322817265987396e-02
2.400109171867370605e-02
2.400721423327922821e-02
2.400236949324607849e-02
2.400333061814308167e-02
2.399901300668716431e-02
2.400285378098487854e-02
2.403706312179565430e-02
2.400833927094936371e-02
2.400257997214794159e-02
2.400401793420314789e-02
2.399905584752559662e-02
2.399922162294387817e-02
2.400525473058223724e-02
2.400179766118526459e-02
2.402617409825325012e-02
2.400465495884418488e-02
2.399876527488231659e-02
2.400325424969196320e-02
2.401933446526527405e-02
2.399948425590991974e-02
2.402050793170928955e-02
2.399939484894275665e-02
2.404015883803367615e-02
2.404905855655670166e-02
2.401331067085266113e-02
2.400308661162853241e-02
2.399943210184574127e-02
2.400545217096805573e-02
2.400910295546054840e-02
2.400498650968074799e-02
2.401006035506725311e-02
2.399816550314426422e-02
2.400149032473564148e-02
2.403185330331325531e-02
2.400361001491546631e-02
2.399817854166030884e-02
2.399831451475620270e-02
2.400652877986431122e-02
2.399969659745693207e-02
2.399973198771476746e-02
2.399893477559089661e-02
2.400666289031505585e-02
2.400043234229087830e-02
2.400128915905952454e-02
2.401586435735225677e-02
2.399987168610095978e-02
2.401109971106052399e-02
2.403840050101280212e-02
2.406139671802520752e-02
2.401114255189895630e-02
2.399876154959201813e-02
2.399828843772411346e-02
2.399850450456142426e-02
2.399856969714164734e-02
2.399797923862934113e-02
2.402014285326004028e-02
2.401280030608177185e-02
2.400831319391727448e-02
2.400201186537742615e-02
2.401047945022583008e-02
2.400568500161170959e-02
2.400146238505840302e-02
2.401365712285041809e-02
2.399804070591926575e-02
2.401704899966716766e-02
2.399805933237075806e-02
2.404550649225711823e-02
2.400973625481128693e-02
2.399894036352634430e-02
2.400486916303634644e-02
2.400056645274162292e-02
2.400424331426620483e-02
2.403553202748298645e-02
2.400839887559413910e-02
2.400815859436988831e-02
2.399950101971626282e-02
2.401824668049812317e-02
2.399875968694686890e-02
2.400573156774044037e-02
2.400701306760311127e-02
2.400203049182891846e-02
2.399964258074760437e-02
2.401736192405223846e-02
2.400294691324234009e-02
2.400820143520832062e-02
2.405244112014770508e-02
2.400232851505279541e-02
2.399939298629760742e-02
2.399841509759426117e-02
2.399853244423866272e-02
2.399832569062709808e-02
2.402291260659694672e-02
2.400280535221099854e-02
2.399836108088493347e-02
2.399758808314800262e-02
2.399807050824165344e-02
2.399807423353195190e-02
2.405460737645626068e-02
2.399948053061962128e-02
2.399947866797447205e-02
2.400589548051357269e-02
2.400613576173782349e-02
2.400625869631767273e-02
2.400474622845649719e-02
2.401865459978580475e-02
2.400169149041175842e-02
2.400470525026321411e-02
2.401268109679222107e-02
2.399942837655544281e-02
2.399864420294761658e-02
2.406346425414085388e-02
2.399915084242820740e-02
2.399831078946590424e-02
2.399841696023941040e-02
2.399741113185882568e-02
2.404250390827655792e-02
2.400524169206619263e-02
2.400303259491920471e-02
2.399788424372673035e-02
2.400121837854385376e-02
2.399931848049163818e-02
2.400320209562778473e-02
2.400078810751438141e-02
2.399904094636440277e-02
2.401437051594257355e-02
2.400672435760498047e-02
2.400529943406581879e-02
2.399725653231143951e-02
2.401344291865825653e-02
2.400880865752696991e-02
2.399905212223529816e-02
2.399784140288829803e-02
2.400517277419567108e-02
2.400792576372623444e-02
2.402727305889129639e-02
2.400170080363750458e-02
2.399910800158977509e-02
2.399853616952896118e-02
2.399941720068454742e-02
2.401455491781234741e-02
2.401029691100120544e-02
2.400335855782032013e-02
2.399891056120395660e-02
2.400493808090686798e-02
2.399998158216476440e-02
2.401526831090450287e-02
2.400090917944908142e-02
2.400178276002407074e-02
2.402164973318576813e-02
2.401231043040752411e-02
2.400227822363376617e-02
2.400253526866436005e-02
2.399733103811740875e-02
2.401607669889926910e-02
2.399832941591739655e-02
2.401210926473140717e-02
2.402134425938129425e-02
2.400281094014644623e-02
2.400340326130390167e-02
2.402920275926589966e-02
2.400617673993110657e-02
2.399733848869800568e-02
2.403859049081802368e-02
2.400047145783901215e-02
2.399709634482860565e-02
2.406340278685092926e-02
2.399728260934352875e-02
2.399998530745506287e-02
2.399912290275096893e-02
2.401299402117729187e-02
2.400196902453899384e-02
2.399694919586181641e-02
2.401762455701828003e-02
2.399702556431293488e-02
2.401584759354591370e-02
2.399694733321666718e-02
2.401517517864704132e-02
2.404055185616016388e-02
2.399911172688007355e-02
2.399846911430358887e-02
2.400295063853263855e-02
2.400751598179340363e-02
2.400283515453338623e-02
2.400522679090499878e-02
2.399885095655918121e-02
2.400649711489677429e-02
2.399682626128196716e-02
2.399750240147113800e-02
2.400190941989421844e-02
2.400265634059906006e-02
2.400727756321430206e-02
2.400468848645687103e-02
2.399948239326477051e-02
2.399775013327598572e-02
2.400086633861064911e-02
2.401193790137767792e-02
2.399791032075881958e-02
2.402652800083160400e-02
2.400914765894412994e-02
2.401256561279296875e-02
2.400213666260242462e-02
2.400342933833599091e-02
2.400628104805946350e-02
2.400963194668292999e-02
2.399810589849948883e-02
2.402669563889503479e-02
2.402194030582904816e-02
2.399858087301254272e-02
2.400713786482810974e-02
2.401099912822246552e-02
2.399791777133941650e-02
2.399743348360061646e-02
2.400488033890724182e-02
2.402631565928459167e-02
2.400259859859943390e-02
2.399869449436664581e-02
2.399661578238010406e-02
2.399781532585620880e-02
2.401694469153881073e-02
2.399716526269912720e-02
2.399693056941032410e-02
2.400741726160049438e-02
2.400285750627517700e-02
2.399733662605285645e-02
2.399955317378044128e-02
2.401199378073215485e-02
2.399728447198867798e-02
2.402804978191852570e-02
2.400504983961582184e-02
2.399675548076629639e-02
