2.512611448764801025e-02
2.386448346078395844e-02
2.334520034492015839e-02
2.297450788319110870e-02
2.275602892041206360e-02
2.259468659758567810e-02
2.244941517710685730e-02
2.230368740856647491e-02
2.215340174734592438e-02
2.198812179267406464e-02
2.181122265756130219e-02
2.162256836891174316e-02
2.143060788512229919e-02
2.122661843895912170e-02
2.101383730769157410e-02
2.075409516692161560e-02
2.045258879661560059e-02
2.017321251332759857e-02
1.991431973874568939e-02
1.966525614261627197e-02
1.942174509167671204e-02
1.918005384504795074e-02
1.897244900465011597e-02
1.871245540678501129e-02
1.849519833922386169e-02
1.832180470228195190e-02
1.839536428451538086e-02
1.788094453513622284e-02
2.753641642630100250e-02
1.761982031166553497e-02
1.780166104435920715e-02
1.748718135058879852e-02
1.060285344719886780e-01
1.741979271173477173e-02
1.724877208471298218e-02
2.187706343829631805e-02
1.738878898322582245e-02
1.723341085016727448e-02
1.707829348742961884e-02
1.723155751824378967e-02
1.720520481467247009e-02
1.685076951980590820e-02
1.712804101407527924e-02
1.680310256779193878e-02
1.670111529529094696e-02
1.703639514744281769e-02
1.685579493641853333e-02
1.667523197829723358e-02
1.708284020423889160e-02
1.693037524819374084e-02
1.673305779695510864e-02
1.653514243662357330e-02
1.828741654753684998e-02
1.739909686148166656e-02
1.716899871826171875e-02
1.695530861616134644e-02
1.673640497028827667e-02
1.651123166084289551e-02
1.627189852297306061e-02
1.626684516668319702e-02
1.735164783895015717e-02
1.682161353528499603e-02
1.655299216508865356e-02
1.628295145928859711e-02
1.600928604602813721e-02
1.590971276164054871e-02
1.550497766584157944e-02
1.529863476753234863e-02
1.619217544794082642e-02
1.579094678163528442e-02
1.552068628370761871e-02
1.526002213358879089e-02
1.500839926302433014e-02
1.476490404456853867e-02
1.458182185888290405e-02
1.756162382662296295e-02
1.671837456524372101e-02
1.643921621143817902e-02
1.616008579730987549e-02
1.588001102209091187e-02
1.579358242452144623e-02
1.597403548657894135e-02
1.591942831873893738e-02
1.508940663188695908e-02
2.634210512042045593e-02
1.471366547048091888e-02
4.313058033585548401e-02
1.475014910101890564e-02
1.451392658054828644e-02
1.428114809095859528e-02
1.404805853962898254e-02
1.383006945252418518e-02
1.380154956132173538e-02
1.349307689815759659e-02
1.353774312883615494e-02
1.321474369615316391e-02
1.316981390118598938e-02
1.290009729564189911e-02
1.391241326928138733e-02
1.260273996740579605e-02
3.366186842322349548e-02
1.235767826437950134e-02
1.219185907393693924e-02
1.209531631320714951e-02
1.207955460995435715e-02
1.750198937952518463e-02
1.179348398000001907e-02
1.165442541241645813e-02
1.155923306941986084e-02
1.178388856351375580e-02
1.335153821855783463e-02
1.133206393569707870e-02
1.121214590966701508e-02
1.118811685591936111e-02
2.130526863038539886e-02
1.095055509358644485e-02
1.087742578238248825e-02
1.157568115741014481e-02
1.074702944606542587e-02
1.063820533454418182e-02
1.055940520018339157e-02
1.054265070706605911e-02
1.047417987138032913e-02
1.096399314701557159e-02
1.090251188725233078e-02
1.024667546153068542e-02
1.017375010997056961e-02
1.007492840290069580e-02
1.007304433733224869e-02
9.947893209755420685e-03
9.953598491847515106e-03
9.862892329692840576e-03
9.779587388038635254e-03
9.758879430592060089e-03
2.535111270844936371e-02
1.169908791780471802e-02
1.140004955232143402e-02
1.136865187436342239e-02
1.100929267704486847e-02
1.119393948465585709e-02
1.102386694401502609e-02
1.086360588669776917e-02
1.072000339627265930e-02
1.061549782752990723e-02
1.069079991430044174e-02
1.051836274564266205e-02
1.038422901183366776e-02
1.028633210808038712e-02
1.079645287245512009e-02
1.280329097062349319e-02
9.911627508699893951e-03
9.310228750109672546e-03
1.631794683635234833e-02
9.114552289247512817e-03
8.988371118903160095e-03
9.986233897507190704e-03
8.786617778241634369e-03
8.684457279741764069e-03
8.608255535364151001e-03
8.566507138311862946e-03
8.461382240056991577e-03
1.266614440828561783e-02
9.226574562489986420e-03
8.312973193824291229e-03
8.510334417223930359e-03
8.427402935922145844e-03
8.122134953737258911e-03
8.354938589036464691e-03
8.399697020649909973e-03
8.522244170308113098e-03
7.904934696853160858e-03
7.837747223675251007e-03
7.793930359184741974e-03
7.763957604765892029e-03
8.669384755194187164e-03
8.038681931793689728e-03
7.610231637954711914e-03
7.592899724841117859e-03
8.044778369367122650e-03
8.447417989373207092e-03
1.688130386173725128e-02
7.444097194820642471e-03
7.402950432151556015e-03
7.361549884080886841e-03
7.318356074392795563e-03
7.718968205153942108e-03
7.250934839248657227e-03
7.345581892877817154e-03
8.487083949148654938e-03
7.139452733099460602e-03
7.706407923251390457e-03
7.242979481816291809e-03
7.039198651909828186e-03
1.018865685909986496e-02
8.289743214845657349e-03
7.300754077732563019e-03
7.685051765292882919e-03
7.611725945025682449e-03
7.280150894075632095e-03
7.118327077478170395e-03
6.889487616717815399e-03
7.248772308230400085e-03
6.785536650568246841e-03
6.751207169145345688e-03
6.722528953105211258e-03
6.691963411867618561e-03
6.661561783403158188e-03
6.632463540881872177e-03
7.501788437366485596e-03
8.838896639645099640e-03
6.605391856282949448e-03
6.806388497352600098e-03
6.905063055455684662e-03
7.375775836408138275e-03
6.447914987802505493e-03
6.577984429895877838e-03
7.867247797548770905e-03
6.707906257361173630e-03
8.261284790933132172e-03
6.559198722243309021e-03
6.701419129967689514e-03
6.672005169093608856e-03
9.947048500180244446e-03
6.669891532510519028e-03
8.621833287179470062e-03
6.574240978807210922e-03
6.205036304891109467e-03
6.676467135548591614e-03
8.050219155848026276e-03
6.426132284104824066e-03
6.984685547649860382e-03
1.095877680927515030e-02
7.613782305270433426e-03
6.274089217185974121e-03
6.046733353286981583e-03
6.050194147974252701e-03
5.984701216220855713e-03
6.121735088527202606e-03
7.960461080074310303e-03
6.331678479909896851e-03
5.985782481729984283e-03
6.880266591906547546e-03
5.890872329473495483e-03
5.874040070921182632e-03
6.249417550861835480e-03
5.898709408938884735e-03
5.983963143080472946e-03
6.165421567857265472e-03
6.054729688912630081e-03
5.824340973049402237e-03
6.436411291360855103e-03
5.750332027673721313e-03
1.139922346919775009e-02
5.742338486015796661e-03
5.723545327782630920e-03
5.707492586225271225e-03
5.691403057426214218e-03
5.675348453223705292e-03
5.658290348947048187e-03
1.004575937986373901e-02
7.824832573533058167e-03
7.683357223868370056e-03
5.662501789629459381e-03
5.717538297176361084e-03
5.670833867043256760e-03
5.564923398196697235e-03
5.587534978985786438e-03
5.615279544144868851e-03
6.263744551688432693e-03
7.220865227282047272e-03
5.509904585778713226e-03
5.500596947968006134e-03
5.492073949426412582e-03
5.647941492497920990e-03
8.569176308810710907e-03
5.580616649240255356e-03
5.433012731373310089e-03
5.439254920929670334e-03
5.766420159488916397e-03
8.722555823624134064e-03
9.380846284329891205e-03
5.792007315903902054e-03
5.580242257565259933e-03
5.550887435674667358e-03
5.360248032957315445e-03
5.404881667345762253e-03
7.761383429169654846e-03
5.593372043222188950e-03
5.589157342910766602e-03
5.277125630527734756e-03
5.325828678905963898e-03
5.323647055774927139e-03
7.250447291880846024e-03
5.511675495654344559e-03
5.220020189881324768e-03
5.221747793257236481e-03
5.289494991302490234e-03
5.309066735208034515e-03
5.688044242560863495e-03
6.624077446758747101e-03
