2.161295861005783081e-01
3.635668382048606873e-02
2.664521895349025726e-02
2.450712211430072784e-02
2.382981963455677032e-02
2.351126261055469513e-02
2.331198751926422119e-02
2.316707000136375427e-02
2.304963394999504089e-02
2.294382639229297638e-02
2.284746244549751282e-02
2.276026830077171326e-02
2.268167585134506226e-02
2.260992862284183502e-02
2.254412136971950531e-02
2.248500473797321320e-02
2.242940664291381836e-02
2.237595804035663605e-02
2.232421748340129852e-02
2.227367088198661804e-02
2.222369424998760223e-02
2.217432856559753418e-02
2.212523482739925385e-02
2.207575179636478424e-02
2.202651649713516235e-02
2.197706699371337891e-02
2.192730456590652466e-02
2.187707275152206421e-02
2.182644419372081757e-02
2.177534438669681549e-02
2.172349952161312103e-02
2.167109400033950806e-02
2.161824889481067657e-02
2.156463637948036194e-02
2.151075936853885651e-02
2.145654149353504181e-02
2.140134200453758240e-02
2.134594880044460297e-02
2.129031531512737274e-02
2.123514749109745026e-02
2.118066512048244476e-02
2.112622745335102081e-02
2.107261680066585541e-02
2.101917751133441925e-02
2.096563391387462616e-02
2.091182954609394073e-02
2.085776999592781067e-02
2.080348692834377289e-02
2.074893377721309662e-02
2.069414779543876648e-02
2.063898928463459015e-02
2.058393694460391998e-02
2.052804268896579742e-02
2.047235704958438873e-02
2.041576616466045380e-02
2.035816758871078491e-02
2.030057646334171295e-02
2.024338208138942719e-02
2.018494531512260437e-02
2.012481167912483215e-02
2.006473205983638763e-02
2.000405639410018921e-02
1.994251273572444916e-02
1.987889222800731659e-02
1.981498859822750092e-02
1.975128613412380219e-02
1.968752592802047729e-02
1.962233893573284149e-02
1.955734007060527802e-02
1.949087530374526978e-02
1.942470669746398926e-02
1.935685798525810242e-02
1.928914338350296021e-02
1.922144182026386261e-02
1.916093006730079651e-02
1.908340118825435638e-02
1.924843713641166687e-02
1.895168982446193695e-02
2.156962268054485321e-02
1.965858228504657745e-02
1.927992515265941620e-02
2.349885739386081696e-02
1.870662346482276917e-02
1.968048140406608582e-02
2.107950672507286072e-02
1.976904459297657013e-02
1.909025199711322784e-02
2.026751078665256500e-02
1.935781724750995636e-02
2.001052722334861755e-02
2.065649442374706268e-02
1.827201619744300842e-02
1.823052763938903809e-02
1.837342977523803711e-02
2.834398485720157623e-02
1.903610490262508392e-02
1.805664598941802979e-02
1.890594698488712311e-02
1.800068281590938568e-02
1.790733449161052704e-02
1.786532253026962280e-02
1.781412772834300995e-02
3.950724378228187561e-02
1.791166700422763824e-02
1.786389574408531189e-02
1.775099895894527435e-02
1.769317314028739929e-02
1.764431782066822052e-02
1.759735494852066040e-02
1.755233854055404663e-02
1.750751957297325134e-02
1.746271923184394836e-02
1.741777919232845306e-02
1.737266220152378082e-02
1.732731983065605164e-02
1.728314906358718872e-02
1.820418238639831543e-02
3.770685195922851562e-02
1.772595942020416260e-02
1.747377961874008179e-02
1.725498586893081665e-02
1.717806793749332428e-02
1.713096350431442261e-02
1.708806678652763367e-02
1.704544574022293091e-02
1.700241304934024811e-02
1.695853099226951599e-02
1.691443473100662231e-02
1.687246561050415039e-02
1.691863499581813812e-02
1.678567938506603241e-02
2.261826395988464355e-02
1.720061153173446655e-02
1.698254421353340149e-02
1.677280105650424957e-02
4.534986615180969238e-02
1.992688886821269989e-02
1.705426163971424103e-02
1.661654934287071228e-02
1.651291549205780029e-02
1.647074893116950989e-02
1.642788946628570557e-02
1.638546399772167206e-02
1.634386740624904633e-02
1.659371331334114075e-02
2.771943807601928711e-02
1.657117903232574463e-02
1.645919494330883026e-02
1.623982377350330353e-02
1.617747545242309570e-02
1.613131910562515259e-02
1.608883216977119446e-02
1.604800857603549957e-02
1.854309812188148499e-02
2.447096444666385651e-02
1.688371784985065460e-02
1.603292487561702728e-02
1.594277843832969666e-02
1.589423604309558868e-02
1.585364714264869690e-02
1.581236720085144043e-02
1.577299274504184723e-02
1.579935289919376373e-02
3.129648417234420776e-02
1.653391681611537933e-02
1.568390801548957825e-02
1.564059592783451080e-02
1.560704782605171204e-02
1.555840950459241867e-02
1.552023179829120636e-02
1.656510867178440094e-02
2.392212301492691040e-02
1.613209396600723267e-02
1.561346370726823807e-02
1.547070313245058060e-02
1.540942303836345673e-02
1.536509767174720764e-02
1.532483752816915512e-02
1.528452988713979721e-02
1.524398848414421082e-02
1.520328037440776825e-02
1.635249517858028412e-02
1.543325930833816528e-02
1.622303016483783722e-02
1.516337879002094269e-02
1.511997822672128677e-02
1.507957465946674347e-02
1.503918878734111786e-02
1.499903760850429535e-02
1.495897583663463593e-02
1.491849217563867569e-02
1.487783901393413544e-02
1.499750092625617981e-02
1.855141110718250275e-02
1.536639034748077393e-02
1.507121883332729340e-02
1.482025347650051117e-02
1.476127747446298599e-02
1.471755094826221466e-02
1.467635016888380051e-02
1.463585346937179565e-02
1.459504757076501846e-02
1.455458346754312515e-02
1.471735630184412003e-02
1.872508786618709564e-02
1.492025796324014664e-02
1.463317591696977615e-02
1.446780469268560410e-02
1.440424006432294846e-02
1.436228584498167038e-02
1.432159170508384705e-02
1.446493249386548996e-02
1.497015263885259628e-02
1.457045879215002060e-02
1.435224432498216629e-02
1.417748723179101944e-02
1.415216177701950073e-02
1.409657951444387436e-02
2.327096648514270782e-02
1.462734956294298172e-02
1.464112382382154465e-02
1.404912024736404419e-02
1.399446185678243637e-02
1.394039392471313477e-02
1.389807742089033127e-02
1.387130841612815857e-02
2.456652186810970306e-02
1.626818627119064331e-02
1.399000827223062515e-02
1.381521951407194138e-02
1.372583303600549698e-02
1.367221400141716003e-02
1.370986085385084152e-02
3.377482667565345764e-02
1.371251139789819717e-02
1.383134350180625916e-02
1.354908850044012070e-02
1.350576244294643402e-02
1.345619466155767441e-02
1.341373845934867859e-02
1.460930611938238144e-02
1.484830956906080246e-02
1.340492162853479385e-02
1.351692434400320053e-02
1.493140961974859238e-02
1.328059844672679901e-02
1.324574835598468781e-02
1.327413506805896759e-02
1.314328238368034363e-02
1.309276930987834930e-02
1.477422937750816345e-02
1.699410378932952881e-02
1.301308721303939819e-02
1.295738853514194489e-02
1.291715633124113083e-02
3.919558227062225342e-02
1.330860424786806107e-02
1.318570971488952637e-02
1.285937335342168808e-02
1.277916971594095230e-02
1.273496914654970169e-02
1.269451994448900223e-02
1.309835910797119141e-02
1.296746917068958282e-02
1.336953882128000259e-02
1.266458723694086075e-02
1.252531632781028748e-02
1.300950441509485245e-02
1.287102792412042618e-02
1.294452324509620667e-02
1.240128371864557266e-02
1.243034098297357559e-02
2.415987476706504822e-02
1.410854049026966095e-02
1.237389165908098221e-02
1.232068706303834915e-02
1.221093907952308655e-02
2.267497405409812927e-02
1.355124544352293015e-02
1.213271729648113251e-02
1.207595132291316986e-02
1.203450746834278107e-02
1.301731076091527939e-02
1.623215526342391968e-02
1.197545509785413742e-02
1.192272361367940903e-02
1.188005972653627396e-02
1.339028775691986084e-02
1.523821614682674408e-02
1.186213176697492599e-02
1.175641734153032303e-02
1.171255018562078476e-02
1.335088256746530533e-02
1.497354544699192047e-02
1.207505539059638977e-02
1.170645188540220261e-02
1.159605942666530609e-02
1.155061181634664536e-02
1.236051879823207855e-02
1.155082788318395615e-02
1.145376823842525482e-02
1.153353787958621979e-02
1.327140070497989655e-02
1.206453610211610794e-02
1.190735679119825363e-02
1.199292205274105072e-02
1.128008868545293808e-02
1.127145253121852875e-02
1.131622307002544403e-02
1.241722702980041504e-02
1.191680133342742920e-02
1.137016061693429947e-02
1.171568501740694046e-02
1.291378121823072433e-02
1.124786026775836945e-02
1.113009080290794373e-02
2.824214659631252289e-02
1.144598703831434250e-02
1.095018628984689713e-02
1.093395985662937164e-02
1.091978978365659714e-02
1.094507239758968353e-02
1.860153675079345703e-02
1.175247225910425186e-02
1.077120378613471985e-02
1.138682384043931961e-02
2.263347059488296509e-02
1.188755314797163010e-02
1.068479195237159729e-02
1.065196096897125244e-02
1.061889715492725372e-02
2.498278208076953888e-02
1.073970552533864975e-02
1.072864979505538940e-02
1.052974164485931396e-02
1.050852984189987183e-02
1.068566367030143738e-02
1.478402223438024521e-02
1.068989746272563934e-02
1.148793846368789673e-02
1.139041781425476074e-02
1.146551501005887985e-02
1.042358670383691788e-02
1.080530695617198944e-02
1.031770929694175720e-02
2.350420877337455750e-02
1.045780256390571594e-02
1.033299323171377182e-02
1.025260239839553833e-02
1.069881021976470947e-02
1.031810604035854340e-02
1.025733072310686111e-02
1.332564838230609894e-02
1.093759480863809586e-02
1.076593436300754547e-02
1.077322568744421005e-02
1.054280530661344528e-02
1.113451272249221802e-02
1.164707541465759277e-02
1.055844780057668686e-02
9.981447830796241760e-03
9.938049130141735077e-03
9.995048865675926208e-03
1.506539620459079742e-02
1.011915598064661026e-02
9.849514812231063843e-03
1.188036799430847168e-02
1.173839159309864044e-02
1.002211961895227432e-02
9.868077002465724945e-03
1.479820068925619125e-02
1.025426853448152542e-02
9.784025140106678009e-03
1.012434531003236771e-02
1.202520634979009628e-02
9.938433766365051270e-03
9.644945152103900909e-03
9.616013616323471069e-03
9.661335498094558716e-03
1.656754314899444580e-02
1.008208282291889191e-02
9.752280078828334808e-03
9.530205279588699341e-03
9.643224067986011505e-03
1.393504254519939423e-02
1.014318782836198807e-02
9.810485877096652985e-03
1.304522156715393066e-02
1.034939475357532501e-02
9.539118036627769470e-03
9.657382965087890625e-03
1.341937202960252762e-02
9.424149058759212494e-03
9.334606118500232697e-03
9.659888222813606262e-03
1.531421765685081482e-02
9.832781739532947540e-03
9.394399821758270264e-03
9.275197982788085938e-03
9.251750074326992035e-03
1.301524788141250610e-02
9.234298951923847198e-03
9.427159093320369720e-03
9.408357553184032440e-03
1.274165417999029160e-02
9.280346333980560303e-03
9.142918512225151062e-03
1.284624915570020676e-02
1.018132641911506653e-02
9.105061180889606476e-03
9.931807406246662140e-03
9.755822829902172089e-03
1.034785527735948563e-02
9.067486040294170380e-03
1.066381670534610748e-02
8.995765820145606995e-03
1.198359299451112747e-02
9.788227267563343048e-03
8.950584568083286285e-03
1.094808802008628845e-02
9.150146506726741791e-03
8.941856212913990021e-03
8.957545273005962372e-03
8.904854767024517059e-03
8.884814567863941193e-03
9.059393778443336487e-03
1.196992490440607071e-02
9.045264683663845062e-03
8.907410316169261932e-03
1.176287140697240829e-02
9.445592761039733887e-03
9.081480093300342560e-03
1.271017733961343765e-02
8.821902796626091003e-03
9.294454008340835571e-03
1.113321818411350250e-02
9.049493819475173950e-03
9.205518290400505066e-03
1.182349026203155518e-02
9.560917504131793976e-03
8.802404627203941345e-03
1.368779595941305161e-02
9.283355437219142914e-03
8.654845878481864929e-03
9.308912791311740875e-03
8.723322302103042603e-03
8.553692139685153961e-03
1.060061715543270111e-02
9.090529754757881165e-03
8.532770909368991852e-03
1.381758600473403931e-02
8.605469018220901489e-03
8.555867709219455719e-03
9.234386496245861053e-03
8.862289600074291229e-03
8.786642923951148987e-03
9.010970592498779297e-03
9.807682596147060394e-03
8.637197315692901611e-03
8.478000760078430176e-03
8.613881655037403107e-03
1.019993331283330917e-02
8.691698312759399414e-03
8.466759696602821350e-03
1.151231024414300919e-02
8.682900108397006989e-03
9.186151437461376190e-03
8.339243009686470032e-03
8.420414291322231293e-03
8.912930265069007874e-03
1.156647503376007080e-02
8.369358256459236145e-03
8.248333819210529327e-03
8.210735395550727844e-03
9.637876413762569427e-03
8.702046237885951996e-03
8.570522069931030273e-03
8.879230357706546783e-03
8.644304238259792328e-03
8.288265205919742584e-03
8.131145499646663666e-03
1.331926230341196060e-02
8.878540247678756714e-03
8.224613033235073090e-03
8.075285702943801880e-03
8.065165020525455475e-03
8.048493415117263794e-03
8.840932510793209076e-03
8.119331672787666321e-03
8.441646583378314972e-03
8.022882975637912750e-03
1.669758558273315430e-02
9.063857607543468475e-03
8.155616000294685364e-03
7.938157767057418823e-03
8.274651132524013519e-03
8.293841034173965454e-03
8.418837562203407288e-03
8.213549852371215820e-03
9.480565786361694336e-03
8.599369786679744720e-03
8.291714824736118317e-03
8.680084720253944397e-03
7.823646068572998047e-03
7.919972762465476990e-03
9.001799859106540680e-03
7.989224977791309357e-03
8.096794597804546356e-03
1.050573028624057770e-02
7.845163345336914062e-03
7.750128861516714096e-03
7.749665528535842896e-03
7.846065796911716461e-03
1.247164793312549591e-02
7.710861507803201675e-03
7.818000391125679016e-03
8.983338251709938049e-03
7.676794193685054779e-03
7.739587221294641495e-03
9.691612794995307922e-03
8.745569735765457153e-03
7.666978985071182251e-03
7.710211910307407379e-03
7.620840333402156830e-03
1.484177447855472565e-02
8.404426276683807373e-03
7.617323659360408783e-03
7.572562899440526962e-03
1.106226816773414612e-02
8.235195651650428772e-03
7.511429022997617722e-03
8.582323789596557617e-03
8.249630220234394073e-03
7.708426564931869507e-03
7.965115830302238464e-03
9.083950892090797424e-03
8.121471852064132690e-03
8.466805331408977509e-03
7.379089016467332840e-03
7.604226935654878616e-03
9.093399159610271454e-03
8.944243192672729492e-03
7.619539275765419006e-03
7.316411472856998444e-03
7.765740621834993362e-03
7.869882509112358093e-03
7.369930390268564224e-03
7.407553959637880325e-03
7.314186543226242065e-03
1.223886013031005859e-02
7.441382855176925659e-03
7.296980358660221100e-03
7.208159659057855606e-03
7.400732487440109253e-03
8.034273982048034668e-03
7.483823690563440323e-03
7.144232280552387238e-03
7.163344416767358780e-03
7.197115570306777954e-03
1.083789300173521042e-02
7.369604893028736115e-03
7.197760045528411865e-03
7.180044427514076233e-03
1.324318721890449524e-02
7.709985133260488510e-03
7.021462544798851013e-03
7.046026643365621567e-03
1.202718261629343033e-02
7.265863008797168732e-03
7.096309214830398560e-03
7.039588410407304764e-03
6.975017022341489792e-03
1.293754763901233673e-02
6.999946199357509613e-03
7.027660030871629715e-03
6.882175803184509277e-03
6.899550557136535645e-03
1.164414174854755402e-02
7.313976064324378967e-03
7.045346777886152267e-03
6.812958978116512299e-03
6.868466734886169434e-03
1.337835937738418579e-02
7.529979106038808823e-03
6.907974369823932648e-03
6.864874158054590225e-03
7.670122664421796799e-03
8.012574166059494019e-03
6.718042772263288498e-03
6.688709370791912079e-03
8.493687957525253296e-03
7.197583559900522232e-03
6.841528695076704025e-03
6.666912231594324112e-03
6.653252989053726196e-03
7.077290210872888565e-03
7.630853913724422455e-03
6.878969725221395493e-03
6.571716628968715668e-03
6.717590615153312683e-03
1.206449978053569794e-02
6.912579294294118881e-03
6.625920999795198441e-03
6.656587589532136917e-03
8.963163942098617554e-03
6.822547409683465958e-03
6.575245875865221024e-03
6.441107019782066345e-03
7.780226413160562515e-03
7.202584296464920044e-03
6.840617861598730087e-03
6.468487437814474106e-03
6.396854761987924576e-03
6.377588026225566864e-03
6.360244937241077423e-03
6.437500938773155212e-03
8.422237820923328400e-03
6.834303028881549835e-03
6.415425799787044525e-03
6.331866141408681870e-03
6.305753253400325775e-03
8.596085011959075928e-03
6.511861924082040787e-03
6.305063609033823013e-03
6.226535886526107788e-03
6.207784172147512436e-03
6.200461182743310928e-03
1.696373336017131805e-02
6.317527499049901962e-03
6.348256487399339676e-03
6.161632016301155090e-03
6.142378319054841995e-03
6.120323669165372849e-03
6.102933548390865326e-03
6.128026172518730164e-03
8.550165221095085144e-03
6.588216871023178101e-03
6.091432645916938782e-03
6.114684510976076126e-03
6.029362790286540985e-03
1.603637821972370148e-02
6.299104541540145874e-03
6.113303359597921371e-03
6.003690417855978012e-03
5.970837082713842392e-03
5.957909859716892242e-03
6.337448488920927048e-03
6.617274601012468338e-03
6.314773112535476685e-03
5.931615829467773438e-03
5.915390793234109879e-03
6.470501422882080078e-03
9.306080639362335205e-03
5.930728279054164886e-03
5.925770848989486694e-03
5.824293009936809540e-03
5.801466293632984161e-03
6.397709250450134277e-03
7.302084937691688538e-03
5.899309646338224411e-03
5.822842009365558624e-03
5.747782997786998749e-03
5.733065772801637650e-03
5.720167420804500580e-03
7.092708721756935120e-03
6.812200881540775299e-03
5.803740117698907852e-03
5.695671774446964264e-03
5.665305536240339279e-03
5.666837561875581741e-03
1.552321109920740128e-02
6.716534029692411423e-03
5.688977427780628204e-03
5.626569967716932297e-03
5.592546891421079636e-03
5.596856586635112762e-03
6.974496878683567047e-03
7.145674899220466614e-03
5.600541364401578903e-03
5.612870678305625916e-03
5.542120430618524551e-03
6.342947017401456833e-03
7.000333163887262344e-03
5.895689129829406738e-03
5.469958297908306122e-03
5.454833619296550751e-03
5.438272841274738312e-03
5.528202280402183533e-03
5.554647184908390045e-03
5.956260021775960922e-03
5.495491437613964081e-03
5.413177888840436935e-03
5.371424835175275803e-03
5.402876064181327820e-03
1.447407901287078857e-02
5.613525863736867905e-03
5.368752870708703995e-03
5.315649323165416718e-03
5.301528144627809525e-03
6.055181846022605896e-03
7.816907018423080444e-03
5.548647139221429825e-03
5.324722267687320709e-03
5.262704566121101379e-03
5.233345553278923035e-03
5.644670687615871429e-03
8.806872181594371796e-03
5.683230701833963394e-03
5.262431222945451736e-03
5.200351588428020477e-03
5.171112716197967529e-03
5.534592084586620331e-03
6.765710189938545227e-03
5.487099755555391312e-03
7.204710505902767181e-03
5.279491655528545380e-03
5.841080565005540848e-03
5.140230525285005569e-03
5.346150137484073639e-03
5.129929631948471069e-03
1.371565274894237518e-02
6.069234572350978851e-03
5.089837126433849335e-03
5.051474086940288544e-03
5.038289353251457214e-03
5.096742417663335800e-03
8.385322988033294678e-03
5.215417593717575073e-03
5.103129427880048752e-03
4.970725160092115402e-03
4.966707434505224228e-03
6.796569097787141800e-03
4.987910855561494827e-03
5.266641732305288315e-03
4.951233044266700745e-03
4.912425298243761063e-03
4.923707805573940277e-03
1.127723325043916702e-02
6.052949931472539902e-03
5.030589178204536438e-03
4.903610330075025558e-03
4.886819981038570404e-03
7.334999274462461472e-03
5.389238707721233368e-03
4.938280209898948669e-03
4.815642721951007843e-03
5.099284462630748749e-03
5.223069805651903152e-03
4.826838616281747818e-03
4.899759776890277863e-03
4.804986063390970230e-03
1.143352780491113663e-02
5.544116720557212830e-03
4.839534871280193329e-03
4.792901687324047089e-03
4.740881267935037613e-03
1.170628424733877182e-02
5.453044082969427109e-03
4.690418485552072525e-03
4.672251176089048386e-03
4.678431898355484009e-03
4.671687260270118713e-03
1.271274499595165253e-02
5.459855310618877411e-03
4.683931358158588409e-03
4.641091451048851013e-03
4.604582209140062332e-03
1.050057448446750641e-02
5.695424973964691162e-03
4.751077853143215179e-03
4.631164018064737320e-03
4.586264956742525101e-03
5.792511161416769028e-03
6.460285279899835587e-03
4.830988124012947083e-03
4.527751822024583817e-03
4.578256979584693909e-03
1.165712624788284302e-02
5.398578476160764694e-03
4.634817130863666534e-03
4.481701180338859558e-03
4.731621127575635910e-03
4.824164789170026779e-03
4.524636548012495041e-03
4.534793552011251450e-03
4.421098157763481140e-03
6.733789574354887009e-03
5.862434860318899155e-03
4.648260306566953659e-03
4.399299621582031250e-03
4.393275827169418335e-03
4.378820303827524185e-03
4.368826281279325485e-03
7.132897619158029556e-03
4.676165990531444550e-03
4.436641000211238861e-03
4.337463527917861938e-03
4.926718305796384811e-03
4.315406084060668945e-03
4.741685930639505386e-03
4.551293794065713882e-03
7.323953788727521896e-03
4.725751001387834549e-03
4.755454137921333313e-03
5.872313398867845535e-03
4.850168246775865555e-03
4.574334248900413513e-03
5.975130479782819748e-03
4.604129120707511902e-03
6.091864779591560364e-03
4.721802193671464920e-03
5.198139231652021408e-03
4.397103562951087952e-03
6.590188946574926376e-03
4.364370368421077728e-03
4.210262093693017960e-03
4.172740969806909561e-03
4.173106513917446136e-03
5.292819347232580185e-03
6.002270150929689407e-03
4.153429064899682999e-03
4.153632558882236481e-03
4.122098907828330994e-03
4.538264591246843338e-03
6.172536406666040421e-03
4.468041937798261642e-03
4.190281964838504791e-03
4.103245679289102554e-03
4.179289098829030991e-03
4.255580250173807144e-03
4.493570420891046524e-03
4.127531778067350388e-03
4.040493164211511612e-03
4.093809053301811218e-03
9.746007621288299561e-03
4.701826255768537521e-03
4.050906281918287277e-03
4.006379749625921249e-03
6.374975200742483139e-03
4.676309879869222641e-03
4.211878869682550430e-03
3.966890275478363037e-03
4.637658596038818359e-03
4.520388320088386536e-03
3.976354841142892838e-03
3.926690667867660522e-03
5.214418750256299973e-03
5.680891219526529312e-03
4.229168873280286789e-03
3.906654193997383118e-03
4.353600554168224335e-03
5.264671519398689270e-03
3.881166456267237663e-03
4.151789937168359756e-03
7.109042722731828690e-03
4.318125080317258835e-03
3.939164336770772934e-03
3.858864307403564453e-03
9.399443864822387695e-03
4.980430938303470612e-03
3.973601851612329483e-03
3.863029880449175835e-03
3.817447461187839508e-03
3.915733192116022110e-03
3.970512654632329941e-03
4.209658131003379822e-03
3.883852390572428703e-03
3.772746771574020386e-03
3.903361735865473747e-03
7.402876392006874084e-03
4.164599813520908356e-03
3.924672491848468781e-03
3.803721396252512932e-03
7.796574383974075317e-03
3.786158747971057892e-03
3.754292847588658333e-03
3.696316387504339218e-03
4.144422709941864014e-03
3.711697412654757500e-03
3.862394019961357117e-03
3.680133959278464317e-03
4.355116281658411026e-03
5.433846265077590942e-03
3.941949922591447830e-03
3.653644351288676262e-03
3.823184641078114510e-03
7.803201675415039062e-03
3.623607102781534195e-03
3.743609413504600525e-03
3.911426290869712830e-03
5.437156185507774353e-03
4.045831039547920227e-03
3.782447427511215210e-03
3.617010312154889107e-03
1.008403394371271133e-02
3.783674445003271103e-03
3.696512663736939430e-03
3.581846598535776138e-03
3.592344466596841812e-03
4.010478500276803970e-03
3.556614276021718979e-03
3.814231837168335915e-03
3.588112303987145424e-03
3.588204504922032356e-03
3.924427088350057602e-03
4.244519863277673721e-03
3.548117820173501968e-03
3.527163993567228317e-03
3.528523957356810570e-03
4.138155374675989151e-03
3.852011868730187416e-03
3.637442365288734436e-03
3.578342497348785400e-03
3.767453599721193314e-03
4.888847935944795609e-03
3.929502330720424652e-03
3.516718978062272072e-03
3.419863060116767883e-03
3.471568226814270020e-03
8.543922565877437592e-03
4.084047395735979080e-03
3.479338716715574265e-03
3.493300406262278557e-03
4.787473008036613464e-03
3.967598546296358109e-03
3.805213375017046928e-03
3.370666643604636192e-03
1.227422989904880524e-02
4.415675066411495209e-03
3.417883301153779030e-03
3.353926353156566620e-03
3.358345013111829758e-03
3.372433362528681755e-03
8.715571835637092590e-03
3.565145423635840416e-03
3.374828258529305458e-03
3.425754141062498093e-03
5.278214812278747559e-03
4.469837993383407593e-03
3.483812557533383369e-03
3.460284788161516190e-03
4.131390713155269623e-03
3.409377764910459518e-03
3.687821095809340477e-03
3.643016098067164421e-03
4.974585957825183868e-03
3.827032400295138359e-03
3.838762873783707619e-03
3.626560559496283531e-03
3.269519424065947533e-03
3.388154553249478340e-03
5.806434899568557739e-03
3.625707933679223061e-03
3.353499574586749077e-03
3.189433831721544266e-03
3.461050102487206459e-03
5.694276187568902969e-03
3.312340937554836273e-03
3.329121740534901619e-03
4.171546548604965210e-03
3.174718469381332397e-03
4.231063649058341980e-03
3.165264846757054329e-03
5.494073964655399323e-03
3.867358434945344925e-03
3.339457092806696892e-03
3.162489971145987511e-03
3.354171058163046837e-03
3.109470242634415627e-03
3.104334231466054916e-03
3.190937219187617302e-03
3.167009446769952774e-03
5.973797291517257690e-03
3.678517183288931847e-03
3.191219875589013100e-03
3.079972695559263229e-03
7.567871361970901489e-03
3.044138662517070770e-03
3.263646736741065979e-03
3.154765348881483078e-03
6.504059303551912308e-03
3.369294572621583939e-03
3.027935745194554329e-03
3.357411129400134087e-03
5.895244423300027847e-03
3.274928312748670578e-03
3.477052319794893265e-03
4.669124260544776917e-03
3.374169114977121353e-03
4.131952300667762756e-03
3.160431981086730957e-03
4.527786746621131897e-03
3.447494702413678169e-03
2.943716943264007568e-03
3.151576733216643333e-03
7.302604150027036667e-03
3.146405331790447235e-03
3.121014917269349098e-03
3.085013013333082199e-03
5.170396063476800919e-03
3.445292124524712563e-03
2.898663748055696487e-03
2.988805994391441345e-03
8.013710379600524902e-03
3.014518413692712784e-03
2.934388350695371628e-03
2.869705436751246452e-03
3.929858095943927765e-03
4.542031325399875641e-03
2.971194218844175339e-03
2.975755603983998299e-03
3.186602378264069557e-03
3.203701693564653397e-03
3.309977008029818535e-03
2.849288750439882278e-03
3.229486057534813881e-03
2.904728287830948830e-03
3.208801848813891411e-03
2.875220961868762970e-03
2.931233262643218040e-03
3.165920730680227280e-03
2.955265576019883156e-03
2.803970593959093094e-03
2.822659909725189209e-03
2.770845312625169754e-03
9.392365813255310059e-03
4.028856288641691208e-03
2.923722146078944206e-03
2.795353531837463379e-03
2.772082807496190071e-03
3.038244089111685753e-03
2.814963692799210548e-03
2.752456814050674438e-03
2.823195653036236763e-03
2.812683815136551857e-03
4.079453181475400925e-03
4.374022129923105240e-03
2.922468353062868118e-03
2.846722723916172981e-03
2.737792907282710075e-03
9.294155985116958618e-03
3.225838532671332359e-03
2.787541132420301437e-03
2.669606823474168777e-03
2.736631548032164574e-03
8.578192442655563354e-03
3.206456312909722328e-03
2.644212450832128525e-03
2.635442651808261871e-03
3.412970341742038727e-03
4.750177729874849319e-03
2.957587828859686852e-03
2.624375512823462486e-03
2.609275514259934425e-03
2.990947803482413292e-03
6.346176378428936005e-03
2.618386410176753998e-03
2.684666076675057411e-03
2.590878633782267570e-03
2.578366314992308617e-03
3.099436871707439423e-03
2.862017601728439331e-03
2.646087203174829483e-03
2.557537518441677094e-03
3.291183384135365486e-03
2.680296078324317932e-03
3.016073256731033325e-03
2.788814250379800797e-03
4.977087024599313736e-03
3.256662981584668159e-03
2.808092162013053894e-03
4.450138192623853683e-03
2.698554890230298042e-03
2.677385928109288216e-03
3.996022976934909821e-03
2.770126098766922951e-03
2.535698702558875084e-03
3.010151907801628113e-03
5.995656363666057587e-03
2.608339302241802216e-03
2.574260579422116280e-03
2.478538546711206436e-03
2.471368061378598213e-03
2.823106478899717331e-03
2.453242661431431770e-03
2.646659966558218002e-03
2.441800897940993309e-03
2.772809704765677452e-03
3.490814706310629845e-03
2.798644825816154480e-03
2.670849207788705826e-03
3.076281864196062088e-03
2.415058203041553497e-03
2.778243273496627808e-03
2.520656678825616837e-03
6.117537617683410645e-03
2.577970968559384346e-03
2.391184912994503975e-03
3.073219908401370049e-03
2.405852079391479492e-03
2.579081105068325996e-03
2.373830880969762802e-03
2.617337275296449661e-03
7.602722384035587311e-03
2.982400124892592430e-03
2.372963586822152138e-03
2.357527380809187889e-03
2.338623628020286560e-03
2.334075979888439178e-03
2.485286211594939232e-03
4.554486367851495743e-03
2.817558357492089272e-03
2.315416932106018066e-03
2.325783949345350266e-03
4.282415378838777542e-03
2.562063513323664665e-03
2.369430148974061012e-03
2.284392248839139938e-03
2.283608540892601013e-03
2.423831028863787651e-03
3.599852556362748146e-03
2.386143431067466736e-03
2.408193191513419151e-03
2.308962168172001839e-03
2.533357590436935425e-03
2.469371305778622627e-03
2.520252251997590065e-03
2.254070015624165535e-03
2.273528371006250381e-03
2.416065195575356483e-03
3.306226804852485657e-03
2.338972873985767365e-03
2.335686935111880302e-03
2.283687004819512367e-03
2.873577177524566650e-03
3.628593171015381813e-03
2.388353459537029266e-03
2.216607099398970604e-03
2.289168536663055420e-03
6.031812168657779694e-03
2.273441525176167488e-03
2.386596286669373512e-03
2.261489862576127052e-03
4.919448867440223694e-03
2.850627992302179337e-03
2.255654428154230118e-03
2.164337784051895142e-03
4.828545264899730682e-03
2.553550759330391884e-03
2.288147807121276855e-03
2.127772429957985878e-03
2.205129479989409447e-03
9.094221517443656921e-03
2.994629088789224625e-03
2.251708414405584335e-03
2.120452467352151871e-03
2.160304691642522812e-03
9.168900549411773682e-03
3.102036658674478531e-03
2.270169323310256004e-03
2.078862162306904793e-03
2.076528733596205711e-03
2.520683454349637032e-03
6.122211460024118423e-03
2.597508253529667854e-03
2.062795450910925865e-03
2.061202656477689743e-03
2.048420021310448647e-03
2.053642412647604942e-03
2.439010189846158028e-03
3.797793528065085411e-03
2.482972340658307076e-03
2.114592585712671280e-03
2.027474809437990189e-03
2.062067622318863869e-03
9.470991790294647217e-03
2.830846002325415611e-03
2.121680416166782379e-03
2.006235765293240547e-03
1.999106723815202713e-03
2.715653274208307266e-03
4.463224671781063080e-03
2.312145195901393890e-03
2.026241505518555641e-03
1.987794879823923111e-03
1.967361196875572205e-03
1.967402407899498940e-03
9.566561318933963776e-03
3.304247278720140457e-03
2.032338641583919525e-03
1.979467691853642464e-03
1.942035974934697151e-03
1.936204265803098679e-03
2.091348171234130859e-03
2.374981064349412918e-03
2.299719257280230522e-03
1.950768288224935532e-03
1.920157694257795811e-03
1.917404471896588802e-03
1.930274534970521927e-03
7.916876114904880524e-03
2.872460521757602692e-03
2.086126711219549179e-03
1.927466946654021740e-03
1.904805540107190609e-03
2.183178206905722618e-03
1.993002137169241905e-03
2.108599292114377022e-03
1.886379555799067020e-03
1.883930759504437447e-03
1.906408811919391155e-03
1.056485529989004135e-02
2.042043721303343773e-03
1.900726929306983948e-03
1.849324791692197323e-03
1.849237247370183468e-03
1.945746364071965218e-03
6.431268062442541122e-03
1.953075523488223553e-03
1.835066126659512520e-03
1.854158472269773483e-03
1.821788609959185123e-03
4.057901911437511444e-03
1.823323662392795086e-03
2.093497430905699730e-03
1.829510089010000229e-03
1.808587927371263504e-03
1.795806689187884331e-03
2.224943134933710098e-03
5.247624590992927551e-03
1.789880683645606041e-03
1.846390310674905777e-03
1.783873653039336205e-03
1.802537473849952221e-03
1.823016675189137459e-03
1.088066492229700089e-02
1.992957200855016708e-03
1.807672786526381969e-03
1.758228754624724388e-03
1.753502641804516315e-03
1.758831553161144257e-03
1.054767053574323654e-02
2.685157116502523422e-03
1.799500780180096626e-03
1.756301382556557655e-03
1.725591369904577732e-03
1.722357235848903656e-03
1.961018424481153488e-03
5.417610518634319305e-03
1.857273047789931297e-03
1.750654424540698528e-03
1.706513692624866962e-03
1.702913083136081696e-03
1.697622006759047508e-03
1.819420955143868923e-03
1.763348001986742020e-03
2.356566954404115677e-03
1.687120296992361546e-03
1.681181835010647774e-03
1.680924440734088421e-03
1.670429832302033901e-03
3.168814117088913918e-03
1.687374082393944263e-03
1.738821854814887047e-03
1.727405819110572338e-03
1.664147246628999710e-03
1.655327621847391129e-03
1.648689154535531998e-03
1.928012701682746410e-03
2.456292975693941116e-03
2.145408652722835541e-03
1.690955017693340778e-03
1.645250362344086170e-03
1.628574915230274200e-03
2.225848380476236343e-03
4.707610700279474258e-03
1.644214149564504623e-03
1.621465780772268772e-03
1.617193571291863918e-03
1.634342479519546032e-03
2.420688746497035027e-03
3.794018877670168877e-03
1.901469542644917965e-03
1.648178906179964542e-03
1.603045966476202011e-03
1.656800159253180027e-03
6.053549703210592270e-03
2.181831048801541328e-03
1.614378998056054115e-03
1.577619812451303005e-03
1.576083479449152946e-03
1.566895283758640289e-03
2.240538364276289940e-03
4.593551158905029297e-03
1.828597974963486195e-03
1.600341638550162315e-03
1.565190497785806656e-03
1.548283500596880913e-03
1.554025569930672646e-03
5.647139623761177063e-03
2.167416736483573914e-03
1.727919443510472775e-03
1.564115402288734913e-03
1.532296417281031609e-03
1.528812572360038757e-03
2.461555646732449532e-03
3.283863887190818787e-03
1.854556845501065254e-03
1.542655518278479576e-03
1.521773170679807663e-03
1.506897038780152798e-03
1.512440270744264126e-03
7.948882877826690674e-03
3.035971196368336678e-03
1.500031212344765663e-03
1.503227045759558678e-03
1.493029412813484669e-03
1.489658956415951252e-03
1.934486092068254948e-03
4.003637004643678665e-03
1.683000707998871803e-03
1.483315834775567055e-03
1.491419621743261814e-03
1.474447082728147507e-03
2.705357735976576805e-03
3.268835600465536118e-03
1.527732936665415764e-03
1.495413831435143948e-03
1.452748081646859646e-03
1.507686567492783070e-03
8.581082336604595184e-03
1.460725441575050354e-03
1.514559611678123474e-03
1.442179316654801369e-03
1.439208164811134338e-03
1.498740981332957745e-03
8.266950957477092743e-03
1.608068356290459633e-03
1.425395952537655830e-03
1.438561710529029369e-03
1.424116897396743298e-03
1.575136440806090832e-03
1.454919460229575634e-03
2.051777206361293793e-03
1.415954204276204109e-03
1.409842981956899166e-03
1.399301341734826565e-03
1.436295337043702602e-03
9.236901998519897461e-03
2.261523390188813210e-03
1.444426365196704865e-03
1.417970168404281139e-03
1.396533800289034843e-03
1.715413411147892475e-03
2.146549290046095848e-03
1.820017583668231964e-03
1.444301917217671871e-03
1.368471188470721245e-03
1.379589200951159000e-03
3.614180022850632668e-03
1.390435965731739998e-03
1.610957202501595020e-03
1.399654312990605831e-03
1.351833227090537548e-03
1.351264771074056625e-03
1.666843658313155174e-03
5.110488738864660263e-03
1.447041286155581474e-03
1.388795673847198486e-03
1.340633491054177284e-03
1.338026369921863079e-03
1.330900355242192745e-03
1.435469253920018673e-03
1.363624352961778641e-03
1.822318765334784985e-03
1.402894500643014908e-03
1.338499016128480434e-03
1.318230410106480122e-03
1.312120351940393448e-03
1.446921145543456078e-03
1.782443141564726830e-03
1.754998345859348774e-03
1.402484951540827751e-03
1.309253391809761524e-03
1.300079398788511753e-03
1.437451574020087719e-03
1.339900773018598557e-03
2.066329587250947952e-03
1.290471293032169342e-03
1.286342390812933445e-03
1.286588492803275585e-03
1.277821487747132778e-03
1.482365885749459267e-03
5.908949300646781921e-03
1.863586716353893280e-03
1.329135964624583721e-03
1.277115661650896072e-03
1.268311403691768646e-03
1.262170146219432354e-03
1.299263327382504940e-03
3.446333110332489014e-03
2.106833504512906075e-03
1.447038492187857628e-03
1.251683104783296585e-03
1.317613408900797367e-03
8.333691395819187164e-03
2.144439378753304482e-03
1.375204883515834808e-03
1.239677192643284798e-03
1.236314885318279266e-03
1.489878748543560505e-03
4.704625811427831650e-03
1.356638967990875244e-03
1.250221394002437592e-03
1.224856125190854073e-03
1.221347018145024776e-03
1.218020450323820114e-03
1.293690991587936878e-03
5.696458742022514343e-03
1.312409178353846073e-03
1.321849762462079525e-03
1.219399506226181984e-03
1.207440393045544624e-03
1.220685895532369614e-03
9.921026416122913361e-03
2.118052914738655090e-03
1.299409894272685051e-03
1.219844445586204529e-03
1.189544214867055416e-03
1.184315537102520466e-03
1.291391788981854916e-03
1.338498084805905819e-03
1.771423616446554661e-03
1.251496956683695316e-03
1.193642383441329002e-03
1.173321856185793877e-03
1.167911104857921600e-03
1.217798329889774323e-03
5.988965742290019989e-03
1.958037028089165688e-03
1.163750537671148777e-03
1.169551396742463112e-03
1.155329984612762928e-03
1.152800163254141808e-03
1.240360783413052559e-03
2.706797560676932335e-03
1.809271983802318573e-03
1.167042530141770840e-03
1.145008602179586887e-03
1.141471904702484608e-03
1.140934531576931477e-03
2.252355683594942093e-03
1.999327680096030235e-03
1.498832716606557369e-03
1.131223980337381363e-03
1.127214753068983555e-03
1.125937094911932945e-03
1.120841596275568008e-03
1.874709618277847767e-03
3.094674786552786827e-03
1.551909022964537144e-03
1.128198346123099327e-03
1.118096639402210712e-03
1.108344178646802902e-03
1.105908770114183426e-03
1.190999522805213928e-03
1.758861588314175606e-03
1.830947468988597393e-03
1.151480013504624367e-03
1.114456914365291595e-03
1.093481550924479961e-03
1.088952645659446716e-03
1.117905718274414539e-03
1.032223273068666458e-02
1.711493940092623234e-03
1.085959724150598049e-03
1.098085194826126099e-03
1.078746165148913860e-03
1.075190608389675617e-03
1.101695583201944828e-03
9.540570899844169617e-03
1.920031034387648106e-03
1.078660483472049236e-03
1.065737800672650337e-03
1.068591373041272163e-03
1.058663125149905682e-03
2.462127245962619781e-03
1.156304730102419853e-03
1.281570526771247387e-03
1.080638612620532513e-03
1.056858804076910019e-03
1.047880970872938633e-03
1.052659819833934307e-03
2.643980085849761963e-03
2.015592530369758606e-03
1.044438802637159824e-03
1.039098598994314671e-03
1.036598230712115765e-03
1.055795000866055489e-03
8.875221945345401764e-03
2.203796058893203735e-03
1.034400193020701408e-03
1.027218415401875973e-03
1.029204810038208961e-03
1.019284827634692192e-03
1.741551212035119534e-03
3.563834819942712784e-03
1.341575407423079014e-03
1.039583235979080200e-03
1.016563735902309418e-03
1.007481012493371964e-03
1.014029141515493393e-03
3.702171845361590385e-03
1.136593637056648731e-03
1.265913364477455616e-03
1.020246883854269981e-03
1.002760604023933411e-03
9.946038480848073959e-04
1.502100145444273949e-03
2.988509600982069969e-03
1.339035457931458950e-03
1.048884703777730465e-03
9.840613929554820061e-04
1.018291688524186611e-03
6.746693048626184464e-03
1.765314606018364429e-03
1.146606286056339741e-03
9.828576585277915001e-04
9.724799310788512230e-04
1.171594834886491299e-03
1.008159131743013859e-03
1.651991158723831177e-03
9.950518142431974411e-04
9.761784458532929420e-04
9.606644744053483009e-04
9.628617553971707821e-04
1.027205120772123337e-02
1.560798380523920059e-03
1.064221723936498165e-03
9.784884750843048096e-04
9.490532102063298225e-04
9.479815489612519741e-04
1.286040758714079857e-03
3.556891344487667084e-03
1.031441264785826206e-03
9.616090683266520500e-04
9.387669852003455162e-04
9.358305251225829124e-04
9.781153639778494835e-04
8.899006061255931854e-03
1.203435240313410759e-03
9.464690228924155235e-04
9.297558572143316269e-04
9.241980151273310184e-04
9.644613601267337799e-04
8.744521066546440125e-03
9.779040701687335968e-04
9.895904222503304482e-04
9.203045046888291836e-04
9.178399341180920601e-04
9.618287440389394760e-04
8.239243179559707642e-03
1.610189327038824558e-03
9.570220136083662510e-04
9.339225944131612778e-04
9.121072362177073956e-04
1.608630525879561901e-03
2.931170631200075150e-03
1.246212283149361610e-03
9.461034205742180347e-04
9.183461079373955727e-04
1.061173505149781704e-03
2.718229545280337334e-03
9.863195009529590607e-04
9.350494947284460068e-04
8.855732157826423645e-04
1.007143058814108372e-03
5.878021940588951111e-03
1.533413189463317394e-03
9.346511797048151493e-04
9.068051003850996494e-04
1.151302480138838291e-03
1.210847753100097179e-03
8.934063953347504139e-04
9.254681062884628773e-04
8.774268790148198605e-04
8.649235242046415806e-04
2.286173636093735695e-03
3.382325638085603714e-03
1.286902697756886482e-03
8.802161901257932186e-04
8.732295245863497257e-04
8.638796280138194561e-04
8.607919444330036640e-04
8.589245262555778027e-04
8.884150302037596703e-04
1.470117364078760147e-03
1.900104340165853500e-03
9.606808307580649853e-04
8.813320309855043888e-04
8.902186527848243713e-04
2.054282696917653084e-03
2.737017814069986343e-03
1.097675529308617115e-03
8.718349272385239601e-04
8.508072351105511189e-04
1.127049210481345654e-03
1.287207473069429398e-03
1.302945194765925407e-03
9.009223431348800659e-04
8.396545890718698502e-04
8.285161457024514675e-04
8.897188818082213402e-04
2.233818871900439262e-03
1.451065763831138611e-03
9.158831089735031128e-04
8.486683364026248455e-04
8.258536108769476414e-04
8.198409341275691986e-04
8.168790373019874096e-04
8.921718108467757702e-04
6.072903051972389221e-03
9.398925467394292355e-04
8.133518858812749386e-04
8.259041933342814445e-04
8.171165245585143566e-04
1.024649478495121002e-03
1.583457342348992825e-03
1.161641906946897507e-03
8.130029891617596149e-04
8.022042457014322281e-04
8.013159385882318020e-04
8.011528407223522663e-04
2.576313912868499756e-03
8.561181020922958851e-04
8.803799282759428024e-04
8.418431971222162247e-04
8.000013185665011406e-04
7.890651468187570572e-04
7.871119305491447449e-04
9.543080232106149197e-04
1.594429602846503258e-03
9.845446329563856125e-04
8.569770143367350101e-04
7.966011180542409420e-04
7.788285147398710251e-04
7.788279908709228039e-04
1.031355699524283409e-03
2.833146601915359497e-03
8.633055258542299271e-04
8.318871841765940189e-04
7.811468094587326050e-04
7.702787988819181919e-04
7.696805405430495739e-04
1.724729663692414761e-03
2.135215327143669128e-03
1.146558672189712524e-03
7.655806257389485836e-04
7.615924114361405373e-04
7.606521248817443848e-04
7.651968626305460930e-04
2.350274240598082542e-03
1.419039908796548843e-03
8.621808956377208233e-04
7.821692852303385735e-04
7.542119128629565239e-04
7.580949459224939346e-04
1.547312131151556969e-03
3.291710978373885155e-03
8.030761382542550564e-04
7.897450705058872700e-04
7.458915933966636658e-04
7.414637948386371136e-04
7.878699107095599174e-04
9.166158735752105713e-03
7.482813671231269836e-04
8.710796246305108070e-04
7.596461218781769276e-04
7.339669973589479923e-04
7.381868199445307255e-04
1.388161676004528999e-03
3.619110910221934319e-03
7.415569270960986614e-04
7.766054477542638779e-04
7.283776067197322845e-04
7.247328176163136959e-04
7.608768064528703690e-04
9.928802959620952606e-03
7.866775267757475376e-04
8.660284220241010189e-04
7.437095046043395996e-04
7.174569182097911835e-04
7.194258505478501320e-04
9.949413361027836800e-04
2.451328327879309654e-03
9.255984914489090443e-04
7.398468442261219025e-04
7.143546827137470245e-04
7.120812078937888145e-04
7.065115496516227722e-04
1.140008214861154556e-03
4.144179169088602066e-03
1.114386366680264473e-03
7.776877610012888908e-04
7.050897111184895039e-04
7.014963775873184204e-04
6.996128940954804420e-04
6.988076493144035339e-04
1.007131650112569332e-03
2.694827271625399590e-03
8.755167946219444275e-04
7.136655040085315704e-04
6.934045813977718353e-04
6.916118436492979527e-04
7.218771497718989849e-04
7.488493341952562332e-03
1.732505275867879391e-03
7.733923848718404770e-04
7.159048691391944885e-04
6.869547651149332523e-04
6.862755399197340012e-04
5.701897665858268738e-03
2.636029385030269623e-03
9.040162549354135990e-04
6.822262075729668140e-04
6.809643818996846676e-04
6.771813496015965939e-04
6.732395850121974945e-04
6.785538280382752419e-04
1.127675641328096390e-02
7.017027819529175758e-04
6.812700885348021984e-04
6.958109443075954914e-04
6.692515453323721886e-04
6.675410550087690353e-04
6.652673473581671715e-04
7.017591269686818123e-04
7.901039905846118927e-03
1.462622312828898430e-03
7.043391815386712551e-04
6.832192302681505680e-04
6.693038740195333958e-04
8.517103269696235657e-04
8.110501221381127834e-04
9.798124665394425392e-04
7.375488639809191227e-04
6.559721659868955612e-04
6.514819106087088585e-04
7.327816565521061420e-04
1.114148180931806564e-03
1.286073704250156879e-03
6.807582103647291660e-04
6.637810147367417812e-04
6.458527641370892525e-04
6.443921593017876148e-04
8.075188961811363697e-04
8.413618197664618492e-04
1.076558837667107582e-03
7.282384904101490974e-04
6.541415350511670113e-04
6.441152654588222504e-04
7.257300894707441330e-04
5.285897757858037949e-03
6.455930997617542744e-04
7.176296785473823547e-04
6.393020739778876305e-04
6.357941892929375172e-04
6.948760128580033779e-04
7.714570499956607819e-03
1.141915097832679749e-03
6.321822875179350376e-04
6.402928265742957592e-04
6.314676138572394848e-04
6.645860848948359489e-04
8.637779392302036285e-03
6.522000185213983059e-04
7.520685321651399136e-04
6.358467508107423782e-04
6.217166665010154247e-04
6.215202156454324722e-04
1.036695321090519428e-03
2.769599203020334244e-03
8.464052225463092327e-04
6.240473012439906597e-04
6.252991151995956898e-04
6.181854987516999245e-04
9.865447646006941795e-04
1.713320263661444187e-03
1.019068178720772266e-03
6.671955343335866928e-04
6.087564397603273392e-04
6.179912015795707703e-04
1.933184219524264336e-03
1.925327931530773640e-03
6.123759085312485695e-04
6.053731194697320461e-04
6.131561240181326866e-04
6.088608643040060997e-04
2.950494643300771713e-03
6.421936559490859509e-04
8.941938285715878010e-04
6.257483619265258312e-04
6.035918486304581165e-04
5.972267244942486286e-04
8.309427648782730103e-04
6.788186728954315186e-04
6.380614358931779861e-04
5.929329781793057919e-04
6.021813023835420609e-04
6.435193354263901711e-04
6.764523684978485107e-03
1.436088932678103447e-03
7.242838619276881218e-04
5.885796272195875645e-04
5.870762397535145283e-04
7.347458158619701862e-04
7.792200194671750069e-04
9.883841266855597496e-04
6.110632675699889660e-04
5.882193217985332012e-04
5.850939778611063957e-04
5.786194815300405025e-04
8.872335311025381088e-04
3.681594273075461388e-03
5.895396461710333824e-04
6.348654278554022312e-04
5.841428646817803383e-04
5.777776241302490234e-04
5.816405173391103745e-04
3.196308389306068420e-03
5.912836641073226929e-04
6.343628629110753536e-04
5.703370552510023117e-04
5.696662119589745998e-04
6.997371674515306950e-04
3.302648197859525681e-03
9.794555371627211571e-04
6.699453806504607201e-04
5.920997937209904194e-04
6.164860678836703300e-04
7.763310801237821579e-03
8.112413925118744373e-04
5.730827688239514828e-04
5.615037516690790653e-04
5.586482584476470947e-04
6.562971393577754498e-04
4.683825187385082245e-03
1.040712348185479641e-03
6.637580809183418751e-04
5.582429585047066212e-04
6.120252655819058418e-04
6.440046243369579315e-03
1.250425470061600208e-03
6.243631942197680473e-04
5.742214270867407322e-04
5.650441744364798069e-04
4.993939772248268127e-03
1.146181486546993256e-03
7.105591939762234688e-04
5.742825451306998730e-04
5.539674893952906132e-04
5.653316038660705090e-04
7.740385830402374268e-03
1.585621619597077370e-03
5.524465232156217098e-04
5.498446989804506302e-04
5.439957603812217712e-04
5.639923037961125374e-04
4.628841765224933624e-03
8.213701657950878143e-04
6.724538980051875114e-04
5.415552877821028233e-04
5.391512531787157059e-04
7.208843016996979713e-04
9.253432508558034897e-04
5.518124089576303959e-04
5.350768333300948143e-04
5.458844825625419617e-04
5.510624032467603683e-04
5.770858377218246460e-03
1.401631394401192665e-03
7.007097592577338219e-04
5.592094967141747475e-04
5.312574212439358234e-04
5.309276748448610306e-04
5.444964393973350525e-03
1.755563775077462196e-03
5.722678033635020256e-04
5.257654702290892601e-04
5.296132876537740231e-04
5.272538983263075352e-04
8.608933421783149242e-04
1.802050275728106499e-03
9.531116811558604240e-04
5.797635531052947044e-04
5.231618997640907764e-04
5.194399273023009300e-04
9.084792691282927990e-04
3.477848600596189499e-03
5.367220728658139706e-04
5.491996416822075844e-04
5.183488246984779835e-04
5.163707537576556206e-04
5.398514331318438053e-04
6.484535057097673416e-03
1.495342468842864037e-03
6.485608173534274101e-04
5.381160881370306015e-04
5.168649367988109589e-04
5.276328301988542080e-04
8.126322180032730103e-03
1.478580641560256481e-03
5.329243722371757030e-04
5.210771923884749413e-04
5.072813364677131176e-04
5.102715804241597652e-04
1.007397891953587532e-03
2.457469003275036812e-03
8.362340740859508514e-04
5.567817133851349354e-04
5.009687156416475773e-04
5.294450675137341022e-04
4.539703484624624252e-03
6.779791438020765781e-04
5.731758428737521172e-04
4.988121218048036098e-04
4.969338187947869301e-04
4.973941831849515438e-04
1.020818203687667847e-02
5.132293445058166981e-04
5.223331390880048275e-04
4.983735270798206329e-04
5.008136504329741001e-04
4.950382281094789505e-04
4.927606205455958843e-04
5.664971540682017803e-04
1.102786161936819553e-03
1.096640713512897491e-03
4.919889033772051334e-04
5.344294477254152298e-04
5.016786744818091393e-04
3.698157379403710365e-03
1.153849414549767971e-03
5.707182572223246098e-04
4.892600700259208679e-04
4.866212839260697365e-04
4.841277841478586197e-04
4.948572022840380669e-04
9.014553390443325043e-03
9.554334101267158985e-04
5.626215133816003799e-04
5.014352500438690186e-04
4.806192591786384583e-04
4.818625457119196653e-04
6.779375835321843624e-04
7.765418267808854580e-04
9.639891795814037323e-04
5.003098631277680397e-04
4.871959099546074867e-04
4.773101536557078362e-04
4.810481041204184294e-04
6.807035766541957855e-03
1.910765073262155056e-03
5.806704866699874401e-04
5.020710523240268230e-04
4.784283810295164585e-04
4.721664299722760916e-04
4.710453213192522526e-04
1.419577165506780148e-03
1.243712962605059147e-03
8.028233423829078674e-04
4.728994681499898434e-04
4.709623171947896481e-04
4.690198111347854137e-04
4.670416819863021374e-04
1.388377975672483444e-03
2.319274703040719032e-03
7.190597825683653355e-04
4.963643732480704784e-04
4.757531569339334965e-04
6.411806098185479641e-04
9.424519957974553108e-04
5.143294110894203186e-04
4.742589953821152449e-04
4.722615121863782406e-04
4.677563847508281469e-04
1.277786795981228352e-03
2.674343297258019447e-03
4.616898077074438334e-04
4.668581823352724314e-04
4.607612208928912878e-04
4.601487598847597837e-04
6.187129183672368526e-04
4.900422063656151295e-04
1.034162356518208981e-03
4.741590237244963646e-04
4.598811792675405741e-04
4.525594413280487061e-04
4.683294391725212336e-04
4.969197325408458710e-03
1.190080423839390278e-03
6.276673520915210247e-04
4.805725475307554007e-04
4.494271997828036547e-04
4.605415742844343185e-04
2.720696153119206429e-03
4.809156816918402910e-04
6.116520380601286888e-04
4.759183502756059170e-04
4.485801327973604202e-04
4.516959888860583305e-04
1.407513394951820374e-03
2.192237880080938339e-03
4.615382931660860777e-04
4.623788408935070038e-04
4.447860410436987877e-04
4.441395867615938187e-04
5.868712905794382095e-04
4.704336752183735371e-04
9.745324496179819107e-04
4.657467652577906847e-04
4.497368645388633013e-04
4.402116173878312111e-04
4.442656354513019323e-04
6.525922566652297974e-03
1.542924786917865276e-03
5.066985031589865685e-04
4.507513367570936680e-04
4.354311968199908733e-04
4.421175690367817879e-04
2.645746804773807526e-03
4.432559944689273834e-04
6.865321774967014790e-04
4.681801656261086464e-04
4.366127832327038050e-04
4.317524144425988197e-04
6.283855764195322990e-04
6.054434925317764282e-04
8.558187982998788357e-04
4.959337529726326466e-04
4.331397649366408587e-04
4.278628330212086439e-04
6.810937775298953056e-04
8.682194165885448456e-04
8.757759933359920979e-04
4.924717941321432590e-04
4.314823308959603310e-04
4.248790210112929344e-04
5.611544474959373474e-04
4.525384574662894011e-04
9.578794706612825394e-04
4.273382655810564756e-04
4.237697285134345293e-04
4.242798604536801577e-04
4.310748190619051456e-04
2.178492024540901184e-03
7.647449965588748455e-04
4.596235812641680241e-04
4.227922181598842144e-04
4.282518348190933466e-04
4.191887564957141876e-04
1.085532829165458679e-03
2.256267704069614410e-03
8.303201757371425629e-04
4.190978070255368948e-04
4.180902324151247740e-04
4.174325149506330490e-04
4.152528126724064350e-04
6.480985903181135654e-04
8.977360557764768600e-04
7.955721812322735786e-04
4.755559202749282122e-04
4.126552958041429520e-04
4.147371219005435705e-04
6.523820338770747185e-04
2.655837219208478928e-03
4.532276943791657686e-04
4.704731982201337814e-04
4.209485778119415045e-04
4.130976740270853043e-04
4.113895120099186897e-04
1.115454477258026600e-03
2.601551124826073647e-03
5.170947406440973282e-04
4.242438299115747213e-04
4.116500495001673698e-04
4.060376668348908424e-04
8.003169205039739609e-04
3.797182347625494003e-03
5.917298840358853340e-04
4.436796007212251425e-04
4.062437510583549738e-04
4.050558491144329309e-04
4.017998289782553911e-04
4.677497781813144684e-04
1.126167248003184795e-03
1.069195102900266647e-03
4.117783100809901953e-04
4.113627364858984947e-04
4.000570916105061769e-04
3.989549004472792149e-04
4.445767262950539589e-04
5.316723138093948364e-03
4.632036725524812937e-04
4.991271416656672955e-04
4.142528341617435217e-04
3.972718259319663048e-04
4.095535841770470142e-04
3.179766703397035599e-03
4.011762794107198715e-04
4.558441578410565853e-04
3.949688107240945101e-04
3.973427519667893648e-04
4.340393934398889542e-04
7.891144603490829468e-03
7.540461374446749687e-04
4.154238267801702023e-04
3.929080849047750235e-04
3.952250117436051369e-04
3.946158103644847870e-04
2.735931193456053734e-03
4.053350421600043774e-04
5.159910069778561592e-04
4.049569834023714066e-04
3.943011688534170389e-04
3.881422453559935093e-04
1.505841384641826153e-03
7.284221355803310871e-04
6.854790844954550266e-04
3.880933800246566534e-04
3.865432518068701029e-04
3.870699729304760695e-04
3.844483871944248676e-04
8.532626088708639145e-04
3.714533988386392593e-03
5.784858949482440948e-04
4.185593279544264078e-04
3.856200200971215963e-04
3.852248482871800661e-04
4.056932812090963125e-04
8.377922349609434605e-04
1.506902975961565971e-03
6.719109369441866875e-04
4.018273612018674612e-04
3.912227402906864882e-04
3.803017607424408197e-04
1.864870893768966198e-03
7.911078282631933689e-04
4.070720169693231583e-04
3.934712731279432774e-04
3.814587835222482681e-04
3.774571523535996675e-04
3.765610745176672935e-04
3.801161656156182289e-04
1.776100252754986286e-03
9.328664164058864117e-04
4.387945227790623903e-04
3.882140445057302713e-04
3.781681880354881287e-04
3.784636501222848892e-04
9.086180361919105053e-04
2.993249334394931793e-03
3.807245520874857903e-04
3.870600776281207800e-04
3.720231761690229177e-04
3.704513947013765574e-04
3.979691828135401011e-04
7.705530617386102676e-03
3.801636339630931616e-04
4.770345985889434814e-04
3.867765190079808235e-04
3.682686365209519863e-04
3.710639430209994316e-04
6.540915346704423428e-04
1.994957914575934410e-03
6.236617336980998516e-04
3.692719619721174240e-04
3.716801875270903111e-04
3.690026060212403536e-04
4.563383117783814669e-04
4.648882895708084106e-03
6.819429690949618816e-04
4.116245836485177279e-04
3.738309897016733885e-04
3.623697848524898291e-04
5.403923569247126579e-04
2.375118900090456009e-03
3.665862896014004946e-04
4.286037292331457138e-04
3.632877778727561235e-04
3.625871613621711731e-04
3.609664272516965866e-04
3.839716373477131128e-04
6.815542932599782944e-03
1.232099370099604130e-03
4.239609115757048130e-04
3.807944885920733213e-04
3.632718580774962902e-04
3.735786303877830505e-04
8.417168632149696350e-03
8.490191539749503136e-04
4.485555982682853937e-04
3.784499422181397676e-04
3.569407563190907240e-04
3.556412702891975641e-04
4.094008181709796190e-04
3.746587084606289864e-03
5.590119399130344391e-04
4.508685960900038481e-04
3.703848342411220074e-04
3.532070259097963572e-04
3.688856377266347408e-04
2.097355201840400696e-03
7.011972484178841114e-04
3.639551578089594841e-04
3.524854255374521017e-04
3.547351807355880737e-04
3.607565886341035366e-04
3.431730903685092926e-03
1.187544432468712330e-03
3.976785810664296150e-04
3.601358621381223202e-04
3.493000986054539680e-04
3.489844675641506910e-04
3.667023847810924053e-04
6.126251537352800369e-03
1.183795859105885029e-03
4.649733018595725298e-04
3.639380447566509247e-04
3.503884654492139816e-04
3.474623954389244318e-04
4.128798376768827438e-03
3.256072290241718292e-03
4.370456736069172621e-04
3.495979472063481808e-04
3.498362493701279163e-04
3.464265319053083658e-04
3.449007926974445581e-04
3.439573338255286217e-04
3.999632899649441242e-04
1.734137884341180325e-03
1.404345384798943996e-03
3.961678303312510252e-04
3.781378618441522121e-04
4.139339434914290905e-04
5.332417320460081100e-03
4.149728920310735703e-04
3.550686524249613285e-04
3.408536431379616261e-04
3.411805955693125725e-04
3.662242961581796408e-04
7.538815494626760483e-03
1.222009188495576382e-03
3.715642960742115974e-04
3.566553641576319933e-04
3.380659327376633883e-04
3.370642953086644411e-04
3.945147618651390076e-04
4.508523736149072647e-03
5.924084689468145370e-04
4.136353381909430027e-04
3.415337123442441225e-04
3.381354908924549818e-04
3.353463835082948208e-04
6.914529949426651001e-04
1.849250402301549911e-03
6.586997769773006439e-04
3.675013140309602022e-04
3.405218594707548618e-04
3.331389452796429396e-04
7.601486868225038052e-04
2.037139609456062317e-03
6.365680601447820663e-04
3.717468061950057745e-04
3.345637524034827948e-04
3.297149378340691328e-04
3.699421940837055445e-04
1.870682812295854092e-03
8.427732391282916069e-04
4.270520003046840429e-04
3.398322733119130135e-04
3.321365802548825741e-04
3.288135048933327198e-04
3.300123498775064945e-04
3.272416361141949892e-04
1.655057305470108986e-03
1.394607825204730034e-03
5.906206206418573856e-04
3.574629954528063536e-04
3.286190330982208252e-04
3.266718122176826000e-04
3.261482343077659607e-04
3.251560847274959087e-04
3.534130228217691183e-04
7.399064488708972931e-03
1.115036662667989731e-03
3.323647542856633663e-04
3.294691559858620167e-04
3.252333553973585367e-04
3.256923228036612272e-04
6.311071338132023811e-04
2.316392958164215088e-03
4.702051810454577208e-04
3.266899730078876019e-04
3.213893796782940626e-04
3.212756419088691473e-04
3.233416937291622162e-04
2.413914538919925690e-03
1.032714149914681911e-03
3.230842412449419498e-04
3.638318448793143034e-04
3.232704184483736753e-04
3.189588896930217743e-04
3.173321019858121872e-04
4.302541783545166254e-04
1.072449260391294956e-03
4.221992567181587219e-04
3.637730260379612446e-04
3.165008674841374159e-04
3.157286264467984438e-04
3.406927862670272589e-04
9.937092661857604980e-03
5.671074031852185726e-04
3.199781640432775021e-04
3.353437641635537148e-04
3.177248290739953518e-04
3.134038124699145555e-04
3.158797335345298052e-04
5.496132653206586838e-04
1.799904159270226955e-03
5.026604048907756805e-04
3.201755462214350700e-04
3.117751621175557375e-04
3.125040966551750898e-04
3.096759901382029057e-04
3.310748434159904718e-04
1.055654371157288551e-03
9.328729356639087200e-04
3.935088752768933773e-04
3.167866962030529976e-04
3.155994636472314596e-04
3.144825750496238470e-04
3.135441802442073822e-04
3.140798653475940228e-04
3.113943967036902905e-04
3.108876699116080999e-04
2.326860558241605759e-03
2.599326195195317268e-03
6.236031185835599899e-04
3.539249009918421507e-04
3.149852273054420948e-04
3.111369151156395674e-04
3.092736296821385622e-04
3.081655013374984264e-04
3.094742423854768276e-04
2.479912014678120613e-03
1.075233449228107929e-03
3.110204997938126326e-04
3.452047822065651417e-04
3.105236683040857315e-04
3.071013197768479586e-04
3.055135020986199379e-04
3.091920807491987944e-04
6.241052877157926559e-03
1.219613361172378063e-03
4.294009413570165634e-04
3.378426481503993273e-04
3.049040678888559341e-04
3.037830174434930086e-04
3.070536477025598288e-04
3.208795387763530016e-04
3.647552570328116417e-03
3.086581127718091011e-04
3.802876453846693039e-04
3.151221317239105701e-04
1.186262234114110470e-03
1.646325225010514259e-03
4.836364532820880413e-04
3.021050943061709404e-04
3.104447969235479832e-04
6.743178237229585648e-04
3.051684470847249031e-03
3.023452300112694502e-04
3.469269431661814451e-04
3.048188809771090746e-04
2.981698780786246061e-04
2.973704540636390448e-04
6.086658686399459839e-04
3.614160697907209396e-03
6.958270678296685219e-04
3.023631579708307981e-04
3.043150063604116440e-04
2.960357815027236938e-04
2.944873122032731771e-04
2.932701609097421169e-04
3.416879917494952679e-04
1.247026608325541019e-03
6.266778800636529922e-04
3.655085165519267321e-04
2.962326689157634974e-04
2.961031568702310324e-04
2.931835188064724207e-04
2.920434053521603346e-04
3.261103702243417501e-04
1.765646040439605713e-03
1.028227270580828190e-03
3.819523844867944717e-04
3.181279753334820271e-04
2.986367617268115282e-04
8.265242795459926128e-04
2.072267932817339897e-03
5.258383462205529213e-04
3.308392479084432125e-04
2.883269044104963541e-04
2.946797467302531004e-04
1.496249344199895859e-03
3.657370107248425484e-04
5.166471237316727638e-04
2.922199491877108812e-04
2.882604312617331743e-04
2.869625168386846781e-04
2.858407096937298775e-04
3.477514255791902542e-04
2.991034707520157099e-04
3.905457269866019487e-04
3.399317793082445860e-04
2.925081935245543718e-04
2.862845431081950665e-04
2.841252717189490795e-04
2.828855067491531372e-04
9.056339622475206852e-04
2.037669532001018524e-03
5.023818230256438255e-04
3.222838276997208595e-04
2.895746147260069847e-04
2.805608673952519894e-04
3.043434116989374161e-04
7.120266673155128956e-04
1.379629713483154774e-03
2.868720912374556065e-04
2.963292645290493965e-04
2.836906933225691319e-04
2.812361926771700382e-04
2.802450326271355152e-04
2.793516323436051607e-04
2.784541866276413202e-04
2.796697663143277168e-04
1.238593831658363342e-03
2.887691080104559660e-04
3.029315557796508074e-04
3.185514069627970457e-04
2.782965311780571938e-04
2.774801105260848999e-04
2.761206706054508686e-04
2.758137416094541550e-04
4.857426974922418594e-04
4.343351814895868301e-03
7.196549559012055397e-04
3.410024219192564487e-04
2.789541322272270918e-04
2.767263213172554970e-04
2.742545038927346468e-04
2.732534485403448343e-04
2.736508904490619898e-04
1.720411004498600960e-03
9.789125761017203331e-04
3.539286844898015261e-04
2.757072215899825096e-04
2.777304907795041800e-04
2.728135150391608477e-04
2.714140282478183508e-04
2.703855279833078384e-04
2.768988197203725576e-04
1.256767567247152328e-02
1.009829575195908546e-03
3.333938657306134701e-04
2.949250920210033655e-04
2.733416040427982807e-04
2.708056708797812462e-04
2.696127921808511019e-04
2.686625230126082897e-04
2.937680110335350037e-04
1.017336617223918438e-03
5.732887075282633305e-04
3.918537695426493883e-04
3.380986454430967569e-04
2.088456181809306145e-03
6.724113482050597668e-04
3.435033722780644894e-04
2.814225445035845041e-04
2.653023693710565567e-04
2.652486145962029696e-04
1.405583880841732025e-02
1.913200714625418186e-03
2.720022166613489389e-04
2.852598554454743862e-04
2.682703197933733463e-04
2.655676798895001411e-04
2.645619679242372513e-04
2.665537758730351925e-04
2.644545165821909904e-04
2.624682674650102854e-04
1.200432539917528629e-03
3.641011135187000036e-04
3.009065403603017330e-04
2.654393611010164022e-04
2.688943932298570871e-04
2.631486568134278059e-04
2.618317375890910625e-04
2.763846132438629866e-04
7.783948676660656929e-04
2.213742816820740700e-03
3.644147072918713093e-04
2.694988506846129894e-04
2.650649112183600664e-04
2.585616894066333771e-04
3.109575191047042608e-04
2.692750713322311640e-04
2.716232556849718094e-04
2.636579156387597322e-04
2.666366053745150566e-04
2.586163172964006662e-04
2.576547558419406414e-04
2.567213377915322781e-04
2.566905750427395105e-04
1.858883188106119633e-03
7.766867056488990784e-04
2.626342757139354944e-04
2.879204403143376112e-04
2.588886709418147802e-04
2.559196145739406347e-04
2.741825592238456011e-04
6.008424097672104836e-04
5.341490032151341438e-04
2.867204020731151104e-04
2.850478340405970812e-04
2.721970668062567711e-04
5.563569138757884502e-04
1.388552016578614712e-03
5.517674726434051991e-04
2.784958342090249062e-04
2.597862039692699909e-04
2.534215454943478107e-04
3.507798537611961365e-04
2.641748287715017796e-04
5.920250550843775272e-04
3.012662054970860481e-04
2.632734831422567368e-04
2.509684709366410971e-04
2.496880770195275545e-04
2.512152423150837421e-04
6.106792483478784561e-03
1.040270202793180943e-03
2.986326871905475855e-04
2.619102015160024166e-04
2.510285121388733387e-04
2.483869320712983608e-04
2.530729398131370544e-04
1.143265282735228539e-03
1.304620993323624134e-03
2.766903780866414309e-04
2.595045079942792654e-04
2.513539802748709917e-04
2.499168331269174814e-04
4.965945263393223286e-04
2.801668364554643631e-03
2.670098620001226664e-04
2.992762310896068811e-04
2.539387205615639687e-04
2.450956089887768030e-04
2.458223607391119003e-04
4.523213428910821676e-04
2.374111209064722061e-03
2.510245540179312229e-04
3.034870314877480268e-04
2.534290542826056480e-04
2.434179623378440738e-04
2.430876193102449179e-04
3.006272891070693731e-04
3.108531818725168705e-04
3.789845795836299658e-04
3.087118093390017748e-04
2.464173885527998209e-04
2.429221349302679300e-04
2.419230440864339471e-04
2.405502018518745899e-04
3.604149387683719397e-04
1.928318408317863941e-03
2.498842368368059397e-04
2.894685312639921904e-04
2.412914909655228257e-04
2.421053650323301554e-04
2.397807402303442359e-04
3.969922836404293776e-04
7.599846576340496540e-04
2.747917314991354942e-04
2.821928646881133318e-04
2.481559349689632654e-04
2.461815602146089077e-04
7.731569465249776840e-03
3.492543764878064394e-04
2.621925668790936470e-04
2.654022246133536100e-04
2.388498396612703800e-04
2.389982983004301786e-04
2.378213539486750960e-04
2.731578424572944641e-04
5.003277212381362915e-03
8.569741039536893368e-04
3.363568393979221582e-04
2.366976841585710645e-04
2.356067416258156300e-04
2.536406682338565588e-04
6.538062356412410736e-03
1.006808946840465069e-03
3.321739495731890202e-04
2.507971948944032192e-04
2.365889959037303925e-04
2.341708604944869876e-04
2.473899221513420343e-04
2.648828085511922836e-04
4.676723387092351913e-03
7.940207724459469318e-04
3.349450998939573765e-04
2.326062967767938972e-04
2.329648123122751713e-04
3.074654960073530674e-04
2.460808900650590658e-04
4.702731966972351074e-04
3.083599440287798643e-04
2.410385786788538098e-04
2.332286967430263758e-04
2.313559816684573889e-04
2.395279880147427320e-04
5.509926006197929382e-03
1.231619156897068024e-03
2.725160156842321157e-04
2.508074103388935328e-04
2.301858185091987252e-04
2.289150288561359048e-04
2.457817317917943001e-04
7.771459873765707016e-03
2.638295700307935476e-04
3.509030502755194902e-04
2.341243089176714420e-04
2.309533592779189348e-04
2.278920874232426286e-04
3.254492767155170441e-04
1.085593248717486858e-03
2.407717838650569320e-04
2.289787371410056949e-04
2.392767491983249784e-04
2.254401188110932708e-04
2.402958460152149200e-03
3.185291425324976444e-04
3.971940896008163691e-04
2.520002599339932203e-04
2.248878299724310637e-04
2.290073462063446641e-04
9.162471978925168514e-04
1.434871461242437363e-03
3.489801310934126377e-04
2.637435973156243563e-04
2.279100299347192049e-04
2.252144040539860725e-04
2.536083629820495844e-04
6.760324817150831223e-03
2.744302619248628616e-04
3.124805807601660490e-04
2.380460355198010802e-04
2.228180965175852180e-04
2.312928845640271902e-04
1.254367874935269356e-03
8.892113110050559044e-04
2.359119680477306247e-04
2.222039911430329084e-04
2.284121146658435464e-04
2.211737592006102204e-04
9.343545534648001194e-04
6.692942697554826736e-04
4.722463490907102823e-04
2.280783228343352675e-04
2.221444010501727462e-04
2.211602550232782960e-04
2.986049221362918615e-04
1.349484082311391830e-03
7.350809755735099316e-04
3.223750100005418062e-04
2.557288389652967453e-04
6.088418420404195786e-03
7.357705035246908665e-04
2.247015072498470545e-04
2.282843051943928003e-04
2.187882346333935857e-04
2.564646129030734301e-04
3.679522313177585602e-03
2.725669182837009430e-04
2.175969275413081050e-04
2.299943007528781891e-04
2.216278517153114080e-04
5.071881460025906563e-04
2.148765139281749725e-03
2.909271861426532269e-04
2.183329634135589004e-04
2.179213915951550007e-04
2.148068015230819583e-04
2.197694411734119058e-04
6.997725926339626312e-03
4.479399067349731922e-04
3.165564849041402340e-04
2.297888568136841059e-04
2.180190494982525706e-04
2.137436094926670194e-04
2.128987689502537251e-04
2.128713967977091670e-04
2.602455206215381622e-03
2.382516162469983101e-03
2.317267935723066330e-04
2.162952732760459185e-04
2.157318231184035540e-04
2.136068942490965128e-04
2.125630417140200734e-04
2.116792893502861261e-04
2.158772549591958523e-04
2.477938542142510414e-03
2.768060658127069473e-04
2.741822390817105770e-04
2.106413885485380888e-04
2.656336582731455564e-04
5.215759389102458954e-03
5.885345744900405407e-04
2.465304569341242313e-04
2.240364992758259177e-04
2.130593056790530682e-04
3.778992977458983660e-04
8.181510493159294128e-04
4.988898872397840023e-04
2.110191417159512639e-04
2.126870676875114441e-04
2.081270067719742656e-04
2.177768619731068611e-04
5.719784181565046310e-03
9.966879151761531830e-04
2.763471275102347136e-04
2.290986594744026661e-04
2.091383503284305334e-04
2.074196527246385813e-04
2.142961748177185655e-04
7.037999108433723450e-03
4.250000347383320332e-04
3.303147968836128712e-04
2.089022455038502812e-04
2.067355962935835123e-04
2.063600404653698206e-04
2.049119648290798068e-04
2.279126492794603109e-04
9.536049910821020603e-04
2.572359517216682434e-04
2.179751318180933595e-04
2.203781041316688061e-04
2.068545582005754113e-04
2.046002191491425037e-04
2.136765251634642482e-04
3.132821875624358654e-04
1.922267256304621696e-03
4.847574455197900534e-04
2.286548697156831622e-04
2.613734104670584202e-04
4.466330632567405701e-03
6.888153729960322380e-04
2.664823841769248247e-04
2.156582631869241595e-04
2.153707318939268589e-04
3.596090478822588921e-03
7.028619293123483658e-04
3.317551745567470789e-04
2.208745863754302263e-04
2.066396555164828897e-04
2.089386689476668835e-04
5.264223553240299225e-03
1.116194529458880424e-03
2.224980562459677458e-04
2.123960584867745638e-04
2.016454236581921577e-04
2.091534115606918931e-04
9.532708209007978439e-04
1.031151856295764446e-03
2.102822036249563098e-04
2.151819207938387990e-04
4.749176732730120420e-04
2.243365743197500706e-04
2.003426052397117019e-04
2.450095780659466982e-04
2.224527124781161547e-04
1.216898555867373943e-03
1.148009789176285267e-03
3.134913567919284105e-04
2.166959166061133146e-04
1.966280833585187793e-04
3.652249288279563189e-04
1.978811342269182205e-03
2.252647245768457651e-04
2.373932366026565433e-04
2.021521358983591199e-04
1.979044754989445210e-04
1.954614854184910655e-04
2.582855231594294310e-04
1.264066435396671295e-03
3.422009467612951994e-04
1.996735227294266224e-04
2.091999194817617536e-04
1.972773461602628231e-04
1.952424354385584593e-04
2.174961991840973496e-04
6.125018699094653130e-04
4.889402189292013645e-04
2.252377598779276013e-04
1.947924902196973562e-04
3.796844684984534979e-04
3.369566402398049831e-04
2.016241924138739705e-04
2.321725332876667380e-04
2.066017186734825373e-04
2.704498474486172199e-04
6.686242413707077503e-04
5.698562017641961575e-04
2.419217198621481657e-04
2.041644765995442867e-04
1.944311661645770073e-04
1.916708570206537843e-04
3.107469063252210617e-03
1.677888911217451096e-03
2.811898884829133749e-04
2.092280192300677299e-04
1.933296443894505501e-04
1.917370536830276251e-04
1.918332272907719016e-04
4.969250294379889965e-04
1.415706472471356392e-03
4.447219253052026033e-04
2.238905872218310833e-04
1.992332836380228400e-04
1.896432222565636039e-04
6.174423033371567726e-04
7.933353772386908531e-04
2.225992502644658089e-04
2.128198539139702916e-04
1.944329269463196397e-04
1.899998605949804187e-04
1.893231383292004466e-04
2.544515009503811598e-04
1.256129355169832706e-03
4.674290539696812630e-04
2.291094278916716576e-04
2.104323124513030052e-03
5.256168660707771778e-04
2.812218444887548685e-04
2.207627694588154554e-04
6.868769414722919464e-04
1.214285963214933872e-03
3.407766344025731087e-04
1.884629455162212253e-04
1.925198885146528482e-04
2.515742671675980091e-04
2.087160683004185557e-04
4.754541441798210144e-04
2.509592159185558558e-04
1.972776517504826188e-04
1.875189336715266109e-04
1.861268974607810378e-04
2.188839716836810112e-04
4.584864713251590729e-03
2.750061103142797947e-04
1.873594883363693953e-04
1.947591372299939394e-04
2.077546960208564997e-04
5.939552793279290199e-04
3.832224756479263306e-04
2.301484200870618224e-04
1.847131206886842847e-04
3.349494654685258865e-04
7.853397401049733162e-04
2.405349223408848047e-04
2.320461499039083719e-04
1.927397097460925579e-04
1.894145098049193621e-04
7.367559708654880524e-03
2.520671696402132511e-04
2.666518848855048418e-04
1.933103048941120505e-04
1.850095432018861175e-04
1.833545975387096405e-04
1.846515806391835213e-04
1.265149447135627270e-03
9.878291748464107513e-04
3.143471258226782084e-04
1.836586889112368226e-04
1.967893622349947691e-04
1.869497355073690414e-03
2.448373124934732914e-04
2.024590212386101484e-04
1.843191130319610238e-04
1.803811755962669849e-04
2.148376370314508677e-04
4.464792553335428238e-03
2.002710534725338221e-04
2.566555631347000599e-04
1.882742362795397639e-04
1.824092323658987880e-04
1.790167298167943954e-04
4.192006308585405350e-04
2.508472418412566185e-03
5.196867277845740318e-04
2.435771748423576355e-04
1.808475353755056858e-04
1.801920880097895861e-04
1.796521537471562624e-04
1.784774503903463483e-04
2.147637424059212208e-04
1.317681628279387951e-03
6.860008579678833485e-04
1.888821861939504743e-04
1.794922136468812823e-04
1.799126039259135723e-04
1.771889074007049203e-04
4.157696093898266554e-04
2.510138554498553276e-03
2.017335064010694623e-04
2.229471429018303752e-04
1.841296907514333725e-04
1.777435682015493512e-04
1.773617113940417767e-04
1.202874700538814068e-03
1.856998569564893842e-04
3.311825566925108433e-04
1.796290598576888442e-04
1.765406486811116338e-04
1.769659429555758834e-04
1.786689244909211993e-04
1.276061404496431351e-03
2.519944682717323303e-04
3.662233066279441118e-04
2.015841600950807333e-04
1.786619977792724967e-04
1.755788689479231834e-04
3.046464407816529274e-04
2.299686020705848932e-04
4.683266161009669304e-04
2.260449255118146539e-04
1.742029562592506409e-04
1.920185022754594684e-04
8.624472538940608501e-04
1.439713640138506889e-03
3.297915100120007992e-04
1.949975558090955019e-04
1.801250327844172716e-04
4.261533904355019331e-04
8.455609204247593880e-04
4.224280128255486488e-04
2.068917965516448021e-04
1.806847867555916309e-04
1.753120159264653921e-04
3.021990880370140076e-03
9.607768151909112930e-04
1.995591301238164306e-04
1.731248339638113976e-04
1.739533909130841494e-04
1.715340040391311049e-04
1.718062558211386204e-04
3.393960651010274887e-03
1.408641575835645199e-03
2.326782705495133996e-04
1.914454478537663817e-04
1.742872118484228849e-04
1.715893740765750408e-04
1.702881854726001620e-04
1.706281618680804968e-04
2.247874654131010175e-04
5.817546625621616840e-04
4.969428991898894310e-04
2.212887338828295469e-04
1.800239697331562638e-04
1.710543583612889051e-04
1.869669795269146562e-04
5.724231246858835220e-03
4.554917395580559969e-04
1.877615140983834863e-04
1.700851134955883026e-04
1.712468947516754270e-04
2.191594976466149092e-04
3.357347566634416580e-03
4.989355220459401608e-04
1.701122819213196635e-04
1.700541179161518812e-04
3.656542394310235977e-04
5.450220778584480286e-04
4.507963312789797783e-04
2.116908290190622211e-04
1.672184298513457179e-04
1.783381885616108775e-04
