2.419091202318668365e-02
2.248979546129703522e-02
2.139935083687305450e-02
2.086056955158710480e-02
2.047196030616760254e-02
2.003096789121627808e-02
1.965817436575889587e-02
2.042050473392009735e-02
1.901432499289512634e-02
1.854917593300342560e-02
1.819480583071708679e-02
1.789446175098419189e-02
1.764677651226520538e-02
1.733809337019920349e-02
1.871005259454250336e-02
1.734920404851436615e-02
1.657873950898647308e-02
1.645257323980331421e-02
1.612906530499458313e-02
1.586545072495937347e-02
1.570150442421436310e-02
1.532968785613775253e-02
1.506114471703767776e-02
1.487221382558345795e-02
1.463806815445423126e-02
1.491614058613777161e-02
1.445532124489545822e-02
1.409273967146873474e-02
1.366922818124294281e-02
1.358380168676376343e-02
1.330513600260019302e-02
1.314696855843067169e-02
1.298630610108375549e-02
1.281173154711723328e-02
1.266696210950613022e-02
1.251063589006662369e-02
1.237450633198022842e-02
1.224938407540321350e-02
1.589112542569637299e-02
1.198601070791482925e-02
1.193904038518667221e-02
1.176278758794069290e-02
1.161540765315294266e-02
1.150790881365537643e-02
1.136380434036254883e-02
1.130823604762554169e-02
1.114164758473634720e-02
1.156824827194213867e-02
1.151424460113048553e-02
1.082659699022769928e-02
1.070886943489313126e-02
1.064397487789392471e-02
1.049118489027023315e-02
1.039208471775054932e-02
1.061513461172580719e-02
1.301586627960205078e-02
1.059021241962909698e-02
1.066040620207786560e-02
1.010834239423274994e-02
9.825957007706165314e-03
9.744320996105670929e-03
9.692189283668994904e-03
1.080473605543375015e-02
9.998830035328865051e-03
9.416514076292514801e-03
1.153278723359107971e-02
1.109375990927219391e-02
9.421044029295444489e-03
9.011589922010898590e-03
9.232645854353904724e-03
8.858310058712959290e-03
1.024735532701015472e-02
9.432951919734477997e-03
8.952872827649116516e-03
8.434448391199111938e-03
8.300485089421272278e-03
8.182723075151443481e-03
8.253919892013072968e-03
8.369958959519863129e-03
7.937040179967880249e-03
7.766736205667257309e-03
1.242441963404417038e-02
8.095657452940940857e-03
1.104137487709522247e-02
7.443957962095737457e-03
7.270815316587686539e-03
7.132499013096094131e-03
7.370557170361280441e-03
7.399418391287326813e-03
6.852138787508010864e-03
6.829223595559597015e-03
7.826257497072219849e-03
8.584912866353988647e-03
8.541569113731384277e-03
6.729819811880588531e-03
6.421048659831285477e-03
6.312034092843532562e-03
6.324593443423509598e-03
6.133441813290119171e-03
6.076340097934007645e-03
6.844550371170043945e-03
6.105069536715745926e-03
7.397768553346395493e-03
5.911429878324270248e-03
5.787046626210212708e-03
5.931306164711713791e-03
6.018565967679023743e-03
5.602529738098382950e-03
5.500137805938720703e-03
5.639643874019384384e-03
5.386229604482650757e-03
5.355433560907840729e-03
5.250188987702131271e-03
5.165330599993467331e-03
5.163755733519792557e-03
5.984127521514892578e-03
4.988353699445724487e-03
4.920313600450754166e-03
4.868066869676113129e-03
4.792249761521816254e-03
4.720825236290693283e-03
4.665035288780927658e-03
4.619583487510681152e-03
4.552385769784450531e-03
7.584236562252044678e-03
4.451166372746229172e-03
4.397740587592124939e-03
4.641033243387937546e-03
4.319247324019670486e-03
4.286518320441246033e-03
4.362749401479959488e-03
4.480570089071989059e-03
4.131023772060871124e-03
4.180068615823984146e-03
7.338342256844043732e-03
4.355937242507934570e-03
3.936433698982000351e-03
3.912356682121753693e-03
3.873713780194520950e-03
3.851115005090832710e-03
3.808673005551099777e-03
5.665187258273363113e-03
3.966882824897766113e-03
3.695647930726408958e-03
3.711717203259468079e-03
3.784671425819396973e-03
4.448450636118650436e-03
6.860801950097084045e-03
3.870493033900856972e-03
3.707268042489886284e-03
3.533327020704746246e-03
4.073368385434150696e-03
3.464441513642668724e-03
3.470113966614007950e-03
3.354467917233705521e-03
3.511436050757765770e-03
3.439313266426324844e-03
4.157008137553930283e-03
3.634817199781537056e-03
3.798992373049259186e-03
3.307924605906009674e-03
3.160738619044423103e-03
3.139656968414783478e-03
3.149342257529497147e-03
3.234025556594133377e-03
3.780997358262538910e-03
3.309191437438130379e-03
3.217127174139022827e-03
2.982964273542165756e-03
2.965523395687341690e-03
3.471512813121080399e-03
3.411789191886782646e-03
2.899584826081991196e-03
2.895442768931388855e-03
2.892009913921356201e-03
7.014310918748378754e-03
2.964738523587584496e-03
2.810710109770298004e-03
2.807381795719265938e-03
2.776258392259478569e-03
2.759652677923440933e-03
2.810323378071188927e-03
2.817436819896101952e-03
2.945415209978818893e-03
3.120410954579710960e-03
2.928596222773194313e-03
2.756005851551890373e-03
2.976099960505962372e-03
2.911744173616170883e-03
2.637968165799975395e-03
4.075987730175256729e-03
8.823858574032783508e-03
2.579283434897661209e-03
3.232664894312620163e-03
2.742462093010544777e-03
2.910434268414974213e-03
2.571709221228957176e-03
2.518702764064073563e-03
3.279684577137231827e-03
3.463620785623788834e-03
2.776853041723370552e-03
2.536273794248700142e-03
2.581199863925576210e-03
3.668637014925479889e-03
2.461163094267249107e-03
3.436621977016329765e-03
2.448297338560223579e-03
3.521266160532832146e-03
2.378797158598899841e-03
2.414479618892073631e-03
3.112745005637407303e-03
2.347275381907820702e-03
3.120785346254706383e-03
2.539237029850482941e-03
2.374507952481508255e-03
2.916114171966910362e-03
2.374642528593540192e-03
2.303168643265962601e-03
2.298912499099969864e-03
2.384370658546686172e-03
4.824235569685697556e-03
2.385695464909076691e-03
2.857612678781151772e-03
3.551458939909934998e-03
3.135280916467308998e-03
4.809652455151081085e-03
2.741094911471009254e-03
2.292552497237920761e-03
2.196883782744407654e-03
2.988480264320969582e-03
2.191124251112341881e-03
3.267116146162152290e-03
2.312664408236742020e-03
2.295722486451268196e-03
2.132678870111703873e-03
2.279378008097410202e-03
2.116909949108958244e-03
2.201754366979002953e-03
2.129277680069208145e-03
2.160670701414346695e-03
6.710695102810859680e-03
2.572466386482119560e-03
2.505876589566469193e-03
2.082402585074305534e-03
2.055454300716519356e-03
2.289842348545789719e-03
2.472264925017952919e-03
2.501049079000949860e-03
2.335205674171447754e-03
2.379924524575471878e-03
2.462418517097830772e-03
2.131176181137561798e-03
2.017446327954530716e-03
2.986736362800002098e-03
1.993741607293486595e-03
3.426949959248304367e-03
2.269937423989176750e-03
1.971408026292920113e-03
1.983034424483776093e-03
1.981750363484025002e-03
1.989227952435612679e-03
4.408762790262699127e-03
1.981492387130856514e-03
2.041016239672899246e-03
2.282526111230254173e-03
2.453901572152972221e-03
2.494734013453125954e-03
1.923051662743091583e-03
1.903743366710841656e-03
1.898690126836299896e-03
2.702960046008229256e-03
1.883565564639866352e-03
1.911709434352815151e-03
2.500019734725356102e-03
2.074777614325284958e-03
1.861084601841866970e-03
1.878171577118337154e-03
3.072694176807999611e-03
2.132875612005591393e-03
1.931222504936158657e-03
3.573977155610918999e-03
1.878173672594130039e-03
1.917856745421886444e-03
1.941129681654274464e-03
1.890668412670493126e-03
1.823092112317681313e-03
1.850286149419844151e-03
2.223901916295289993e-03
2.171543193981051445e-03
1.818703836761415005e-03
2.213792642578482628e-03
2.061326289549469948e-03
1.810723682865500450e-03
1.831703702919185162e-03
1.798451412469148636e-03
2.116352785378694534e-03
1.874447101727128029e-03
2.136010210961103439e-03
1.772028510458767414e-03
2.600925508886575699e-03
