1.175100281834602356e-01
3.676572442054748535e-02
2.661897800862789154e-02
2.561416290700435638e-02
2.520286664366722107e-02
2.502386458218097687e-02
2.484378777444362640e-02
2.464433014392852783e-02
2.443756163120269775e-02
2.421738952398300171e-02
2.399216219782829285e-02
2.376032061874866486e-02
2.352556772530078888e-02
2.329375408589839935e-02
2.306821942329406738e-02
2.285575494170188904e-02
2.266181446611881256e-02
2.248417772352695465e-02
2.231986634433269501e-02
2.217632532119750977e-02
2.204820886254310608e-02
2.193219773471355438e-02
2.182602882385253906e-02
2.173678018152713776e-02
2.165694907307624817e-02
2.158567868173122406e-02
2.152077667415142059e-02
2.146354317665100098e-02
2.141054905951023102e-02
2.136122249066829681e-02
2.130789309740066528e-02
2.125233039259910583e-02
2.118799276649951935e-02
2.111780084669589996e-02
2.106407284736633301e-02
2.099083364009857178e-02
2.092633768916130066e-02
2.084722742438316345e-02
2.078547328710556030e-02
2.070974744856357574e-02
2.060504257678985596e-02
2.053709886968135834e-02
2.037349157035350800e-02
2.025005035102367401e-02
2.003014087677001953e-02
1.986107416450977325e-02
1.972687989473342896e-02
1.965038478374481201e-02
1.942005753517150879e-02
1.931959018111228943e-02
1.917923800647258759e-02
1.904233172535896301e-02
1.890933327376842499e-02
1.881097815930843353e-02
1.866128109395503998e-02
1.866625249385833740e-02
1.846958324313163757e-02
1.831829175353050232e-02
1.865483075380325317e-02
1.819201000034809113e-02
1.805312745273113251e-02
1.796311698853969574e-02
1.789883896708488464e-02
1.796206459403038025e-02
1.776652224361896515e-02
1.766574382781982422e-02
1.768660359084606171e-02
1.751597411930561066e-02
1.744659245014190674e-02
1.740474067628383636e-02
1.744088158011436462e-02
1.726483739912509918e-02
1.728167012333869934e-02
1.728063821792602539e-02
1.711348257958889008e-02
1.701003685593605042e-02
1.695632189512252808e-02
1.703157462179660797e-02
1.687149889767169952e-02
1.678069122135639191e-02
1.674348115921020508e-02
1.667517609894275665e-02
1.669253222644329071e-02
1.753008738160133362e-02
1.658982969820499420e-02
1.651228778064250946e-02
1.643867231905460358e-02
1.646813191473484039e-02
1.778576709330081940e-02
1.651272177696228027e-02
1.628581248223781586e-02
1.621907949447631836e-02
1.617185398936271667e-02
1.663759909570217133e-02
1.621238328516483307e-02
1.613686606287956238e-02
1.602363027632236481e-02
1.597966440021991730e-02
1.593774557113647461e-02
1.605363935232162476e-02
1.847964897751808167e-02
1.617064327001571655e-02
1.583202369511127472e-02
1.577589660882949829e-02
1.572999358177185059e-02
1.569256186485290527e-02
2.097542397677898407e-02
1.796376891434192657e-02
1.586085930466651917e-02
1.561545673757791519e-02
1.557719428092241287e-02
1.554382964968681335e-02
1.551182102411985397e-02
1.547849923372268677e-02
1.544716395437717438e-02
1.541398093104362488e-02
1.538128033280372620e-02
1.964550092816352844e-02
1.573680900037288666e-02
1.549498084932565689e-02
1.531990244984626770e-02
1.526202354580163956e-02
1.522835157811641693e-02
1.519696600735187531e-02
7.712703198194503784e-02
1.885277405381202698e-02
1.527729816734790802e-02
1.529371179640293121e-02
1.520508993417024612e-02
1.516501884907484055e-02
1.513281930238008499e-02
1.510256621986627579e-02
1.507092267274856567e-02
1.503334846347570419e-02
1.502995472401380539e-02
1.493444107472896576e-02
1.486974209547042847e-02
1.480460260063409805e-02
1.487274374812841415e-02
1.468831114470958710e-02
1.462505944073200226e-02
1.456187292933464050e-02
1.516534108668565750e-02
1.445990521460771561e-02
1.440803706645965576e-02
1.531978603452444077e-02
1.618581265211105347e-02
1.445552520453929901e-02
1.429328229278326035e-02
1.421676855534315109e-02
1.416912581771612167e-02
1.414638850837945938e-02
2.226982265710830688e-02
1.502482686191797256e-02
1.419265754520893097e-02
1.413598097860813141e-02
1.408005133271217346e-02
1.404082309454679489e-02
1.400258671492338181e-02
1.396438851952552795e-02
1.392625737935304642e-02
1.388824265450239182e-02
1.385220326483249664e-02
1.381610333919525146e-02
3.030673600733280182e-02
1.430843397974967957e-02
1.395326107740402222e-02
1.377233304083347321e-02
1.371616311371326447e-02
1.367968227714300156e-02
1.364369876682758331e-02
1.360915787518024445e-02
1.403450872749090195e-02
1.419563032686710358e-02
1.446784660220146179e-02
1.371779572218656540e-02
1.357507612556219101e-02
1.354210730642080307e-02
1.350737083703279495e-02
1.347365789115428925e-02
1.344103738665580750e-02
1.355266850441694260e-02
1.348601933568716049e-02
1.334717590361833572e-02
1.331396587193012238e-02
1.327974442392587662e-02
1.324391830712556839e-02
1.556162349879741669e-02
1.347552519291639328e-02
1.324963569641113281e-02
1.318699866533279419e-02
1.314271334558725357e-02
1.310668699443340302e-02
1.307386066764593124e-02
1.303883176296949387e-02
1.301249861717224121e-02
2.786057256162166595e-02
1.434425823390483856e-02
1.305993366986513138e-02
1.295530609786510468e-02
1.291825249791145325e-02
1.288287807255983353e-02
1.284891366958618164e-02
1.281445752829313278e-02
1.289017312228679657e-02
1.766106486320495605e-02
1.290543656796216965e-02
1.275043934583663940e-02
1.272811740636825562e-02
1.268436294049024582e-02
1.265097130089998245e-02
1.261873263865709305e-02
1.573323644697666168e-02
1.325663831084966660e-02
1.274474430829286575e-02
1.258647628128528595e-02
1.252961158752441406e-02
1.249175798147916794e-02
1.246139500290155411e-02
1.416317280381917953e-02
1.261385157704353333e-02
1.293116807937622070e-02
1.443360559642314911e-02
1.289321947842836380e-02
1.241265516728162766e-02
1.234638970345258713e-02
1.230447832494974136e-02
1.227630302309989929e-02
1.224058959633111954e-02
1.222183275967836380e-02
3.259301558136940002e-02
1.446452364325523376e-02
1.235537044703960419e-02
1.221465785056352615e-02
1.217170339077711105e-02
1.213276479393243790e-02
1.210002042353153229e-02
1.206775661557912827e-02
1.203904207795858383e-02
1.205008476972579956e-02
1.199308875948190689e-02
1.584232039749622345e-02
1.227366924285888672e-02
1.211074274033308029e-02
1.194016356021165848e-02
1.188911683857440948e-02
1.185386348515748978e-02
1.182416360825300217e-02
1.185476873070001602e-02
1.193931046873331070e-02
1.241444796323776245e-02
1.196368318051099777e-02
1.183182187378406525e-02
1.179841253906488419e-02
1.176669728010892868e-02
1.173516921699047089e-02
1.170597597956657410e-02
1.167350262403488159e-02
1.163880433887243271e-02
1.160765532404184341e-02
1.157609466463327408e-02
1.155123859643936157e-02
2.819681540131568909e-02
1.159869227558374405e-02
1.153855212032794952e-02
1.150687038898468018e-02
1.147118117660284042e-02
1.143867056816816330e-02
1.140687614679336548e-02
1.137901935726404190e-02
1.843511313199996948e-02
1.532275043427944183e-02
1.181056816130876541e-02
1.143760699778795242e-02
1.138521358370780945e-02
1.135238725692033768e-02
1.132073532789945602e-02
1.128603238612413406e-02
1.125633809715509415e-02
1.122771669179201126e-02
1.119404472410678864e-02
1.116338744759559631e-02
1.113277766853570938e-02
1.111430767923593521e-02
1.797643676400184631e-02
1.121997274458408356e-02
1.142895780503749847e-02
1.123368553817272186e-02
1.111317146569490433e-02
1.106838602572679520e-02
1.103835552930831909e-02
1.100863609462976456e-02
1.097803749144077301e-02
1.094842515885829926e-02
1.091752015054225922e-02
1.088541466742753983e-02
1.536007784307003021e-02
1.088327262550592422e-02
1.090491563081741333e-02
1.085679512470960617e-02
1.080476026982069016e-02
1.076957024633884430e-02
1.073890924453735352e-02
1.098167337477207184e-02
1.165707223117351532e-02
1.127428561449050903e-02
1.075385045260190964e-02
1.070596929639577866e-02
1.066626235842704773e-02
1.063507422804832458e-02
1.060468144714832306e-02
1.057413592934608459e-02
1.059413421899080276e-02
2.682715281844139099e-02
1.293576322495937347e-02
1.101247780025005341e-02
1.070511806756258011e-02
1.062984857708215714e-02
1.059905998408794403e-02
1.057083718478679657e-02
1.054261811077594757e-02
1.051758509129285812e-02
1.049769483506679535e-02
1.046353392302989960e-02
1.042856834828853607e-02
1.041385717689990997e-02
1.044697593897581100e-02
1.038706488907337189e-02
1.032070443034172058e-02
1.035659853368997574e-02
1.048228796571493149e-02
1.036496087908744812e-02
1.029604300856590271e-02
1.022019051015377045e-02
1.019036211073398590e-02
1.036494970321655273e-02
1.165167894214391708e-02
1.020989101380109787e-02
1.020763255655765533e-02
1.013852283358573914e-02
1.011173892766237259e-02
1.008238084614276886e-02
1.007934007793664932e-02
1.012192945927381516e-02
1.277664024382829666e-02
1.025656145066022873e-02
1.008469983935356140e-02
9.978072717785835266e-03
9.951850399374961853e-03
1.628110185265541077e-02
1.088264398276805878e-02
1.040979102253913879e-02
9.987695142626762390e-03
9.959930554032325745e-03
9.934089146554470062e-03
9.907011874020099640e-03
9.880764409899711609e-03
9.855171665549278259e-03
9.830033406615257263e-03
9.803979657590389252e-03
9.778830222785472870e-03
9.795267134904861450e-03
1.742544956505298615e-02
9.794821962714195251e-03
9.832638315856456757e-03
9.720013476908206940e-03
9.678408503532409668e-03
2.059144340455532074e-02
1.062287390232086182e-02
1.001988630741834641e-02
9.665920399129390717e-03
9.637163951992988586e-03
9.609703905880451202e-03
9.585124440491199493e-03
9.560890495777130127e-03
9.536232799291610718e-03
9.512500837445259094e-03
9.904203005135059357e-03
1.656448282301425934e-02
9.745096787810325623e-03
9.630043990910053253e-03
9.545346722006797791e-03
9.510625153779983521e-03
9.486460126936435699e-03
9.462230838835239410e-03
9.439882822334766388e-03
9.417770430445671082e-03
9.393868036568164825e-03
9.370690211653709412e-03
9.348497726023197174e-03
9.480044245719909668e-03
1.396495290100574493e-02
9.554664604365825653e-03
9.323174133896827698e-03
9.310556575655937195e-03
9.282080456614494324e-03
9.256485849618911743e-03
2.307878620922565460e-02
1.063096243888139725e-02
9.512255899608135223e-03
9.406252764165401459e-03
9.366062469780445099e-03
9.339809417724609375e-03
9.318463504314422607e-03
9.297402575612068176e-03
9.276701137423515320e-03
9.255774319171905518e-03
9.235036559402942657e-03
9.214453399181365967e-03
9.193576872348785400e-03
9.172750636935234070e-03
9.152724407613277435e-03
9.496669284999370575e-03
1.210871711373329163e-02
9.196198545396327972e-03
9.120159782469272614e-03
9.107332676649093628e-03
9.077654220163822174e-03
9.078453294932842255e-03
2.498623169958591461e-02
9.359858930110931396e-03
9.114499203860759735e-03
9.042721241712570190e-03
9.021397680044174194e-03
9.001039899885654449e-03
8.981056511402130127e-03
9.004550985991954803e-03
1.495572645217180252e-02
9.687334299087524414e-03
8.999324403703212738e-03
8.953972719609737396e-03
8.931006304919719696e-03
8.911418728530406952e-03
9.646348655223846436e-03
9.059798903763294220e-03
8.904301561415195465e-03
8.876947686076164246e-03
1.415233872830867767e-02
1.160844508558511734e-02
9.043369442224502563e-03
8.917555212974548340e-03
8.898161351680755615e-03
8.872019127011299133e-03
8.853492327034473419e-03
8.835255168378353119e-03
8.816957473754882812e-03
8.913873694837093353e-03
9.632030501961708069e-03
8.802437223494052887e-03
8.777222596108913422e-03
8.747269399464130402e-03
8.927198126912117004e-03
3.174781054258346558e-02
1.109425257891416550e-02
9.071394801139831543e-03
8.911554701626300812e-03
8.874970488250255585e-03
8.851611986756324768e-03
8.833642117679119110e-03
8.815780282020568848e-03
8.797871880233287811e-03
8.780468255281448364e-03
8.763357996940612793e-03
8.746015839278697968e-03
8.728484623134136200e-03
8.710735477507114410e-03
9.719773195683956146e-03
8.740280754864215851e-03
8.668649941682815552e-03
8.652446791529655457e-03
8.634943515062332153e-03
1.036358438432216644e-02
8.722097612917423248e-03
8.669503033161163330e-03
8.599913679063320160e-03
8.582063950598239899e-03
8.566009812057018280e-03
8.827548474073410034e-03
8.784078061580657959e-03
8.604678325355052948e-03
8.587410673499107361e-03
8.580794557929039001e-03
8.554550819098949432e-03
8.536763489246368408e-03
8.520915172994136810e-03
8.503972552716732025e-03
8.522446267306804657e-03
1.423559803515672684e-02
9.634651243686676025e-03
8.569404482841491699e-03
8.513711392879486084e-03
8.497397415339946747e-03
8.478391915559768677e-03
8.462334983050823212e-03
8.446707390248775482e-03
1.000164356082677841e-02
8.889598771929740906e-03
8.645811118185520172e-03
8.425028994679450989e-03
8.839279413223266602e-03
8.401619270443916321e-03
8.386174216866493225e-03
8.397182449698448181e-03
2.069058641791343689e-02
9.358689188957214355e-03
8.514842018485069275e-03
8.372496813535690308e-03
8.341358974575996399e-03
8.321933448314666748e-03
8.306499570608139038e-03
3.465539962053298950e-02
9.489847347140312195e-03
8.918017148971557617e-03
8.439918980002403259e-03
8.348862640559673309e-03
8.329182863235473633e-03
8.314110338687896729e-03
8.299342356622219086e-03
8.284696377813816071e-03
8.270081132650375366e-03
8.255549706518650055e-03
8.240803144872188568e-03
8.225859142839908600e-03
8.210939355194568634e-03
8.222728967666625977e-03
1.159773673862218857e-02
8.600145578384399414e-03
8.306609466671943665e-03
8.196352981030941010e-03
8.173084817826747894e-03
1.144935097545385361e-02
1.033885031938552856e-02
8.193407207727432251e-03
8.181826211512088776e-03
8.131776936352252960e-03
8.116798475384712219e-03
8.103664964437484741e-03
8.428078144788742065e-03
9.711165912449359894e-03
9.010015986859798431e-03
8.252030238509178162e-03
8.141560479998588562e-03
8.124515414237976074e-03
8.109989576041698456e-03
8.095393888652324677e-03
8.080833591520786285e-03
8.066424168646335602e-03
8.052394725382328033e-03
8.054043166339397430e-03
2.070403099060058594e-02
9.270421229302883148e-03
8.091482333838939667e-03
8.031662553548812866e-03
8.022366091609001160e-03
8.001390844583511353e-03
7.999665103852748871e-03
1.214656233787536621e-02
1.121696643531322479e-02
8.402017876505851746e-03
8.037811145186424255e-03
7.989962585270404816e-03
7.972118444740772247e-03
7.957104593515396118e-03
7.942716591060161591e-03
7.957871071994304657e-03
1.829955168068408966e-02
8.859572932124137878e-03
8.040623739361763000e-03
7.915887981653213501e-03
7.904308848083019257e-03
7.892827503383159637e-03
1.585968770086765289e-02
9.435441344976425171e-03
8.148995228111743927e-03
8.133775554597377777e-03
8.106135763227939606e-03
8.081405423581600189e-03
8.066981099545955658e-03
8.052381686866283417e-03
8.062513545155525208e-03
8.024779148399829865e-03
8.045526221394538879e-03
8.029480464756488800e-03
7.986363023519515991e-03
7.972687482833862305e-03
7.958407513797283173e-03
7.944136857986450195e-03
8.094362914562225342e-03
7.930029183626174927e-03
7.910640910267829895e-03
7.892467081546783447e-03
7.884525693953037262e-03
9.315731935203075409e-03
9.260728955268859863e-03
7.930792868137359619e-03
7.880695164203643799e-03
7.861187681555747986e-03
7.844699546694755554e-03
7.836210541427135468e-03
2.123101055622100830e-02
9.408351033926010132e-03
8.070136420428752899e-03
7.839150726795196533e-03
7.819014601409435272e-03
7.801089435815811157e-03
7.786969654262065887e-03
7.772889919579029083e-03
8.106391876935958862e-03
7.887710817158222198e-03
7.817578501999378204e-03
7.786863483488559723e-03
7.760043721646070480e-03
7.743618916720151901e-03
7.729786448180675507e-03
7.720710244029760361e-03
1.069625746458768845e-02
9.249950759112834930e-03
7.920554839074611664e-03
7.700456771999597549e-03
7.687579374760389328e-03
7.681817281991243362e-03
1.607314869761466980e-02
1.013924833387136459e-02
7.915708236396312714e-03
7.727598771452903748e-03
7.698441389948129654e-03
7.678905967622995377e-03
7.663607131689786911e-03
7.649384904652833939e-03
7.636509835720062256e-03
8.484789170324802399e-03
1.665117777884006500e-02
8.196149021387100220e-03
7.690161000937223434e-03
7.674391381442546844e-03
7.657598704099655151e-03
7.642640266567468643e-03
7.627886254340410233e-03
7.613544818013906479e-03
7.599275559186935425e-03
7.584929931908845901e-03
7.570490241050720215e-03
7.559327408671379089e-03
7.725247647613286972e-03
7.953680120408535004e-03
7.793380413204431534e-03
7.596110459417104721e-03
7.536236196756362915e-03
7.906039245426654816e-03
2.131062746047973633e-02
8.409448899328708649e-03
7.891524583101272583e-03
7.806820329278707504e-03
7.785549387335777283e-03
7.768917363137006760e-03
7.754554506391286850e-03
7.740915752947330475e-03
7.727487944066524506e-03
7.713884115219116211e-03
7.700178772211074829e-03
7.686307188123464584e-03
7.670698687434196472e-03
7.684776559472084045e-03
7.651226595044136047e-03
7.635313551872968674e-03
7.619509007781744003e-03
7.605048362165689468e-03
7.591107860207557678e-03
7.576896809041500092e-03
8.058351464569568634e-03
1.302029658108949661e-02
8.051938377320766449e-03
7.633685134351253510e-03
7.615162059664726257e-03
7.600250653922557831e-03
7.584961596876382828e-03
7.570982445031404495e-03
7.557007949799299240e-03
7.542978040874004364e-03
7.652548141777515411e-03
7.531702518463134766e-03
7.537857629358768463e-03
7.514026947319507599e-03
7.593774236738681793e-03
8.542976342141628265e-03
7.616220973432064056e-03
7.475343998521566391e-03
7.469226140528917313e-03
7.450976409018039703e-03
7.482899352908134460e-03
1.391544379293918610e-02
7.850547321140766144e-03
7.936416193842887878e-03
7.605223916471004486e-03
7.585040293633937836e-03
7.568267174065113068e-03
7.553078234195709229e-03
7.538656704127788544e-03
7.524345535784959793e-03
7.510351017117500305e-03
7.496318779885768890e-03
7.482261862605810165e-03
7.468016818165779114e-03
7.453806232661008835e-03
7.439407519996166229e-03
7.425037678331136703e-03
7.410404738038778305e-03
7.396465633064508438e-03
7.407611701637506485e-03
1.230520103126764297e-02
9.679025970399379730e-03
7.584081962704658508e-03
7.496794220060110092e-03
7.468143012374639511e-03
7.453172933310270309e-03
7.438564673066139221e-03
7.424063980579376221e-03
7.409699726849794388e-03
7.395324297249317169e-03
7.380861323326826096e-03
7.366867270320653915e-03
7.352131418883800507e-03
7.339973933994770050e-03
7.363378070294857025e-03
2.432077564299106598e-02
7.425241637974977493e-03
7.595411967486143112e-03
7.330502849072217941e-03
7.315146736800670624e-03
7.300354540348052979e-03
7.285072933882474899e-03
7.270209491252899170e-03
7.255840580910444260e-03
7.250421214848756790e-03
8.915673941373825073e-03
7.266183383762836456e-03
7.359247654676437378e-03
7.219489663839340210e-03
7.203293964266777039e-03
7.588888518512248993e-03
7.826767861843109131e-03
8.399282582104206085e-03
7.489585317671298981e-03
7.427558768540620804e-03
7.400776725262403488e-03
7.385680917650461197e-03
7.371188607066869736e-03
7.356544025242328644e-03
7.341803051531314850e-03
7.349006831645965576e-03
7.316630799323320389e-03
7.303415797650814056e-03
7.287672255188226700e-03
7.273289840668439865e-03
7.258969359099864960e-03
7.244460750371217728e-03
7.229862734675407410e-03
7.216129451990127563e-03
8.465934544801712036e-02
8.343093097209930420e-03
7.468327414244413376e-03
7.464378606528043747e-03
7.393113337457180023e-03
7.377868052572011948e-03
7.363022770732641220e-03
7.349456660449504852e-03
7.335984148085117340e-03
7.322519551962614059e-03
7.309020496904850006e-03
7.295755669474601746e-03
7.282283157110214233e-03
7.269079331308603287e-03
7.255597505718469620e-03
7.242128718644380569e-03
7.229819428175687790e-03
7.223241496831178665e-03
7.201008498668670654e-03
7.186803966760635376e-03
7.171764504164457321e-03
7.157499436289072037e-03
7.221768610179424286e-03
7.147076539695262909e-03
7.129734847694635391e-03
7.856119424104690552e-03
7.109395693987607956e-03
7.618415169417858124e-03
1.370889320969581604e-02
8.102985098958015442e-03
7.275564596056938171e-03
7.252137642353773117e-03
7.237722631543874741e-03
7.221848703920841217e-03
7.207684684544801712e-03
7.193406578153371811e-03
7.179196923971176147e-03
7.165167015045881271e-03
7.150815334171056747e-03
7.461086381226778030e-03
7.137005683034658432e-03
7.113449275493621826e-03
7.268209476023912430e-03
7.088308688253164291e-03
7.072135340422391891e-03
7.574296556413173676e-03
1.143068447709083557e-02
7.624484132975339890e-03
7.093216292560100555e-03
7.057860493659973145e-03
7.030431181192398071e-03
7.015536539256572723e-03
7.000572513788938522e-03
6.985646672546863556e-03
6.990585476160049438e-03
5.578684806823730469e-02
1.001623179763555527e-02
7.667477242648601532e-03
7.305227685719728470e-03
7.245098240673542023e-03
7.230538409203290939e-03
7.215131074190139771e-03
7.200563326478004456e-03
7.186176255345344543e-03
7.172028534114360809e-03
7.157855201512575150e-03
7.143662776798009872e-03
7.129483390599489212e-03
7.114573847502470016e-03
7.100754417479038239e-03
7.089932449162006378e-03
7.071564905345439911e-03
7.056899834424257278e-03
7.597080431878566742e-03
7.101292721927165985e-03
7.016898132860660553e-03
7.183726876974105835e-03
8.540123701095581055e-03
7.671667262911796570e-03
7.242810446768999100e-03
7.218021899461746216e-03
7.195425219833850861e-03
7.179246749728918076e-03
7.165361195802688599e-03
7.151749916374683380e-03
7.138248998671770096e-03
7.124659139662981033e-03
7.111210376024246216e-03
7.097960915416479111e-03
7.094656582921743393e-03
7.070841267704963684e-03
7.056781556457281113e-03
7.050491403788328171e-03
7.031388580799102783e-03
7.016371469944715500e-03
7.002134807407855988e-03
8.268248289823532104e-03
7.196505088359117508e-03
7.045358419418334961e-03
6.969234906136989594e-03
6.948622874915599823e-03
7.126913405954837799e-03
7.121094968169927597e-03
7.556601893156766891e-03
6.962820421904325485e-03
6.941166240721940994e-03
6.926881149411201477e-03
6.913690362125635147e-03
6.900209933519363403e-03
6.886965129524469376e-03
6.873612292110919952e-03
6.860250607132911682e-03
6.846810691058635712e-03
6.833354476839303970e-03
6.819692440330982208e-03
6.807320751249790192e-03
6.970475427806377411e-03
8.934529498219490051e-03
7.112924009561538696e-03
6.810852792114019394e-03
6.773559842258691788e-03
6.755094975233078003e-03
6.740754470229148865e-03
7.092779967933893204e-03
6.890464574098587036e-03
6.788098718971014023e-03
6.783216260373592377e-03
6.713280919939279556e-03
6.699912250041961670e-03
6.686695851385593414e-03
6.673076190054416656e-03
6.659528706222772598e-03
6.681700237095355988e-03
1.829125732183456421e-02
6.903319619596004486e-03
6.679296493530273438e-03
6.678453180938959122e-03
6.642367690801620483e-03
6.629141978919506073e-03
6.616108585149049759e-03
6.603016983717679977e-03
6.589961238205432892e-03
6.576825398951768875e-03
6.563560105860233307e-03
6.550192367285490036e-03
6.536766886711120605e-03
1.009905710816383362e-02
8.012709207832813263e-03
6.871907506138086319e-03
6.557291839271783829e-03
6.521542556583881378e-03
6.504138465970754623e-03
6.490358617156744003e-03
6.477429531514644623e-03
6.464537233114242554e-03
6.531517487019300461e-03
1.206511445343494415e-02
6.821349263191223145e-03
6.458491552621126175e-03
6.447846069931983948e-03
6.428701803088188171e-03
6.415491923689842224e-03
6.402368657290935516e-03
6.389345508068799973e-03
6.382839288562536240e-03
1.097775902599096298e-02
6.722372956573963165e-03
6.438567768782377243e-03
6.388077978044748306e-03
6.363657303154468536e-03
6.351248826831579208e-03
6.338258273899555206e-03
6.325430236756801605e-03
6.312632933259010315e-03
6.299814209342002869e-03
6.306162104010581970e-03
7.827267982065677643e-03
6.402212195098400116e-03
6.392994895577430725e-03
6.302315276116132736e-03
6.274682004004716873e-03
6.262200884521007538e-03
6.249231286346912384e-03
6.236464716494083405e-03
6.223648320883512497e-03
6.210785359144210815e-03
6.218774244189262390e-03
9.750023484230041504e-03
7.169060874730348587e-03
6.599863059818744659e-03
6.505610886961221695e-03
6.486288271844387054e-03
6.481374148279428482e-03
6.460017524659633636e-03
6.451159249991178513e-03
6.433348171412944794e-03
6.416658870875835419e-03
6.422666367143392563e-03
6.390843540430068970e-03
6.382361520081758499e-03
6.364869419485330582e-03
6.351234856992959976e-03
6.483169272541999817e-03
6.360366940498352051e-03
6.314494647085666656e-03
6.301172543317079544e-03
6.287242751568555832e-03
7.217242382466793060e-03
6.380517501384019852e-03
6.268933881074190140e-03
6.238636095076799393e-03
6.224899087101221085e-03
7.985659874975681305e-03
6.374576129019260406e-03
6.261767353862524033e-03
6.230243016034364700e-03
6.217048037797212601e-03
6.203951779752969742e-03
6.191872991621494293e-03
6.179674062877893448e-03
6.167339161038398743e-03
6.155066657811403275e-03
6.204624660313129425e-03
1.261501573026180267e-02
7.167590316385030746e-03
6.232011597603559494e-03
6.171051878482103348e-03
6.147042382508516312e-03
6.133092567324638367e-03
6.121014710515737534e-03
6.109085399657487869e-03
6.096974480897188187e-03
6.084798835217952728e-03
6.072567775845527649e-03
6.060230545699596405e-03
6.047836504876613617e-03
6.036465521901845932e-03
1.774974167346954346e-02
7.990042679011821747e-03
6.277846172451972961e-03
6.060531828552484512e-03
6.022538524121046066e-03
6.009495351463556290e-03
5.997044499963521957e-03
5.984506104141473770e-03
6.975715514272451401e-03
6.072525400668382645e-03
6.113046780228614807e-03
5.992849823087453842e-03
6.463106255978345871e-03
5.990986246615648270e-03
5.941925104707479477e-03
5.929984152317047119e-03
5.916429683566093445e-03
5.904050078243017197e-03
5.894228350371122360e-03
1.282038260251283646e-02
5.937275011092424393e-03
6.043292116373777390e-03
5.899074953049421310e-03
5.863069090992212296e-03
5.850769113749265671e-03
5.838629323989152908e-03
5.827895365655422211e-03
1.386072207242250443e-02
7.343042641878128052e-03
5.880257580429315567e-03
5.844194907695055008e-03
5.807305686175823212e-03
5.797792691737413406e-03
5.794547498226165771e-03
5.771921481937170029e-03
5.758994258940219879e-03
5.791388917714357376e-03
2.667615748941898346e-02
6.585245952010154724e-03
6.350789219141006470e-03
6.022953428328037262e-03
5.972814746201038361e-03
5.958713591098785400e-03
5.945634562522172928e-03
5.933606531471014023e-03
5.921707954257726669e-03
5.909822415560483932e-03
5.897863768041133881e-03
5.885852966457605362e-03
5.873720627278089523e-03
5.861510522663593292e-03
5.849355831742286682e-03
5.837169475853443146e-03
5.824743770062923431e-03
5.812375340610742569e-03
5.800359416753053665e-03
5.913735367357730865e-03
1.047966443002223969e-02
5.909258034080266953e-03
5.798661615699529648e-03
5.787814967334270477e-03
5.766275804489850998e-03
5.752530414611101151e-03
5.739999003708362579e-03
5.727642681449651718e-03
5.748342256993055344e-03
8.552358485758304596e-03
5.724402610212564468e-03
5.748625379055738449e-03
5.699746310710906982e-03
5.688745062798261642e-03
5.674368236213922501e-03
5.661704111844301224e-03
5.926371086388826370e-03
1.218423340469598770e-02
6.840025074779987335e-03
6.132344249635934830e-03
5.975144915282726288e-03
5.943382624536752701e-03
5.930310580879449844e-03
5.918757524341344833e-03
5.907790269702672958e-03
5.896953865885734558e-03
5.886024795472621918e-03
5.875095725059509277e-03
5.864165723323822021e-03
5.853160750120878220e-03
5.842161364853382111e-03
5.831096787005662918e-03
5.819948390126228333e-03
5.808758083730936050e-03
5.797440186142921448e-03
5.786078516393899918e-03
5.897015333175659180e-03
5.764894653111696243e-03
5.753078963607549667e-03
5.740834400057792664e-03
5.728973541408777237e-03
5.716989748179912567e-03
5.705022253096103668e-03
5.692902021110057831e-03
5.680797621607780457e-03
5.668660625815391541e-03
5.656644236296415329e-03
5.644399207085371017e-03
5.632525775581598282e-03
6.007799413055181503e-03
8.333880454301834106e-03
5.743304733186960220e-03
5.673638544976711273e-03
5.670913960784673691e-03
5.648018326610326767e-03
5.636024288833141327e-03
5.623993463814258575e-03
5.611802916973829269e-03
5.599723197519779205e-03
5.587317515164613724e-03
5.575091578066349030e-03
5.562698934227228165e-03
5.550439935177564621e-03
9.411579929292201996e-03
6.620719097554683685e-03
5.835575982928276062e-03
5.551560781896114349e-03
5.530040245503187180e-03
5.516272969543933868e-03
5.503369960933923721e-03
5.491331219673156738e-03
5.503128748387098312e-03
7.197616156190633774e-03
5.504209548234939575e-03
5.545631051063537598e-03
5.465901922434568405e-03
5.451223812997341156e-03
5.437056999653577805e-03
5.429515149444341660e-03
7.926996797323226929e-03
5.954165011644363403e-03
5.945331882685422897e-03
5.568564869463443756e-03
5.547201260924339294e-03
5.534025374799966812e-03
5.520984530448913574e-03
5.508212372660636902e-03
5.495610646903514862e-03
5.483143962919712067e-03
5.471088457852602005e-03
6.364380940794944763e-03
5.990898236632347107e-03
5.485604517161846161e-03
5.437902640551328659e-03
5.426458083093166351e-03
5.423923954367637634e-03
1.012124586850404739e-02
6.250095553696155548e-03
5.493390373885631561e-03
5.457538645714521408e-03
5.422585643827915192e-03
5.407811608165502548e-03
5.395585205405950546e-03
5.383456591516733170e-03
5.371532868593931198e-03
5.359474103897809982e-03
5.347357131540775299e-03
1.544903218746185303e-02
5.373924039304256439e-03
5.339554045349359512e-03
5.335302557796239853e-03
5.311476066708564758e-03
5.298704374581575394e-03
5.286322906613349915e-03
5.273735150694847107e-03
5.263045430183410645e-03
5.791115574538707733e-03
1.291547250002622604e-02
5.575327202677726746e-03
5.394427571445703506e-03
5.272325593978166580e-03
5.257570650428533554e-03
5.245095118880271912e-03
5.233020987361669540e-03
5.221087485551834106e-03
5.209302529692649841e-03
5.197576712816953659e-03
5.185612943023443222e-03
5.173692014068365097e-03
5.161715205758810043e-03
5.150137934833765030e-03
5.141057539731264114e-03
8.335579186677932739e-03
6.977091077715158463e-03
5.371918436139822006e-03
5.137798842042684555e-03
5.112747661769390106e-03
5.096238106489181519e-03
5.142641253769397736e-03
8.866910822689533234e-03
5.794471595436334610e-03
5.179911386221647263e-03
5.075987894088029861e-03
5.054138600826263428e-03
5.043577868491411209e-03
6.892704870551824570e-03
6.430433597415685654e-03
5.318845156580209732e-03
5.042057018727064133e-03
5.026668775826692581e-03
5.007111933082342148e-03
4.995680879801511765e-03
1.939702406525611877e-02
8.987816050648689270e-03
5.420576315373182297e-03
5.395851098001003265e-03
5.307384766638278961e-03
5.291386041790246964e-03
5.280467215925455093e-03
5.269792396575212479e-03
5.259169731289148331e-03
5.248676519840955734e-03
5.238090641796588898e-03
5.227389745414257050e-03
5.216688383370637894e-03
5.205826833844184875e-03
5.195016041398048401e-03
5.184335168451070786e-03
5.173196084797382355e-03
5.162269808351993561e-03
5.151304416358470917e-03
5.140075925737619400e-03
5.129135213792324066e-03
5.117581225931644440e-03
5.106490571051836014e-03
5.095482338219881058e-03
5.088723264634609222e-03
8.513777516782283783e-03
5.358198191970586777e-03
5.169574171304702759e-03
5.051174666732549667e-03
5.507743917405605316e-03
8.912381716072559357e-03
5.905546247959136963e-03
5.501344799995422363e-03
5.322566255927085876e-03
5.285273771733045578e-03
5.269057583063840866e-03
5.254882853478193283e-03
5.240942817181348801e-03
5.227183923125267029e-03
5.213221069425344467e-03
5.202377680689096451e-03
5.200658459216356277e-03
5.179808940738439560e-03
5.179372616112232208e-03
5.157449748367071152e-03
5.142385140061378479e-03
7.435950916260480881e-03
5.386168602854013443e-03
5.151270888745784760e-03
5.105020012706518173e-03
5.094880703836679459e-03
5.081222858279943466e-03
8.740212768316268921e-03
5.075015127658843994e-03
5.076556000858545303e-03
5.056449212133884430e-03
5.038450937718153000e-03
5.046263802796602249e-03
8.660905063152313232e-03
5.532696377485990524e-03
5.088279955089092255e-03
5.026392173022031784e-03
5.078863352537155151e-03
5.193044431507587433e-03
5.284394603222608566e-03
4.967425484210252762e-03
4.965617321431636810e-03
4.944057669490575790e-03
5.429507233202457428e-03
8.416947908699512482e-03
5.304272752255201340e-03
4.953207448124885559e-03
4.938069265335798264e-03
4.921759944409132004e-03
4.910757299512624741e-03
4.899798426777124405e-03
4.888886120170354843e-03
4.878004081547260284e-03
4.867300856858491898e-03
4.856381565332412720e-03
4.849251359701156616e-03
7.487834896892309189e-03
4.838669672608375549e-03
4.831042606383562088e-03
4.826113115996122360e-03
5.503569263964891434e-03
5.891059059649705887e-03
4.808371886610984802e-03
4.827070515602827072e-03
7.373603060841560364e-03
5.675188731402158737e-03
4.811407066881656647e-03
4.774415865540504456e-03
4.765930585563182831e-03
4.950312897562980652e-03
5.130463745445013046e-03
5.136726424098014832e-03
4.807727877050638199e-03
4.750827327370643616e-03
4.829015117138624191e-03
4.758439492434263229e-03
5.000950768589973450e-03
4.788655322045087814e-03
4.704080987721681595e-03
4.691849928349256516e-03
4.682406783103942871e-03
4.709260072559118271e-03
1.543506886810064316e-02
5.822913255542516708e-03
4.824933595955371857e-03
4.675142467021942139e-03
4.654184449464082718e-03
4.641659557819366455e-03
4.639495164155960083e-03
9.898852556943893433e-03
5.701747257262468338e-03
4.666955210268497467e-03
4.649328067898750305e-03
4.637230187654495239e-03
6.352229509502649307e-03
6.338799837976694107e-03
5.623687058687210083e-03
5.711199250072240829e-03
5.456312559545040131e-03
5.352977663278579712e-03
5.323742982000112534e-03
5.308396182954311371e-03
5.297273863106966019e-03
5.287692882120609283e-03
5.278759170323610306e-03
5.269922781735658646e-03
5.260885227471590042e-03
5.251266527920961380e-03
5.240906961262226105e-03
5.230240989476442337e-03
5.232699215412139893e-03
5.208228249102830887e-03
5.226920358836650848e-03
5.198185797780752182e-03
5.169997457414865494e-03
5.176200065761804581e-03
5.205081310123205185e-03
5.120134446769952774e-03
5.097887013107538223e-03
5.081922747194766998e-03
5.230416543781757355e-03
5.057432223111391068e-03
5.021836608648300171e-03
5.092770326882600784e-03
4.993148148059844971e-03
4.975658375769853592e-03
5.096048116683959961e-03
4.953727126121520996e-03
4.927235189825296402e-03
5.013016983866691589e-03
4.954387899488210678e-03
4.918591119349002838e-03
4.904511850327253342e-03
4.891956690698862076e-03
4.943519830703735352e-03
4.888450726866722107e-03
4.871332552284002304e-03
4.861338529735803604e-03
4.844742361456155777e-03
4.823825322091579437e-03
4.828005563467741013e-03
4.878100007772445679e-03
4.792837426066398621e-03
4.871274344623088837e-03
4.755208734422922134e-03
4.749076906591653824e-03
4.746046382933855057e-03
4.845514427870512009e-03
4.709632601588964462e-03
4.690813366323709488e-03
4.703367594629526138e-03
4.740269854664802551e-03
4.680315963923931122e-03
4.647499881684780121e-03
4.631662741303443909e-03
5.393658764660358429e-03
4.645635839551687241e-03
4.599803127348423004e-03
4.580119159072637558e-03
4.564816597849130630e-03
6.313872523605823517e-03
4.668652079999446869e-03
4.533330909907817841e-03
4.521032329648733139e-03
4.507616162300109863e-03
4.528911318629980087e-03
4.499949049204587936e-03
4.481566138565540314e-03
4.485607147216796875e-03
4.447640851140022278e-03
6.841300521045923233e-03
4.896125290542840958e-03
4.507511388510465622e-03
4.427829757332801819e-03
4.399075172841548920e-03
4.388079047203063965e-03
1.212441269308328629e-02
5.200275685638189316e-03
4.486841615289449692e-03
4.389420617371797562e-03
4.352580755949020386e-03
4.339797422289848328e-03
4.328026901930570602e-03
4.316371865570545197e-03
4.304889123886823654e-03
4.327930044382810593e-03
1.459866203367710114e-02
5.044743884354829788e-03
4.339759703725576401e-03
4.308147821575403214e-03
4.284519236534833908e-03
4.273473750799894333e-03
4.261811729520559311e-03
4.250684753060340881e-03
4.246349912136793137e-03
4.789204336702823639e-03
1.868406496942043304e-02
7.495570927858352661e-03
4.744392819702625275e-03
4.420755431056022644e-03
4.366917070001363754e-03
4.354771692305803299e-03
4.344979766756296158e-03
4.336160141974687576e-03
4.327468574047088623e-03
4.318444523960351944e-03
4.309674259275197983e-03
4.300793167203664780e-03
4.291826393455266953e-03
4.282704554498195648e-03
4.273678176105022430e-03
4.264621529728174210e-03
4.255536478012800217e-03
4.246362950652837753e-03
4.237215965986251831e-03
4.227886907756328583e-03
4.218693822622299194e-03
4.209448583424091339e-03
4.199698101729154587e-03
4.190309904515743256e-03
4.180775955319404602e-03
4.171107430011034012e-03
4.161029588431119919e-03
4.151326604187488556e-03
4.141580313444137573e-03
4.131495486944913864e-03
4.121491219848394394e-03
4.111477639526128769e-03
4.111143294721841812e-03
4.945884924381971359e-03
5.502405576407909393e-03
4.305253736674785614e-03
4.081679973751306534e-03
4.261897876858711243e-03
9.083246812224388123e-03
4.131768364459276199e-03
4.146724939346313477e-03
4.050823394209146500e-03
4.031148739159107208e-03
5.668289493769407272e-03
4.044564440846443176e-03
4.220955073833465576e-03
4.038161598145961761e-03
3.995379898697137833e-03
4.000691697001457214e-03
1.829763129353523254e-02
5.824260879307985306e-03
4.477872047573328018e-03
3.989841789007186890e-03
3.974731080234050751e-03
3.965998068451881409e-03
3.957053646445274353e-03
3.948086872696876526e-03
3.939122892916202545e-03
3.930230624973773956e-03
3.921262919902801514e-03
3.912384621798992157e-03
3.903380595147609711e-03
3.894625930115580559e-03
3.885348560288548470e-03
3.877640934661030769e-03
3.868157044053077698e-03
5.111483857035636902e-03
3.994212020188570023e-03
4.003990441560745239e-03
3.868686268106102943e-03
3.848214633762836456e-03
4.007012583315372467e-03
4.459122195839881897e-03
4.138409625738859177e-03
3.808523528277873993e-03
