2.649739570915699005e-02
2.656754106283187866e-02
2.621595934033393860e-02
2.607448771595954895e-02
2.598286606371402740e-02
2.587400190532207489e-02
2.573997899889945984e-02
2.557275816798210144e-02
2.537005767226219177e-02
2.512322925031185150e-02
2.480655722320079803e-02
2.445864677429199219e-02
2.406490966677665710e-02
2.356607653200626373e-02
2.313707768917083740e-02
2.281432785093784332e-02
2.260329946875572205e-02
2.244455739855766296e-02
2.229360863566398621e-02
2.213154919445514679e-02
2.197702974081039429e-02
2.181449346244335175e-02
2.167008817195892334e-02
2.154967933893203735e-02
2.139803022146224976e-02
2.122280560433864594e-02
2.105518057942390442e-02
2.084841951727867126e-02
2.054479718208312988e-02
2.025022543966770172e-02
2.008219435811042786e-02
1.944858953356742859e-02
1.903785951435565948e-02
1.857162825763225555e-02
1.806419156491756439e-02
1.777935586869716644e-02
1.739675179123878479e-02
1.679216884076595306e-02
1.634130813181400299e-02
1.591037772595882416e-02
1.553262677043676376e-02
1.521616242825984955e-02
1.496490184217691422e-02
1.477073319256305695e-02
1.463028416037559509e-02
1.414676196873188019e-02
1.419437862932682037e-02
1.384405605494976044e-02
1.355444546788930893e-02
1.350478362292051315e-02
1.326168328523635864e-02
1.350466348230838776e-02
1.322435867041349411e-02
1.307927537709474564e-02
1.286424882709980011e-02
1.278496254235506058e-02
1.252982486039400101e-02
1.270990911871194839e-02
1.229931507259607315e-02
1.222862489521503448e-02
1.262871548533439636e-02
1.256958674639463425e-02
1.192328333854675293e-02
1.198974624276161194e-02
1.165989227592945099e-02
1.157351583242416382e-02
1.164955738931894302e-02
1.173488236963748932e-02
1.152643468230962753e-02
1.118802092969417572e-02
1.106097921729087830e-02
1.090635359287261963e-02
1.076008286327123642e-02
1.090823579579591751e-02
1.063130423426628113e-02
1.078586932271718979e-02
1.038254238665103912e-02
1.083339937031269073e-02
1.026412285864353180e-02
1.035598199814558029e-02
1.004484947770833969e-02
1.033198367804288864e-02
1.012341212481260300e-02
1.004898268729448318e-02
1.020597107708454132e-02
9.864680469036102295e-03
9.706560522317886353e-03
9.688518941402435303e-03
9.266464971005916595e-03
9.072453714907169342e-03
9.240843355655670166e-03
9.113981388509273529e-03
9.014265611767768860e-03
9.070411324501037598e-03
9.257822297513484955e-03
9.219978936016559601e-03
9.438047185540199280e-03
8.431126363575458527e-03
8.260688744485378265e-03
8.372184820473194122e-03
8.449738845229148865e-03
8.061899803578853607e-03
8.034720085561275482e-03
8.390295319259166718e-03
8.407547138631343842e-03
7.789751514792442322e-03
7.741596549749374390e-03
7.724002003669738770e-03
7.905554957687854767e-03
7.678711321204900742e-03
7.876951247453689575e-03
7.667006924748420715e-03
9.214863181114196777e-03
7.546479813754558563e-03
7.960027083754539490e-03
7.763527799397706985e-03
7.397796958684921265e-03
8.014530874788761139e-03
7.525092922151088715e-03
7.613926194608211517e-03
8.172689937055110931e-03
7.069391664117574692e-03
7.023268379271030426e-03
7.498123217374086380e-03
6.942159961909055710e-03
7.064588833600282669e-03
7.220170460641384125e-03
7.175567094236612320e-03
7.620616350322961807e-03
7.072869688272476196e-03
6.743828300386667252e-03
6.832575891166925430e-03
8.315462619066238403e-03
7.081737741827964783e-03
6.754226516932249069e-03
6.637075915932655334e-03
6.718157790601253510e-03
6.583166774362325668e-03
7.042140699923038483e-03
6.514763925224542618e-03
6.783789023756980896e-03
6.595447659492492676e-03
6.683360785245895386e-03
6.446957122534513474e-03
6.813678890466690063e-03
7.978145033121109009e-03
6.609951145946979523e-03
6.425321102142333984e-03
7.902233861386775970e-03
6.339608691632747650e-03
6.746064405888319016e-03
6.336463149636983871e-03
6.459973752498626709e-03
7.075161673128604889e-03
6.318280939012765884e-03
6.625426467508077621e-03
7.719080429524183273e-03
6.345726083964109421e-03
6.420721299946308136e-03
7.324870675802230835e-03
6.182262673974037170e-03
8.532503619790077209e-03
6.561595480889081955e-03
6.178649142384529114e-03
6.284429691731929779e-03
6.126770749688148499e-03
6.227643229067325592e-03
6.718002725392580032e-03
6.082828156650066376e-03
7.474749814718961716e-03
6.286700721830129623e-03
6.172989960759878159e-03
6.116608157753944397e-03
6.046468392014503479e-03
6.171829998493194580e-03
7.144699338823556900e-03
6.039083935320377350e-03
6.214674562215805054e-03
6.469015497714281082e-03
6.092031486332416534e-03
7.573531940579414368e-03
6.230822764337062836e-03
5.933369044214487076e-03
6.083580199629068375e-03
6.022982299327850342e-03
6.462281104177236557e-03
5.864664446562528610e-03
5.927721969783306122e-03
5.943964235484600067e-03
6.200294941663742065e-03
5.986856762319803238e-03
6.277610082179307938e-03
5.838771816343069077e-03
6.367350928485393524e-03
5.934239365160465240e-03
6.038178689777851105e-03
5.899455398321151733e-03
6.510413251817226410e-03
6.209954619407653809e-03
5.789188668131828308e-03
7.607709150761365891e-03
5.844595376402139664e-03
5.751427728682756424e-03
8.491337299346923828e-03
5.912106484174728394e-03
5.753431469202041626e-03
6.687624379992485046e-03
5.864996463060379028e-03
5.909023340791463852e-03
5.707233678549528122e-03
6.964353844523429871e-03
5.780098959803581238e-03
6.264109164476394653e-03
5.673280917108058929e-03
6.217257585376501083e-03
5.753051955252885818e-03
6.468231789767742157e-03
5.679945461452007294e-03
6.213247776031494141e-03
5.708379205316305161e-03
6.389038171619176865e-03
5.647195968776941299e-03
6.547004915773868561e-03
5.698021035641431808e-03
5.758631974458694458e-03
5.818028934299945831e-03
5.588795058429241180e-03
6.077288649976253510e-03
5.605627782642841339e-03
5.613603629171848297e-03
5.566667765378952026e-03
5.590379703789949417e-03
6.563776172697544098e-03
5.501211620867252350e-03
5.515813361853361130e-03
6.751815788447856903e-03
5.561924073845148087e-03
6.147125735878944397e-03
5.557565949857234955e-03
5.939434282481670380e-03
5.902646575123071671e-03
5.475045647472143173e-03
5.735197570174932480e-03
5.497189238667488098e-03
5.488601978868246078e-03
5.475887097418308258e-03
5.522432737052440643e-03
7.491013500839471817e-03
5.671478342264890671e-03
5.988239776343107224e-03
5.398170556873083115e-03
6.255306769162416458e-03
5.671572871506214142e-03
5.462223663926124573e-03
6.420926656574010849e-03
5.429771728813648224e-03
5.398157052695751190e-03
6.197246722877025604e-03
5.375257693231105804e-03
5.350614897906780243e-03
6.126354914158582687e-03
5.410940852016210556e-03
6.032576784491539001e-03
6.118002347648143768e-03
5.353818181902170181e-03
5.322283133864402771e-03
7.399846799671649933e-03
5.691838916391134262e-03
5.336994305253028870e-03
5.483154207468032837e-03
5.447990261018276215e-03
6.085419561713933945e-03
5.307025276124477386e-03
6.121546030044555664e-03
5.805349443107843399e-03
5.418363027274608612e-03
6.609592586755752563e-03
5.443121772259473801e-03
5.810951348394155502e-03
5.369442515075206757e-03
5.842872429639101028e-03
5.778825841844081879e-03
5.386814475059509277e-03
5.530853755772113800e-03
5.284149665385484695e-03
5.899043753743171692e-03
5.436585750430822372e-03
5.230190698057413101e-03
6.214154418557882309e-03
5.327413789927959442e-03
5.554634146392345428e-03
5.229010712355375290e-03
6.354589946568012238e-03
5.326054058969020844e-03
5.422473419457674026e-03
5.441104061901569366e-03
5.223355256021022797e-03
6.085887551307678223e-03
5.336211062967777252e-03
6.857260130345821381e-03
5.372465122491121292e-03
5.583221558481454849e-03
6.533485837280750275e-03
5.513689480721950531e-03
5.278327967971563339e-03
5.164471454918384552e-03
5.183770321309566498e-03
5.573860369622707367e-03
5.248567555099725723e-03
5.156502127647399902e-03
5.171649158000946045e-03
5.226169712841510773e-03
6.176577880978584290e-03
5.159797146916389465e-03
6.519715301692485809e-03
5.371173378080129623e-03
5.520904902368783951e-03
5.119722336530685425e-03
5.115335807204246521e-03
7.023696321994066238e-03
5.356783047318458557e-03
5.365396384149789810e-03
5.464020185172557831e-03
5.349105224013328552e-03
5.737441591918468475e-03
5.164528731256723404e-03
5.165901035070419312e-03
5.136737134307622910e-03
6.828764453530311584e-03
5.221587605774402618e-03
5.151959136128425598e-03
5.379003938287496567e-03
5.066569428890943527e-03
5.216612480580806732e-03
6.278376560658216476e-03
5.163578316569328308e-03
5.555821582674980164e-03
5.322788842022418976e-03
5.063351709395647049e-03
6.827111821621656418e-03
5.184554494917392731e-03
5.052651744335889816e-03
5.842350888997316360e-03
5.104046314954757690e-03
6.115002091974020004e-03
5.172222852706909180e-03
7.223587017506361008e-03
5.401936359703540802e-03
5.034109577536582947e-03
5.564768332988023758e-03
5.036268383264541626e-03
5.138229578733444214e-03
5.028715357184410095e-03
5.043875426054000854e-03
5.155649501830339432e-03
5.212776362895965576e-03
5.006085615605115891e-03
5.630609579384326935e-03
5.236143711954355240e-03
5.009750835597515106e-03
5.721384659409523010e-03
5.107561126351356506e-03
5.060875788331031799e-03
5.442978348582983017e-03
5.182675551623106003e-03
5.128936842083930969e-03
5.025282036513090134e-03
4.975310992449522018e-03
4.964341409504413605e-03
5.100481212139129639e-03
5.288676358759403229e-03
5.506784189492464066e-03
5.064310505986213684e-03
5.173697136342525482e-03
5.164868663996458054e-03
5.217311438173055649e-03
5.152293015271425247e-03
5.006388295441865921e-03
5.148753523826599121e-03
5.667047109454870224e-03
5.157860927283763885e-03
5.116726271808147430e-03
5.200427491217851639e-03
5.514063406735658646e-03
5.084369797259569168e-03
5.203922744840383530e-03
4.994806367903947830e-03
5.348013248294591904e-03
5.039570853114128113e-03
5.603467114269733429e-03
4.959335550665855408e-03
5.524030886590480804e-03
5.137117113918066025e-03
5.689704325050115585e-03
4.906431771814823151e-03
4.877518862485885620e-03
5.083694588392972946e-03
5.180664826184511185e-03
5.037822760641574860e-03
4.984357394278049469e-03
5.453206133097410202e-03
4.884499590843915939e-03
4.874140955507755280e-03
4.956849850714206696e-03
5.214471369981765747e-03
4.939320497214794159e-03
5.610065069049596786e-03
5.430066958069801331e-03
4.891752265393733978e-03
5.263490602374076843e-03
5.676345899701118469e-03
4.905231297016143799e-03
5.279612727463245392e-03
5.092297680675983429e-03
5.789810325950384140e-03
5.229958333075046539e-03
4.940036218613386154e-03
6.328923627734184265e-03
4.939687903970479965e-03
5.877908784896135330e-03
4.798536654561758041e-03
4.910287912935018539e-03
4.788043443113565445e-03
5.440804641693830490e-03
5.200604908168315887e-03
4.979647696018218994e-03
4.784449934959411621e-03
4.737379029393196106e-03
4.847264382988214493e-03
5.010859575122594833e-03
5.086277145892381668e-03
5.052061285823583603e-03
5.040583666414022446e-03
4.865520633757114410e-03
5.229152739048004150e-03
4.853922408074140549e-03
4.929061979055404663e-03
5.363757256418466568e-03
4.950394388288259506e-03
5.297510884702205658e-03
4.719003569334745407e-03
5.485120229423046112e-03
4.829083103686571121e-03
4.895571619272232056e-03
4.650920629501342773e-03
4.705312196165323257e-03
5.664337426424026489e-03
4.729024134576320648e-03
4.657689481973648071e-03
4.713088274002075195e-03
4.749376792460680008e-03
4.637498874217271805e-03
6.096598692238330841e-03
5.256689619272947311e-03
4.814119078218936920e-03
4.964041989296674728e-03
5.059513263404369354e-03
5.023007746785879135e-03
4.875907208770513535e-03
4.882553126662969589e-03
5.150030367076396942e-03
5.100941751152276993e-03
4.745495039969682693e-03
5.516830831766128540e-03
4.604083951562643051e-03
4.851547535508871078e-03
4.627280402928590775e-03
5.056730471551418304e-03
5.099967587739229202e-03
5.328027997165918350e-03
5.295807030051946640e-03
4.567648749798536301e-03
4.683332983404397964e-03
4.862275440245866776e-03
4.888541530817747116e-03
4.772114101797342300e-03
5.145805887877941132e-03
5.081024486571550369e-03
4.809684585779905319e-03
4.578249063342809677e-03
4.742312245070934296e-03
5.237011704593896866e-03
4.569803364574909210e-03
4.653808195143938065e-03
5.250016693025827408e-03
5.231859162449836731e-03
4.959229845553636551e-03
5.254593212157487869e-03
4.527895245701074600e-03
5.455653648823499680e-03
5.002332385629415512e-03
4.722694400697946548e-03
4.499749280512332916e-03
5.040018353611230850e-03
4.940391052514314651e-03
4.878400824964046478e-03
4.903993103653192520e-03
4.851577803492546082e-03
5.181971006095409393e-03
4.660039208829402924e-03
5.161268170922994614e-03
5.013724789023399353e-03
5.112108308821916580e-03
4.652368836104869843e-03
4.441859666258096695e-03
4.741718992590904236e-03
4.613080527633428574e-03
5.198089405894279480e-03
4.764193668961524963e-03
4.667303524911403656e-03
5.447095725685358047e-03
5.234337411820888519e-03
4.858061671257019043e-03
4.409073852002620697e-03
4.477400332689285278e-03
4.948446061462163925e-03
5.030890926718711853e-03
5.109837744385004044e-03
5.076875444501638412e-03
4.610130563378334045e-03
5.391502287238836288e-03
5.279799923300743103e-03
4.668172914534807205e-03
4.459333140403032303e-03
4.656323697417974472e-03
4.976076073944568634e-03
5.325041711330413818e-03
4.738800227642059326e-03
4.416837356984615326e-03
4.326689988374710083e-03
4.811687860637903214e-03
4.854483995586633682e-03
5.311373621225357056e-03
4.295038990676403046e-03
4.311731550842523575e-03
4.605258349329233170e-03
5.197888705879449844e-03
5.007602274417877197e-03
5.577532108873128891e-03
4.257566761225461960e-03
4.897724837064743042e-03
4.247352015227079391e-03
5.632094573229551315e-03
4.211741499602794647e-03
5.069621838629245758e-03
5.061366595327854156e-03
4.593525081872940063e-03
4.521857481449842453e-03
4.823263268917798996e-03
4.256195388734340668e-03
4.223728552460670471e-03
4.671482834964990616e-03
4.594590049237012863e-03
4.330059979110956192e-03
4.147083032876253128e-03
4.293046426028013229e-03
4.559244029223918915e-03
4.457148723304271698e-03
4.662129096686840057e-03
4.311990458518266678e-03
4.255876410752534866e-03
4.604018758982419968e-03
4.329432267695665359e-03
4.694708622992038727e-03
4.218017682433128357e-03
4.042602609843015671e-03
4.213432781398296356e-03
4.097667988389730453e-03
4.016968421638011932e-03
4.162769764661788940e-03
4.198127891868352890e-03
5.458677653223276138e-03
4.021494183689355850e-03
4.077660851180553436e-03
5.440950859338045120e-03
4.018150269985198975e-03
4.234185442328453064e-03
4.274912644177675247e-03
3.973529674112796783e-03
4.554448183625936508e-03
4.014092497527599335e-03
4.507941659539937973e-03
4.480309318751096725e-03
4.424153361469507217e-03
4.176275338977575302e-03
4.301738925278186798e-03
4.685177933424711227e-03
4.104173742234706879e-03
3.977284766733646393e-03
3.958926536142826080e-03
3.914518281817436218e-03
4.546618554741144180e-03
4.872491117566823959e-03
4.095188342034816742e-03
4.078669939190149307e-03
4.376064520329236984e-03
3.881958080455660820e-03
4.477566108107566833e-03
3.833472495898604393e-03
4.001592751592397690e-03
3.943393938243389130e-03
3.939038142561912537e-03
4.488395992666482925e-03
4.535729065537452698e-03
4.222514107823371887e-03
3.957393579185009003e-03
4.045348614454269409e-03
3.953336738049983978e-03
4.050804302096366882e-03
3.934338223189115524e-03
4.063924774527549744e-03
3.826662665233016014e-03
3.751497250050306320e-03
4.487272817641496658e-03
3.865475999191403389e-03
4.497108981013298035e-03
3.864709055051207542e-03
3.744617570191621780e-03
5.269565153867006302e-03
4.636543337255716324e-03
3.981609828770160675e-03
3.694877959787845612e-03
5.353759042918682098e-03
4.605105146765708923e-03
3.884378587827086449e-03
3.708474803715944290e-03
5.407630931586027145e-03
4.341532010585069656e-03
3.738024272024631500e-03
3.855291521176695824e-03
4.427927080541849136e-03
3.626044606789946556e-03
5.514125339686870575e-03
3.929352853447198868e-03
3.620499046519398689e-03
5.293550435453653336e-03
3.868632484227418900e-03
3.594036446884274483e-03
6.203545723110437393e-03
3.939972724765539169e-03
3.589297644793987274e-03
3.605027450248599052e-03
4.141378682106733322e-03
3.576512914150953293e-03
4.838977009057998657e-03
3.969437908381223679e-03
3.688562661409378052e-03
3.538956865668296814e-03
3.645670134574174881e-03
3.550460096448659897e-03
3.946342505514621735e-03
3.874032059684395790e-03
3.719371976330876350e-03
3.851350396871566772e-03
4.208014346659183502e-03
3.685084404423832893e-03
4.637047648429870605e-03
3.728040726855397224e-03
4.425715655088424683e-03
3.609216772019863129e-03
3.939064685255289078e-03
3.944300580769777298e-03
3.662722185254096985e-03
3.490623086690902710e-03
3.578022588044404984e-03
3.529371693730354309e-03
4.220344126224517822e-03
3.599344054237008095e-03
3.525309031829237938e-03
3.616861533373594284e-03
3.537389915436506271e-03
3.416342660784721375e-03
4.284933209419250488e-03
3.605587640777230263e-03
3.700933186337351799e-03
3.902136115357279778e-03
3.664854681119322777e-03
3.425158793106675148e-03
3.912549000233411789e-03
3.594199893996119499e-03
3.424830269068479538e-03
3.330363426357507706e-03
4.007590003311634064e-03
3.452689852565526962e-03
3.422987647354602814e-03
3.318217583000659943e-03
4.659226629883050919e-03
3.599150106310844421e-03
3.341412171721458435e-03
3.340603085234761238e-03
3.624196397140622139e-03
3.366927616298198700e-03
3.369275713339447975e-03
3.320321906358003616e-03
4.316680133342742920e-03
3.292217385023832321e-03
6.468249484896659851e-03
3.419390646740794182e-03
3.283158876001834869e-03
3.246846143156290054e-03
3.476151498034596443e-03
3.866230603307485580e-03
3.475523553788661957e-03
3.230622503906488419e-03
3.551933914422988892e-03
3.437360050156712532e-03
3.237867029383778572e-03
3.373493440449237823e-03
3.257840406149625778e-03
3.728087525814771652e-03
3.368502249941229820e-03
3.219599369913339615e-03
3.241740167140960693e-03
4.089870490133762360e-03
3.349009435623884201e-03
3.172959899529814720e-03
3.222944214940071106e-03
3.167913062497973442e-03
3.555754432454705238e-03
3.605392528697848320e-03
3.492558840662240982e-03
3.169784089550375938e-03
3.270637709647417068e-03
4.087434150278568268e-03
3.385053714737296104e-03
3.174718003720045090e-03
3.454015823081135750e-03
3.709395881742238998e-03
3.915933426469564438e-03
3.093526931479573250e-03
3.201839514076709747e-03
3.220943966880440712e-03
4.334964323788881302e-03
3.324574092403054237e-03
3.156234743073582649e-03
3.076297929510474205e-03
3.269601613283157349e-03
3.234460018575191498e-03
3.089762292802333832e-03
3.886387450620532036e-03
3.145826514810323715e-03
3.140226472169160843e-03
3.040046198293566704e-03
3.401890164241194725e-03
3.840161021798849106e-03
3.147833747789263725e-03
3.034270135685801506e-03
3.461660351604223251e-03
3.177600912749767303e-03
3.044893499463796616e-03
5.333486944437026978e-03
3.918728325515985489e-03
3.163221059367060661e-03
3.061357652768492699e-03
3.257985692471265793e-03
3.216916229575872421e-03
3.167090937495231628e-03
2.955362200736999512e-03
5.313326139003038406e-03
3.217196557670831680e-03
2.968184184283018112e-03
3.145318245515227318e-03
3.097152337431907654e-03
3.542545484378933907e-03
3.797366982325911522e-03
3.117350861430168152e-03
3.280203556641936302e-03
2.941280370578169823e-03
3.187886439263820648e-03
2.990931738168001175e-03
3.044300712645053864e-03
4.108608234673738480e-03
2.963184146210551262e-03
2.991104265674948692e-03
3.566871397197246552e-03
3.167321439832448959e-03
2.884654095396399498e-03
2.907779766246676445e-03
4.075265023857355118e-03
2.885022200644016266e-03
3.030498512089252472e-03
2.884354209527373314e-03
3.255558200180530548e-03
3.281707176938652992e-03
3.022537333890795708e-03
3.448080737143754959e-03
2.992017427459359169e-03
3.004437545314431190e-03
2.960652112960815430e-03
3.017723327502608299e-03
4.111002665013074875e-03
2.989229513332247734e-03
2.837770152837038040e-03
3.040274605154991150e-03
2.918177051469683647e-03
3.799983300268650055e-03
3.005566075444221497e-03
2.882454078644514084e-03
2.793958876281976700e-03
2.948791719973087311e-03
3.250342560932040215e-03
2.814359497278928757e-03
3.238817444071173668e-03
3.598210401833057404e-03
2.810565987601876259e-03
2.807062584906816483e-03
3.894732566550374031e-03
2.900445135310292244e-03
2.855770289897918701e-03
2.779757604002952576e-03
3.925076685845851898e-03
2.988783409819006920e-03
2.871257951483130455e-03
2.945484127849340439e-03
3.214611671864986420e-03
3.451597411185503006e-03
2.854085527360439301e-03
2.739940769970417023e-03
5.404239520430564880e-03
3.517054254189133644e-03
2.769362181425094604e-03
2.731112297624349594e-03
2.764134202152490616e-03
4.051379859447479248e-03
3.085761331021785736e-03
2.779160626232624054e-03
2.703507896512746811e-03
3.886024234816431999e-03
3.286095336079597473e-03
2.710625529289245605e-03
2.695980248972773552e-03
4.208885598927736282e-03
2.688033506274223328e-03
2.705031773075461388e-03
2.690770197659730911e-03
5.009403452277183533e-03
3.172640455886721611e-03
2.820452442392706871e-03
3.265798091888427734e-03
3.145465161651372910e-03
2.856953768059611320e-03
2.806645119562745094e-03
3.900953568518161774e-03
2.857206854969263077e-03
2.688708715140819550e-03
2.643996383994817734e-03
5.701337475329637527e-03
3.283247584477066994e-03
2.861365210264921188e-03
2.667219610884785652e-03
2.705666702240705490e-03
3.019821364432573318e-03
2.656291937455534935e-03
2.733316505327820778e-03
3.490610048174858093e-03
2.858217805624008179e-03
2.644273219630122185e-03
4.123558290302753448e-03
2.715518698096275330e-03
2.619722392410039902e-03
3.767746035009622574e-03
2.872012322768568993e-03
2.848827512934803963e-03
2.876002108678221703e-03
2.654316136613488197e-03
2.609679708257317543e-03
3.552522510290145874e-03
2.788533689454197884e-03
3.898846218362450600e-03
2.615150064229965210e-03
2.632976509630680084e-03
4.389808047562837601e-03
2.730898326262831688e-03
2.625381108373403549e-03
2.558506559580564499e-03
3.445370355620980263e-03
2.949418732896447182e-03
2.726251957938075066e-03
2.579423133283853531e-03
2.657930599525570869e-03
3.233883995562791824e-03
2.701505552977323532e-03
2.574373967945575714e-03
3.436719533056020737e-03
3.011610358953475952e-03
2.542030764743685722e-03
3.533834125846624374e-03
2.591163851320743561e-03
2.673077862709760666e-03
4.363099113106727600e-03
2.651979913935065269e-03
2.590973861515522003e-03
2.530528232455253601e-03
2.939291065558791161e-03
3.742308355867862701e-03
2.691592322662472725e-03
2.515495056286454201e-03
2.637163503095507622e-03
3.919123671948909760e-03
2.535440027713775635e-03
2.545201685279607773e-03
3.831127658486366272e-03
2.602886408567428589e-03
2.546315547078847885e-03
2.521606627851724625e-03
4.389690700918436050e-03
2.508128294721245766e-03
3.134450176730751991e-03
2.730399835854768753e-03
2.679496072232723236e-03
2.548292046412825584e-03
2.593029523268342018e-03
3.635332686826586723e-03
2.760353730991482735e-03
2.476334106177091599e-03
2.513562329113483429e-03
6.635845638811588287e-03
3.982184920459985733e-03
2.497744280844926834e-03
2.461517462506890297e-03
2.461435273289680481e-03
2.473305677995085716e-03
2.454477827996015549e-03
2.772229490801692009e-03
2.923421096056699753e-03
2.461310243234038353e-03
2.459082286804914474e-03
3.437529085204005241e-03
2.898168284446001053e-03
2.500448143109679222e-03
2.443547593429684639e-03
3.475850448012351990e-03
2.548087155446410179e-03
3.231293754652142525e-03
2.444353653118014336e-03
2.447958104312419891e-03
2.577809151262044907e-03
3.785715904086828232e-03
2.600516891106963158e-03
2.488663420081138611e-03
2.435992006212472916e-03
2.505845390260219574e-03
2.456484828144311905e-03
2.655738499015569687e-03
2.610459458082914352e-03
2.540683373808860779e-03
3.901394316926598549e-03
2.720193937420845032e-03
2.467234851792454720e-03
2.405849052593111992e-03
2.904775319620966911e-03
3.466680180281400681e-03
2.720489865168929100e-03
2.399964490905404091e-03
2.475325250998139381e-03
3.750678617507219315e-03
2.552265767008066177e-03
2.439738018438220024e-03
2.797558438032865524e-03
2.718227915465831757e-03
2.395936753600835800e-03
2.608196344226598740e-03
2.418745309114456177e-03
2.869089832529425621e-03
3.172579919919371605e-03
2.912050113081932068e-03
2.419632626697421074e-03
2.379720797762274742e-03
2.379987156018614769e-03
2.378454199060797691e-03
2.366481581702828407e-03
2.440262585878372192e-03
2.734666457399725914e-03
2.694412367418408394e-03
2.451882930472493172e-03
2.860081847757101059e-03
3.460414474830031395e-03
2.413349226117134094e-03
2.380322199314832687e-03
2.355250297114253044e-03
2.347836038097739220e-03
2.348124049603939056e-03
2.791189588606357574e-03
2.733191708102822304e-03
2.567312913015484810e-03
2.340445993468165398e-03
2.651331480592489243e-03
2.874409314244985580e-03
2.386681037023663521e-03
2.394034061580896378e-03
5.602333229035139084e-03
2.538998611271381378e-03
2.382424427196383476e-03
2.333950717002153397e-03
3.375649219378829002e-03
2.431871136650443077e-03
2.696771174669265747e-03
2.344102133065462112e-03
2.349730115383863449e-03
5.359255708754062653e-03
2.324393950402736664e-03
2.352429553866386414e-03
2.328917616978287697e-03
2.317831851541996002e-03
5.097544752061367035e-03
2.978016156703233719e-03
2.383493352681398392e-03
2.327119465917348862e-03
2.307014307007193565e-03
5.568510387092828751e-03
2.702776109799742699e-03
2.441205317154526711e-03
2.341721439734101295e-03
2.305759582668542862e-03
2.380217658355832100e-03
3.134422004222869873e-03
2.410900546237826347e-03
2.420786535367369652e-03
2.352298470214009285e-03
2.321176696568727493e-03
5.127266515046358109e-03
2.448659157380461693e-03
2.485606586560606956e-03
2.309659728780388832e-03
2.297414233908057213e-03
4.792270716279745102e-03
2.418279647827148438e-03
2.327384660020470619e-03
2.607390983030200005e-03
2.872304758056998253e-03
2.439360832795500755e-03
2.686663297936320305e-03
2.336269011721014977e-03
2.310954267159104347e-03
2.381694968789815903e-03
2.460495801642537117e-03
2.294854028150439262e-03
2.303207060322165489e-03
3.102230140939354897e-03
2.963424893096089363e-03
2.308133989572525024e-03
2.282175002619624138e-03
3.530225018039345741e-03
2.446681726723909378e-03
2.286566421389579773e-03
2.286448841914534569e-03
5.728504620492458344e-03
3.015741007402539253e-03
2.401139354333281517e-03
2.302003325894474983e-03
2.267862437292933464e-03
4.072987940162420273e-03
2.347602508962154388e-03
2.490098122507333755e-03
2.267634030431509018e-03
2.685246756300330162e-03
2.814504783600568771e-03
2.445975318551063538e-03
2.294085919857025146e-03
3.805762156844139099e-03
2.443090314045548439e-03
2.260557608678936958e-03
2.427341183647513390e-03
2.417010953649878502e-03
2.407202497124671936e-03
2.684391802176833153e-03
3.090017009526491165e-03
2.540434012189507484e-03
2.247529337182641029e-03
2.854940714314579964e-03
3.018858609721064568e-03
2.409892622381448746e-03
2.236112253740429878e-03
2.234198851510882378e-03
3.285926766693592072e-03
2.848417731001973152e-03
2.850251970812678337e-03
2.320435130968689919e-03
2.666886663064360619e-03
2.706556348130106926e-03
2.398378914222121239e-03
2.358152531087398529e-03
4.040814470499753952e-03
2.411288674920797348e-03
2.275475533679127693e-03
2.252470236271619797e-03
3.985539078712463379e-03
2.568639349192380905e-03
2.271160949021577835e-03
2.217135159298777580e-03
2.300165593624114990e-03
3.070742357522249222e-03
2.521395217627286911e-03
2.302238484844565392e-03
2.556531224399805069e-03
2.290956210345029831e-03
2.953433431684970856e-03
2.680506790056824684e-03
2.293200697749853134e-03
2.334892516955733299e-03
2.438816940411925316e-03
2.260328968986868858e-03
2.230848651379346848e-03
4.042446613311767578e-03
2.319036982953548431e-03
2.249523764476180077e-03
2.927477005869150162e-03
2.464493736624717712e-03
2.253958955407142639e-03
2.242312300950288773e-03
2.285340335220098495e-03
2.773429499939084053e-03
2.344742417335510254e-03
2.231075894087553024e-03
2.215533750131726265e-03
3.462393535301089287e-03
2.424323465675115585e-03
2.205323660746216774e-03
2.221447182819247246e-03
2.439006464555859566e-03
3.392379498109221458e-03
2.391359768807888031e-03
2.341249026358127594e-03
2.523713745176792145e-03
2.263898495584726334e-03
2.196951536461710930e-03
2.257093088701367378e-03
5.819048266857862473e-03
2.330115996301174164e-03
2.240426139906048775e-03
2.200781833380460739e-03
2.181468531489372253e-03
2.602789783850312233e-03
2.347232541069388390e-03
2.197399735450744629e-03
2.601501066237688065e-03
2.199509413912892342e-03
3.290797350928187370e-03
2.244047820568084717e-03
2.816921798512339592e-03
2.445400925353169441e-03
2.216152846813201904e-03
2.296328544616699219e-03
2.313674427568912506e-03
3.094521118327975273e-03
2.315635560080409050e-03
2.495655091479420662e-03
2.186524448916316032e-03
2.838002284988760948e-03
2.925070235505700111e-03
2.450771164149045944e-03
2.274730708450078964e-03
2.173144835978746414e-03
2.173920627683401108e-03
2.168418141081929207e-03
2.163826953619718552e-03
2.844061935320496559e-03
2.495673950761556625e-03
2.296741353347897530e-03
2.171272877603769302e-03
2.173757413402199745e-03
2.289692405611276627e-03
2.212568651884794235e-03
2.164014847949147224e-03
2.254192717373371124e-03
2.960982266813516617e-03
2.199955517426133156e-03
2.357596531510353088e-03
2.209947910159826279e-03
2.587359631434082985e-03
2.258158288896083832e-03
3.311740001663565636e-03
2.242497866973280907e-03
2.483678050339221954e-03
2.199834445491433144e-03
2.613029209896922112e-03
2.320228144526481628e-03
2.182757481932640076e-03
3.133549587801098824e-03
2.488012425601482391e-03
2.278885105624794960e-03
2.465683268383145332e-03
2.157146111130714417e-03
3.770671784877777100e-03
2.677988726645708084e-03
2.282042754814028740e-03
2.955493982881307602e-03
2.538053551688790321e-03
2.159807598218321800e-03
3.034606110304594040e-03
2.309370553120970726e-03
2.686363877728581429e-03
2.214804524555802345e-03
2.208067104220390320e-03
2.333109034225344658e-03
2.334891119971871376e-03
2.183010336011648178e-03
2.170656342059373856e-03
2.508801408112049103e-03
2.164843957871198654e-03
2.174671273678541183e-03
4.631663206964731216e-03
2.475575311109423637e-03
2.139865886420011520e-03
3.354065120220184326e-03
3.015158697962760925e-03
2.645079744979739189e-03
2.734869020059704781e-03
2.132213907316327095e-03
3.363289404660463333e-03
2.349654445424675941e-03
2.222198760136961937e-03
2.293471945449709892e-03
2.284081652760505676e-03
2.193419262766838074e-03
3.879337338730692863e-03
2.325392328202724457e-03
2.134908922016620636e-03
4.556850530207157135e-03
2.321868902072310448e-03
2.161808311939239502e-03
2.675855532288551331e-03
2.639012178406119347e-03
2.359186764806509018e-03
2.236173022538423538e-03
2.583976835012435913e-03
3.021549899131059647e-03
2.236216561868786812e-03
2.187689067795872688e-03
2.128713764250278473e-03
3.106140997260808945e-03
2.204981166869401932e-03
2.466495148837566376e-03
2.640519756823778152e-03
2.318427897989749908e-03
2.157929586246609688e-03
2.898712409660220146e-03
2.167427446693181992e-03
2.639950951561331749e-03
2.567607443779706955e-03
2.168189734220504761e-03
2.957680495455861092e-03
2.236864995211362839e-03
2.859324216842651367e-03
2.260961104184389114e-03
2.142936922609806061e-03
3.157257335260510445e-03
2.327649854123592377e-03
2.187143079936504364e-03
2.769608050584793091e-03
2.345068613067269325e-03
2.175232162699103355e-03
2.306024776771664619e-03
2.155530033633112907e-03
3.088177647441625595e-03
2.300717635080218315e-03
2.486404031515121460e-03
2.502573654055595398e-03
2.581505337730050087e-03
2.147484337911009789e-03
4.185309167951345444e-03
2.535772044211626053e-03
2.198347821831703186e-03
2.347626490518450737e-03
2.283253241330385208e-03
2.691453788429498672e-03
2.311374759301543236e-03
2.211989602074027061e-03
2.532567130401730537e-03
2.421030541881918907e-03
2.255913801491260529e-03
2.677627140656113625e-03
2.310404321178793907e-03
2.300559077411890030e-03
2.210175152868032455e-03
3.659073030576109886e-03
2.174442168325185776e-03
2.239009831100702286e-03
2.351107308641076088e-03
2.226494252681732178e-03
2.579315565526485443e-03
2.774841850623488426e-03
2.542107831686735153e-03
2.179804258048534393e-03
2.508623059839010239e-03
2.277352847158908844e-03
3.319303737953305244e-03
2.431260654702782631e-03
2.186614088714122772e-03
2.110883826389908791e-03
2.688345732167363167e-03
2.435270696878433228e-03
2.235932508483529091e-03
2.108953427523374557e-03
2.266197232529520988e-03
2.160576405003666878e-03
2.359608886763453484e-03
2.437837189063429832e-03
2.230545273050665855e-03
2.193464199081063271e-03
2.613269723951816559e-03
2.246056683361530304e-03
3.119193483144044876e-03
2.447128761559724808e-03
2.102012746036052704e-03
3.920849878340959549e-03
2.409793669357895851e-03
2.114034956321120262e-03
2.415552036836743355e-03
2.170326421037316322e-03
2.275936538353562355e-03
2.404528437182307243e-03
2.135765040293335915e-03
2.216017339378595352e-03
2.615120960399508476e-03
2.147236838936805725e-03
2.551662735641002655e-03
2.352503128349781036e-03
2.387433778494596481e-03
2.128429478034377098e-03
3.540280507877469063e-03
2.218417357653379440e-03
2.085922751575708389e-03
3.702741116285324097e-03
2.339567989110946655e-03
2.101659309118986130e-03
2.732340013608336449e-03
2.476592781022191048e-03
2.107577165588736534e-03
3.221212886273860931e-03
2.193490741774439812e-03
2.631404902786016464e-03
2.151064109057188034e-03
2.730763517320156097e-03
2.290073549374938011e-03
2.914429409429430962e-03
2.471746411174535751e-03
2.422963734716176987e-03
2.188381738960742950e-03
3.479782491922378540e-03
2.233646810054779053e-03
2.364270621910691261e-03
2.341524930670857430e-03
2.307300223037600517e-03
2.561716362833976746e-03
2.466748002916574478e-03
2.232866128906607628e-03
2.277849474921822548e-03
2.325742505490779877e-03
2.151950262486934662e-03
2.693138318136334419e-03
2.178211463615298271e-03
2.278712112456560135e-03
2.071433234959840775e-03
2.117184689268469810e-03
2.099165460094809532e-03
2.269148593768477440e-03
2.356230746954679489e-03
2.932909177616238594e-03
2.106070751324295998e-03
3.381911898031830788e-03
2.235446358099579811e-03
2.279476728290319443e-03
2.331978641450405121e-03
3.002751385793089867e-03
2.356735058128833771e-03
2.110553439706563950e-03
2.287879586219787598e-03
2.113265218213200569e-03
2.161220414564013481e-03
2.748959464952349663e-03
2.048324095085263252e-03
2.820524387061595917e-03
2.555461367592215538e-03
2.147643826901912689e-03
2.254588296636939049e-03
2.076806267723441124e-03
2.773747080937027931e-03
2.122571691870689392e-03
2.350002992898225784e-03
2.175763947889208794e-03
2.346524037420749664e-03
2.166746184229850769e-03
2.057887846603989601e-03
2.599231898784637451e-03
2.285240916535258293e-03
2.063540974631905556e-03
2.740601543337106705e-03
2.558820415288209915e-03
2.223096089437603951e-03
2.627300331369042397e-03
2.430631779134273529e-03
2.194422995671629906e-03
2.150342101231217384e-03
2.170480322092771530e-03
2.108420478180050850e-03
2.253282582387328148e-03
2.293681958690285683e-03
2.058112993836402893e-03
2.463612705469131470e-03
2.235805382952094078e-03
2.972041256725788116e-03
2.206051256507635117e-03
2.081020269542932510e-03
2.900695428252220154e-03
2.475841902196407318e-03
2.071935916319489479e-03
2.170280786231160164e-03
2.213793341070413589e-03
2.364876912906765938e-03
2.542943460866808891e-03
2.125229453667998314e-03
2.140930853784084320e-03
3.704351605847477913e-03
2.060827333480119705e-03
2.055577933788299561e-03
2.155071590095758438e-03
2.057412639260292053e-03
2.317551057785749435e-03
2.186561701819300652e-03
2.758273389190435410e-03
2.505510346964001656e-03
2.123089740052819252e-03
2.487003104761242867e-03
2.283401321619749069e-03
2.213310915976762772e-03
2.120925579220056534e-03
4.529449157416820526e-03
2.589546376839280128e-03
2.083834027871489525e-03
2.582155400887131691e-03
2.035771496593952179e-03
3.133315825834870338e-03
2.434047637507319450e-03
2.139147371053695679e-03
2.619139384478330612e-03
2.255432773381471634e-03
3.356323344632983208e-03
2.144768834114074707e-03
2.237951150164008141e-03
2.194092376157641411e-03
2.223056973889470100e-03
2.078585093840956688e-03
2.410391112789511681e-03
2.095764502882957458e-03
2.611435949802398682e-03
2.135230926796793938e-03
2.967314328998327255e-03
2.425476210191845894e-03
2.108260989189147949e-03
2.757057314738631248e-03
2.119620330631732941e-03
2.884448738768696785e-03
2.206975594162940979e-03
2.167669357731938362e-03
2.149849198758602142e-03
2.418942516669631004e-03
2.113234018906950951e-03
2.432910026982426643e-03
2.126570791006088257e-03
3.855182323604822159e-03
2.167681232094764709e-03
2.392822643741965294e-03
2.296383725479245186e-03
2.079698257148265839e-03
2.756776288151741028e-03
2.246532123535871506e-03
2.235203515738248825e-03
2.992359921336174011e-03
2.529709134250879288e-03
2.170783234760165215e-03
2.070638118311762810e-03
2.513609360903501511e-03
2.399032237008213997e-03
2.098358701914548874e-03
2.953348681330680847e-03
2.491410588845610619e-03
2.270852448418736458e-03
2.525324234738945961e-03
2.359901554882526398e-03
2.168359002098441124e-03
2.277957974001765251e-03
2.097920980304479599e-03
2.016094047576189041e-03
2.399240853264927864e-03
2.565106842666864395e-03
2.054025651887059212e-03
2.591141033917665482e-03
2.253371290862560272e-03
2.201483817771077156e-03
2.125536557286977768e-03
2.135596470907330513e-03
2.298366976901888847e-03
2.500042784959077835e-03
2.277551451697945595e-03
2.265962306410074234e-03
2.067242981866002083e-03
2.314505865797400475e-03
2.203722950071096420e-03
2.068154979497194290e-03
