3.044724464416503906e-02
2.690153568983078003e-02
2.596008405089378357e-02
2.564050257205963135e-02
2.550157718360424042e-02
2.541587874293327332e-02
2.533837966620922089e-02
2.527172863483428955e-02
2.520537003874778748e-02
2.511642873287200928e-02
2.498698607087135315e-02
2.490267902612686157e-02
2.482981979846954346e-02
2.475795149803161621e-02
2.468472905457019806e-02
2.460803650319576263e-02
2.452700585126876831e-02
2.444295957684516907e-02
2.435506507754325867e-02
2.426317892968654633e-02
2.416767552495002747e-02
2.406921051442623138e-02
2.396869473159313202e-02
2.386681735515594482e-02
2.376460470259189606e-02
2.366392128169536591e-02
2.357285469770431519e-02
2.348495274782180786e-02
2.339853160083293915e-02
2.331317216157913208e-02
2.322785370051860809e-02
2.314251661300659180e-02
2.305742725729942322e-02
2.297242544591426849e-02
2.288888022303581238e-02
2.280758880078792572e-02
2.273065224289894104e-02
2.265796810388565063e-02
2.258997783064842224e-02
2.252318337559700012e-02
2.245931327342987061e-02
2.239829301834106445e-02
2.234018594026565552e-02
2.228469960391521454e-02
2.223205007612705231e-02
2.218127436935901642e-02
2.213334850966930389e-02
2.208792977035045624e-02
2.204769290983676910e-02
2.199507877230644226e-02
2.194663695991039276e-02
2.190440334379673004e-02
2.186151966452598572e-02
2.181916683912277222e-02
2.178120054304599762e-02
2.174923382699489594e-02
2.171557396650314331e-02
2.168302610516548157e-02
2.164523117244243622e-02
2.161835320293903351e-02
2.168836258351802826e-02
2.157432027161121368e-02
2.151887677609920502e-02
2.150043286383152008e-02
2.146273478865623474e-02
2.143739350140094757e-02
2.142903953790664673e-02
2.142407000064849854e-02
2.136583812534809113e-02
2.134452573955059052e-02
2.132846973836421967e-02
2.130507305264472961e-02
2.127772942185401917e-02
2.128469012677669525e-02
2.130158245563507080e-02
2.124672755599021912e-02
2.120970934629440308e-02
2.118927054107189178e-02
2.136687561869621277e-02
2.115974947810173035e-02
2.115195617079734802e-02
2.113378234207630157e-02
2.112732082605361938e-02
2.112783491611480713e-02
2.110421098768711090e-02
2.114382199943065643e-02
2.109578065574169159e-02
2.106442302465438843e-02
2.104594185948371887e-02
2.103971689939498901e-02
2.102357149124145508e-02
2.103358507156372070e-02
2.110268175601959229e-02
2.099613659083843231e-02
2.099961228668689728e-02
2.108838409185409546e-02
2.097648568451404572e-02
2.096810936927795410e-02
2.097706682980060577e-02
2.096338756382465363e-02
2.097211778163909912e-02
2.092757821083068848e-02
2.090937457978725433e-02
2.093164250254631042e-02
2.091182023286819458e-02
2.094009518623352051e-02
2.087928354740142822e-02
2.112543396651744843e-02
2.083439379930496216e-02
2.082574740052223206e-02
2.078182250261306763e-02
2.076955139636993408e-02
2.103593200445175171e-02
2.073560841381549835e-02
2.068848907947540283e-02
2.065291814506053925e-02
2.062411606311798096e-02
2.060346491634845734e-02
2.054249867796897888e-02
2.054307051002979279e-02
2.046152949333190918e-02
2.041926607489585876e-02
2.061634138226509094e-02
2.036328613758087158e-02
2.032580971717834473e-02
2.037165127694606781e-02
2.024033106863498688e-02
2.038687281310558319e-02
2.019357308745384216e-02
2.010358497500419617e-02
2.004067786037921906e-02
2.005667798221111298e-02
2.007004991173744202e-02
1.996115967631340027e-02
1.987740397453308105e-02
1.984077319502830505e-02
1.981816254556179047e-02
1.981756463646888733e-02
1.974594779312610626e-02
1.969303190708160400e-02
1.968282088637351990e-02
1.960749924182891846e-02
1.965858601033687592e-02
1.949194073677062988e-02
1.943884044885635376e-02
2.017798274755477905e-02
1.943949609994888306e-02
1.933445036411285400e-02
1.929964870214462280e-02
1.928180828690528870e-02
1.931359246373176575e-02
1.944025233387947083e-02
1.918184384703636169e-02
1.916269026696681976e-02
1.912525668740272522e-02
1.909539103507995605e-02
1.908073574304580688e-02
1.932902447879314423e-02
1.903424598276615143e-02
1.904437690973281860e-02
1.911143586039543152e-02
1.910238154232501984e-02
1.909857243299484253e-02
1.890139840543270111e-02
1.913052052259445190e-02
1.889813877642154694e-02
1.891204901039600372e-02
1.881795562803745270e-02
1.882218569517135620e-02
1.886370964348316193e-02
1.886324025690555573e-02
1.874586753547191620e-02
1.875244081020355225e-02
1.870432868599891663e-02
1.869532093405723572e-02
1.863974891602993011e-02
1.919220015406608582e-02
1.868857629597187042e-02
1.858999021351337433e-02
1.855152659118175507e-02
1.852437295019626617e-02
1.849297434091567993e-02
1.845359057188034058e-02
1.839966699481010437e-02
1.841332018375396729e-02
1.835399679839611053e-02
1.837407797574996948e-02
1.831482723355293274e-02
1.829211972653865814e-02
1.879335008561611176e-02
1.834270171821117401e-02
1.824727095663547516e-02
1.821066625416278839e-02
1.827597431838512421e-02
1.834456808865070343e-02
1.815502718091011047e-02
1.813735067844390869e-02
1.814916543662548065e-02
1.819254085421562195e-02
1.810186356306076050e-02
1.806964911520481110e-02
1.805082149803638458e-02
1.803293451666831970e-02
1.801468059420585632e-02
1.799753867089748383e-02
1.798133738338947296e-02
1.796124689280986786e-02
1.808385550975799561e-02
1.797640696167945862e-02
1.792223379015922546e-02
1.789839193224906921e-02
1.806123740971088409e-02
1.787488348782062531e-02
1.784260012209415436e-02
1.782642491161823273e-02
1.790306530892848969e-02
1.792842894792556763e-02
1.791318133473396301e-02
1.776341535151004791e-02
1.777000166475772858e-02
1.775689609348773956e-02
1.770416833460330963e-02
1.792941987514495850e-02
1.782017201185226440e-02
1.771883480250835419e-02
1.773260720074176788e-02
1.767878048121929169e-02
1.787427440285682678e-02
1.763284392654895782e-02
1.757811009883880615e-02
1.759885996580123901e-02
1.754575036466121674e-02
1.753280684351921082e-02
1.765394210815429688e-02
1.764369942247867584e-02
1.759699359536170959e-02
1.751688681542873383e-02
1.745457388460636139e-02
1.745772175490856171e-02
1.750103011727333069e-02
1.741933450102806091e-02
1.740162633359432220e-02
1.738200895488262177e-02
1.743410527706146240e-02
1.738163828849792480e-02
1.735640875995159149e-02
1.731882989406585693e-02
1.818268932402133942e-02
1.740824244916439056e-02
1.727421209216117859e-02
1.726545207202434540e-02
1.724388636648654938e-02
1.725129410624504089e-02
1.785152964293956757e-02
1.725273579359054565e-02
1.718309521675109863e-02
1.716820150613784790e-02
1.723428256809711456e-02
1.715709827840328217e-02
1.712635159492492676e-02
1.711245998740196228e-02
1.709570363163948059e-02
1.707869023084640503e-02
1.710313372313976288e-02
1.723092794418334961e-02
1.716286689043045044e-02
1.702910289168357849e-02
1.703371480107307434e-02
1.703455112874507904e-02
1.698238402605056763e-02
1.696865074336528778e-02
1.701303385198116302e-02
1.692583039402961731e-02
1.691485755145549774e-02
1.726813614368438721e-02
1.700199022889137268e-02
1.687803678214550018e-02
1.719080097973346710e-02
1.699003949761390686e-02
1.699162833392620087e-02
1.695618592202663422e-02
1.691487990319728851e-02
1.683864369988441467e-02
1.676369830965995789e-02
1.741042174398899078e-02
1.693195477128028870e-02
1.671172864735126495e-02
1.670080982148647308e-02
1.667638681828975677e-02
1.667312532663345337e-02
1.730332709848880768e-02
1.669546961784362793e-02
1.661458238959312439e-02
1.659805141389369965e-02
1.658211834728717804e-02
1.661569625139236450e-02
1.655886508524417877e-02
1.653369143605232239e-02
1.651803217828273773e-02
1.674711145460605621e-02
1.661076210439205170e-02
1.664271764457225800e-02
1.648643240332603455e-02
1.645521447062492371e-02
1.655424945056438446e-02
1.640268601477146149e-02
1.642390526831150055e-02
1.656407676637172699e-02
1.657358370721340179e-02
1.638697274029254913e-02
1.633236557245254517e-02
1.634897664189338684e-02
1.644118502736091614e-02
1.628477871417999268e-02
1.629329845309257507e-02
1.654260233044624329e-02
1.630376651883125305e-02
1.622004434466362000e-02
1.625285111367702484e-02
1.631513610482215881e-02
1.618247292935848236e-02
1.612687297165393829e-02
1.612591929733753204e-02
1.612462289631366730e-02
1.614429429173469543e-02
1.609673723578453064e-02
1.611707918345928192e-02
1.606496796011924744e-02
1.605612598359584808e-02
1.596437767148017883e-02
1.662564463913440704e-02
1.601959764957427979e-02
1.590787433087825775e-02
1.594937779009342194e-02
1.636168919503688812e-02
1.602488942444324493e-02
1.595277152955532074e-02
1.582758314907550812e-02
1.632908917963504791e-02
1.588068902492523193e-02
1.577220298349857330e-02
1.573920808732509613e-02
1.613745093345642090e-02
1.579004712402820587e-02
1.575890555977821350e-02
1.567433774471282959e-02
1.565494015812873840e-02
1.596124656498432159e-02
1.575087755918502808e-02
1.560810301452875137e-02
1.558073982596397400e-02
1.557936891913414001e-02
1.582740433514118195e-02
1.564670354127883911e-02
1.550515275448560715e-02
1.575094647705554962e-02
1.549262646585702896e-02
1.549795549362897873e-02
1.543895248323678970e-02
1.542791072279214859e-02
1.541530154645442963e-02
1.578900963068008423e-02
1.539503037929534912e-02
1.552437432110309601e-02
1.540666259825229645e-02
1.532022003084421158e-02
1.530472096055746078e-02
1.542542967945337296e-02
1.535253226757049561e-02
1.525323744863271713e-02
1.535340491682291031e-02
1.530521549284458160e-02
1.525087840855121613e-02
1.553563866764307022e-02
1.518252585083246231e-02
1.520388480275869370e-02
1.514752302318811417e-02
1.516047772020101547e-02
1.535069197416305542e-02
1.522754877805709839e-02
1.590920798480510712e-02
1.476844027638435364e-02
1.465199328958988190e-02
1.453287806361913681e-02
1.443937327712774277e-02
1.519723422825336456e-02
1.443724147975444794e-02
1.416013576090335846e-02
1.418649125844240189e-02
1.400448940694332123e-02
1.399614196270704269e-02
1.448015123605728149e-02
1.384445466101169586e-02
1.377624925225973129e-02
1.375416480004787445e-02
1.397231593728065491e-02
1.356020011007785797e-02
1.350220572203397751e-02
1.413925271481275558e-02
1.341551635414361954e-02
1.335246860980987549e-02
1.332404464483261108e-02
1.326734572649002075e-02
1.342510897666215897e-02
1.337281614542007446e-02
1.333091966807842255e-02
1.317218039184808731e-02
1.303573139011859894e-02
1.383549161255359650e-02
1.297428924590349197e-02
1.301022339612245560e-02
1.298417523503303528e-02
1.304617058485746384e-02
1.281214039772748947e-02
1.297874283045530319e-02
1.282618939876556396e-02
1.270054653286933899e-02
1.265546306967735291e-02
1.404947973787784576e-02
1.266293413937091827e-02
1.256827078759670258e-02
1.252404693514108658e-02
1.272334158420562744e-02
1.272869762033224106e-02
1.251976843923330307e-02
1.256988570094108582e-02
1.236631255596876144e-02
1.284225098788738251e-02
1.240583788603544235e-02
1.228250563144683838e-02
1.328234374523162842e-02
1.235809735953807831e-02
1.221198961138725281e-02
1.231689844280481339e-02
1.261602062731981277e-02
1.244206912815570831e-02
1.223920937627553940e-02
1.227726973593235016e-02
1.237158663570880890e-02
1.222965307533740997e-02
1.211880799382925034e-02
1.201655995100736618e-02
1.193507015705108643e-02
1.212946604937314987e-02
1.199094578623771667e-02
1.236002426594495773e-02
1.208627596497535706e-02
1.184157002717256546e-02
1.201904844492673874e-02
1.177450828254222870e-02
1.176975853741168976e-02
1.184897683560848236e-02
1.243953686207532883e-02
1.168976817280054092e-02
1.167097873985767365e-02
1.165855303406715393e-02
1.236034650355577469e-02
1.170127745717763901e-02
1.157899759709835052e-02
1.156693696975708008e-02
1.154166273772716522e-02
1.170729286968708038e-02
1.165260188281536102e-02
1.149229705333709717e-02
1.146714668720960617e-02
1.156264636665582657e-02
1.144796982407569885e-02
1.140354573726654053e-02
1.145293656736612320e-02
1.149349566549062729e-02
1.170406397432088852e-02
1.159709692001342773e-02
1.130210701376199722e-02
1.147891301661729813e-02
1.144815329462289810e-02
1.175545901060104370e-02
1.134342793375253677e-02
1.131608057767152786e-02
1.157612074166536331e-02
1.122428290545940399e-02
1.117264572530984879e-02
1.121533289551734924e-02
1.172614004462957382e-02
1.120210532099008560e-02
1.110682822763919830e-02
1.107352599501609802e-02
1.106844656169414520e-02
1.123280543833971024e-02
1.116375159472227097e-02
1.103373430669307709e-02
1.101377699524164200e-02
1.099110301584005356e-02
1.246965955942869186e-02
1.111739501357078552e-02
1.095621380954980850e-02
1.091359555721282959e-02
1.091235596686601639e-02
1.198982074856758118e-02
1.088220812380313873e-02
1.084945630282163620e-02
1.084021385759115219e-02
1.081497408449649811e-02
1.146124303340911865e-02
1.090218778699636459e-02
1.081494148820638657e-02
1.075812615454196930e-02
1.074795890599489212e-02
1.072516851127147675e-02
1.079299207776784897e-02
1.142073329538106918e-02
1.073421165347099304e-02
1.066399551928043365e-02
1.064957864582538605e-02
1.064725685864686966e-02
1.174964755773544312e-02
1.060361973941326141e-02
1.064488478004932404e-02
1.066423114389181137e-02
1.070093084126710892e-02
1.067423447966575623e-02
1.053412258625030518e-02
1.054075453430414200e-02
1.053184550255537033e-02
1.169628556817770004e-02
1.049189735203981400e-02
1.053550932556390762e-02
1.045277062803506851e-02
1.220482215285301208e-02
1.062596961855888367e-02
1.044484041631221771e-02
1.039371360093355179e-02
1.043733861297369003e-02
1.093140244483947754e-02
1.044419035315513611e-02
1.039356645196676254e-02
1.032411027699708939e-02
1.223750784993171692e-02
1.053168717771768570e-02
1.029973104596138000e-02
1.028360053896903992e-02
1.026063691824674606e-02
1.025055628269910812e-02
1.023494545370340347e-02
1.027269102632999420e-02
1.034517306834459305e-02
1.033543143421411514e-02
1.018253806978464127e-02
1.025650650262832642e-02
1.090849190950393677e-02
1.014837343245744705e-02
1.013383176177740097e-02
1.046855933964252472e-02
1.054153125733137131e-02
1.018217485398054123e-02
1.008284278213977814e-02
1.009868830442428589e-02
1.141764502972364426e-02
1.012195646762847900e-02
1.003480982035398483e-02
1.002656016498804092e-02
1.012638397514820099e-02
1.037666015326976776e-02
9.988220408558845520e-03
9.974213317036628723e-03
1.063373591750860214e-02
1.017782464623451233e-02
9.985094889998435974e-03
9.943830780684947968e-03
1.030871830880641937e-02
9.903253056108951569e-03
1.060855854302644730e-02
1.010925415903329849e-02
9.911907836794853210e-03
9.858313016593456268e-03
9.852297604084014893e-03
9.832316078245639801e-03
1.036347821354866028e-02
1.012346707284450531e-02
9.871554560959339142e-03
9.845936670899391174e-03
9.806300513446331024e-03
9.906957857310771942e-03
9.928497485816478729e-03
9.744856506586074829e-03
9.796295315027236938e-03
1.051475107669830322e-02
9.888321161270141602e-03
9.754368104040622711e-03
9.761267341673374176e-03
9.820588864386081696e-03
1.006110012531280518e-02
9.699054993689060211e-03
1.000763848423957825e-02
9.828960523009300232e-03
9.634607471525669098e-03
9.746534749865531921e-03
9.938718751072883606e-03
1.002282183617353439e-02
9.600946679711341858e-03
9.625185281038284302e-03
9.694646112620830536e-03
9.653929620981216431e-03
9.722574613988399506e-03
9.640237316489219666e-03
9.614931419491767883e-03
9.635199792683124542e-03
9.665070101618766785e-03
9.609434753656387329e-03
9.488958865404129028e-03
1.087364647537469864e-02
9.539999067783355713e-03
9.453117847442626953e-03
9.516031481325626373e-03
9.434084407985210419e-03
1.070218998938798904e-02
9.443787857890129089e-03
9.496155194938182831e-03
9.404076263308525085e-03
1.013257261365652084e-02
9.442896582186222076e-03
9.430215694010257721e-03
9.415109641849994659e-03
9.976121596992015839e-03
9.718902409076690674e-03
9.411481209099292755e-03
9.448624216020107269e-03
9.304352104663848877e-03
1.091959793120622635e-02
9.467472322285175323e-03
9.274844080209732056e-03
9.267639368772506714e-03
9.583143517374992371e-03
9.315027855336666107e-03
9.254560805857181549e-03
9.672511368989944458e-03
9.568554349243640900e-03
9.310005232691764832e-03
9.203865192830562592e-03
9.810699149966239929e-03
9.467305615544319153e-03
9.196374565362930298e-03
9.244984015822410583e-03
9.180761873722076416e-03
9.165460243821144104e-03
9.955995716154575348e-03
9.461588226258754730e-03
9.176509454846382141e-03
9.478899650275707245e-03
9.207271970808506012e-03
9.085291065275669098e-03
9.748789481818675995e-03
9.341564960777759552e-03
9.055726230144500732e-03
9.790716692805290222e-03
9.106975980103015900e-03
9.035048075020313263e-03
9.084669873118400574e-03
9.089994244277477264e-03
9.270899929106235504e-03
9.111282415688037872e-03
9.616572409868240356e-03
9.264578111469745636e-03
8.969305083155632019e-03
9.583150967955589294e-03
9.148479439318180084e-03
8.952558971941471100e-03
9.431967511773109436e-03
9.155048988759517670e-03
9.046821855008602142e-03
8.909593336284160614e-03
9.784863330423831940e-03
8.882538415491580963e-03
8.943618275225162506e-03
8.859013207256793976e-03
1.068628206849098206e-02
8.960426785051822662e-03
8.848754689097404480e-03
8.819017559289932251e-03
8.826942183077335358e-03
9.546261280775070190e-03
9.060938842594623566e-03
8.774097077548503876e-03
9.759010747075080872e-03
8.774787187576293945e-03
8.783020079135894775e-03
9.080188348889350891e-03
9.176188148558139801e-03
8.713017217814922333e-03
8.749418891966342926e-03
9.258837439119815826e-03
8.759364485740661621e-03
8.754467591643333435e-03
9.064737707376480103e-03
9.003764018416404724e-03
8.688205853104591370e-03
8.640803396701812744e-03
9.487585164606571198e-03
8.662844076752662659e-03
8.632292971014976501e-03
8.799838833510875702e-03
8.813135325908660889e-03
8.593603968620300293e-03
8.727206848561763763e-03
8.658532053232192993e-03
8.587040938436985016e-03
8.687932975590229034e-03
8.668739348649978638e-03
8.814514614641666412e-03
8.469677530229091644e-03
9.451660327613353729e-03
8.478827774524688721e-03
8.438005112111568451e-03
8.464110083878040314e-03
8.420809172093868256e-03
9.334514848887920380e-03
8.598607033491134644e-03
8.458635769784450531e-03
8.777906186878681183e-03
8.371992968022823334e-03
8.493600413203239441e-03
8.663373999297618866e-03
8.352632634341716766e-03
8.334903977811336517e-03
8.977347053587436676e-03
8.654057048261165619e-03
8.424097672104835510e-03
8.376270532608032227e-03
8.554674685001373291e-03
8.428159169852733612e-03
8.354042656719684601e-03
8.439544588327407837e-03
8.587337099015712738e-03
8.349075913429260254e-03
8.263380266726016998e-03
9.383476339280605316e-03
8.300338871777057648e-03
8.266453631222248077e-03
8.239024318754673004e-03
8.314911276102066040e-03
8.260717615485191345e-03
8.223384618759155273e-03
8.256156928837299347e-03
9.192791767418384552e-03
8.410103619098663330e-03
8.289682678878307343e-03
8.480356074869632721e-03
8.229144848883152008e-03
9.273019619286060333e-03
8.324440568685531616e-03
8.142101578414440155e-03
8.303823880851268768e-03
8.135220035910606384e-03
8.207635954022407532e-03
8.096356876194477081e-03
9.485104121267795563e-03
8.102837018668651581e-03
8.149485103785991669e-03
8.130414411425590515e-03
8.465917780995368958e-03
8.052084594964981079e-03
8.901632390916347504e-03
8.257321082055568695e-03
8.108932524919509888e-03
8.312681689858436584e-03
8.129155263304710388e-03
8.078678511083126068e-03
8.139422163367271423e-03
8.154454641044139862e-03
8.095907978713512421e-03
8.027229458093643188e-03
8.423381485044956207e-03
8.074360899627208710e-03
8.022367954254150391e-03
8.170164190232753754e-03
8.303357288241386414e-03
8.077343925833702087e-03
8.038437925279140472e-03
8.090044371783733368e-03
8.034067228436470032e-03
7.922029122710227966e-03
7.990677841007709503e-03
7.912044413387775421e-03
7.992565631866455078e-03
7.932050153613090515e-03
7.980497553944587708e-03
7.886270992457866669e-03
8.848350495100021362e-03
8.157609961926937103e-03
7.933804765343666077e-03
7.970010861754417419e-03
7.944134064018726349e-03
7.863056845963001251e-03
7.928247563540935516e-03
8.486279286444187164e-03
7.951114326715469360e-03
7.900719530880451202e-03
8.332487195730209351e-03
8.244783617556095123e-03
7.837301120162010193e-03
7.899333722889423370e-03
8.124634623527526855e-03
8.105335757136344910e-03
7.789516355842351913e-03
8.250655606389045715e-03
7.768179755657911301e-03
8.375809527933597565e-03
8.031211793422698975e-03
7.784192916005849838e-03
9.331924840807914734e-03
7.742808666080236435e-03
7.752581033855676651e-03
7.789352443069219589e-03
8.514442481100559235e-03
7.936584763228893280e-03
7.706728298217058182e-03
8.830193430185317993e-03
7.827767170965671539e-03
7.758124265819787979e-03
7.677331566810607910e-03
8.282277733087539673e-03
7.930936291813850403e-03
7.738790009170770645e-03
7.932318374514579773e-03
7.895682007074356079e-03
7.949437014758586884e-03
7.718152366578578949e-03
8.020138368010520935e-03
8.198000490665435791e-03
7.623474579304456711e-03
7.611839566379785538e-03
8.029785007238388062e-03
7.618278264999389648e-03
7.816889323294162750e-03
7.805171888321638107e-03
7.607444189488887787e-03
7.577642798423767090e-03
7.960355840623378754e-03
7.574887014925479889e-03
8.409453555941581726e-03
7.854876108467578888e-03
7.650960236787796021e-03
7.928462699055671692e-03
7.590925786644220352e-03
8.629907853901386261e-03
7.583022583276033401e-03
7.545103784650564194e-03
7.857970893383026123e-03
7.624421268701553345e-03
7.978350855410099030e-03
7.854747585952281952e-03
7.611069362610578537e-03
7.507413160055875778e-03
8.805826306343078613e-03
7.511371280997991562e-03
7.519810926169157028e-03
7.761549204587936401e-03
7.563578896224498749e-03
7.595372851938009262e-03
7.461001630872488022e-03
8.830040693283081055e-03
7.551750633865594864e-03
7.494491990655660629e-03
7.648493628948926926e-03
7.430877070873975754e-03
7.499681785702705383e-03
7.446033880114555359e-03
8.413692936301231384e-03
7.744527421891689301e-03
7.546819280833005905e-03
7.579337339848279953e-03
7.729382254183292389e-03
7.690233644098043442e-03
7.458446547389030457e-03
8.494786918163299561e-03
7.425087504088878632e-03
7.520769257098436356e-03
7.678683847188949585e-03
7.451730314642190933e-03
7.706201169639825821e-03
7.449985016137361526e-03
7.454978302121162415e-03
7.338044233620166779e-03
8.794763125479221344e-03
7.393709383904933929e-03
7.328074891120195389e-03
7.405405398458242416e-03
8.078319020569324493e-03
7.464339490979909897e-03
7.418721914291381836e-03
8.078701794147491455e-03
7.558728568255901337e-03
7.356018759310245514e-03
7.767747156322002411e-03
7.272585295140743256e-03
7.424186915159225464e-03
8.762572892010211945e-03
7.293182425200939178e-03
7.284803315997123718e-03
7.247626315802335739e-03
7.248516194522380829e-03
7.330275606364011765e-03
7.955583743751049042e-03
7.437696680426597595e-03
7.332332897931337357e-03
8.324310183525085449e-03
7.351551670581102371e-03
7.378362119197845459e-03
7.558977697044610977e-03
7.244107779115438461e-03
8.142393082380294800e-03
7.394500076770782471e-03
7.245452143251895905e-03
7.199184037744998932e-03
8.816103450953960419e-03
7.173084653913974762e-03
7.183125708252191544e-03
7.372898515313863754e-03
7.573503069579601288e-03
7.162847090512514114e-03
9.599097073078155518e-03
7.405875716358423233e-03
7.139286026358604431e-03
7.134654559195041656e-03
7.190847769379615784e-03
7.250315044075250626e-03
7.164319977164268494e-03
7.172282785177230835e-03
7.159039843827486038e-03
7.625417318195104599e-03
7.111239712685346603e-03
7.674285676330327988e-03
7.366874720901250839e-03
7.220620755106210709e-03
7.134299259632825851e-03
8.457733318209648132e-03
7.086553145200014114e-03
7.099615409970283508e-03
7.418717257678508759e-03
7.257103454321622849e-03
7.183880079537630081e-03
7.166637573391199112e-03
7.553394418209791183e-03
7.050284650176763535e-03
9.169925935566425323e-03
7.086914498358964920e-03
7.082832045853137970e-03
7.097072899341583252e-03
7.283215876668691635e-03
7.042121142148971558e-03
7.012709043920040131e-03
7.376303896307945251e-03
7.064263802021741867e-03
7.200761698186397552e-03
7.553688250482082367e-03
7.059643976390361786e-03
7.027111947536468506e-03
7.043676916509866714e-03
7.439016830176115036e-03
6.992446724325418472e-03
7.274737581610679626e-03
7.645316421985626221e-03
7.007112726569175720e-03
6.993174087256193161e-03
6.998530589044094086e-03
8.057495579123497009e-03
7.209724746644496918e-03
6.989973597228527069e-03
7.977190427482128143e-03
7.079257164150476456e-03
7.112567313015460968e-03
7.204244844615459442e-03
7.184151094406843185e-03
6.955358665436506271e-03
6.973951123654842377e-03
6.951535120606422424e-03
7.291935384273529053e-03
6.927667185664176941e-03
6.943200249224901199e-03
6.918949540704488754e-03
7.104798685759305954e-03
7.140901871025562286e-03
6.994912400841712952e-03
6.995270494371652603e-03
7.034779526293277740e-03
7.032947149127721786e-03
6.923158187419176102e-03
7.197634316980838776e-03
6.999497301876544952e-03
6.922507658600807190e-03
6.883407942950725555e-03
6.853493861854076385e-03
6.880738772451877594e-03
6.832470651715993881e-03
7.414998486638069153e-03
7.040040567517280579e-03
6.931094452738761902e-03
6.977528333663940430e-03
7.642118260264396667e-03
6.997175980359315872e-03
6.966028362512588501e-03
7.603690493851900101e-03
6.997275631874799728e-03
6.800106260925531387e-03
8.028741925954818726e-03
7.067777682095766068e-03
6.813032552599906921e-03
6.783505901694297791e-03
7.511529140174388885e-03
7.109669968485832214e-03
6.887422874569892883e-03
6.913159042596817017e-03
7.553216069936752319e-03
6.998452357947826385e-03
6.833510939031839371e-03
8.011217229068279266e-03
6.740557029843330383e-03
6.739113945513963699e-03
7.141659967601299286e-03
6.985511630773544312e-03
6.835073698312044144e-03
6.813392974436283112e-03
7.436488289386034012e-03
6.777120754122734070e-03
7.360986899584531784e-03
6.836215499788522720e-03
7.359598297625780106e-03
6.972712930291891098e-03
6.742890458554029465e-03
8.602189831435680389e-03
6.834383122622966766e-03
6.759728770703077316e-03
6.693332921713590622e-03
8.229948580265045166e-03
6.851691752672195435e-03
6.678729318082332611e-03
6.961179431527853012e-03
6.807507947087287903e-03
6.889559794217348099e-03
6.900436710566282272e-03
6.810241844505071640e-03
6.648941431194543839e-03
6.975630298256874084e-03
6.821060087531805038e-03
6.963188294321298599e-03
6.801296491175889969e-03
6.751972716301679611e-03
6.735742557793855667e-03
6.957689300179481506e-03
6.627689581364393234e-03
6.615451537072658539e-03
7.068806327879428864e-03
6.650173105299472809e-03
6.958351004868745804e-03
6.660662125796079636e-03
6.724921520799398422e-03
6.611935328692197800e-03
8.181707933545112610e-03
6.738007068634033203e-03
6.590380799025297165e-03
6.771827116608619690e-03
6.709129083901643753e-03
6.596629507839679718e-03
6.663079373538494110e-03
7.551115471869707108e-03
6.847877986729145050e-03
6.559352390468120575e-03
6.565441377460956573e-03
7.372164167463779449e-03
6.910521071404218674e-03
6.596246268600225449e-03
6.555242463946342468e-03
6.540606729686260223e-03
6.536460481584072113e-03
6.626830901950597763e-03
7.276947144418954849e-03
6.643093656748533249e-03
6.932077929377555847e-03
6.520964205265045166e-03
8.984350599348545074e-03
6.601802539080381393e-03
6.520945113152265549e-03
6.513779517263174057e-03
6.685922853648662567e-03
6.566042080521583557e-03
6.518320180475711823e-03
6.577847991138696671e-03
7.760983891785144806e-03
6.759813521057367325e-03
6.635808385908603668e-03
6.992128212004899979e-03
6.474500056356191635e-03
6.552560254931449890e-03
8.016386069357395172e-03
6.465478800237178802e-03
6.505010183900594711e-03
6.470958236604928970e-03
6.457272451370954514e-03
6.472380831837654114e-03
6.811016239225864410e-03
6.443817634135484695e-03
6.473592948168516159e-03
6.549810525029897690e-03
6.440844852477312088e-03
6.452780216932296753e-03
6.469321902841329575e-03
6.423653103411197662e-03
7.026722654700279236e-03
7.164618931710720062e-03
6.462418474256992340e-03
6.450960412621498108e-03
6.554527208209037781e-03
6.994426250457763672e-03
6.458929274231195450e-03
6.667499896138906479e-03
6.461967714130878448e-03
6.461502052843570709e-03
6.564052775502204895e-03
6.413516122847795486e-03
6.441012490540742874e-03
6.379547994583845139e-03
6.512511055916547775e-03
7.249603513628244400e-03
6.634255871176719666e-03
6.475022528320550919e-03
7.852170616388320923e-03
6.518742069602012634e-03
6.485693622380495071e-03
6.784315686672925949e-03
6.354450248181819916e-03
6.362220272421836853e-03
6.447383668273687363e-03
6.347926333546638489e-03
6.339295301586389542e-03
6.379410158842802048e-03
6.375452969223260880e-03
6.673298310488462448e-03
6.333859637379646301e-03
6.350502371788024902e-03
6.624370813369750977e-03
6.378678604960441589e-03
6.462706718593835831e-03
6.340382155030965805e-03
7.624973542988300323e-03
6.609691772609949112e-03
6.452206987887620926e-03
6.879519671201705933e-03
6.299003958702087402e-03
7.184946443885564804e-03
6.586067378520965576e-03
6.353592965751886368e-03
6.979805417358875275e-03
6.318386178463697433e-03
6.851274054497480392e-03
6.278698332607746124e-03
6.553044542670249939e-03
7.637106347829103470e-03
6.401957944035530090e-03
6.292977835983037949e-03
6.260974332690238953e-03
6.306032184511423111e-03
7.167649455368518829e-03
6.490894593298435211e-03
6.250087171792984009e-03
7.534582633525133133e-03
6.620928179472684860e-03
6.252574268728494644e-03
6.255170330405235291e-03
7.007159758359193802e-03
6.795226596295833588e-03
6.253206636756658554e-03
6.324207410216331482e-03
6.885640323162078857e-03
6.289783399552106857e-03
6.274973973631858826e-03
6.362842861562967300e-03
6.416910327970981598e-03
6.257346365600824356e-03
6.218655966222286224e-03
6.227407138794660568e-03
6.386347115039825439e-03
6.298134569078683853e-03
6.258976180106401443e-03
6.200509145855903625e-03
6.345217581838369370e-03
6.997326388955116272e-03
6.412592250853776932e-03
6.221166811883449554e-03
6.183873396366834641e-03
6.215327419340610504e-03
7.264186628162860870e-03
6.435083691030740738e-03
6.188877392560243607e-03
7.626712322235107422e-03
6.393510382622480392e-03
6.252977065742015839e-03
6.215231493115425110e-03
6.599771324545145035e-03
6.167778279632329941e-03
6.402201019227504730e-03
6.563403643667697906e-03
6.225824821740388870e-03
6.656753830611705780e-03
6.193954031914472580e-03
6.133953575044870377e-03
6.823600735515356064e-03
6.369639653712511063e-03
6.209177896380424500e-03
6.463220808655023575e-03
6.255561951547861099e-03
6.500857882201671600e-03
6.291889585554599762e-03
6.722359918057918549e-03
6.151402834802865982e-03
6.156184710562229156e-03
6.357007194310426712e-03
6.744989659637212753e-03
6.170102860778570175e-03
6.116697099059820175e-03
6.124959327280521393e-03
6.385083775967359543e-03
6.182603538036346436e-03
6.254053208976984024e-03
6.143715232610702515e-03
6.959963124245405197e-03
6.360830739140510559e-03
6.106609478592872620e-03
7.002362515777349472e-03
6.273841951042413712e-03
6.112547125667333603e-03
7.073202636092901230e-03
6.607505958527326584e-03
6.060685496777296066e-03
6.076001562178134918e-03
6.550440099090337753e-03
6.743673700839281082e-03
6.051626987755298615e-03
6.047930102795362473e-03
6.426815874874591827e-03
6.044788751751184464e-03
6.116546690464019775e-03
6.080741528421640396e-03
6.860600784420967102e-03
6.086546462029218674e-03
6.074597593396902084e-03
6.032602395862340927e-03
6.068554241210222244e-03
7.626675534993410110e-03
6.024211645126342773e-03
6.019610911607742310e-03
6.327329669147729874e-03
6.042412482202053070e-03
6.154478993266820908e-03
6.013410165905952454e-03
6.782229524105787277e-03
6.787366233766078949e-03
6.127577740699052811e-03
6.030461285263299942e-03
5.996720399707555771e-03
7.719181012362241745e-03
6.106599234044551849e-03
6.089634262025356293e-03
6.045946385711431503e-03
6.106711458414793015e-03
6.701162550598382950e-03
5.984597839415073395e-03
6.034061778336763382e-03
6.342170760035514832e-03
6.353146862238645554e-03
6.008801050484180450e-03
5.986094009131193161e-03
5.967735312879085541e-03
9.595262818038463593e-03
6.587971467524766922e-03
6.044948473572731018e-03
5.975211970508098602e-03
5.954881664365530014e-03
6.155566312372684479e-03
6.337814498692750931e-03
6.305634044110774994e-03
6.105014123022556305e-03
7.039651740342378616e-03
6.253113970160484314e-03
5.953247193247079849e-03
7.196274120360612869e-03
6.240319460630416870e-03
6.004453171044588089e-03
5.929954815655946732e-03
6.007861346006393433e-03
6.783871445804834366e-03
6.067076232284307480e-03
6.331482902169227600e-03
5.915780551731586456e-03
6.399856880307197571e-03
6.513728294521570206e-03
6.106159649789333344e-03
5.925442557781934738e-03
5.911799613386392593e-03
5.909049883484840393e-03
5.973513238131999969e-03
6.931215524673461914e-03
6.156499031931161880e-03
5.959661677479743958e-03
6.867705844342708588e-03
6.461350247263908386e-03
5.935236345976591110e-03
6.036613136529922485e-03
6.693457718938589096e-03
6.090364418923854828e-03
6.209710612893104553e-03
5.893041845411062241e-03
8.657576516270637512e-03
6.285788491368293762e-03
5.893871653825044632e-03
5.881845951080322266e-03
6.032622419297695160e-03
6.596135441213846207e-03
6.009931676089763641e-03
5.925148725509643555e-03
7.076520007103681564e-03
5.931008607149124146e-03
5.888035055249929428e-03
6.207664031535387039e-03
6.021934095770120621e-03
6.333208642899990082e-03
5.894820671528577805e-03
5.865628831088542938e-03
7.023352663964033127e-03
5.898986477404832840e-03
5.875914823263883591e-03
5.832014605402946472e-03
5.839242599904537201e-03
6.010620854794979095e-03
6.332955323159694672e-03
5.875544156879186630e-03
6.099105346947908401e-03
6.145158316940069199e-03
6.193726323544979095e-03
5.899795331060886383e-03
7.740291301161050797e-03
5.889066495001316071e-03
5.816865246742963791e-03
6.006348878145217896e-03
5.893961060792207718e-03
5.909871309995651245e-03
5.799199920147657394e-03
6.822253577411174774e-03
6.352458149194717407e-03
5.809492897242307663e-03
5.888608749955892563e-03
6.754243280738592148e-03
5.977009423077106476e-03
5.819568876177072525e-03
6.474642083048820496e-03
6.619024556130170822e-03
5.831481423228979111e-03
5.823759362101554871e-03
5.857706535607576370e-03
7.290811743587255478e-03
5.856928415596485138e-03
5.884967278689146042e-03
5.935393739491701126e-03
5.796957295387983322e-03
5.958675406873226166e-03
5.820573773235082626e-03
5.810565315186977386e-03
7.407398428767919540e-03
6.003208458423614502e-03
5.787831731140613556e-03
5.856758914887905121e-03
6.687054876238107681e-03
5.977476015686988831e-03
5.792853422462940216e-03
6.267708260565996170e-03
6.612990517169237137e-03
5.786592606455087662e-03
5.787424277514219284e-03
5.728362128138542175e-03
7.579692173749208450e-03
5.873676855117082596e-03
5.808264948427677155e-03
5.763770081102848053e-03
6.351922173053026199e-03
5.744302179664373398e-03
5.826763808727264404e-03
6.142480764538049698e-03
5.987081676721572876e-03
5.830879323184490204e-03
5.809195805341005325e-03
6.001892033964395523e-03
5.698902998119592667e-03
5.826940760016441345e-03
5.693510640412569046e-03
6.213504355400800705e-03
6.812607403844594955e-03
5.841891281306743622e-03
5.685987882316112518e-03
5.708336364477872849e-03
6.122296676039695740e-03
5.907203536480665207e-03
5.872047506272792816e-03
5.779407918453216553e-03
6.496686488389968872e-03
5.765600595623254776e-03
5.908273626118898392e-03
5.934046115726232529e-03
5.869769491255283356e-03
5.664012394845485687e-03
5.904427263885736465e-03
6.334555335342884064e-03
5.701994989067316055e-03
7.011857349425554276e-03
5.842342507094144821e-03
5.825776606798171997e-03
6.416419520974159241e-03
5.706111434847116470e-03
6.790055893361568451e-03
5.953477229923009872e-03
5.650460254400968552e-03
6.873764563351869583e-03
6.011634133756160736e-03
5.718172993510961533e-03
5.639954004436731339e-03
5.657689180225133896e-03
6.452920380979776382e-03
6.239834241569042206e-03
5.710680969059467316e-03
5.714036524295806885e-03
6.604085676372051239e-03
5.842351820319890976e-03
5.623141303658485413e-03
6.260672584176063538e-03
6.451261695474386215e-03
5.623163655400276184e-03
5.632590502500534058e-03
5.882682744413614273e-03
5.912842229008674622e-03
5.935236345976591110e-03
5.686743184924125671e-03
7.602121680974960327e-03
5.602616351097822189e-03
5.617033690214157104e-03
5.824370309710502625e-03
6.059106905013322830e-03
5.859693046659231186e-03
5.655789747834205627e-03
7.884915918111801147e-03
5.588605999946594238e-03
5.621608346700668335e-03
5.729155614972114563e-03
6.574814207851886749e-03
5.925953388214111328e-03
5.653279833495616913e-03
7.299507968127727509e-03
5.897377151995897293e-03
5.689955782145261765e-03
5.574803799390792847e-03
8.640050888061523438e-03
5.717338528484106064e-03
5.578507669270038605e-03
5.545195192098617554e-03
5.669024772942066193e-03
5.850553978234529495e-03
5.547584034502506256e-03
5.529183428734540939e-03
5.934416316449642181e-03
5.831208545714616776e-03
5.606604274362325668e-03
5.584761034697294235e-03
5.906815640628337860e-03
5.471115931868553162e-03
5.662931594997644424e-03
5.666905548423528671e-03
5.583913065493106842e-03
5.459111649543046951e-03
5.551213398575782776e-03
6.001134403049945831e-03
5.570014938712120056e-03
5.494241137057542801e-03
5.673021543771028519e-03
6.008037365972995758e-03
5.413305014371871948e-03
6.279238034039735794e-03
5.883684381842613220e-03
5.548470187932252884e-03
5.414552055299282074e-03
7.173346821218729019e-03
5.428614094853401184e-03
5.443625617772340775e-03
5.613528657704591751e-03
5.365359131246805191e-03
5.523294676095247269e-03
5.354129709303379059e-03
6.272620055824518204e-03
6.009235512465238571e-03
5.348929669708013535e-03
5.404177121818065643e-03
5.827344954013824463e-03
5.452530924230813980e-03
5.463256966322660446e-03
5.414143670350313187e-03
