2.884369902312755585e-02
2.514100447297096252e-02
2.435105666518211365e-02
2.375256083905696869e-02
2.330256067216396332e-02
2.304763905704021454e-02
2.281555533409118652e-02
2.251878753304481506e-02
2.232031896710395813e-02
2.207665517926216125e-02
2.181194350123405457e-02
2.158928103744983673e-02
2.136003226041793823e-02
2.094680443406105042e-02
2.063192054629325867e-02
2.028907462954521179e-02
1.990341581404209137e-02
1.947282627224922180e-02
1.899603009223937988e-02
1.846808381378650665e-02
1.790394447743892670e-02
1.731222309172153473e-02
1.670237816870212555e-02
1.606480218470096588e-02
1.538368687033653259e-02
1.469289511442184448e-02
1.399026717990636826e-02
1.327439863234758377e-02
1.262273918837308884e-02
1.191032398492097855e-02
1.135012879967689514e-02
1.069037150591611862e-02
1.025123428553342819e-02
9.630247950553894043e-03
9.156381711363792419e-03
8.790497668087482452e-03
8.351610973477363586e-03
7.993411272764205933e-03
7.638117298483848572e-03
7.338092196732759476e-03
7.049317006021738052e-03
6.777447182685136795e-03
6.802541669458150864e-03
6.356204394251108170e-03
6.159014999866485596e-03
6.035214290022850037e-03
5.794128403067588806e-03
5.670150741934776306e-03
5.743310321122407913e-03
5.375820677727460861e-03
5.222115665674209595e-03
5.153298843652009964e-03
4.993823356926441193e-03
4.884569440037012100e-03
4.948887042701244354e-03
4.697344265878200531e-03
4.590934608131647110e-03
4.505332093685865402e-03
4.446149338036775589e-03
4.327894188463687897e-03
4.257861990481615067e-03
4.200585186481475830e-03
4.165639635175466537e-03
4.015148617327213287e-03
3.942573443055152893e-03
3.998687490820884705e-03
3.832724876701831818e-03
3.861116012558341026e-03
3.749441821128129959e-03
3.620052477344870567e-03
3.825474530458450317e-03
3.550069872289896011e-03
3.469286719337105751e-03
3.415091196075081825e-03
3.358465153723955154e-03
3.314869012683629990e-03
3.347478108480572701e-03
3.230219474062323570e-03
3.167664865031838417e-03
3.120588604360818863e-03
3.088981378823518753e-03
3.594723064452409744e-03
3.025309648364782333e-03
2.942539751529693604e-03
2.909996546804904938e-03
2.868349431082606316e-03
3.197018057107925415e-03
2.848839620128273964e-03
2.785215619951486588e-03
2.737337024882435799e-03
2.910187002271413803e-03
2.678488381206989288e-03
2.682511694729328156e-03
2.621900755912065506e-03
2.753652865067124367e-03
2.552978228777647018e-03
2.529936376959085464e-03
2.545749302953481674e-03
2.502521267160773277e-03
2.450028434395790100e-03
2.443801378831267357e-03
2.409321023151278496e-03
2.626248868182301521e-03
2.371536800637841225e-03
2.349478891119360924e-03
2.326018409803509712e-03
2.439890522509813309e-03
2.289612544700503349e-03
2.271471545100212097e-03
2.253678161650896072e-03
2.239494584500789642e-03
2.242029877379536629e-03
2.211064100265502930e-03
2.223004819825291634e-03
2.288734074681997299e-03
2.265807939693331718e-03
2.199467038735747337e-03
2.176315523684024811e-03
2.346482127904891968e-03
2.124015940353274345e-03
2.109110355377197266e-03
2.105116145685315132e-03
2.338024554774165154e-03
2.078109886497259140e-03
2.067495835945010185e-03
2.075407654047012329e-03
2.055797725915908813e-03
2.080456586554646492e-03
2.033221768215298653e-03
2.022278727963566780e-03
2.015125704929232597e-03
2.007238566875457764e-03
1.998749561607837677e-03
2.062435727566480637e-03
2.031340729445219040e-03
2.004142152145504951e-03
1.981392502784729004e-03
2.220888156443834305e-03
1.970931654796004295e-03
1.960228662937879562e-03
1.948068267665803432e-03
1.966343028470873833e-03
2.118236618116497993e-03
1.953690778464078903e-03
1.929292338900268078e-03
1.919056754559278488e-03
1.960600027814507484e-03
2.019851934164762497e-03
1.908700098283588886e-03
1.904297154396772385e-03
1.993434038013219833e-03
1.972504658624529839e-03
1.888670027256011963e-03
1.894976012408733368e-03
2.240990521386265755e-03
1.914590247906744480e-03
1.878934213891625404e-03
1.870989566668868065e-03
1.910618739202618599e-03
1.902947551570832729e-03
1.894359942525625229e-03
1.860462012700736523e-03
1.942624221555888653e-03
1.887907157652080059e-03
1.852771267294883728e-03
1.847065635956823826e-03
1.841566408984363079e-03
1.865633530542254448e-03
2.049378817901015282e-03
1.843978185206651688e-03
1.837895601056516171e-03
1.827359781600534916e-03
1.825515413656830788e-03
2.144545316696166992e-03
1.894906861707568169e-03
1.834877766668796539e-03
1.817836076952517033e-03
1.811670488677918911e-03
1.835155999287962914e-03
1.807366847060620785e-03
1.823165453970432281e-03
1.811332185752689838e-03
1.797582721337676048e-03
1.887733698822557926e-03
2.155989175662398338e-03
1.811561756767332554e-03
1.793679548427462578e-03
1.788029097951948643e-03
1.783797750249505043e-03
1.781570259481668472e-03
1.778791425749659538e-03
1.782197621650993824e-03
1.784709282219409943e-03
1.873646862804889679e-03
1.858967472799122334e-03
1.786982873454689980e-03
1.772631891071796417e-03
1.763014588505029678e-03
1.809377223253250122e-03
1.763133332133293152e-03
1.756196492351591587e-03
1.756634563207626343e-03
1.752727781422436237e-03
1.749875140376389027e-03
1.746612135320901871e-03
1.744610141031444073e-03
2.285897033289074898e-03
1.787479501217603683e-03
1.738528837449848652e-03
1.732597826048731804e-03
1.729495241306722164e-03
2.028194023296236992e-03
1.786316279321908951e-03
1.739661442115902901e-03
1.724090077914297581e-03
1.725618261843919754e-03
1.717277918942272663e-03
1.727316761389374733e-03
2.134243492037057877e-03
1.725591369904577732e-03
1.705987146124243736e-03
1.704135327599942684e-03
1.701136003248393536e-03
1.698193023912608624e-03
1.698195119388401508e-03
1.694424776360392570e-03
1.690019736997783184e-03
3.581476164981722832e-03
1.772250165231525898e-03
1.606168458238244057e-03
1.593326684087514877e-03
1.589975785464048386e-03
1.581222517415881157e-03
1.577121787704527378e-03
1.569759915582835674e-03
1.566407037898898125e-03
1.571424538269639015e-03
1.573246088810265064e-03
1.567763509228825569e-03
1.687858719378709793e-03
1.625589793547987938e-03
1.553737442009150982e-03
1.558787887915968895e-03
1.614187844097614288e-03
1.591818057931959629e-03
1.550782937556505203e-03
1.532898982986807823e-03
1.532471156679093838e-03
1.529504661448299885e-03
1.857217284850776196e-03
1.524952240288257599e-03
1.516893389634788036e-03
1.548839616589248180e-03
1.504115760326385498e-03
1.499994308687746525e-03
1.490898896008729935e-03
1.739409635774791241e-03
1.484477543272078037e-03
1.476776204071938992e-03
1.461107167415320873e-03
1.479462487623095512e-03
1.690358971245586872e-03
1.446654321625828743e-03
1.448658527806401253e-03
1.436865772120654583e-03
1.436381484381854534e-03
1.430338481441140175e-03
1.960345078259706497e-03
1.464754459448158741e-03
1.430584350600838661e-03
1.424815040081739426e-03
1.439752057194709778e-03
1.451318501494824886e-03
1.418202882632613182e-03
1.412301673553884029e-03
1.562970806844532490e-03
1.389359589666128159e-03
1.394323422573506832e-03
1.378320273943245411e-03
1.374624669551849365e-03
1.483264961279928684e-03
1.371607766486704350e-03
1.460973639041185379e-03
1.361842150799930096e-03
1.511978218331933022e-03
1.365515869110822678e-03
1.350882346741855145e-03
1.354072941467165947e-03
1.349732512608170509e-03
1.389889628626406193e-03
1.390134682878851891e-03
1.336602144874632359e-03
1.330237719230353832e-03
1.396320527419447899e-03
1.440513413399457932e-03
1.327064936049282551e-03
1.321150688454508781e-03
1.314011868089437485e-03
2.075952710583806038e-03
1.328238635323941708e-03
1.310132327489554882e-03
1.308355596847832203e-03
1.300422125495970249e-03
1.294892863370478153e-03
1.290939631871879101e-03
1.414397847838699818e-03
1.308914273977279663e-03
1.286989660002291203e-03
1.478277379646897316e-03
1.284233992919325829e-03
1.281620119698345661e-03
1.274323440156877041e-03
1.275583286769688129e-03
1.268154126591980457e-03
1.718735089525580406e-03
1.387747586704790592e-03
1.277359318919479847e-03
1.288384548388421535e-03
1.259938231669366360e-03
1.271254266612231731e-03
1.256244024261832237e-03
1.550559070892632008e-03
1.255762996152043343e-03
1.250269822776317596e-03
1.273740082979202271e-03
1.419518492184579372e-03
1.247340231202542782e-03
1.249079592525959015e-03
1.531000714749097824e-03
1.234740368090569973e-03
1.258264877833425999e-03
1.294193323701620102e-03
1.224357518367469311e-03
1.411305391229689121e-03
1.245477469637989998e-03
1.233523595146834850e-03
1.217108685523271561e-03
1.216329168528318405e-03
1.648121164180338383e-03
1.303429133258759975e-03
1.219972618855535984e-03
1.204150379635393620e-03
1.209965907037258148e-03
1.201501116156578064e-03
1.271895365789532661e-03
1.321323448792099953e-03
1.190890325233340263e-03
1.192950760014355183e-03
1.187104848213493824e-03
1.238043420016765594e-03
1.194180105812847614e-03
1.220020581968128681e-03
1.185252913273870945e-03
1.665033400058746338e-03
1.326965168118476868e-03
1.199511811137199402e-03
1.177076832391321659e-03
1.167451613582670689e-03
1.175750861875712872e-03
1.165465218946337700e-03
1.216110540553927422e-03
1.372776692733168602e-03
1.198415178805589676e-03
1.165771158412098885e-03
1.160757616162300110e-03
1.151135307736694813e-03
1.157963997684419155e-03
1.170943607576191425e-03
1.230784109793603420e-03
1.148222829215228558e-03
1.147123053669929504e-03
2.345625543966889381e-03
1.375717809423804283e-03
1.158232335001230240e-03
1.136788516305387020e-03
1.135338679887354374e-03
1.138182473368942738e-03
1.129745040088891983e-03
1.130344462580978870e-03
1.134781166911125183e-03
1.174694858491420746e-03
1.158567960374057293e-03
1.124095637351274490e-03
1.129464013502001762e-03
1.135322847403585911e-03
1.475285738706588745e-03
1.197027508169412613e-03
1.135653816163539886e-03
1.113201840780675411e-03
1.115815830416977406e-03
1.118334475904703140e-03
1.112641650252044201e-03
1.141614280641078949e-03
1.160624553449451923e-03
1.124019152484834194e-03
1.103555667214095592e-03
1.106106792576611042e-03
1.099604880437254906e-03
1.115601276978850365e-03
1.100855995900928974e-03
1.219422905705869198e-03
1.182309351861476898e-03
1.116788829676806927e-03
1.092152437195181847e-03
1.088742050342261791e-03
1.091443933546543121e-03
1.082356902770698071e-03
1.095323008485138416e-03
1.079838490113615990e-03
1.127118943259119987e-03
1.137004117481410503e-03
1.083533163182437420e-03
1.077542081475257874e-03
1.081063412129878998e-03
1.077759079635143280e-03
1.073698047548532486e-03
1.085974974557757378e-03
1.081739668734371662e-03
1.157616265118122101e-03
1.087823882699012756e-03
1.084151328541338444e-03
1.074009574949741364e-03
1.062926021404564381e-03
1.122484216466546059e-03
1.107659772969782352e-03
1.106510637328028679e-03
1.104997005313634872e-03
1.129821641370654106e-03
1.177394296973943710e-03
1.095768297091126442e-03
1.152164535596966743e-03
1.074028434231877327e-03
1.057359855622053146e-03
1.071372651495039463e-03
1.326322322711348534e-03
1.093311700969934464e-03
1.049124053679406643e-03
1.049973536282777786e-03
1.063959090970456600e-03
1.098963548429310322e-03
1.054985215887427330e-03
1.045085722580552101e-03
1.103523885831236839e-03
1.044222619384527206e-03
1.105019822716712952e-03
1.048136618919670582e-03
1.071280916221439838e-03
1.035784953273832798e-03
1.032649655826389790e-03
1.025309320539236069e-03
1.028891187161207199e-03
1.115066814236342907e-03
1.045137760229408741e-03
1.025181962177157402e-03
1.351179671473801136e-03
1.020727213472127914e-03
1.013337634503841400e-03
1.018977956846356392e-03
1.014028908684849739e-03
1.168486545793712139e-03
1.082591596059501171e-03
1.010490697808563709e-03
1.000493881292641163e-03
1.063709729351103306e-03
1.036269124597311020e-03
1.027204794809222221e-03
1.010731211863458157e-03
1.033584587275981903e-03
1.078376080840826035e-03
1.018584473058581352e-03
1.102542388252913952e-03
1.000710064545273781e-03
1.043359050527215004e-03
1.015582936815917492e-03
1.008225721307098866e-03
9.897114941850304604e-04
9.837428806349635124e-04
9.825320448726415634e-04
1.177719910629093647e-03
1.004214980639517307e-03
9.842078434303402901e-04
1.024812227115035057e-03
9.729037410579621792e-04
1.089100609533488750e-03
9.781689150258898735e-04
9.698746725916862488e-04
9.589396649971604347e-04
1.079610316082835197e-03
9.562611230649054050e-04
9.480118751525878906e-04
9.566276567056775093e-04
9.548105299472808838e-04
1.013783738017082214e-03
9.475726983509957790e-04
9.358082315884530544e-04
9.991753613576292992e-04
9.183350484818220139e-04
9.137383312918245792e-04
9.117598528973758221e-04
9.132184786722064018e-04
9.051947854459285736e-04
9.049733635038137436e-04
9.049706859514117241e-04
8.989507914520800114e-04
1.080284244380891323e-03
9.470753138884902000e-04
9.124451316893100739e-04
8.897479274310171604e-04
9.265140979550778866e-04
9.012636146508157253e-04
9.016575640998780727e-04
8.876405772753059864e-04
1.006228150799870491e-03
9.140641195699572563e-04
8.813752792775630951e-04
1.150875701569020748e-03
8.724483195692300797e-04
8.758945623412728310e-04
8.685081847943365574e-04
9.951971005648374557e-04
9.252730524167418480e-04
8.655697456561028957e-04
8.629508083686232567e-04
8.607754134573042393e-04
8.717179880477488041e-04
1.094077015295624733e-03
8.881475660018622875e-04
8.567824843339622021e-04
8.703118073754012585e-04
9.806368034332990646e-04
8.605339680798351765e-04
8.411446469835937023e-04
1.234707655385136604e-03
9.341576369479298592e-04
8.465785649605095387e-04
8.360741776414215565e-04
8.337665931321680546e-04
8.252440020442008972e-04
8.214475237764418125e-04
1.065303920768201351e-03
1.065970282070338726e-03
8.205997874028980732e-04
8.208247600123286247e-04
8.138033444993197918e-04
8.125347667373716831e-04
8.138690609484910965e-04
8.079852559603750706e-04
8.086776942946016788e-04
8.619505679234862328e-04
8.024622220546007156e-04
8.080652914941310883e-04
8.431625901721417904e-04
8.926630252972245216e-04
8.077892707660794258e-04
7.961982628330588341e-04
1.272408291697502136e-03
8.037819061428308487e-04
7.880110642872750759e-04
7.839360041543841362e-04
7.830302347429096699e-04
7.807679940015077591e-04
1.209227251820266247e-03
8.451578905805945396e-04
7.844180217944085598e-04
7.608979358337819576e-04
7.645770674571394920e-04
7.670318009331822395e-04
9.098550071939826012e-04
1.080934074707329273e-03
8.009520824998617172e-04
7.803429616615176201e-04
7.794286357238888741e-04
7.789813098497688770e-04
7.746060728095471859e-04
7.758018909953534603e-04
7.760160369798541069e-04
7.780519081279635429e-04
7.846119697205722332e-04
1.048130798153579235e-03
7.775864214636385441e-04
7.710483041591942310e-04
7.803878397680819035e-04
9.480201406404376030e-04
7.588079897686839104e-04
7.553518516942858696e-04
7.570803863927721977e-04
9.523594053462147713e-04
1.042449963279068470e-03
7.407311932183802128e-04
7.481351494789123535e-04
7.355030975304543972e-04
7.382497424259781837e-04
7.417323067784309387e-04
7.371133542619645596e-04
7.372407126240432262e-04
7.386361248791217804e-04
8.316301973536610603e-04
8.079945109784603119e-04
7.288141059689223766e-04
7.302826852537691593e-04
1.009445288218557835e-03
7.324861362576484680e-04
6.969866226427257061e-04
6.820174166932702065e-04
6.859576678834855556e-04
9.488040814176201820e-04
7.469641859643161297e-04
6.943082553334534168e-04
6.785667501389980316e-04
6.693190080113708973e-04
6.800356204621493816e-04
9.321003453806042671e-04
6.805573357269167900e-04
6.826279568485915661e-04
6.678593344986438751e-04
7.616091752424836159e-04
7.996291387826204300e-04
6.921191234141588211e-04
6.575647275894880295e-04
6.629804265685379505e-04
6.496297428384423256e-04
1.268742256797850132e-03
7.638338720425963402e-04
6.814756197854876518e-04
6.597141618840396404e-04
6.461173761636018753e-04
6.448336644098162651e-04
6.341928965412080288e-04
6.409847410395741463e-04
6.544385687448084354e-04
1.246874919161200523e-03
6.666511762887239456e-04
6.347746821120381355e-04
6.359609542414546013e-04
6.236302433535456657e-04
6.349292816594243050e-04
6.464213365688920021e-04
7.145890849642455578e-04
6.302722613327205181e-04
6.335725774988532066e-04
6.180928903631865978e-04
6.412650109268724918e-04
6.805429584346711636e-04
6.388466572389006615e-04
6.020091241225600243e-04
6.055823178030550480e-04
6.176113965921103954e-04
8.856667554937303066e-04
6.129603716544806957e-04
6.052251555956900120e-04
5.933497450314462185e-04
5.998055567033588886e-04
6.008873460814356804e-04
9.241175721399486065e-04
6.531472317874431610e-04
5.823060637339949608e-04
5.843895487487316132e-04
6.212771404534578323e-04
6.821464630775153637e-04
5.870986497029662132e-04
5.862602265551686287e-04
5.918151000514626503e-04
6.838027038611471653e-04
5.973963998258113861e-04
7.411279366351664066e-04
6.255720509216189384e-04
5.769223207607865334e-04
8.331897552125155926e-04
5.680773756466805935e-04
5.646324716508388519e-04
6.707474240101873875e-04
5.930298939347267151e-04
5.594089743681252003e-04
7.053008885122835636e-04
6.071259267628192902e-04
5.973697989247739315e-04
5.534887895919382572e-04
8.342561195604503155e-04
5.712119163945317268e-04
5.384819814935326576e-04
5.588086787611246109e-04
7.375161512754857540e-04
6.004492170177400112e-04
5.453688791021704674e-04
6.255695479921996593e-04
5.693964776583015919e-04
5.641461466439068317e-04
5.358661292120814323e-04
6.282617687247693539e-04
5.748769035562872887e-04
5.689249373972415924e-04
5.154668469913303852e-04
7.643630960956215858e-04
5.228954250924289227e-04
5.219385493546724319e-04
5.113055813126266003e-04
5.240598693490028381e-04
5.046473233960568905e-04
9.013877715915441513e-04
5.839708028361201286e-04
5.184826441109180450e-04
5.094889202155172825e-04
5.065127625130116940e-04
4.930095747113227844e-04
5.344565724954009056e-04
7.537577766925096512e-04
5.000720266252756119e-04
4.941672668792307377e-04
5.013660411350429058e-04
4.870500124525278807e-04
6.540777394548058510e-04
5.597754498012363911e-04
4.908533301204442978e-04
5.582130397669970989e-04
5.223362823016941547e-04
4.987351712770760059e-04
4.810869868379086256e-04
1.030903309583663940e-03
5.593051319010555744e-04
5.028035375289618969e-04
4.665510496124625206e-04
4.848980752285569906e-04
5.823853425681591034e-04
4.625020665116608143e-04
5.338207702152431011e-04
5.600866279564797878e-04
4.742960445582866669e-04
4.646068555302917957e-04
5.554350209422409534e-04
5.663456977345049381e-04
4.705875180661678314e-04
4.907464608550071716e-04
4.487140104174613953e-04
9.097779402509331703e-04
4.843379138037562370e-04
4.419842443894594908e-04
4.388786328490823507e-04
5.075858789496123791e-04
4.611287731677293777e-04
5.233938572928309441e-04
4.425175720825791359e-04
6.400214624591171741e-04
5.233809933997690678e-04
4.569513548631221056e-04
4.562159301713109016e-04
5.309839034453034401e-04
4.251338832546025515e-04
6.074105622246861458e-04
5.002342513762414455e-04
4.344580811448395252e-04
5.337253678590059280e-04
4.172837361693382263e-04
7.117445929907262325e-04
4.249667108524590731e-04
4.181702970527112484e-04
5.218473961576819420e-04
4.196618974674493074e-04
4.529203288257122040e-04
4.528034187387675047e-04
4.520229122135788202e-04
4.672455543186515570e-04
4.034435260109603405e-04
8.010001620277762413e-04
4.140581877436488867e-04
3.959687019232660532e-04
4.195374494884163141e-04
5.204638000577688217e-04
4.011509008705615997e-04
4.761365416925400496e-04
4.055713652633130550e-04
3.878134593833237886e-04
3.949197707697749138e-04
4.231218190398067236e-04
4.459262418095022440e-04
3.804335137829184532e-04
5.741700297221541405e-04
3.797806566581130028e-04
3.814848023466765881e-04
3.766698937397450209e-04
4.144688136875629425e-04
3.834678791463375092e-04
5.280539044179022312e-04
3.977140877395868301e-04
4.130016022827476263e-04
3.708584699779748917e-04
6.101710023358464241e-04
3.937991568818688393e-04
3.720001841429620981e-04
3.942119656130671501e-04
3.801208804361522198e-04
3.644732059910893440e-04
3.702591639012098312e-04
3.610468993429094553e-04
3.529981768224388361e-04
3.895965346600860357e-04
4.198730166535824537e-04
3.640958166215568781e-04
6.376331439241766930e-04
3.473871620371937752e-04
3.520596947055310011e-04
3.495618293527513742e-04
4.275135288480669260e-04
3.421708242967724800e-04
4.134941555093973875e-04
4.922274383716285229e-04
3.598974144551903009e-04
3.354947839397937059e-04
3.514980780892074108e-04
3.917847934644669294e-04
3.810139023698866367e-04
3.655441396404057741e-04
3.349481848999857903e-04
3.769748727791011333e-04
3.610946005210280418e-04
4.584586713463068008e-04
3.902109456248581409e-04
3.239332290831953287e-04
4.324648762121796608e-04
3.924449556507170200e-04
3.057418216485530138e-04
5.701901391148567200e-04
3.071597311645746231e-04
3.171533462591469288e-04
3.713393525686115026e-04
3.343772259540855885e-04
4.000700137112289667e-04
3.572572313714772463e-04
3.335218643769621849e-04
3.160405030939728022e-04
4.479089111555367708e-04
3.335400542709976435e-04
3.063867916353046894e-04
3.870568471029400826e-04
3.986343799624592066e-04
3.519305028021335602e-04
2.809797879308462143e-04
3.918524889741092920e-04
3.171369025949388742e-04
2.751323627308011055e-04
4.686652100645005703e-04
3.190477145835757256e-04
2.951165952254086733e-04
4.265064198989421129e-04
3.226522530894726515e-04
2.929501060862094164e-04
3.845383762381970882e-04
2.787532284855842590e-04
2.705341321416199207e-04
4.191041225567460060e-04
3.289307642262428999e-04
2.708520041778683662e-04
2.546726900618523359e-04
3.701614914461970329e-04
3.100039029959589243e-04
3.027814964298158884e-04
2.655375865288078785e-04
5.230414681136608124e-04
3.015932452399283648e-04
2.501988201402127743e-04
3.126983356196433306e-04
2.500653499737381935e-04
2.450387983117252588e-04
2.890423347707837820e-04
2.915024815592914820e-04
2.855472557712346315e-04
2.334969613002613187e-04
1.008408842608332634e-03
2.483575954101979733e-04
2.448888553772121668e-04
2.290921256644651294e-04
2.318656770512461662e-04
2.256151201436296105e-04
2.732700377237051725e-04
3.156809834763407707e-04
2.293984580319374800e-04
2.228518278570845723e-04
3.664812538772821426e-04
3.163294168189167976e-04
2.159502764698117971e-04
2.504175063222646713e-04
2.893803757615387440e-04
2.212274121120572090e-04
5.848637083545327187e-04
2.306865644641220570e-04
2.240677131339907646e-04
2.306972019141539931e-04
3.469620132818818092e-04
2.323661319678649306e-04
2.473150088917464018e-04
2.026721631409600377e-04
2.227720979135483503e-04
2.388600842095911503e-04
2.021685941144824028e-04
2.073598298011347651e-04
3.258807410020381212e-04
1.992674951907247305e-04
1.964708790183067322e-04
1.898285408969968557e-04
1.888633269118145108e-04
2.058605023194104433e-04
2.912696509156376123e-04
1.850299304351210594e-04
2.161735319532454014e-04
3.376332460902631283e-04
2.440703683532774448e-04
1.796436263248324394e-04
3.139582986477762461e-04
1.986600982490926981e-04
2.023981069214642048e-04
1.831371046137064695e-04
1.884712983155623078e-04
2.167997445212677121e-04
1.784184569260105491e-04
1.770406961441040039e-04
3.348707687109708786e-04
2.319765480933710933e-04
1.944989780895411968e-04
2.403692778898403049e-04
1.837374584283679724e-04
1.798382581910118461e-04
2.760168572422116995e-04
2.504150907043367624e-04
1.963994000107049942e-04
1.759738370310515165e-04
1.586325670359656215e-04
1.737879938445985317e-04
1.986830175155773759e-04
1.822750928113237023e-04
1.560425153002142906e-04
3.001846780534833670e-04
1.504482352174818516e-04
1.749639341142028570e-04
2.523344592191278934e-04
1.804371713660657406e-04
1.458155311411246657e-04
2.056649973383173347e-04
2.722197968978434801e-04
2.320740604773163795e-04
2.090632187901064754e-04
1.738870632834732533e-04
1.471257419325411320e-04
1.409153337590396404e-04
2.214906126027926803e-04
2.348383422940969467e-04
2.566856273915618658e-04
2.128337800968438387e-04
1.634315267438068986e-04
1.341086172033101320e-04
2.190097147831693292e-04
1.315035915467888117e-04
4.676385142374783754e-04
1.933663006639108062e-04
1.301763404626399279e-04
1.460178900742903352e-04
2.421138342469930649e-04
1.356025750283151865e-04
1.632050989428535104e-04
1.858679315773770213e-04
2.128335472662001848e-04
1.475652388762682676e-04
1.222193823195993900e-04
2.262013440486043692e-04
2.028035669354721904e-04
1.231497444678097963e-04
2.153004752472043037e-04
1.833944115787744522e-04
1.397117448505014181e-04
2.149738138541579247e-04
4.806519718840718269e-04
1.227748143719509244e-04
1.330949162365868688e-04
1.987841533264145255e-04
1.127005743910558522e-04
1.135602869908325374e-04
2.056962403003126383e-04
1.496528857387602329e-04
1.128209769376553595e-04
2.502691349945962429e-04
1.784512569429352880e-04
1.272024528589099646e-04
1.451233838452026248e-04
2.067262248601764441e-04
1.136287610279396176e-04
1.557756040710955858e-04
1.452858996344730258e-04
1.226320018758997321e-04
1.041405485011637211e-04
1.321253803325816989e-04
1.175314027932472527e-04
1.413871796103194356e-04
1.262045698240399361e-04
1.239901175722479820e-04
1.484412059653550386e-04
9.866320033324882388e-05
9.894066170090809464e-05
2.018024533754214644e-04
1.181804545922204852e-04
1.071585284080356359e-04
1.363401388516649604e-04
3.015867550857365131e-04
1.137390063377097249e-04
9.829510963754728436e-05
9.416620741831138730e-05
2.208028890891000628e-04
1.809195091482251883e-04
9.052285167854279280e-05
9.280614904128015041e-05
1.636782690184190869e-04
1.405219518346711993e-04
1.072681552614085376e-04
9.077591676032170653e-05
8.742236241232603788e-05
8.824371616356074810e-05
2.086578460875898600e-04
1.567623403389006853e-04
1.391148252878338099e-04
1.081194641301408410e-04
9.196114842779934406e-05
8.964089647633954883e-05
3.292144683655351400e-04
8.359605271834880114e-05
8.259205787908285856e-05
8.288348180940374732e-05
8.119567792164161801e-05
1.225289452122524381e-04
1.171313851955346763e-04
8.786400576354935765e-05
8.580712164985015988e-05
7.996725616976618767e-05
7.855724106775596738e-05
7.806764915585517883e-05
8.601094305049628019e-05
9.663584933150559664e-05
1.286137267015874386e-04
8.141742000589147210e-05
7.748105417704209685e-05
7.587279833387583494e-05
1.060902650351636112e-04
5.118348635733127594e-04
1.898550399346277118e-04
7.886318053351715207e-05
1.266226172447204590e-04
1.426435192115604877e-04
1.013479268294759095e-04
7.624751742696389556e-05
7.326412742258980870e-05
7.596628856845200062e-04
8.782420627539977431e-05
8.183185855159536004e-05
7.186936272773891687e-05
7.073564484016969800e-05
8.098466787487268448e-05
1.869284315034747124e-04
1.021773641696199775e-04
7.018112228251993656e-05
1.116866478696465492e-04
6.980601756367832422e-05
9.456282714381814003e-05
7.758929132251068950e-05
3.570265835151076317e-04
6.975574069656431675e-05
6.765541183995082974e-05
1.224562729476019740e-04
6.560625479323789477e-05
6.643198867095634341e-05
1.342051837127655745e-04
6.655780453002080321e-05
1.291299558943137527e-04
7.602165715070441365e-05
1.570317690493538976e-04
1.024360390147194266e-04
8.783298108028247952e-05
7.769546209601685405e-05
4.026664246339350939e-04
6.404464511433616281e-05
5.949685582891106606e-04
8.569234341848641634e-05
1.176041085273027420e-03
2.880411630030721426e-04
1.327671925537288189e-04
6.407386536011472344e-05
6.227927951840683818e-05
3.433475794736295938e-04
6.562541238963603973e-05
7.372840627795085311e-05
6.809914339100942016e-05
8.932701894082129002e-05
8.800158684607595205e-05
7.306482439162209630e-05
7.192594785010442138e-05
1.955007464857771993e-04
1.079809080692939460e-04
5.705470903194509447e-05
1.868387334980070591e-04
1.384972129017114639e-04
6.087541623855940998e-05
6.367732567014172673e-05
2.940668491646647453e-04
8.075444930000230670e-05
9.089844388654455543e-05
1.176835794467478991e-04
1.366013020742684603e-04
1.103382746805436909e-04
5.622199023491702974e-05
6.263453542487695813e-05
1.944419200299307704e-04
7.756522973068058491e-05
1.033368898788467050e-04
6.615271558985114098e-05
5.642801625072024763e-05
5.710917685064487159e-05
7.559559890069067478e-05
7.718051347183063626e-05
4.498096241150051355e-04
1.277241826755926013e-04
1.024284501909278333e-04
6.731368193868547678e-05
5.427417272585444152e-05
1.460503117414191365e-04
5.518663238035514951e-05
7.043799996608868241e-05
6.117645534686744213e-05
1.197151432279497385e-04
8.688253728905692697e-05
8.909167081583291292e-05
1.199554535560309887e-04
9.041388693731278181e-05
8.833905303617939353e-05
1.497955090599134564e-04
7.201278640422970057e-05
4.204233409836888313e-04
4.065526882186532021e-04
5.603861063718795776e-05
1.000029442366212606e-04
5.863461410626769066e-05
8.734751463634893298e-05
5.740465348935686052e-05
1.157844017143361270e-04
6.119204044807702303e-05
3.151996934320777655e-04
5.217371290200389922e-05
5.753293226007372141e-05
9.827992471400648355e-05
6.301112443907186389e-05
1.118162035709246993e-04
5.797564881504513323e-05
1.047006298904307187e-04
5.789921124232932925e-05
2.576124388724565506e-04
6.619349005632102489e-05
1.517378987045958638e-04
7.882229692768305540e-05
1.952003367478027940e-04
9.262785897590219975e-05
1.437989412806928158e-04
9.049519576365128160e-05
5.725959272240288556e-05
6.773410859750583768e-05
5.216504723648540676e-05
1.015831003314815462e-04
5.072385829407721758e-05
7.350192754529416561e-05
5.173663157620467246e-05
1.834558788686990738e-04
1.039198104990646243e-04
7.912051660241559148e-05
6.014565587975084782e-05
6.032393866917118430e-05
8.916692604543641210e-05
2.082637365674600005e-04
5.300491466186940670e-05
1.093283790396526456e-04
1.963737595360726118e-04
7.288413326023146510e-05
1.264983875444158912e-04
5.909586980124004185e-05
1.149358649854548275e-04
8.828457066556438804e-05
4.669418194680474699e-05
5.891266482649371028e-05
9.804133878787979484e-05
4.892507422482594848e-05
4.155063288635574281e-05
1.136101418524049222e-04
4.203051139484159648e-05
9.377286914968863130e-05
5.359576243790797889e-05
7.038084731902927160e-05
1.231873902725055814e-04
7.013152935542166233e-05
8.420633093919605017e-05
2.086371096083894372e-04
7.989046571310609579e-05
7.433022983605042100e-05
1.590551255503669381e-04
4.210309271002188325e-05
1.062396695488132536e-04
4.314965917728841305e-05
1.484846579842269421e-04
5.679514652001671493e-05
1.251195790246129036e-04
1.199894250021316111e-04
9.872626833384856582e-05
9.850348578765988350e-05
1.795565622160211205e-04
6.749905878677964211e-05
4.987800275557674468e-05
2.212577237514778972e-04
5.009224332752637565e-05
3.812777504208497703e-05
9.220004722010344267e-05
1.758719881763681769e-04
8.915799116948619485e-05
1.014101871987804770e-04
8.968859037850052118e-05
4.176907168584875762e-05
3.591284621506929398e-05
2.356512704864144325e-04
5.178535502636805177e-05
3.996183659182861447e-05
6.820702401455491781e-05
1.843578938860446215e-04
5.598916322924196720e-05
3.462323729763738811e-05
5.389999205362983048e-05
4.229839032632298768e-05
2.044364664470776916e-04
6.168502295622602105e-05
7.088550046319141984e-05
6.398555706255137920e-05
7.569567242171615362e-05
4.109525252715684474e-05
9.898046846501529217e-05
8.131275535561144352e-05
9.714931366033852100e-05
1.100026129279285669e-04
6.216294423211365938e-05
4.077533958479762077e-05
7.034852023934945464e-05
1.390834222547709942e-04
3.467697752057574689e-05
4.224680742481723428e-05
1.166133661172352731e-04
8.891380275599658489e-05
9.738741937326267362e-05
1.155148347606882453e-04
3.415023456909693778e-05
9.845343447523191571e-05
8.164261089405044913e-05
1.436917809769511223e-04
5.351238360162824392e-05
7.890660344855859876e-05
6.812270294176414609e-05
4.019292100565508008e-05
1.056324254022911191e-04
7.223902503028512001e-05
3.759068931685760617e-05
1.085478288587182760e-04
1.432709832442924380e-04
3.269394437666051090e-05
9.725880954647436738e-05
6.216020119609311223e-05
1.453200384275987744e-04
1.161978070740588009e-04
6.809728074586018920e-05
3.034089240827597678e-05
1.655986561672762036e-04
2.314742596354335546e-04
2.883806519093923271e-05
4.540909867500886321e-05
2.575961116235703230e-05
7.127317803679034114e-05
2.871879769372753799e-05
3.374795778654515743e-05
6.397681863745674491e-05
4.668022302212193608e-05
5.474996942211873829e-05
3.559855394996702671e-05
4.787034049513749778e-05
9.050634980667382479e-05
3.975058280047960579e-05
3.514521813485771418e-05
4.212072599329985678e-05
7.262238068506121635e-05
2.379207762714941055e-05
3.402474249014630914e-05
7.332994573516771197e-05
2.381151716690510511e-05
2.234524981759022921e-05
2.193565160268917680e-05
5.175092883291654289e-05
1.488082780269905925e-04
6.788611062802374363e-05
3.981530244345776737e-05
6.306997238425537944e-05
2.493716783646959811e-05
3.453633689787238836e-05
7.547684072051197290e-05
4.161737888352945447e-05
3.609726263675838709e-05
2.744248558883555233e-05
5.894832429476082325e-05
2.319809282198548317e-04
1.831393019529059529e-04
1.941186637850478292e-04
1.633033243706449866e-04
9.867661719908937812e-05
3.965846553910523653e-05
1.961870839295443147e-05
1.868631625256966799e-05
1.795530261006206274e-05
1.781976425263565034e-05
1.501232763985171914e-04
1.210495174746029079e-04
3.016446316905785352e-05
1.734435136313550174e-05
1.731826523609925061e-05
1.691507532086689025e-05
1.687925396254286170e-05
1.934824831550940871e-05
1.330895174760371447e-04
1.766765781212598085e-04
1.496667828178033233e-04
1.657513494137674570e-04
1.030172425089403987e-04
6.463499448727816343e-05
2.181566924264188856e-05
3.782894782489165664e-05
1.708402123767882586e-05
2.683106868062168360e-05
1.597552181920036674e-05
2.280389162478968501e-05
1.972561003640294075e-04
4.179375537205487490e-05
1.657687425904441625e-05
1.547619103803299367e-05
3.444420872256159782e-05
3.621367068262770772e-05
2.368085370108019561e-05
1.503719249740242958e-05
2.812154343700967729e-05
1.219195255544036627e-04
3.771086267079226673e-05
8.211289969040080905e-05
7.275465759448707104e-05
1.392794074490666389e-04
8.860586240189149976e-05
1.302106975344941020e-04
2.883887464122381061e-05
2.008766387007199228e-05
2.122870500897988677e-05
2.015233330894261599e-04
3.368918623891659081e-05
1.844272446760442108e-05
1.453064851375529543e-05
1.364521267532836646e-05
1.396433162881294265e-05
5.605575861409306526e-04
1.933295716298744082e-04
8.651024836581200361e-05
4.515663385973311961e-05
2.893390228564385325e-05
1.759642145771067590e-05
1.381012771162204444e-05
1.348035220871679485e-05
1.329470887867501006e-05
1.319128023169469088e-05
1.310132029175292701e-05
1.301344400417292491e-05
1.295380025112535805e-05
1.629611870157532394e-05
1.599616371095180511e-04
6.777367525501176715e-05
1.071334991138428450e-04
2.498943940736353397e-04
1.342139439657330513e-03
8.298497414216399193e-04
7.510401192121207714e-04
7.408367819152772427e-04
7.340378942899405956e-04
7.350471569225192070e-04
7.249606424011290073e-04
7.217423408292233944e-04
7.516683544963598251e-04
8.323301444761455059e-04
7.260122220031917095e-04
7.122039678506553173e-04
7.034976733848452568e-04
7.013343274593353271e-04
1.224254141561686993e-03
6.940528401173651218e-04
6.945980130694806576e-04
6.860729190520942211e-04
6.829688209109008312e-04
6.815809174440801144e-04
6.857524858787655830e-04
8.159126155078411102e-04
6.974140997044742107e-04
6.706069107167422771e-04
6.775324582122266293e-04
7.838351302780210972e-04
6.815784727223217487e-04
6.858962588012218475e-04
6.870518554933369160e-04
6.763648125343024731e-04
7.235839730128645897e-04
6.571087287738919258e-04
7.721289875917136669e-04
6.608511903323233128e-04
6.445138715207576752e-04
8.609508513472974300e-04
6.448598578572273254e-04
6.373334908857941628e-04
6.401611608453094959e-04
7.096573244780302048e-04
6.257102941162884235e-04
6.494052940979599953e-04
6.671128794550895691e-04
6.217507761903107166e-04
6.260339869186282158e-04
7.039936608634889126e-04
6.239913636818528175e-04
6.041982560418546200e-04
6.036837003193795681e-04
5.990814534015953541e-04
7.756277918815612793e-04
6.200823117978870869e-04
6.019296706654131413e-04
5.975145031698048115e-04
8.464696584269404411e-04
6.300747045315802097e-04
5.924543365836143494e-04
5.903568235225975513e-04
5.800369544886052608e-04
6.718593649566173553e-04
6.679493817500770092e-04
5.798485362902283669e-04
5.738147301599383354e-04
5.839377990923821926e-04
7.180101820267736912e-04
5.758824408985674381e-04
5.667305085808038712e-04
5.672298138961195946e-04
5.650857347063720226e-04
5.836929776705801487e-04
7.567344000563025475e-04
5.726992967538535595e-04
5.653418484143912792e-04
5.625652265734970570e-04
6.404840387403964996e-04
6.479643052443861961e-04
5.725075607188045979e-04
5.665291100740432739e-04
6.048212526366114616e-04
5.531164933927357197e-04
5.492832278832793236e-04
5.832876195199787617e-04
5.538573022931814194e-04
5.965218297205865383e-04
5.562193109653890133e-04
5.899368552491068840e-04
5.346274701878428459e-04
5.557873519137501717e-04
5.507480236701667309e-04
5.584657774306833744e-04
5.426111747510731220e-04
5.282597849145531654e-04
5.555448587983846664e-04
5.246234359219670296e-04
5.418588407337665558e-04
5.312698776833713055e-04
5.672617699019610882e-04
5.355919129215180874e-04
5.442370893433690071e-04
5.128439515829086304e-04
6.824170122854411602e-04
1.585066202096641064e-03
6.147076492197811604e-04
5.211748648434877396e-04
5.210506496950984001e-04
5.135863320901989937e-04
5.089399055577814579e-04
5.112016806378960609e-04
5.151289515197277069e-04
5.096097011119127274e-04
5.106589524075388908e-04
8.339907508343458176e-04
5.674821441061794758e-04
5.276098381727933884e-04
5.208547809161245823e-04
5.256025469861924648e-04
5.208849324844777584e-04
5.249506793916225433e-04
5.177787970751523972e-04
5.289959954097867012e-04
5.304684164002537727e-04
5.308018298819661140e-04
5.279425531625747681e-04
5.260028992779552937e-04
5.950502236373722553e-04
4.944663378410041332e-04
4.940750077366828918e-04
4.900074563920497894e-04
4.913620650768280029e-04
4.866307426709681749e-04
4.898183979094028473e-04
4.903561202809214592e-04
4.881481290794909000e-04
5.058345850557088852e-04
5.571792135015130043e-04
4.867678217124193907e-04
4.947827546857297421e-04
4.861673805862665176e-04
5.351464496925473213e-04
4.745819023810327053e-04
4.680261481553316116e-04
4.653372743632644415e-04
4.606966685969382524e-04
4.697275871876627207e-04
4.706883046310395002e-04
4.673026269301772118e-04
4.685226886067539454e-04
4.626904847100377083e-04
4.682998987846076488e-04
4.562395915854722261e-04
4.576237406581640244e-04
4.638050450012087822e-04
4.624729335773736238e-04
4.648616304621100426e-04
4.787762591149657965e-04
4.507155681494623423e-04
4.816757282242178917e-04
4.615047364495694637e-04
4.680098209064453840e-04
4.593886260408908129e-04
5.300805787555873394e-04
4.702624864876270294e-04
4.592267505358904600e-04
4.440284683369100094e-04
8.623746107332408428e-04
4.602281842380762100e-04
4.436637973412871361e-04
4.391896072775125504e-04
4.425360530149191618e-04
4.930297145619988441e-04
4.460791533347219229e-04
4.426281375344842672e-04
6.063479813747107983e-04
4.330799274612218142e-04
4.426497907843440771e-04
4.388875677250325680e-04
4.459909978322684765e-04
4.930486320517957211e-04
4.467996477615088224e-04
7.343074539676308632e-04
4.446866223588585854e-04
4.587147268466651440e-04
4.289092030376195908e-04
5.856193020008504391e-04
4.559672670438885689e-04
4.273482481949031353e-04
4.859532637055963278e-04
4.803699557669460773e-04
4.547528515104204416e-04
4.360113525763154030e-04
5.561833386309444904e-04
4.403765196911990643e-04
4.263746668584644794e-04
4.644239670597016811e-04
4.205997684039175510e-04
7.975609623827040195e-04
4.510569851845502853e-04
4.450070846360176802e-04
4.328088834881782532e-04
4.167937149759382010e-04
4.270800563972443342e-04
4.084850079379975796e-04
4.547772696241736412e-04
4.892823635600507259e-04
4.334913101047277451e-04
4.147840954829007387e-04
4.250749479979276657e-04
4.257849359419196844e-04
4.114486218895763159e-04
4.302295565139502287e-04
4.333892429713159800e-04
4.340206796769052744e-04
4.177210794296115637e-04
3.976173757109791040e-04
4.401142650749534369e-04
6.674547330476343632e-04
4.744416801258921623e-04
3.956124419346451759e-04
3.941166505683213472e-04
4.525489348452538252e-04
4.188199236523360014e-04
4.062094376422464848e-04
4.071762086823582649e-04
4.433076246641576290e-04
5.044896388426423073e-04
4.567500727716833353e-04
5.318406620062887669e-04
3.997784806415438652e-04
5.344203091226518154e-04
4.296440165489912033e-04
4.150048480369150639e-04
4.878253675997257233e-04
3.894554683938622475e-04
4.277147818356752396e-04
4.350559320300817490e-04
4.161727265454828739e-04
3.982952039223164320e-04
4.112395399715751410e-04
4.050892021041363478e-04
4.426692612469196320e-04
3.907000354956835508e-04
5.389752332121133804e-04
3.866518964059650898e-04
4.279179556760936975e-04
4.030973068438470364e-04
4.059268685523420572e-04
4.269061901140958071e-04
3.985531802754849195e-04
4.251016071066260338e-04
3.717498620972037315e-04
4.380378813948482275e-04
3.700540110003203154e-04
4.296063270885497332e-04
3.850212087854743004e-04
4.119685036130249500e-04
3.765474539250135422e-04
3.877357521560043097e-04
3.807393368333578110e-04
3.900939773302525282e-04
4.175192734692245722e-04
4.163839912507683039e-04
3.716787323355674744e-04
3.782615822274237871e-04
4.201346600893884897e-04
3.776421654038131237e-04
3.781891136895865202e-04
4.167509614489972591e-04
3.640943905338644981e-04
3.862488665618002415e-04
3.566194209270179272e-04
3.840960853267461061e-04
3.777912061195820570e-04
3.755131328944116831e-04
3.608921542763710022e-04
3.734984784387052059e-04
4.578945226967334747e-04
3.658310452010482550e-04
4.649511829484254122e-04
3.733343910425901413e-04
4.038795013912022114e-04
3.598836483433842659e-04
5.097282701171934605e-04
3.540057514328509569e-04
3.528208180796355009e-04
4.417724558152258396e-04
3.847189072985202074e-04
3.403490118216723204e-04
3.323182754684239626e-04
3.823655133601278067e-04
4.836577863898128271e-04
3.659626818262040615e-04
3.345874720253050327e-04
3.287690051365643740e-04
3.310839820187538862e-04
5.042870179750025272e-04
3.723718691617250443e-04
3.352584899403154850e-04
3.280039527453482151e-04
3.304111014585942030e-04
6.390369380824267864e-04
3.556568990461528301e-04
3.326162695884704590e-04
3.233937895856797695e-04
3.336014924570918083e-04
4.269165219739079475e-04
3.329057071823626757e-04
3.817937104031443596e-04
3.888756618835031986e-04
3.167025279253721237e-04
4.626674053724855185e-04
3.631266590673476458e-04
3.535273426678031683e-04
4.291914810892194510e-04
3.290782042313367128e-04
5.875612259842455387e-04
3.423421003390103579e-04
3.245796833653002977e-04
3.107039956375956535e-04
3.747456939890980721e-04
3.397809341549873352e-04
3.327703161630779505e-04
3.106399381067603827e-04
3.274838963989168406e-04
3.287608269602060318e-04
3.679123183246701956e-04
3.049616643693298101e-04
3.019016876351088285e-04
3.106595249846577644e-04
3.516323340591043234e-04
3.508210065774619579e-04
3.095972642768174410e-04
3.187709080521017313e-04
2.982597216032445431e-04
3.070578386541455984e-04
3.540577599778771400e-04
2.985944447573274374e-04
2.938104735221713781e-04
4.070802242495119572e-04
3.166220267303287983e-04
2.934325311798602343e-04
4.579367814585566521e-04
3.339051327202469110e-04
3.249139699619263411e-04
3.003602905664592981e-04
2.879650273825973272e-04
2.969240304082632065e-04
3.542413469403982162e-04
2.892222255468368530e-04
2.847499563358724117e-04
4.591247998178005219e-04
3.800864506047219038e-04
2.869539312086999416e-04
3.066831850446760654e-04
3.980521869380027056e-04
4.649212060030549765e-04
2.875363570638000965e-04
2.798303030431270599e-04
2.780363720376044512e-04
2.935391094069927931e-04
3.838864795397967100e-04
2.952117647510021925e-04
2.970883215311914682e-04
3.824941231869161129e-04
2.987600164487957954e-04
2.750148123595863581e-04
2.813780447468161583e-04
4.905444220639765263e-04
3.083777264691889286e-04
2.867943258024752140e-04
2.930069749709218740e-04
2.912143245339393616e-04
2.724859805312007666e-04
2.855792699847370386e-04
2.928478352259844542e-04
3.177654580213129520e-04
2.755378955043852329e-04
3.292605979368090630e-04
3.021911834366619587e-04
2.857431536540389061e-04
2.772190491668879986e-04
3.759343526326119900e-04
2.834329789038747549e-04
2.860929816961288452e-04
2.677496813703328371e-04
3.799354308284819126e-04
2.757364127319306135e-04
2.632706891745328903e-04
2.594292454887181520e-04
2.573048986960202456e-04
2.707748790271580219e-04
3.847099433187395334e-04
2.975697279907763004e-04
2.581582230050116777e-04
5.496421363204717636e-04
2.725599333643913269e-04
3.070360398851335049e-04
2.623072068672627211e-04
2.781910297926515341e-04
2.791469742078334093e-04
6.392748327925801277e-04
3.604412486311048269e-04
2.509081677999347448e-04
2.474466746207326651e-04
2.468046150170266628e-04
2.458842354826629162e-04
2.753843436948955059e-04
2.691431727726012468e-04
2.470551989972591400e-04
2.561015426181256771e-04
3.694046172313392162e-04
3.227722190786153078e-04
2.434559573885053396e-04
2.410164888715371490e-04
3.312535991426557302e-04
3.176827449351549149e-04
2.410461311228573322e-04
2.420764940325170755e-04
3.450236108619719744e-04
3.327519225422292948e-04
2.506756864022463560e-04
2.454780333209782839e-04
2.353571617277339101e-04
4.052007570862770081e-04
4.504999669734388590e-04
2.704582584556192160e-04
2.392642199993133545e-04
2.339908096473664045e-04
2.322462823940441012e-04
2.319153427379205823e-04
2.318528131581842899e-04
2.428990119369700551e-04
3.306997532490640879e-04
2.554655366111546755e-04
2.568209602031856775e-04
4.214954969938844442e-04
2.384910185355693102e-04
2.295369340572506189e-04
3.000493161380290985e-04
2.299971383763477206e-04
2.371186128584668040e-04
2.294575679115951061e-04
2.641569881234318018e-04
2.630505478009581566e-04
2.288582181790843606e-04
2.236899017589166760e-04
2.223301416961476207e-04
2.293339057359844446e-04
2.291389391757547855e-04
4.967339918948709965e-04
2.216978173237293959e-04
2.276973827974870801e-04
2.311046264367178082e-04
5.377931520342826843e-04
3.240960359107702971e-04
2.385784173384308815e-04
2.167185593862086535e-04
2.649680827744305134e-04
2.494155778549611568e-04
2.212302206316962838e-04
5.953411455266177654e-04
2.294720034115016460e-04
2.147319901268929243e-04
2.138068375643342733e-04
2.163385506719350815e-04
3.401411522645503283e-04
2.561533765401691198e-04
2.274964499520137906e-04
2.827842254191637039e-04
2.117971307598054409e-04
3.485638007987290621e-04
2.519213303457945585e-04
2.239058521809056401e-04
3.098890301771461964e-04
2.107974578393623233e-04
4.439468903001397848e-04
2.314444718649610877e-04
2.081811398966237903e-04
2.267060044687241316e-04
3.752669144887477160e-04
2.368309360463172197e-04
2.194219705415889621e-04
3.147588868159800768e-04
2.213966799899935722e-04
2.564720343798398972e-04
2.027115551754832268e-04
2.508251927793025970e-04
2.170544757973402739e-04
4.026504175271838903e-04
2.072260977001860738e-04
2.123076119460165501e-04
2.004118869081139565e-04
2.009574527619406581e-04
3.104353963863104582e-04
2.390849404036998749e-04
2.111131034325808287e-04
3.135794249828904867e-04
2.831381279975175858e-04
1.967229763977229595e-04
2.044603170361369848e-04
2.628843067213892937e-04
2.240447211079299450e-04
1.978784130187705159e-04
1.950267615029588342e-04
2.142241864930838346e-04
3.367041645105928183e-04
2.066040760837495327e-04
2.205137716373428702e-04
2.890406758524477482e-04
2.313874138053506613e-04
1.929066638695076108e-04
8.393239695578813553e-04
2.081307902699336410e-04
1.937804336193948984e-04
1.898979244288057089e-04
1.900317001855000854e-04
1.895821624202653766e-04
5.099419504404067993e-04
2.162454911740496755e-04
1.932318118633702397e-04
1.877321919891983271e-04
1.866417733253911138e-04
2.097636315738782287e-04
2.464421850163489580e-04
1.988219300983473659e-04
1.905518729472532868e-04
2.741642238106578588e-04
2.046504960162565112e-04
1.927302510011941195e-04
2.161269949283450842e-04
4.216597881168127060e-04
2.068064786726608872e-04
1.866597158368676901e-04
1.817562297219410539e-04
2.458737581036984921e-04
3.648003912530839443e-04
2.345085813431069255e-04
1.841724879341199994e-04
1.803805207600817084e-04
1.792242692317813635e-04
1.790911919670179486e-04
1.914458553073927760e-04
3.133075078949332237e-04
2.001719549298286438e-04
1.845942460931837559e-04
1.941461669048294425e-04
2.772693696897476912e-04
1.981519599212333560e-04
1.841175107983872294e-04
2.151864027837291360e-04
1.890633720904588699e-04
1.788203808246180415e-04
2.101656136801466346e-04
1.783341576810926199e-04
1.936250773724168539e-04
1.762288011377677321e-04
1.731475203996524215e-04
1.722656888887286186e-04
3.107601951342076063e-04
2.991993969772011042e-04
1.955330808414146304e-04
1.728753268253058195e-04
1.707880292087793350e-04
1.700088760117068887e-04
1.697249681456014514e-04
1.696694962447509170e-04
2.295399899594485760e-04
2.197363064624369144e-04
1.735769328661262989e-04
1.736454432830214500e-04
1.678348344285041094e-04
1.217264099977910519e-03
2.530176134314388037e-04
1.729263458400964737e-04
1.664230221649631858e-04
1.656941458350047469e-04
1.651897327974438667e-04
1.649203622946515679e-04
1.672153011895716190e-04
5.173091194592416286e-04
1.664669252932071686e-04
1.719801075523719192e-04
1.664215815253555775e-04
1.802445476641878486e-04
1.786275242920964956e-04
1.966147392522543669e-04
1.662876748014241457e-04
1.613834319869056344e-04
1.610284671187400818e-04
1.958407228812575340e-04
2.021862892434000969e-04
1.610898762010037899e-04
1.626861776458099484e-04
1.592127227922901511e-04
1.674515515333041549e-04
3.765310393646359444e-04
1.748492504702880979e-04
1.586828875588253140e-04
1.589511084603145719e-04
1.576627400936558843e-04
1.570297899888828397e-04
1.572467299411073327e-04
2.639479353092610836e-04
2.651672111824154854e-04
1.736303238430991769e-04
1.574858906678855419e-04
1.661908463574945927e-04
3.787552122958004475e-04
1.599464449100196362e-04
1.584081328473985195e-04
2.040118561126291752e-04
1.939852809300646186e-04
1.682642759988084435e-04
1.538065553177148104e-04
1.563349796924740076e-04
4.733875684905797243e-04
1.591030013514682651e-04
1.575469796080142260e-04
1.544040424050763249e-04
1.670092169661074877e-04
1.608403981663286686e-04
1.724598405417054892e-04
1.534067559987306595e-04
1.496974291512742639e-04
1.512874732725322247e-04
2.458227972965687513e-04
2.563037560321390629e-04
1.626952289370819926e-04
1.492041628807783127e-04
1.477640034863725305e-04
2.004623675020411611e-04
3.278512449469417334e-04
1.746644556988030672e-04
1.508612913312390447e-04
1.463080843677744269e-04
1.488156121922656894e-04
4.926301189698278904e-04
1.490724971517920494e-04
1.461878418922424316e-04
1.467015244998037815e-04
1.489699934609234333e-04
5.615750560536980629e-04
1.614863285794854164e-04
1.439834013581275940e-04
1.444232912035658956e-04
1.476474135415628552e-04
6.510156090371310711e-04
2.259090979350730777e-04
1.541942474432289600e-04
1.433356082998216152e-04
1.428841351298615336e-04
1.534553593955934048e-04
2.867445582523941994e-04
1.482230873079970479e-04
1.446287787985056639e-04
1.411216362612321973e-04
1.420358312316238880e-04
7.770145894028246403e-04
1.670159545028582215e-04
1.408807002007961273e-04
1.391872210660949349e-04
1.388554956065490842e-04
1.412831916240975261e-04
5.706942174583673477e-04
1.678249391261488199e-04
1.397613523295149207e-04
1.390417892253026366e-04
1.374398270854726434e-04
3.061149909626692533e-04
1.547139836475253105e-04
1.428051618859171867e-04
1.362588955089449883e-04
1.360909081995487213e-04
1.359667512588202953e-04
4.688223416451364756e-04
1.512304588686674833e-04
1.504184765508398414e-04
1.369753299513831735e-04
1.341052266070619226e-04
1.357718720100820065e-04
3.072198305744677782e-04
1.832605776144191623e-04
1.398252497892826796e-04
1.349449157714843750e-04
1.334144035354256630e-04
1.962740352610126138e-04
2.753824810497462749e-04
1.489779679104685783e-04
1.319105649599805474e-04
1.313102693529799581e-04
1.340341987088322639e-04
3.577140159904956818e-04
1.680257410043850541e-04
1.347951765637844801e-04
1.301999582210555673e-04
1.300288568018004298e-04
1.301352313021197915e-04
1.702360023045912385e-04
1.758997386787086725e-04
1.328062935499474406e-04
1.311344094574451447e-04
1.323934266110882163e-04
1.937845372594892979e-04
2.304976951563730836e-04
1.372256374452263117e-04
1.287013292312622070e-04
1.274184760404750705e-04
1.350926904706284404e-04
1.404337526764720678e-04
2.600938023533672094e-04
1.297915296163409948e-04
1.283807505387812853e-04
1.256841351278126240e-04
1.253703521797433496e-04
1.295117253903299570e-04
4.198819515295326710e-04
1.280011201743036509e-04
1.248561020474880934e-04
1.250486529897898436e-04
1.254312373930588365e-04
2.006331051234155893e-04
2.257469604955986142e-04
1.298219140153378248e-04
1.260006247321143746e-04
1.237239630427211523e-04
4.648113099392503500e-04
1.467276888433843851e-04
1.333469554083421826e-04
1.224489387823268771e-04
1.219803816638886929e-04
1.267490151803940535e-04
5.048912717029452324e-04
1.581666292622685432e-04
1.271929359063506126e-04
1.210429618367925286e-04
1.212051502079702914e-04
5.919225513935089111e-04
1.802114711608737707e-04
1.320442825090140104e-04
1.208037865580990911e-04
1.197517631226219237e-04
1.254319795407354832e-04
4.159171076025813818e-04
1.456137979403138161e-04
1.252246729563921690e-04
1.184999491670168936e-04
1.203150823130272329e-04
6.086684879846870899e-04
1.769255759427323937e-04
1.245557068614289165e-04
1.180107137770392001e-04
1.179455721285194159e-04
1.970285229617729783e-04
2.474152133800089359e-04
1.294135872740298510e-04
1.190598195535130799e-04
1.166000365628860891e-04
1.313948450842872262e-04
1.268140476895496249e-04
1.182609194074757397e-04
1.194730066345073283e-04
1.163123670266941190e-04
1.256741525139659643e-04
1.453107106499373913e-04
1.223974395543336868e-04
1.187471789307892323e-04
1.139794403570704162e-04
1.137553335865959525e-04
1.627840974833816290e-04
1.382893678965047002e-04
1.180026010842993855e-04
1.138140214607119560e-04
1.138680527219548821e-04
1.128097210312262177e-04
1.851199631346389651e-04
2.760493371170014143e-04
1.182517880806699395e-04
1.137296494562178850e-04
1.115388586185872555e-04
1.126507704611867666e-04
3.959827590733766556e-04
1.123906913562677801e-04
1.115268532885238528e-04
1.128057119785808027e-04
1.112858153646811843e-04
1.541575911687687039e-04
3.525607171468436718e-04
1.682492875261232257e-04
1.304442848777398467e-04
1.125610651797614992e-04
1.093321334337815642e-04
1.090258883778005838e-04
1.344993506791070104e-04
3.708626609295606613e-04
1.122304747696034610e-04
1.119030785048380494e-04
1.082963790395297110e-04
1.079506473615765572e-04
1.076939370250329375e-04
1.963087270269170403e-04
1.870259438874199986e-04
1.143516201409511268e-04
1.070360522135160863e-04
1.071334700100123882e-04
1.071919687092304230e-04
3.294130146969109774e-04
1.113434773287735879e-04
1.128998919739387929e-04
1.059109054040163755e-04
1.055882239597849548e-04
1.104959374060854316e-04
3.345607547089457512e-04
1.065594406099990010e-04
1.055792236002162099e-04
1.057930130627937615e-04
1.052837251336313784e-04
1.981017994694411755e-04
2.216195280198007822e-04
1.191556875710375607e-04
1.061246730387210846e-04
1.037253387039527297e-04
1.157190126832574606e-04
1.565862476127222180e-04
1.467767724534496665e-04
1.064130119630135596e-04
1.041702707880176604e-04
1.030563362292014062e-04
1.098767897929064929e-04
2.549718774389475584e-04
1.061908478732220829e-04
1.040917995851486921e-04
1.021605639834888279e-04
1.064451935235410929e-04
5.126316100358963013e-04
1.498208439443260431e-04
1.046346224029548466e-04
1.028946644510142505e-04
1.124933187384158373e-04
1.752861571731045842e-04
1.078813947970047593e-04
1.011226049740798771e-04
1.011767963063903153e-04
1.001330674625933170e-04
1.034190208883956075e-04
1.204600048367865384e-04
1.518984499853104353e-04
1.071484002750366926e-04
1.060007271007634699e-04
1.003253346425481141e-04
9.921613673213869333e-05
9.890860383166000247e-05
9.870366193354129791e-05
1.009037805488333106e-04
5.575576215051114559e-04
1.332778483629226685e-04
9.964055061573162675e-05
9.809782932279631495e-05
1.030160710797645152e-04
2.485284348949790001e-04
1.000384872895665467e-04
9.841220889938995242e-05
9.845499880611896515e-05
9.751381730893626809e-05
1.655084633966907859e-04
2.491405757609754801e-04
1.177594385808333755e-04
9.693061292637139559e-05
9.647614206187427044e-05
9.851234790403395891e-05
4.717779520433396101e-04
1.532182213850319386e-04
9.876085096038877964e-05
9.581496851751580834e-05
9.584261715644970536e-05
9.554194548400118947e-05
1.021248535835184157e-04
2.751643769443035126e-04
9.607665560906752944e-05
9.584809595253318548e-05
9.571191912982612848e-05
9.447838965570554137e-05
9.760062675923109055e-05
1.616268564248457551e-04
1.537961943540722132e-04
9.894913819152861834e-05
9.530694660497829318e-05
9.380990377394482493e-05
9.353957284474745393e-05
9.347929153591394424e-05
2.428000298095867038e-04
1.154847777797840536e-04
1.094373074010945857e-04
9.574952855473384261e-05
9.282273094868287444e-05
9.284472616855055094e-05
1.152164477389305830e-04
1.409735268680378795e-04
1.031828869599848986e-04
9.301333921030163765e-05
9.213914745487272739e-05
9.683315875008702278e-05
3.609273117035627365e-04
1.165518187917768955e-04
9.534507989883422852e-05
9.256604971596971154e-05
1.140352833317592740e-04
9.785835572984069586e-05
1.044766686391085386e-04
9.098470764001831412e-05
1.001099008135497570e-04
3.630399296525865793e-04
9.348102321382611990e-05
9.073247201740741730e-05
1.141433094744570553e-04
9.725435666041448712e-05
1.084919567801989615e-04
9.495857375441119075e-05
9.545086504658684134e-05
4.498340131249278784e-04
1.318287104368209839e-04
9.307747677667066455e-05
8.948569302447140217e-05
8.988454646896570921e-05
8.438215591013431549e-04
9.572394628776237369e-05
1.004360892693512142e-04
9.020800644066184759e-05
8.855670603225007653e-05
8.825988334137946367e-05
8.957201498560607433e-05
7.674866938032209873e-04
1.383649505442008376e-04
8.965280721895396709e-05
8.775181049713864923e-05
8.786510443314909935e-05
8.735291339689865708e-05
9.920451702782884240e-05
1.505404507042840123e-04
9.690989827504381537e-05
8.921109838411211967e-05
8.690409595146775246e-05
8.885784336598590016e-05
5.564208258874714375e-04
1.371752732666209340e-04
8.894125494407489896e-05
8.785704994807019830e-05
9.213088924298062921e-05
4.326892667450010777e-04
1.243336591869592667e-04
8.606231858721002936e-05
8.910467295208945870e-05
1.897682086564600468e-04
1.560532837174832821e-04
8.743350190343335271e-05
8.931350748753175139e-05
1.349942176602780819e-04
1.854239671956747770e-04
9.239297651220113039e-05
8.615638216724619269e-05
8.588471246184781194e-05
1.373770646750926971e-04
1.503587554907426238e-04
8.837811765260994434e-05
8.737700409255921841e-05
8.634741971036419272e-05
3.621892828959971666e-04
1.108906362787820399e-04
9.124987263930961490e-05
8.629640069557353854e-05
1.252581132575869560e-04
1.353183906758204103e-04
9.311499889008700848e-05
8.566254109609872103e-05
8.336996688740327954e-05
8.373012678930535913e-05
8.972294745035469532e-04
1.563332189107313752e-04
9.549353126203641295e-05
8.693076961208134890e-05
8.312118734465911984e-05
8.218959555961191654e-05
8.202043682103976607e-05
8.214345143642276525e-05
4.772448446601629257e-04
2.006341674132272601e-04
8.237213478423655033e-05
8.277657616417855024e-05
8.142057049553841352e-05
8.126397005980834365e-05
8.187817002180963755e-05
5.701948539353907108e-04
1.931642036652192473e-04
8.274655556306242943e-05
8.080618135863915086e-05
8.091115887509658933e-05
8.057837112573906779e-05
8.467605948681011796e-05
4.505541000980883837e-04
1.138734878622926772e-04
8.710200927453115582e-05
8.079334656940773129e-05
7.984385592862963676e-05
7.962778181536123157e-05
8.010515011847019196e-05
1.116100698709487915e-03
1.283145247725769877e-04
8.619092113804072142e-05
7.991903839865699410e-05
7.908574480097740889e-05
7.886891398811712861e-05
7.871058187447488308e-05
7.879285840317606926e-05
2.662978367879986763e-04
8.318380423588678241e-05
9.385307930642738938e-05
8.102793071884661913e-05
7.811187970219179988e-05
7.814733544364571571e-05
1.087021664716303349e-04
1.926386175910010934e-04
1.047391924657858908e-04
8.044461719691753387e-05
7.802710752002894878e-05
7.752109377179294825e-05
1.675706298556178808e-04
2.112344955094158649e-04
8.299981709569692612e-05
7.791753887431696057e-05
7.713420200161635876e-05
7.666835153941065073e-05
1.084821487893350422e-04
2.153403765987604856e-04
1.023081276798620820e-04
7.844731590012088418e-05
7.675938832107931376e-05
7.589901360915973783e-05
1.214289877680130303e-04
2.937724057119339705e-04
1.012566208373755217e-04
7.650049519725143909e-05
7.543517131125554442e-05
7.534135511377826333e-05
7.513301534345373511e-05
7.549103611381724477e-05
7.325818878598511219e-04
2.219953603344038129e-04
9.371093619847670197e-05
7.532493327744305134e-05
7.468916010111570358e-05
7.442870992235839367e-05
7.428036769852042198e-05
7.457839092239737511e-05
5.384732503443956375e-04
2.056987141259014606e-04
8.052364864852279425e-05
7.520407962147146463e-05
7.402495975838974118e-05
7.363263284787535667e-05
7.350468513322994113e-05
7.652109343325719237e-05
4.321849264670163393e-04
1.494604657636955380e-04
8.178348070941865444e-05
7.359499431913718581e-05
7.305036706384271383e-05
7.278892007889226079e-05
7.264351006597280502e-05
7.251550414366647601e-05
1.164790373877622187e-04
1.831459667300805449e-04
8.234963024733588099e-05
7.520837971242144704e-05
7.273455412359908223e-05
7.215608638944104314e-05
7.190845644799992442e-05
7.176384679041802883e-05
7.195521902758628130e-05
3.986273659393191338e-04
1.582082040840759873e-04
7.484167872462421656e-05
7.297493721125647426e-05
7.141669630073010921e-05
7.120693044271320105e-05
7.098066998878493905e-05
7.087025733198970556e-05
6.967667723074555397e-04
1.192064373753964901e-04
8.121566497720777988e-05
7.400757749564945698e-05
7.116563210729509592e-05
7.059511699480935931e-05
7.038450712570920587e-05
7.024000660749152303e-05
7.010489207459613681e-05
6.999020115472376347e-05
6.987043889239430428e-05
9.187266550725325942e-05
1.069420322892256081e-04
1.025617311825044453e-04
7.249090413097292185e-05
7.065047975629568100e-05
6.936868157936260104e-05
6.914805999258533120e-05
6.904712063260376453e-05
1.137351791840046644e-04
2.438500087009742856e-04
1.030778148560784757e-04
7.040083437459543347e-05
6.924635090399533510e-05
6.853275408502668142e-05
6.831510108895599842e-05
6.813168874941766262e-05
7.127346179913729429e-05
1.494864845881238580e-04
8.710698602953925729e-05
7.219196413643658161e-05
6.905470945639535785e-05
6.762293196516111493e-05
6.742170808138325810e-05
6.727674190187826753e-05
6.713302718708291650e-05
6.809626211179420352e-05
8.177646086551249027e-04
7.445229857694357634e-05
7.807273505022749305e-05
6.761097756680101156e-05
6.674427277175709605e-05
6.650844443356618285e-05
6.759110692655667663e-05
5.429137381725013256e-04
1.285793114220723510e-04
7.736459519946947694e-05
6.683951505692675710e-05
6.607868999708443880e-05
7.254603406181558967e-05
3.439539286773651838e-04
9.489896183367818594e-05
6.645321991527453065e-05
6.639305502176284790e-05
6.718012446071952581e-05
9.046897175721824169e-04
1.524531980976462364e-04
7.445737719535827637e-05
6.589043914573267102e-05
6.483035394921898842e-05
6.445636245189234614e-05
6.426527397707104683e-05
6.443668826250359416e-05
3.957430017180740833e-04
7.916554750408977270e-05
7.893011206761002541e-05
6.594747537747025490e-05
6.376713281497359276e-05
6.368845060933381319e-05
7.411911792587488890e-05
7.266448665177449584e-05
1.051745493896305561e-04
6.556114385602995753e-05
6.383171421475708485e-05
6.294567720033228397e-05
6.311698962235823274e-05
1.834147988120093942e-04
1.085309413610957563e-04
8.357356273336336017e-05
6.538863090099766850e-05
6.276136991800740361e-05
6.234638567548245192e-05
6.288389704423025250e-05
4.822492774110287428e-04
1.611194311408326030e-04
6.943008338566869497e-05
6.207380647538229823e-05
6.212895823409780860e-05
6.169874541228637099e-05
6.218194903340190649e-05
8.551086066290736198e-04
8.648107905173674226e-05
7.355191337410360575e-05
6.152434070827439427e-05
6.120060425018891692e-05
6.102664701757021248e-05
6.087552537792362273e-05
6.212317384779453278e-05
8.982684812508523464e-04
1.362182520097121596e-04
6.794499495299533010e-05
6.134143768576905131e-05
6.057627615518867970e-05
6.024883987265639007e-05
6.010754441376775503e-05
6.011423101881518960e-05
1.352433610009029508e-04
1.031683277687989175e-04
8.620389417046681046e-05
6.311269680736586452e-05
6.024474714649841189e-05
5.953032814431935549e-05
5.937818423262797296e-05
5.937859896221198142e-05
6.809095502831041813e-04
1.671220088610425591e-04
7.597364310640841722e-05
5.993727245368063450e-05
5.904547288082540035e-05
5.883709673071280122e-05
5.869944652658887208e-05
6.328830932034179568e-05
6.385249434970319271e-05
1.037836991599760950e-04
6.405583553714677691e-05
5.987635813653469086e-05
5.843979670316912234e-05
6.298982771113514900e-05
4.002655914518982172e-04
6.414376548491418362e-05
6.659968494204804301e-05
5.818543650093488395e-05
2.699120959732681513e-04
1.151853939518332481e-04
7.490476127713918686e-05
6.066101923352107406e-05
5.810414222651161253e-05
5.998965207254514098e-05
5.525365122593939304e-04
1.011135900625959039e-04
6.134504656074568629e-05
5.869105007150210440e-05
5.918838360230438411e-05
5.702379348804242909e-05
9.066127822734415531e-04
8.275662548840045929e-05
6.697006756439805031e-05
5.838286233483813703e-05
5.664228956447914243e-05
5.797295671072788537e-05
5.654066262650303543e-05
7.915592868812382221e-05
1.201801642309874296e-04
9.113152191275730729e-05
5.942463394603691995e-05
7.441173511324450374e-05
2.457717782817780972e-04
6.310432218015193939e-05
5.735357990488409996e-05
1.060550275724381208e-04
7.264529995154589415e-05
7.109034049790352583e-05
5.566615800489671528e-05
9.000469435704872012e-05
1.446179812774062157e-04
5.686346776201389730e-05
6.272507016547024250e-05
2.815652696881443262e-04
1.101422603824175894e-04
8.799015631666406989e-05
6.236167973838746548e-05
5.642289033858105540e-05
8.559571870137006044e-05
6.175950693432241678e-05
7.422373892040923238e-05
5.821212835144251585e-05
1.714576792437583208e-04
6.835423118900507689e-05
1.458211627323180437e-04
5.701767076971009374e-05
3.309367457404732704e-04
5.804003012599423528e-05
5.840505036758258939e-05
6.281485548242926598e-05
6.197540787979960442e-04
1.218804027303121984e-04
6.050668162060901523e-05
6.009393837302923203e-05
5.412169412011280656e-05
5.664538548444397748e-05
3.022159799002110958e-04
6.312424375209957361e-05
5.907984450459480286e-05
5.680866161128506064e-05
5.654766573570668697e-05
1.560019882163032889e-04
1.545192790217697620e-04
1.004114383249543607e-04
5.571959263761527836e-05
5.950887134531512856e-05
5.413430699263699353e-05
5.470881660585291684e-05
2.451410691719502211e-04
9.620220953365787864e-05
6.847975600976496935e-05
6.507575744763016701e-05
5.514201620826497674e-05
2.560523280408233404e-04
1.438425388187170029e-04
6.189515261212363839e-05
5.378356945584528148e-05
5.234046693658456206e-05
5.195801350055262446e-05
5.551470167119987309e-05
7.855943113099783659e-05
7.174388883868232369e-05
5.445716669782996178e-05
5.495670848176814616e-05
5.235400021774694324e-05
2.003978879656642675e-04
8.798392809694632888e-05
5.601452721748501062e-05
5.939550101174972951e-05
5.786967813037335873e-05
5.461968976305797696e-05
3.875591501127928495e-04
6.896519334986805916e-05
5.601780139841139317e-05
5.474103818414732814e-05
5.627079372061416507e-05
7.366552017629146576e-05
4.097809433005750179e-04
1.079213616321794689e-04
5.368935671867802739e-05
5.363310265238396823e-05
5.214520206209272146e-05
1.730917138047516346e-04
6.698967627016827464e-05
6.820504495408385992e-05
7.199603714980185032e-05
5.354460154194384813e-05
5.329041596269235015e-05
5.518654143088497221e-05
1.226889144163578749e-04
1.211224589496850967e-04
6.328925519483163953e-05
5.229346061241813004e-05
5.164865069673396647e-05
5.433972546597942710e-05
5.447991861728951335e-05
6.970121467020362616e-05
8.192143286578357220e-05
7.626018486917018890e-05
5.015236092731356621e-05
6.158170435810461640e-05
3.137706080451607704e-04
5.729818440158851445e-05
6.091740942792966962e-05
5.199831866775639355e-05
6.730743189109489322e-05
5.239589881966821849e-05
8.781768265180289745e-04
5.624631739920005202e-05
6.211993604665622115e-05
5.572696318267844617e-05
5.426850475487299263e-05
5.929970211582258344e-05
5.063834396423771977e-05
5.252973278402350843e-05
5.961019996902905405e-05
4.360633902251720428e-04
5.968559707980602980e-05
5.413973485701717436e-05
5.051282641943544149e-05
6.092544936109334230e-05
1.714376849122345448e-04
5.667900768457911909e-05
5.126125324750319123e-05
5.374378088163211942e-05
1.290795335080474615e-04
9.066345955943688750e-05
6.812548963353037834e-05
5.900447285966947675e-05
2.809586585499346256e-04
7.147462747525423765e-05
6.033250247128307819e-05
8.096465899143368006e-05
1.117661377065815032e-04
6.520055467262864113e-05
6.821445276727899909e-05
7.049865962471812963e-05
2.240815811092033982e-04
6.446001498261466622e-05
5.779277853434905410e-05
4.828127930522896349e-05
5.876740397070534527e-05
5.125715688336640596e-05
1.239865086972713470e-04
1.967656426131725311e-04
5.551507638301700354e-05
4.982484824722632766e-05
5.565843093791045249e-05
4.836424341192469001e-05
5.110679921926930547e-05
3.966977819800376892e-04
9.369973849970847368e-05
5.084455187898129225e-05
5.737972605857066810e-05
5.211689131101593375e-05
4.809488891623914242e-04
8.056835213210433722e-05
5.150848301127552986e-05
5.805859836982563138e-05
4.852516940445639193e-05
1.363760966341942549e-04
8.330873970407992601e-05
5.655384302372112870e-05
4.997092764824628830e-05
1.995386264752596617e-04
9.548580419505015016e-05
5.816379416501149535e-05
4.711650763056240976e-05
6.578468310181051493e-05
5.766047979705035686e-04
7.503425877075642347e-05
5.292734931572340429e-05
6.213959568412974477e-05
4.583105328492820263e-05
4.568861550069414079e-05
4.971968883182853460e-05
4.733420792035758495e-05
4.959491707268171012e-05
1.102761525544337928e-04
4.704316233983263373e-05
7.566236308775842190e-05
1.128759831772185862e-04
4.556330532068386674e-05
6.533697160193696618e-05
2.493472711648792028e-04
5.702260023099370301e-05
5.432069519883953035e-05
7.299720164155587554e-05
1.294803223572671413e-04
4.904120578430593014e-05
4.714880560641176999e-05
2.279465843457728624e-04
1.073090461432002485e-04
5.799930659122765064e-05
7.496130274375900626e-05
5.285448787617497146e-05
6.687354471068829298e-05
3.463163448031991720e-04
8.911814802559092641e-05
5.709792822017334402e-05
4.397763768793083727e-05
4.877653191215358675e-05
6.204502278706058860e-05
5.094714651932008564e-05
5.778468403150327504e-05
4.818398156203329563e-05
5.749115007347427309e-05
6.130315887276083231e-05
4.765753328683786094e-05
5.906127262278459966e-05
2.285847585881128907e-04
1.019777919282205403e-04
5.388425415731035173e-05
8.323280781041830778e-05
8.883038390194997191e-05
5.886368671781383455e-05
6.096272409195080400e-05
2.409997687209397554e-04
1.018067705444991589e-04
4.623637141776271164e-05
4.419195101945661008e-05
4.846289812121540308e-05
2.005379647016525269e-04
5.382484596339054406e-05
6.471350934589281678e-05
4.903999433736316860e-05
4.552921745926141739e-05
4.392921982798725367e-05
8.341659849975258112e-05
8.393551252083852887e-05
6.531197868753224611e-05
5.120911737321875989e-05
1.796825672499835491e-04
4.572696707327850163e-05
1.717115665087476373e-04
1.223007129738107324e-04
7.668216130696237087e-05
1.475496537750586867e-04
5.685544238076545298e-05
4.906375397695228457e-05
1.466489193262532353e-04
1.390893739880993962e-04
6.279078661464154720e-05
5.928033715463243425e-05
5.818807767354883254e-05
1.345401542494073510e-04
4.828222154174000025e-05
5.539201811188831925e-05
8.734627772355452180e-05
3.525217762216925621e-04
5.581503501161932945e-05
4.792469917447306216e-05
4.108299981453455985e-05
4.024361260235309601e-05
4.010263364762067795e-05
4.003512003691866994e-05
8.490386971971020103e-05
2.336868346901610494e-04
7.287927292054519057e-05
4.480490315472707152e-05
4.067638292326591909e-05
3.986850788351148367e-05
3.982407724834047258e-05
7.098458445398136973e-05
5.277544551063328981e-05
6.750869943061843514e-05
5.110303391120396554e-05
8.344308298546820879e-05
1.227967732120305300e-04
7.255291711771860719e-05
6.077844227547757328e-05
4.095652911928482354e-05
4.066763794980943203e-04
5.097632310935296118e-05
5.658745430991984904e-05
6.745280552422627807e-05
1.051254585036076605e-04
6.449883949244394898e-05
8.902467379812151194e-05
7.164675480453297496e-05
5.350232822820544243e-05
6.258486246224492788e-05
3.687759453896433115e-04
5.553098890231922269e-05
5.267285814625211060e-05
4.089172944077290595e-05
8.671783143654465675e-05
6.540377944475039840e-05
5.612614404526539147e-05
5.722646892536431551e-05
8.092907955870032310e-05
7.012957939878106117e-05
6.684949039481580257e-05
1.061901202774606645e-04
5.351329673430882394e-05
4.380499740364030004e-05
2.945182786788791418e-04
6.050982483429834247e-05
5.762228465755470097e-05
1.074957108357921243e-04
5.068950486020185053e-05
5.544599480344913900e-05
6.286940333666279912e-05
4.414128488861024380e-04
6.623696390306577086e-05
4.409722896525636315e-05
3.910689702024683356e-05
5.130025238031521440e-05
8.093002543319016695e-05
7.302335143322125077e-05
5.946057353867217898e-05
1.082829112419858575e-04
5.630793020827695727e-05
4.749994695885106921e-05
2.200790186179801822e-04
7.140518573578447104e-05
3.924033444491215050e-05
1.558581425342708826e-04
1.274785900022834539e-04
6.957693403819575906e-05
3.952458791900426149e-05
4.033821096527390182e-05
1.903338998090475798e-04
1.093385290005244315e-04
9.696462802821770310e-05
4.120421363040804863e-05
1.198465251945890486e-04
1.098377324524335563e-04
6.189473060658201575e-05
7.925048703327775002e-05
5.435433195088990033e-05
3.757711965590715408e-05
6.950849638087674975e-05
5.381159135140478611e-04
1.485820248490199447e-04
4.160204480285756290e-05
3.696915518958121538e-05
3.664650284918025136e-05
3.716938590514473617e-05
1.643074501771479845e-04
1.547818828839808702e-04
6.582830246770754457e-05
4.482598887989297509e-05
4.765629273606464267e-05
1.887104008346796036e-04
6.338275125017389655e-05
3.722769179148599505e-05
3.700061351992189884e-04
4.685721069108694792e-05
4.769195220433175564e-05
3.922531686839647591e-05
1.464936503907665610e-04
1.004133009701035917e-04
6.278477667365223169e-05
8.436898497166112065e-05
5.233349293121136725e-05
1.636298693483695388e-04
7.995632768142968416e-05
4.030517084174789488e-05
8.628362411400303245e-05
4.331374293542467058e-05
9.754353959579020739e-05
7.836930308258160949e-05
5.885481004952453077e-05
4.100734659004956484e-04
7.127985736588016152e-05
3.665962867671623826e-05
3.592660141293890774e-05
4.090645234100520611e-05
2.203515905421227217e-04
9.024082100950181484e-05
4.526031625573523343e-05
3.807221582974307239e-05
4.399440513225272298e-05
2.429146261420100927e-04
7.887279207352548838e-05
4.680994970840401947e-05
5.337272523320280015e-05
1.475380267947912216e-04
5.992889418848790228e-05
1.033686639857478440e-04
3.630506034824065864e-05
4.748109859065152705e-05
8.155036630341783166e-05
7.961720257299020886e-05
3.837486292468383908e-05
3.544736318872310221e-05
