2.484772354364395142e-02
2.396805584430694580e-02
2.340872958302497864e-02
2.307349815964698792e-02
2.271910943090915680e-02
2.234468609094619751e-02
2.192411571741104126e-02
2.152065560221672058e-02
2.109412848949432373e-02
2.066568098962306976e-02
2.030592039227485657e-02
1.986766606569290161e-02
1.943130418658256531e-02
1.897639594972133636e-02
1.854398846626281738e-02
1.814630255103111267e-02
1.786278188228607178e-02
1.768215559422969818e-02
1.713188551366329193e-02
1.688984781503677368e-02
1.739613898098468781e-02
1.627833582460880280e-02
1.601982675492763519e-02
1.577394269406795502e-02
1.560484524816274643e-02
1.523764710873365402e-02
1.511659100651741028e-02
1.482090633362531662e-02
1.466649398207664490e-02
1.439842581748962402e-02
1.403227820992469788e-02
1.387628447264432907e-02
1.375722419470548630e-02
1.354301720857620239e-02
1.312036346644163132e-02
1.305755041539669037e-02
1.283707376569509506e-02
1.262224931269884109e-02
1.242160610854625702e-02
1.223505567759275436e-02
1.230166852474212646e-02
1.188868936151266098e-02
1.386785041540861130e-02
1.172713749110698700e-02
1.147408317774534225e-02
1.131863426417112350e-02
1.119759399443864822e-02
1.110581867396831512e-02
1.091475598514080048e-02
1.076767779886722565e-02
1.153575908392667770e-02
1.056969538331031799e-02
1.048866286873817444e-02
1.031538471579551697e-02
1.064788457006216049e-02
1.033514644950628281e-02
1.000450924038887024e-02
9.929127059876918793e-03
9.811045601963996887e-03
9.710273705422878265e-03
9.918758645653724670e-03
9.604758583009243011e-03
9.487786330282688141e-03
9.390854276716709137e-03
9.428524412214756012e-03
9.197426028549671173e-03
9.510804899036884308e-03
9.073285385966300964e-03
9.599912911653518677e-03
8.966101333498954773e-03
8.862907066941261292e-03
8.742713369429111481e-03
8.782105520367622375e-03
8.848106488585472107e-03
8.534091524779796600e-03
8.685627020895481110e-03
8.478358387947082520e-03
8.367485366761684418e-03
8.319410495460033417e-03
8.242653682827949524e-03
9.019468910992145538e-03
8.116995915770530701e-03
8.525590412318706512e-03
8.110741153359413147e-03
8.074991405010223389e-03
8.230496197938919067e-03
8.298525586724281311e-03
7.822318002581596375e-03
7.970448583364486694e-03
8.363317698240280151e-03
7.662741467356681824e-03
7.626546546816825867e-03
7.637434639036655426e-03
8.253686130046844482e-03
7.522332482039928436e-03
7.614378351718187332e-03
8.436623029410839081e-03
7.479215040802955627e-03
7.304149214178323746e-03
8.076618425548076630e-03
7.761955261230468750e-03
7.192303892225027084e-03
7.125938776880502701e-03
7.065518293529748917e-03
7.041783072054386139e-03
7.184690330177545547e-03
6.995939183980226517e-03
7.144869305193424225e-03
7.407747674733400345e-03
6.915511563420295715e-03
6.822535768151283264e-03
7.135937456041574478e-03
7.515698205679655075e-03
6.716315168887376785e-03
6.669206079095602036e-03
6.646389141678810120e-03
6.671560462564229965e-03
6.844885181635618210e-03
6.695035379379987717e-03
6.645560264587402344e-03
6.515342742204666138e-03
6.480721756815910339e-03
6.423929706215858459e-03
6.396456155925989151e-03
6.352039519697427750e-03
6.845900788903236389e-03
6.352047435939311981e-03
6.274794694036245346e-03
6.273353938013315201e-03
6.317367311567068100e-03
6.999714300036430359e-03
6.268882658332586288e-03
6.160590332001447678e-03
6.092500872910022736e-03
6.197934038937091827e-03
6.248545367270708084e-03
7.184504996985197067e-03
6.041351705789566040e-03
5.987695418298244476e-03
5.953194107860326767e-03
5.932265426963567734e-03
5.939471535384654999e-03
7.385061122477054596e-03
6.002080161124467850e-03
5.845139734447002411e-03
5.892516579478979111e-03
6.574535276740789413e-03
5.959596019238233566e-03
5.811215844005346298e-03
5.829269532114267349e-03
5.743132904171943665e-03
5.819812882691621780e-03
5.700729787349700928e-03
5.838170647621154785e-03
5.626541096717119217e-03
5.586212035268545151e-03
5.582647398114204407e-03
5.567894317209720612e-03
6.360761821269989014e-03
5.763881839811801910e-03
5.512998905032873154e-03
5.609109066426753998e-03
6.750072352588176727e-03
5.447713192552328110e-03
5.501872394233942032e-03
5.392573308199644089e-03
5.385904572904109955e-03
5.350954364985227585e-03
5.333631765097379684e-03
6.544744595885276794e-03
5.999942775815725327e-03
5.303721409291028976e-03
5.275438074022531509e-03
5.335227120667695999e-03
5.295344628393650055e-03
5.346299614757299423e-03
5.342632532119750977e-03
5.275205709040164948e-03
5.224233027547597885e-03
5.499405320733785629e-03
5.476229358464479446e-03
5.152449943125247955e-03
5.163774825632572174e-03
7.243984378874301910e-03
5.492241121828556061e-03
5.086290184408426285e-03
5.059987306594848633e-03
5.107036791741847992e-03
6.447630003094673157e-03
5.086190998554229736e-03
5.008666310459375381e-03
5.067746154963970184e-03
5.082482006400823593e-03
5.262189079076051712e-03
5.116314161568880081e-03
4.942716099321842194e-03
5.022207275032997131e-03
4.970591515302658081e-03
6.001867353916168213e-03
5.049082916229963303e-03
4.952959716320037842e-03
5.362515803426504135e-03
4.980379715561866760e-03
4.869820084422826767e-03
4.961273632943630219e-03
4.819713067263364792e-03
7.791158277541399002e-03
4.786341451108455658e-03
4.907701630145311356e-03
4.759009461849927902e-03
4.828541539609432220e-03
5.399661138653755188e-03
5.194281693547964096e-03
4.895883612334728241e-03
4.985266830772161484e-03
4.957559052854776382e-03
4.671648144721984863e-03
4.650835413485765457e-03
5.837453994899988174e-03
4.712942522019147873e-03
4.620302934199571609e-03
5.517655517905950546e-03
4.925776738673448563e-03
4.599498119205236435e-03
4.601552616804838181e-03
4.618318751454353333e-03
4.708854947239160538e-03
4.803033545613288879e-03
4.583781585097312927e-03
4.745068959891796112e-03
4.635909572243690491e-03
4.963876679539680481e-03
4.505212884396314621e-03
4.760008305311203003e-03
4.754580557346343994e-03
4.670999478548765182e-03
4.684515297412872314e-03
4.663504660129547119e-03
4.454479552805423737e-03
4.531939513981342316e-03
4.603917244821786880e-03
4.690619185566902161e-03
4.610667936503887177e-03
4.656955134123563766e-03
4.444256890565156937e-03
4.401846323162317276e-03
4.408798646181821823e-03
4.367679823189973831e-03
5.169344134628772736e-03
4.603679757565259933e-03
4.581221845000982285e-03
4.611046984791755676e-03
4.495154600590467453e-03
4.510700237005949020e-03
4.328685346990823746e-03
4.485260229557752609e-03
4.626966547220945358e-03
4.406032152473926544e-03
4.413897637277841568e-03
4.288311116397380829e-03
4.580418579280376434e-03
4.509707447141408920e-03
4.302315879613161087e-03
4.244840238243341446e-03
4.294725600630044937e-03
4.429203458130359650e-03
4.247864708304405212e-03
4.283093847334384918e-03
4.759913776069879532e-03
4.567868541926145554e-03
4.220895469188690186e-03
4.644540604203939438e-03
4.853687714785337448e-03
4.269510041922330856e-03
4.257705993950366974e-03
5.455763079226016998e-03
4.356293939054012299e-03
4.145757295191287994e-03
5.187563132494688034e-03
4.367110319435596466e-03
4.150812514126300812e-03
4.633943550288677216e-03
4.319651518017053604e-03
4.256018437445163727e-03
4.123105201870203018e-03
4.120347555726766586e-03
4.833829123526811600e-03
4.544262774288654327e-03
4.158514086157083511e-03
4.101286642253398895e-03
4.866075236350297928e-03
5.211172625422477722e-03
4.176525864750146866e-03
4.103534854948520660e-03
4.050787538290023804e-03
4.041263367980718613e-03
7.237325888127088547e-03
4.286859184503555298e-03
4.082673229277133942e-03
4.054113756865262985e-03
4.022734705358743668e-03
4.580184817314147949e-03
5.037522874772548676e-03
4.329122137278318405e-03
4.006481263786554337e-03
3.995567094534635544e-03
3.991128411144018173e-03
4.794969689100980759e-03
4.350379575043916702e-03
4.008815158158540726e-03
3.984249662607908249e-03
7.651323452591896057e-03
3.976050298660993576e-03
4.019507672637701035e-03
3.956414759159088135e-03
3.961526323109865189e-03
7.016167975962162018e-03
4.366280511021614075e-03
3.996142186224460602e-03
3.979085013270378113e-03
5.344525445252656937e-03
3.975410014390945435e-03
3.920605406165122986e-03
4.316110163927078247e-03
4.021471366286277771e-03
3.920605406165122986e-03
3.898920724168419838e-03
4.086145665496587753e-03
4.049482289701700211e-03
3.937176894396543503e-03
3.879304043948650360e-03
3.887408878654241562e-03
5.944062490016222000e-03
4.032961558550596237e-03
3.911093808710575104e-03
3.864119760692119598e-03
3.859246382489800453e-03
3.858181647956371307e-03
4.764535930007696152e-03
4.031009972095489502e-03
3.907586913555860519e-03
3.838051576167345047e-03
3.873766399919986725e-03
5.688735283911228180e-03
4.203327931463718414e-03
3.829050343483686447e-03
3.821750869974493980e-03
3.818789031356573105e-03
3.821280086413025856e-03
3.874730784446001053e-03
3.973542712628841400e-03
3.814162686467170715e-03
3.816324053332209587e-03
4.003302194178104401e-03
3.891046391800045967e-03
3.828433342278003693e-03
3.796163713559508324e-03
6.090849172323942184e-03
4.217359703034162521e-03
3.832139540463685989e-03
3.773642238229513168e-03
3.928796388208866119e-03
4.682203289121389389e-03
3.771372605115175247e-03
3.762308275327086449e-03
3.765978384763002396e-03
4.963475279510021210e-03
3.769432660192251205e-03
3.751276526600122452e-03
3.762582084164023399e-03
3.743533743545413017e-03
6.908307317644357681e-03
4.191810730844736099e-03
3.783462801948189735e-03
3.752627875655889511e-03
3.735538106411695480e-03
3.727060742676258087e-03
7.932791486382484436e-03
3.975794650614261627e-03
3.772964002564549446e-03
3.715379862114787102e-03
3.740772837772965431e-03
6.648742128163576126e-03
3.749247640371322632e-03
3.707878291606903076e-03
3.715007565915584564e-03
3.698191605508327484e-03
3.936473280191421509e-03
5.255017429590225220e-03
3.855471266433596611e-03
3.715617815032601357e-03
3.693962469696998596e-03
3.687805263325572014e-03
3.682776121422648430e-03
3.678438486531376839e-03
3.673530649393796921e-03
3.699600463733077049e-03
5.331669934093952179e-03
3.639470553025603294e-03
5.352532491087913513e-03
5.340662319213151932e-03
3.968639299273490906e-03
3.721121931448578835e-03
3.714090911671519279e-03
3.709988901391625404e-03
3.706870367750525475e-03
3.703985130414366722e-03
3.701091511175036430e-03
3.698548767715692520e-03
3.695448627695441246e-03
3.692752914503216743e-03
3.690767334774136543e-03
3.691344987601041794e-03
3.961183596402406693e-03
4.005600698292255402e-03
3.686569631099700928e-03
3.703152760863304138e-03
3.678768873214721680e-03
6.454273127019405365e-03
4.443566314876079559e-03
3.776930039748549461e-03
3.674929263070225716e-03
3.669307800009846687e-03
3.663975046947598457e-03
3.740319982171058655e-03
4.913223907351493835e-03
3.820321289822459221e-03
3.696166677400469780e-03
3.665552241727709770e-03
4.193028435111045837e-03
4.398244433104991913e-03
3.751475131139159203e-03
3.655603621155023575e-03
3.706776304170489311e-03
5.251641385257244110e-03
3.910847473889589310e-03
3.659465117380023003e-03
3.636831883341073990e-03
3.742071101441979408e-03
4.475802183151245117e-03
3.708234289661049843e-03
3.631061175838112831e-03
3.641897812485694885e-03
3.626204095780849457e-03
4.076448734849691391e-03
4.347535315901041031e-03
3.717649960890412331e-03
3.661669092252850533e-03
3.633087733760476112e-03
6.632236763834953308e-03
3.927150741219520569e-03
3.658896079286932945e-03
3.611087100580334663e-03
3.669956000521779060e-03
5.094538442790508270e-03
3.662055125460028648e-03
3.604277735576033592e-03
4.109417088329792023e-03
4.259714856743812561e-03
3.665775293484330177e-03
3.659814130514860153e-03
3.652476472780108452e-03
5.553540773689746857e-03
3.743364010006189346e-03
3.623756580054759979e-03
3.596555907279253006e-03
3.602541750296950340e-03
6.551531609147787094e-03
3.971562720835208893e-03
3.586441744118928909e-03
3.591313026845455170e-03
3.581018419936299324e-03
3.579796524718403816e-03
3.660650691017508507e-03
3.581403987482190132e-03
3.751090494915843010e-03
3.609038656577467918e-03
3.584335325285792351e-03
3.573847003281116486e-03
5.060198251157999039e-03
3.668179269880056381e-03
3.670141566544771194e-03
3.573661670088768005e-03
3.565551945939660072e-03
3.632270032539963722e-03
3.819323144853115082e-03
3.585994010791182518e-03
3.559049218893051147e-03
3.563124919310212135e-03
3.587529063224792480e-03
6.103273481130599976e-03
3.846117295324802399e-03
3.588163992390036583e-03
3.561087884008884430e-03
3.702702466398477554e-03
3.554708091542124748e-03
3.554606344550848007e-03
3.595846472308039665e-03
3.606672398746013641e-03
4.168719518929719925e-03
3.817958291620016098e-03
3.645345335826277733e-03
3.576327813789248466e-03
5.827691406011581421e-03
3.605705918744206429e-03
3.541812067851424217e-03
3.562363330274820328e-03
3.532758913934230804e-03
3.531519323587417603e-03
1.087142433971166611e-02
4.779694601893424988e-03
3.589390544220805168e-03
3.555354895070195198e-03
3.534657182171940804e-03
3.526582382619380951e-03
3.524091094732284546e-03
3.522124839946627617e-03
3.528604283928871155e-03
3.682729322463274002e-03
3.742867615073919296e-03
3.561406396329402924e-03
3.846943611279129982e-03
3.886235877871513367e-03
3.516152733936905861e-03
3.515080548822879791e-03
3.615830559283494949e-03
3.514129668474197388e-03
3.527912078425288200e-03
3.531560301780700684e-03
3.527639666572213173e-03
3.900992684066295624e-03
3.811146831139922142e-03
3.532927250489592552e-03
3.538646735250949860e-03
3.542782505974173546e-03
3.520451253280043602e-03
3.725351067259907722e-03
3.502261359244585037e-03
3.500853199511766434e-03
3.494939301162958145e-03
3.493654308840632439e-03
4.933798220008611679e-03
3.657179418951272964e-03
3.600301453843712807e-03
3.506722394376993179e-03
3.489440539851784706e-03
3.627131693065166473e-03
3.934169188141822815e-03
3.545836545526981354e-03
3.886623308062553406e-03
3.507469315081834793e-03
3.535378491505980492e-03
3.938410896807909012e-03
3.496698103845119476e-03
3.673063823953270912e-03
4.890975076705217361e-03
3.504133783280849457e-03
3.499504411593079567e-03
3.475684905424714088e-03
3.473872551694512367e-03
3.619274124503135681e-03
3.713350044563412666e-03
3.549238899722695351e-03
3.479099599644541740e-03
3.499194746837019920e-03
3.969391342252492905e-03
4.180260933935642242e-03
3.568387124687433243e-03
3.488856134936213493e-03
3.588658291846513748e-03
3.994634374976158142e-03
3.479601582512259483e-03
3.482490777969360352e-03
4.361938685178756714e-03
3.469655290246009827e-03
3.612317843362689018e-03
3.487578593194484711e-03
3.456610953435301781e-03
3.488614689558744431e-03
4.742813762277364731e-03
3.646709024906158447e-03
3.477747784927487373e-03
3.505409695208072662e-03
3.575935028493404388e-03
3.616277128458023071e-03
3.504894906654953957e-03
3.454385558143258095e-03
3.497388213872909546e-03
4.533977713435888290e-03
3.742520697414875031e-03
3.634997643530368805e-03
3.742990083992481232e-03
3.553750691935420036e-03
3.617120441049337387e-03
4.156931303441524506e-03
3.557106014341115952e-03
3.443961730226874352e-03
3.439206164330244064e-03
1.057964190840721130e-02
4.772748332470655441e-03
3.492145333439111710e-03
3.463837783783674240e-03
3.441571956500411034e-03
3.438277868553996086e-03
3.436820348724722862e-03
3.436957718804478645e-03
3.436557482928037643e-03
3.536837175488471985e-03
4.130240064114332199e-03
3.664806950837373734e-03
3.590405685827136040e-03
3.473513061180710793e-03
3.659230191260576248e-03
3.531626425683498383e-03
3.445633919909596443e-03
3.462886437773704529e-03
3.462078748270869255e-03
4.881556145846843719e-03
3.530148649588227272e-03
3.442935179919004440e-03
3.431262681260704994e-03
6.112647708505392075e-03
3.524759551510214806e-03
3.484396729618310928e-03
3.423675429075956345e-03
3.427775111049413681e-03
3.535331459715962410e-03
4.360633902251720428e-03
3.606579033657908440e-03
3.440682077780365944e-03
6.684340070933103561e-03
3.629097016528248787e-03
3.436241764575242996e-03
3.432981204241514206e-03
3.425875212997198105e-03
4.408923443406820297e-03
3.837399184703826904e-03
3.411734709516167641e-03
3.507226472720503807e-03
4.549657460302114487e-03
3.430059412494301796e-03
3.473776392638683319e-03
4.298483952879905701e-03
3.871305147185921669e-03
3.407915355637669563e-03
3.496309742331504822e-03
4.805095959454774857e-03
3.516830038279294968e-03
3.491686191409826279e-03
3.785436274483799934e-03
3.713221289217472076e-03
3.422308713197708130e-03
3.408217336982488632e-03
3.450139192864298820e-03
3.809789894148707390e-03
3.513821633532643318e-03
3.441295353695750237e-03
3.408288350328803062e-03
3.435875056311488152e-03
4.193587228655815125e-03
3.590560983866453171e-03
3.413135185837745667e-03
4.778702277690172195e-03
3.542353399097919464e-03
3.423232585191726685e-03
3.433696692809462547e-03
3.843100741505622864e-03
3.406531177461147308e-03
3.393250750377774239e-03
3.403013106435537338e-03
3.476745681837201118e-03
4.496449138969182968e-03
3.437647363170981407e-03
3.517299657687544823e-03
4.208815749734640121e-03
3.629526589065790176e-03
3.447215305641293526e-03
4.464628174901008606e-03
3.637522924691438675e-03
3.448235802352428436e-03
4.920454230159521103e-03
3.396364860236644745e-03
3.395942272618412971e-03
3.978910390287637711e-03
3.413351718336343765e-03
3.429879201576113701e-03
4.265699069947004318e-03
3.841130062937736511e-03
3.476852085441350937e-03
3.380900947377085686e-03
3.457214916124939919e-03
4.500631708651781082e-03
3.397436114028096199e-03
3.384454874321818352e-03
3.830733243376016617e-03
3.648275276646018028e-03
3.444852307438850403e-03
3.480684710666537285e-03
3.876132890582084656e-03
3.426306415349245071e-03
3.410033416002988815e-03
3.964580595493316650e-03
3.382609225809574127e-03
3.570826724171638489e-03
4.176025744527578354e-03
3.587687388062477112e-03
3.437417093664407730e-03
4.596205428242683411e-03
3.607079619541764259e-03
3.499234328046441078e-03
3.640309907495975494e-03
3.373112762346863747e-03
3.510942216962575912e-03
3.380881156772375107e-03
4.762802273035049438e-03
3.498120931908488274e-03
3.448663745075464249e-03
3.424496855586767197e-03
4.028951749205589294e-03
3.543014172464609146e-03
3.440245985984802246e-03
3.952823579311370850e-03
3.453116398304700851e-03
3.383702365681529045e-03
4.172375425696372986e-03
3.601774573326110840e-03
3.475558012723922729e-03
3.713135141879320145e-03
3.377035260200500488e-03
3.386077471077442169e-03
3.487046342343091965e-03
4.698048811405897141e-03
3.436678089201450348e-03
3.442790592089295387e-03
3.453971585258841515e-03
4.787553567439317703e-03
3.518595825880765915e-03
3.381649963557720184e-03
3.384209470823407173e-03
5.662882234901189804e-03
3.569544525817036629e-03
3.356019500643014908e-03
3.366215853020548820e-03
3.904291195794939995e-03
3.843038575723767281e-03
3.360106609761714935e-03
3.366032149642705917e-03
3.759420244023203850e-03
3.636745037510991096e-03
3.381525864824652672e-03
3.367575816810131073e-03
3.480664454400539398e-03
3.576562972739338875e-03
3.533903742209076881e-03
3.376791253685951233e-03
3.387155011296272278e-03
3.387757577002048492e-03
5.062896758317947388e-03
3.350624348968267441e-03
3.372496459633111954e-03
3.509740112349390984e-03
4.023455549031496048e-03
3.350058104842901230e-03
3.448996227234601974e-03
4.772939719259738922e-03
3.456082893535494804e-03
3.387955715879797935e-03
3.484901506453752518e-03
3.433599602431058884e-03
3.452691715210676193e-03
3.342194482684135437e-03
3.343576099723577499e-03
3.625257173553109169e-03
3.425591625273227692e-03
3.419397631660103798e-03
3.390674712136387825e-03
4.402155522257089615e-03
3.370797261595726013e-03
3.370534395799040794e-03
3.346093697473406792e-03
3.374822204932570457e-03
3.856283845379948616e-03
3.392126178368926048e-03
3.354707034304738045e-03
4.029303789138793945e-03
3.478526137769222260e-03
3.338621696457266808e-03
4.105340223759412766e-03
3.689071163535118103e-03
3.409438300877809525e-03
3.343286225572228432e-03
6.820642855018377304e-03
3.583385609090328217e-03
3.339140210300683975e-03
3.342862240970134735e-03
3.339269896969199181e-03
3.699029330164194107e-03
3.360227681696414948e-03
3.403603797778487206e-03
3.400135552510619164e-03
5.143758840858936310e-03
3.392192069441080093e-03
3.421592060476541519e-03
3.338696202263236046e-03
5.605458747595548630e-03
3.450077027082443237e-03
3.329407889395952225e-03
3.334610257297754288e-03
3.542960854247212410e-03
3.683251328766345978e-03
3.383039264008402824e-03
3.353002248331904411e-03
4.704421386122703552e-03
3.332024440169334412e-03
3.324148710817098618e-03
3.350319107994437218e-03
3.337326459586620331e-03
4.608256742358207703e-03
3.522340208292007446e-03
3.362981369718909264e-03
3.329269820824265480e-03
3.934570122510194778e-03
3.726748982444405556e-03
3.361986484378576279e-03
3.427119925618171692e-03
4.327112808823585510e-03
3.552228212356567383e-03
3.406780306249856949e-03
4.439353942871093750e-03
3.389419289305806160e-03
3.443241585046052933e-03
3.968304023146629333e-03
3.571138950064778328e-03
3.417533822357654572e-03
3.603683784604072571e-03
3.417670726776123047e-03
3.345272969454526901e-03
3.428269643336534500e-03
4.938337486237287521e-03
3.316368209198117256e-03
3.321024123579263687e-03
3.586815437301993370e-03
3.322400152683258057e-03
3.425533883273601532e-03
3.313209628686308861e-03
4.098068922758102417e-03
3.446745686233043671e-03
3.369197016581892967e-03
3.313268302008509636e-03
3.326651640236377716e-03
3.310191677883267403e-03
3.606684040278196335e-03
4.419118165969848633e-03
3.373249666765332222e-03
3.329986240714788437e-03
3.313214750960469246e-03
3.327392274513840675e-03
3.505605272948741913e-03
3.311387728899717331e-03
3.419561544433236122e-03
3.307892940938472748e-03
3.947827499359846115e-03
3.676841733977198601e-03
3.307614941149950027e-03
3.327696584165096283e-03
3.311529057100415230e-03
3.311155829578638077e-03
6.310266908258199692e-03
3.820684505626559258e-03
3.355082124471664429e-03
3.318567061796784401e-03
3.302805591374635696e-03
3.590834792703390121e-03
3.358483081683516502e-03
3.361463546752929688e-03
3.435961902141571045e-03
4.064292181283235550e-03
3.383586648851633072e-03
3.535497002303600311e-03
3.422668203711509705e-03
3.303389064967632294e-03
3.708773292601108551e-03
3.338658250868320465e-03
3.362770657986402512e-03
3.505890956148505211e-03
3.753120778128504753e-03
3.529145382344722748e-03
3.376120002940297127e-03
5.232980940490961075e-03
3.435536753386259079e-03
3.323080716654658318e-03
3.341772127896547318e-03
4.753939341753721237e-03
3.432991215959191322e-03
3.355096094310283661e-03
3.495773067697882652e-03
3.340066177770495415e-03
3.386116353794932365e-03
3.307368606328964233e-03
3.329703118652105331e-03
4.144405014812946320e-03
3.306411439552903175e-03
3.316229209303855896e-03
3.296392736956477165e-03
3.363908967003226280e-03
3.708220319822430611e-03
3.452799981459975243e-03
3.334923880174756050e-03
3.361562034115195274e-03
3.742442000657320023e-03
3.560841549187898636e-03
3.296643728390336037e-03
3.410188714042305946e-03
3.833063645288348198e-03
3.535388270393013954e-03
3.389533376321196556e-03
4.414167255163192749e-03
3.441040171310305595e-03
3.341762349009513855e-03
4.635477904230356216e-03
3.288844134658575058e-03
3.293923102319240570e-03
3.350435523316264153e-03
3.330711508169770241e-03
3.486403264105319977e-03
3.310295753180980682e-03
3.292594105005264282e-03
3.343668999150395393e-03
4.097613971680402756e-03
3.468749346211552620e-03
3.523571882396936417e-03
3.392017213627696037e-03
3.483837703242897987e-03
3.383888863027095795e-03
3.313821973279118538e-03
3.504067426547408104e-03
3.440511645749211311e-03
3.346255514770746231e-03
3.292233683168888092e-03
3.391977632418274879e-03
3.326470032334327698e-03
3.319145413115620613e-03
3.292920766398310661e-03
3.353168489411473274e-03
4.289799835532903671e-03
3.323332406580448151e-03
3.561111865565180779e-03
3.403832670301198959e-03
3.375225933268666267e-03
3.318018047139048576e-03
3.299550618976354599e-03
3.320188960060477257e-03
3.277742769569158554e-03
3.770999843254685402e-03
4.035620950162410736e-03
3.374180058017373085e-03
3.289548214524984360e-03
3.275868017226457596e-03
4.536013118922710419e-03
3.305075224488973618e-03
3.277668729424476624e-03
3.302730154246091843e-03
3.288152860477566719e-03
4.296608734875917435e-03
3.574299393221735954e-03
3.418704029172658920e-03
3.421419067308306694e-03
3.408164484426379204e-03
3.392594866454601288e-03
3.289953805506229401e-03
4.316595382988452911e-03
3.522936487570405006e-03
3.373062703758478165e-03
4.054214805364608765e-03
3.447019495069980621e-03
3.431553021073341370e-03
3.395220963284373283e-03
3.329568076878786087e-03
3.312005661427974701e-03
4.469988401979207993e-03
3.495714860036969185e-03
3.273899666965007782e-03
3.378442488610744476e-03
4.108588211238384247e-03
3.424432827159762383e-03
3.375381231307983398e-03
4.001321736723184586e-03
3.411396173760294914e-03
3.296666778624057770e-03
4.843459464609622955e-03
3.388169687241315842e-03
3.333057975396513939e-03
3.286778228357434273e-03
3.294235793873667717e-03
4.889601841568946838e-03
3.449782263487577438e-03
3.280224278569221497e-03
3.307916224002838135e-03
4.319431260228157043e-03
3.268924076110124588e-03
3.314476460218429565e-03
3.988567274063825607e-03
3.675033105537295341e-03
3.270422108471393585e-03
3.401670604944229126e-03
3.902558004483580589e-03
3.392507089301943779e-03
3.449792740866541862e-03
3.902922384440898895e-03
3.268858883529901505e-03
4.196756519377231598e-03
3.501971485093235970e-03
3.367004450410604477e-03
4.177920985966920853e-03
3.308582352474331856e-03
3.460993058979511261e-03
3.590108593925833702e-03
3.441534936428070068e-03
4.186226986348628998e-03
3.263200633227825165e-03
3.296524286270141602e-03
4.098736681044101715e-03
3.665355267003178596e-03
3.306327154859900475e-03
3.256676252931356430e-03
3.840540070086717606e-03
3.746866481378674507e-03
3.259532153606414795e-03
3.278206102550029755e-03
3.883062163367867470e-03
3.787998342886567116e-03
3.270769957453012466e-03
3.258526790887117386e-03
3.650910919532179832e-03
3.621314186602830887e-03
3.268677275627851486e-03
3.282851539552211761e-03
3.898883936926722527e-03
3.814065363258123398e-03
3.303673351183533669e-03
3.289735876023769379e-03
3.706785617396235466e-03
3.265210194513201714e-03
3.279116470366716385e-03
3.428694093599915504e-03
4.288161639124155045e-03
3.355618566274642944e-03
3.275993745774030685e-03
3.252586582675576210e-03
3.287497209385037422e-03
4.562528338283300400e-03
3.268905216827988625e-03
3.248302498832345009e-03
3.730773227289319038e-03
3.664487507194280624e-03
3.257769159972667694e-03
3.283057827502489090e-03
3.950551152229309082e-03
3.750199219211935997e-03
3.265031846240162849e-03
3.244983730837702751e-03
3.679223824292421341e-03
3.970263991504907608e-03
3.382648807018995285e-03
3.247940214350819588e-03
3.249898785725235939e-03
3.832959802821278572e-03
3.880108706653118134e-03
3.334771608933806419e-03
3.255758201703429222e-03
3.309303428977727890e-03
4.593270830810070038e-03
3.504940774291753769e-03
3.246832871809601784e-03
3.243824001401662827e-03
3.533315844833850861e-03
3.819009056314826012e-03
3.351148916408419609e-03
3.242465667426586151e-03
3.240923630073666573e-03
3.489214461296796799e-03
3.678739303722977638e-03
3.313406137749552727e-03
3.245840314775705338e-03
3.286048304289579391e-03
3.664302174001932144e-03
3.425882896408438683e-03
3.271261462941765785e-03
3.312259446829557419e-03
4.726675804704427719e-03
3.330750158056616783e-03
3.259882563725113869e-03
3.334516659379005432e-03
4.830802790820598602e-03
3.413875121623277664e-03
3.239586018025875092e-03
3.267056541517376900e-03
3.561904653906822205e-03
4.066587425768375397e-03
3.341749776154756546e-03
3.254899987950921059e-03
3.244449850171804428e-03
3.482823027297854424e-03
3.324672114104032516e-03
3.285922575742006302e-03
3.233792493119835854e-03
3.878443501889705658e-03
3.324816003441810608e-03
3.358444664627313614e-03
3.245403524488210678e-03
3.241892205551266670e-03
3.246573964133858681e-03
3.524491796270012856e-03
3.236145479604601860e-03
3.303924342617392540e-03
3.269311273470520973e-03
5.491937045007944107e-03
3.474890021607279778e-03
3.267247462645173073e-03
3.273770911619067192e-03
3.255572170019149780e-03
5.602878518402576447e-03
3.462064545601606369e-03
3.256435971707105637e-03
3.250100417062640190e-03
3.238674718886613846e-03
5.470611620694398880e-03
3.534078132361173630e-03
3.278200747445225716e-03
3.231592709198594093e-03
3.225849242880940437e-03
3.435038262978196144e-03
3.382037160918116570e-03
3.249901346862316132e-03
3.231177106499671936e-03
3.226879285648465157e-03
3.413290251046419144e-03
3.526600543409585953e-03
3.375286236405372620e-03
3.258771495893597603e-03
3.232533344998955727e-03
3.251151880249381065e-03
5.709792021661996841e-03
3.571449080482125282e-03
3.264782950282096863e-03
3.250491572543978691e-03
3.238104050979018211e-03
3.444463247433304787e-03
3.608744358643889427e-03
3.312863875180482864e-03
3.224989864975214005e-03
3.232028568163514137e-03
3.273506881669163704e-03
4.037053789943456650e-03
3.434931160882115364e-03
3.240582766011357307e-03
3.224523738026618958e-03
3.218721831217408180e-03
3.230981994420289993e-03
3.874229034408926964e-03
3.365918528288602829e-03
3.312665270641446114e-03
3.239763900637626648e-03
3.217780264094471931e-03
3.230232279747724533e-03
3.391785779967904091e-03
3.912671934813261032e-03
3.370670136064291000e-03
3.252638038247823715e-03
3.218675497919321060e-03
3.235364565625786781e-03
4.057459998875856400e-03
3.267218125984072685e-03
3.299386240541934967e-03
3.227156819775700569e-03
3.213548799976706505e-03
3.252050373703241348e-03
3.855189774185419083e-03
3.695892635732889175e-03
3.271188819780945778e-03
3.243361599743366241e-03
3.234570845961570740e-03
3.921580966562032700e-03
3.585051046684384346e-03
3.215437522158026695e-03
3.213203046470880508e-03
3.210670547559857368e-03
3.317899769172072411e-03
3.422586712986230850e-03
3.246758598834276199e-03
3.225206164643168449e-03
3.225482068955898285e-03
3.242737846449017525e-03
3.706469899043440819e-03
3.840063698589801788e-03
3.241959726437926292e-03
3.242181381210684776e-03
3.214021911844611168e-03
3.209501737728714943e-03
6.243597250431776047e-03
3.794728545472025871e-03
3.299886360764503479e-03
3.214803291484713554e-03
3.208511974662542343e-03
3.208413254469633102e-03
3.227573586627840996e-03
4.491651896387338638e-03
3.253442468121647835e-03
3.211503615602850914e-03
3.246106207370758057e-03
3.231556154787540436e-03
4.254243802279233932e-03
3.360829548910260201e-03
3.226641099900007248e-03
3.244380932301282883e-03
3.226789180189371109e-03
4.141169600188732147e-03
3.399380482733249664e-03
3.207756672054529190e-03
3.219258040189743042e-03
3.212044946849346161e-03
3.414859995245933533e-03
3.878351300954818726e-03
3.356198081746697426e-03
3.228002227842807770e-03
3.214688738808035851e-03
3.263582009822130203e-03
5.457248538732528687e-03
3.534853225573897362e-03
3.265512874349951744e-03
3.214870812371373177e-03
3.220414742827415466e-03
5.842560902237892151e-03
3.575684502720832825e-03
3.250574693083763123e-03
3.222152823582291603e-03
3.216039855033159256e-03
3.412566846236586571e-03
3.212506417185068130e-03
3.216130426153540611e-03
3.233328461647033691e-03
3.209841903299093246e-03
4.195263143628835678e-03
3.324156394228339195e-03
3.200644161552190781e-03
3.208897542208433151e-03
3.200917504727840424e-03
3.324039513245224953e-03
3.208369482308626175e-03
3.265975043177604675e-03
3.212868236005306244e-03
3.205499611794948578e-03
3.224684391170740128e-03
5.268357694149017334e-03
3.329297760501503944e-03
3.247289918363094330e-03
3.193948883563280106e-03
3.198150545358657837e-03
3.478690283372998238e-03
4.068488255143165588e-03
3.320752875879406929e-03
3.224196145310997963e-03
3.197678830474615097e-03
3.232993418350815773e-03
5.636650603264570236e-03
3.457425860688090324e-03
3.233599010854959488e-03
3.190562361851334572e-03
3.234791336581110954e-03
4.974319133907556534e-03
3.263236721977591515e-03
3.215247998014092445e-03
3.196051344275474548e-03
3.211450763046741486e-03
3.498231759294867516e-03
3.719477914273738861e-03
3.294681664556264877e-03
3.190583316609263420e-03
3.187452442944049835e-03
3.350806422531604767e-03
3.949098289012908936e-03
3.319529118016362190e-03
3.195932600647211075e-03
3.197301412001252174e-03
3.192120697349309921e-03
3.710793098434805870e-03
3.898640628904104233e-03
3.288922831416130066e-03
3.204654902219772339e-03
3.184872679412364960e-03
3.409223398193717003e-03
4.252083133906126022e-03
3.257519099861383438e-03
3.195965196937322617e-03
3.191197989508509636e-03
3.205021377652883530e-03
4.043468739837408066e-03
3.381011541932821274e-03
3.196807112544775009e-03
3.223922103643417358e-03
3.208674490451812744e-03
3.594045760110020638e-03
3.833274124190211296e-03
3.251723945140838623e-03
3.185404464602470398e-03
3.212484531104564667e-03
4.114930517971515656e-03
3.459645900875329971e-03
3.211736213415861130e-03
3.212399547919631004e-03
3.203757805749773979e-03
3.786554327234625816e-03
3.866048064082860947e-03
3.274874063208699226e-03
3.182579763233661652e-03
3.192124422639608383e-03
4.030846524983644485e-03
3.350400133058428764e-03
3.185487119480967522e-03
3.184692002832889557e-03
3.181051230058073997e-03
3.298648167401552200e-03
3.182106185704469681e-03
3.205286106094717979e-03
3.178236074745655060e-03
3.182898275554180145e-03
3.222803119570016861e-03
5.640376359224319458e-03
3.526082728058099747e-03
3.228001296520233154e-03
3.176602069288492203e-03
3.186544636264443398e-03
3.461145097389817238e-03
3.860954893752932549e-03
3.284331411123275757e-03
3.180105471983551979e-03
3.181096632033586502e-03
3.447816940024495125e-03
3.567042760550975800e-03
3.208460053429007530e-03
3.194717923179268837e-03
3.201314015313982964e-03
3.692829748615622520e-03
3.813838353380560875e-03
3.246807726100087166e-03
3.194184741005301476e-03
3.183851251378655434e-03
3.499631071463227272e-03
3.839073237031698227e-03
3.281873650848865509e-03
3.172770375385880470e-03
3.180441912263631821e-03
3.275675466284155846e-03
3.615435678511857986e-03
3.350550075992941856e-03
3.193042008206248283e-03
3.207800909876823425e-03
3.199190832674503326e-03
3.375630592927336693e-03
3.265664679929614067e-03
3.178521525114774704e-03
3.195156808942556381e-03
3.180183004587888718e-03
3.444329369813203812e-03
3.995637409389019012e-03
3.305057762190699577e-03
3.180566476657986641e-03
3.166518639773130417e-03
3.208118025213479996e-03
4.559623543173074722e-03
3.171269316226243973e-03
3.176969243213534355e-03
3.173057688400149345e-03
3.180707804858684540e-03
3.404062939807772636e-03
3.885515965521335602e-03
3.287328407168388367e-03
3.189475974068045616e-03
3.176526399329304695e-03
3.165272995829582214e-03
5.031202454119920731e-03
4.037953447550535202e-03
3.262461395934224129e-03
3.164878115057945251e-03
3.162910463288426399e-03
3.164585679769515991e-03
3.186814021319150925e-03
3.346361918374896049e-03
3.482716158032417297e-03
3.257097443565726280e-03
3.161617321893572807e-03
3.163775661960244179e-03
3.249032655730843544e-03
3.196542849764227867e-03
3.307728562504053116e-03
3.203952917829155922e-03
3.178976243361830711e-03
3.160314634442329407e-03
3.375436877831816673e-03
3.871882334351539612e-03
3.299641190096735954e-03
3.195967292413115501e-03
3.177637699991464615e-03
3.189282026141881943e-03
5.296315066516399384e-03
3.251371439546346664e-03
3.158464562147855759e-03
3.186021000146865845e-03
3.190431743860244751e-03
3.701641457155346870e-03
3.730263793841004372e-03
3.252351656556129456e-03
3.158658510074019432e-03
3.213437739759683609e-03
5.487241782248020172e-03
3.388954326510429382e-03
3.173081437125802040e-03
3.155257320031523705e-03
3.204012522473931313e-03
5.163427442312240601e-03
3.270702902227640152e-03
3.155307145789265633e-03
3.169383155182003975e-03
3.284593112766742706e-03
3.354983404278755188e-03
3.187658498063683510e-03
3.186980029568076134e-03
3.165970556437969208e-03
3.251228481531143188e-03
3.266554325819015503e-03
3.306372789666056633e-03
3.192914649844169617e-03
3.153812605887651443e-03
3.181254258379340172e-03
3.598587820306420326e-03
3.826516913250088692e-03
3.257535630837082863e-03
3.157292492687702179e-03
3.152773948386311531e-03
3.576033283025026321e-03
3.861709265038371086e-03
3.157523227855563164e-03
3.150525968521833420e-03
3.149649361148476601e-03
3.229375230148434639e-03
4.831410478800535202e-03
3.303498961031436920e-03
3.149926895275712013e-03
3.153962781652808189e-03
3.698861692100763321e-03
3.500290913507342339e-03
3.171870252117514610e-03
3.156061749905347824e-03
3.153523197397589684e-03
3.192517906427383423e-03
4.959721583873033524e-03
3.211730858311057091e-03
3.148333868011832237e-03
3.199978033080697060e-03
3.164911177009344101e-03
5.837372504174709320e-03
3.454884281381964684e-03
3.193739103153347969e-03
3.148126881569623947e-03
3.181471256539225578e-03
5.095575470477342606e-03
3.240795806050300598e-03
3.147278912365436554e-03
3.191358642652630806e-03
3.164988476783037186e-03
5.915445741266012192e-03
3.501566126942634583e-03
3.205710323527455330e-03
3.167237387970089912e-03
3.143165726214647293e-03
3.410598495975136757e-03
4.007601179182529449e-03
3.258232260122895241e-03
3.158659441396594048e-03
3.142312634736299515e-03
3.342910669744014740e-03
3.296003211289644241e-03
3.173064906150102615e-03
3.160461084917187691e-03
3.157423809170722961e-03
3.320982912555336952e-03
3.859214019030332565e-03
3.296974347904324532e-03
3.157665487378835678e-03
3.152156015858054161e-03
3.147261217236518860e-03
6.053682416677474976e-03
3.568643238395452499e-03
3.165224101394414902e-03
3.157353494316339493e-03
3.139500040560960770e-03
3.178038168698549271e-03
5.449902266263961792e-03
3.364654257893562317e-03
3.182554617524147034e-03
