2.342450805008411407e-02
2.208003029227256775e-02
2.141216024756431580e-02
2.083808556199073792e-02
1.985866203904151917e-02
1.883757114410400391e-02
1.786647737026214600e-02
1.701728813350200653e-02
1.625392772257328033e-02
1.557106152176856995e-02
1.503269746899604797e-02
1.445272285491228104e-02
1.404145266860723495e-02
1.359627209603786469e-02
1.326662022620439529e-02
1.284436695277690887e-02
1.251428294926881790e-02
1.221007946878671646e-02
1.191848702728748322e-02
1.167825236916542053e-02
1.146318297833204269e-02
1.136379502713680267e-02
1.110855955630540848e-02
1.090454030781984329e-02
1.073086075484752655e-02
1.058739889413118362e-02
1.046246569603681564e-02
1.051472686231136322e-02
1.055360119789838791e-02
1.006057951599359512e-02
9.972952306270599365e-03
9.914789348840713501e-03
9.750987403094768524e-03
9.668291546404361725e-03
9.564618580043315887e-03
9.557871147990226746e-03
9.414075873792171478e-03
9.336506947875022888e-03
9.273064322769641876e-03
9.204702451825141907e-03
9.088809601962566376e-03
8.882717229425907135e-03
8.414275944232940674e-03
7.729606702923774719e-03
7.263219449669122696e-03
7.098678499460220337e-03
6.465045735239982605e-03
6.194882094860076904e-03
6.742375902831554413e-03
5.681472364813089371e-03
5.512628238648176193e-03
5.289184860885143280e-03
5.116875749081373215e-03
4.965507891029119492e-03
4.826437681913375854e-03
4.638366866856813431e-03
4.520570859313011169e-03
4.356984049081802368e-03
4.358705133199691772e-03
4.206180572509765625e-03
3.920558840036392212e-03
3.886832855641841888e-03
3.626306541264057159e-03
3.582631703466176987e-03
3.817133605480194092e-03
3.285895101726055145e-03
3.301104530692100525e-03
3.119016997516155243e-03
3.058140631765127182e-03
2.971392823383212090e-03
2.887703245505690575e-03
2.976858988404273987e-03
3.207348054274916649e-03
2.813003258779644966e-03
2.654938260093331337e-03
2.607207046821713448e-03
2.560786902904510498e-03
2.522930735722184181e-03
2.495373366400599480e-03
2.429804764688014984e-03
2.387539949268102646e-03
2.425205428153276443e-03
3.445147303864359856e-03
2.242043381556868553e-03
2.206368371844291687e-03
2.188479527831077576e-03
2.259851433336734772e-03
2.236035419628024101e-03
2.100328216329216957e-03
2.139745745807886124e-03
2.062133280560374260e-03
2.074137562885880470e-03
2.056270604953169823e-03
2.096974290907382965e-03
2.042667008936405182e-03
2.031801734119653702e-03
2.091772388666868210e-03
1.951976795680820942e-03
1.940997899509966373e-03
1.924224081449210644e-03
1.970428274944424629e-03
1.912578591145575047e-03
2.275720238685607910e-03
1.899126102216541767e-03
1.943625160492956638e-03
1.895627239719033241e-03
2.864553127437829971e-03
1.888588885776698589e-03
1.844728481955826283e-03
1.879971940070390701e-03
2.188299084082245827e-03
2.380640013143420219e-03
1.891509164124727249e-03
1.880371128208935261e-03
1.866829465143382549e-03
1.853046007454395294e-03
1.902652438730001450e-03
2.053934615105390549e-03
1.796481432393193245e-03
1.772378338500857353e-03
1.768634887412190437e-03
1.763793407008051872e-03
1.761462073773145676e-03
1.766694360412657261e-03
1.931368489749729633e-03
2.402900019660592079e-03
1.986145507544279099e-03
1.753844670020043850e-03
1.807258231565356255e-03
1.757821999490261078e-03
2.036069519817829132e-03
2.008936833590269089e-03
1.940823043696582317e-03
1.782232662662863731e-03
1.735418685711920261e-03
1.767243491485714912e-03
1.693333382718265057e-03
1.689702505245804787e-03
1.685846480540931225e-03
1.685387338511645794e-03
1.758218626491725445e-03
1.786152017302811146e-03
2.038166159763932228e-03
1.701328554190695286e-03
1.772210700437426567e-03
1.663786126300692558e-03
1.660465612076222897e-03
1.658436260186135769e-03
1.674188650213181973e-03
1.651458675041794777e-03
1.760858925990760326e-03
1.643803319893777370e-03
1.723252586089074612e-03
2.134076552465558052e-03
1.635484863072633743e-03
1.658082590438425541e-03
2.569888252764940262e-03
1.634306740015745163e-03
1.624558819457888603e-03
1.621541683562099934e-03
1.711891032755374908e-03
1.637527137063443661e-03
1.612853957340121269e-03
1.612278399989008904e-03
1.613672473467886448e-03
1.619509421288967133e-03
1.617332920432090759e-03
1.612392137758433819e-03
1.765774562954902649e-03
1.871979562565684319e-03
1.589672523550689220e-03
1.589657040312886238e-03
1.594861620105803013e-03
1.600371790118515491e-03
1.695558312349021435e-03
1.581556280143558979e-03
1.969641540199518204e-03
1.645930111408233643e-03
1.574874506331980228e-03
1.620080904103815556e-03
1.576292212121188641e-03
1.845992752350866795e-03
1.565100741572678089e-03
1.593847526237368584e-03
1.568001927807927132e-03
1.582861877977848053e-03
1.553887967020273209e-03
1.545583014376461506e-03
1.556201721541583538e-03
1.544224913232028484e-03
1.627125195227563381e-03
1.543703838251531124e-03
1.533779897727072239e-03
1.530471607111394405e-03
1.752071431837975979e-03
1.851318753324449062e-03
2.081722253933548927e-03
1.549218082800507545e-03
1.942166010849177837e-03
1.567593775689601898e-03
1.530009205453097820e-03
1.603217679075896740e-03
1.510875299572944641e-03
1.514372648671269417e-03
1.570478663779795170e-03
1.770585775375366211e-03
1.500965212471783161e-03
1.500384416431188583e-03
1.546397455967962742e-03
1.673373742960393429e-03
1.956295454874634743e-03
2.593035344034433365e-03
1.494212541729211807e-03
1.485162065364420414e-03
1.483217230997979641e-03
1.548753585666418076e-03
1.508308341726660728e-03
1.478383084759116173e-03
1.474992837756872177e-03
1.476860721595585346e-03
1.543211750686168671e-03
1.822795020416378975e-03
1.470987452194094658e-03
1.497687073424458504e-03
1.461641048081219196e-03
1.463532098568975925e-03
1.463966909795999527e-03
1.456415164284408092e-03
1.479228842072188854e-03
1.549933687783777714e-03
1.493574702180922031e-03
1.454303972423076630e-03
1.444380497559905052e-03
1.445625443011522293e-03
1.451689866371452808e-03
1.456013415008783340e-03
1.541036879643797874e-03
1.434301841072738171e-03
1.438096398487687111e-03
1.502489205449819565e-03
1.430253847502171993e-03
1.429699361324310303e-03
1.852546120062470436e-03
1.469232374802231789e-03
2.104408806189894676e-03
1.422322704456746578e-03
1.419536652974784374e-03
1.414679805748164654e-03
1.418573549017310143e-03
1.414024503901600838e-03
1.505255000665783882e-03
1.410337164998054504e-03
1.427850336767733097e-03
1.438290462829172611e-03
1.400994719006121159e-03
1.469981158152222633e-03
1.455642166547477245e-03
1.401988090947270393e-03
2.471029292792081833e-03
1.396066858433187008e-03
1.528841909021139145e-03
1.407487667165696621e-03
1.391810015775263309e-03
1.387915806844830513e-03
1.391802332364022732e-03
1.455380814149975777e-03
1.462884014472365379e-03
1.379994093440473080e-03
1.377244247123599052e-03
1.381870126351714134e-03
1.388234202750027180e-03
1.484968815930187702e-03
1.371807418763637543e-03
1.374233979731798172e-03
1.366468379274010658e-03
1.364169991575181484e-03
1.366652431897819042e-03
1.638427260331809521e-03
1.384588889777660370e-03
1.405316288582980633e-03
1.683594775386154652e-03
1.360996742732822895e-03
1.552297384478151798e-03
3.071011044085025787e-03
1.346684293821454048e-03
1.532381516881287098e-03
1.372389029711484909e-03
1.427400973625481129e-03
1.342559815384447575e-03
1.418400905095040798e-03
1.346076023764908314e-03
1.660223351791501045e-03
1.350262900814414024e-03
1.397876301780343056e-03
1.473124139010906219e-03
1.774128177203238010e-03
1.331597683019936085e-03
1.327879610471427441e-03
1.324791228398680687e-03
1.431182026863098145e-03
