2.447936683893203735e-02
2.320520207285881042e-02
2.250817045569419861e-02
2.225398272275924683e-02
2.206904254853725433e-02
2.188541553914546967e-02
2.167692407965660095e-02
2.142781205475330353e-02
2.113602869212627411e-02
2.081841416656970978e-02
2.049878425896167755e-02
2.023838832974433899e-02
2.014581859111785889e-02
1.972423680126667023e-02
1.928521133959293365e-02
1.900620386004447937e-02
1.910467073321342468e-02
1.857169903814792633e-02
1.805579289793968201e-02
1.781929843127727509e-02
1.747526228427886963e-02
1.800016313791275024e-02
1.765207760035991669e-02
1.679913699626922607e-02
1.646533235907554626e-02
1.624323427677154541e-02
1.609585247933864594e-02
1.586863957345485687e-02
1.566091552376747131e-02
1.546892430633306503e-02
1.534113101661205292e-02
1.504178252071142197e-02
1.477030850946903229e-02
1.484713610261678696e-02
1.440961379557847977e-02
1.430588122457265854e-02
1.410895492881536484e-02
1.799021288752555847e-02
1.372190937399864197e-02
1.401782874017953873e-02
1.358366291970014572e-02
1.494627259671688080e-02
1.336560212075710297e-02
1.429219730198383331e-02
1.334126945585012436e-02
1.251012925058603287e-02
1.233632117509841919e-02
1.246432960033416748e-02
1.396888215094804764e-02
1.214007288217544556e-02
1.424311287701129913e-02
1.181587297469377518e-02
1.223391387611627579e-02
1.131205726414918900e-02
1.122145168483257294e-02
1.132605969905853271e-02
1.090080477297306061e-02
1.084260456264019012e-02
1.080251205712556839e-02
1.088111381977796555e-02
1.060001365840435028e-02
1.063269097357988358e-02
1.019364595413208008e-02
1.004474889487028122e-02
1.016567740589380264e-02
9.776336140930652618e-03
9.672379121184349060e-03
1.014428026974201202e-02
9.812551550567150116e-03
9.723704308271408081e-03
9.830093942582607269e-03
9.881871752440929413e-03
9.020135737955570221e-03
8.867022581398487091e-03
9.784512221813201904e-03
8.636087179183959961e-03
8.575133047997951508e-03
8.497497066855430603e-03
9.465970098972320557e-03
8.439699187874794006e-03
8.221178315579891205e-03
8.085316047072410583e-03
8.110594004392623901e-03
8.226374164223670959e-03
1.045950409024953842e-02
7.781087420880794525e-03
7.733977865427732468e-03
8.033209480345249176e-03
7.482530083507299423e-03
9.223182685673236847e-03
7.460166234523057938e-03
7.121833041310310364e-03
1.173811312764883041e-02
7.307510357350111008e-03
4.605574533343315125e-02
6.874863523989915848e-03
6.785245146602392197e-03
6.694780662655830383e-03
7.048706058412790298e-03
6.530954968184232712e-03
8.296502754092216492e-03
6.794514600187540054e-03
6.334067787975072861e-03
6.789533421397209167e-03
6.336324848234653473e-03
9.052542038261890411e-03
6.556308828294277191e-03
5.990372970700263977e-03
6.108958739787340164e-03
7.840648293495178223e-03
5.835470277816057205e-03
6.211292464286088943e-03
6.525055970996618271e-03
5.747931543737649918e-03
5.701786372810602188e-03
5.480461753904819489e-03
8.681305684149265289e-03
5.890371743589639664e-03
5.290789995342493057e-03
5.287326872348785400e-03
5.290656350553035736e-03
5.454336293041706085e-03
6.638932507485151291e-03
5.023580975830554962e-03
5.045245867222547531e-03
5.037816241383552551e-03
4.984275903552770615e-03
4.823403432965278625e-03
4.820941947400569916e-03
4.898676183074712753e-03
4.854132886976003647e-03
5.538543686270713806e-03
5.730275530368089676e-03
4.606038797646760941e-03
4.627311136573553085e-03
4.981414880603551865e-03
4.555269144475460052e-03
4.389925394207239151e-03
4.365601111203432083e-03
4.329367540776729584e-03
4.287824500352144241e-03
4.250715486705303192e-03
4.399625118821859360e-03
4.175496287643909454e-03
4.138961434364318848e-03
4.179344978183507919e-03
4.217041190713644028e-03
4.388210363686084747e-03
4.223202355206012726e-03
4.057356156408786774e-03
5.607872270047664642e-03
3.925516270101070404e-03
3.982473630458116531e-03
4.168109502643346786e-03
3.868053667247295380e-03
3.925598226487636566e-03
4.275583662092685699e-03
4.727179184556007385e-03
3.744289046153426170e-03
3.767713205888867378e-03
7.706869393587112427e-03
4.810831509530544281e-03
4.264211747795343399e-03
3.769236151129007339e-03
4.198879469186067581e-03
4.778075497597455978e-03
4.046597052365541458e-03
3.659512149170041084e-03
3.572040703147649765e-03
3.788937581703066826e-03
4.233735147863626480e-03
3.717739600688219070e-03
3.497113473713397980e-03
3.513587173074483871e-03
6.108326371759176254e-03
3.449868410825729370e-03
4.747572354972362518e-03
3.442756598815321922e-03
3.615906927734613419e-03
3.551698056980967522e-03
3.296744311228394508e-03
3.278268035501241684e-03
3.255688818171620369e-03
3.240091260522603989e-03
7.871499285101890564e-03
3.250601235777139664e-03
3.193010343238711357e-03
3.181569743901491165e-03
3.193126292899250984e-03
8.062290959060192108e-03
3.465783782303333282e-03
3.233957337215542793e-03
3.265007864683866501e-03
3.122115973383188248e-03
3.123655216768383980e-03
3.235620912164449692e-03
5.650901235640048981e-03
4.860015120357275009e-03
3.209671238437294960e-03
3.050048602744936943e-03
3.033276181668043137e-03
3.026435850188136101e-03
3.032897599041461945e-03
3.001396078616380692e-03
2.990875160321593285e-03
3.006565384566783905e-03
2.970634726807475090e-03
3.510211361572146416e-03
2.951877657324075699e-03
3.859127638861536980e-03
3.015084657818078995e-03
2.926932414993643761e-03
4.471602384001016617e-03
2.986527513712644577e-03
2.906539244577288628e-03
2.896585501730442047e-03
2.919488353654742241e-03
8.823889307677745819e-03
2.870649565011262894e-03
2.864250214770436287e-03
3.369858255609869957e-03
2.828229451552033424e-03
8.203484117984771729e-03
2.812892198562622070e-03
2.818932989612221718e-03
3.575759008526802063e-03
2.817501313984394073e-03
2.782023046165704727e-03
2.798734232783317566e-03
2.768893260508775711e-03
3.974395804107189178e-03
2.754598157480359077e-03
2.749342704191803932e-03
4.265748430043458939e-03
2.735927700996398926e-03
2.747465157881379128e-03
7.691854611039161682e-03
2.717247465625405312e-03
2.722668927162885666e-03
2.720710355788469315e-03
2.698233583942055702e-03
2.704758895561099052e-03
4.045488778501749039e-03
2.681254409253597260e-03
2.678507938981056213e-03
2.672246890142560005e-03
2.664796309545636177e-03
2.755938097834587097e-03
4.131519235670566559e-03
2.642400329932570457e-03
2.649510046467185020e-03
6.141897290945053101e-03
2.621349878609180450e-03
2.618100028485059738e-03
2.853772835806012154e-03
2.666441723704338074e-03
2.596048638224601746e-03
4.062577616423368454e-03
2.589554758742451668e-03
2.580615459010004997e-03
2.564190421253442764e-03
2.563430462032556534e-03
2.559313783422112465e-03
2.540888264775276184e-03
2.535102656111121178e-03
2.553241094574332237e-03
2.515723695978522301e-03
2.516075270250439644e-03
2.498986199498176575e-03
2.494938904419541359e-03
4.307746887207031250e-03
3.306129248812794685e-03
2.606804249808192253e-03
2.460902789607644081e-03
2.470140811055898666e-03
3.021918935701251030e-03
2.429822692647576332e-03
2.416467294096946716e-03
3.232441842555999756e-03
2.866689115762710571e-03
2.380667952820658684e-03
2.376251854002475739e-03
5.335514433681964874e-03
2.460359595715999603e-03
2.332539530470967293e-03
3.239393467083573341e-03
2.479183953255414963e-03
2.298044739291071892e-03
3.029008861631155014e-03
3.202860010787844658e-03
4.578550811856985092e-03
2.816501306369900703e-03
2.549395430833101273e-03
2.749785315245389938e-03
5.564774852246046066e-03
2.441764809191226959e-03
2.175901317968964577e-03
2.163923811167478561e-03
2.219058107584714890e-03
2.156285336241126060e-03
