2.587530203163623810e-02
2.518141269683837891e-02
2.451289258897304535e-02
2.319265529513359070e-02
2.232737094163894653e-02
2.182266674935817719e-02
2.141468226909637451e-02
2.106182463467121124e-02
2.174952439963817596e-02
2.026563510298728943e-02
1.994361169636249542e-02
2.113140001893043518e-02
1.929623074829578400e-02
1.902518235146999359e-02
1.915662176907062531e-02
1.852676086127758026e-02
1.832178235054016113e-02
1.809059455990791321e-02
1.800113357603549957e-02
1.771023869514465332e-02
1.756286807358264923e-02
1.737745292484760284e-02
1.734814792871475220e-02
1.709164679050445557e-02
1.701159961521625519e-02
1.687225513160228729e-02
1.678297482430934906e-02
1.701763831079006195e-02
1.661976613104343414e-02
1.649735309183597565e-02
1.649655587971210480e-02
1.636771112680435181e-02
1.645788177847862244e-02
1.631066389381885529e-02
1.620461419224739075e-02
1.631489954888820648e-02
1.618011109530925751e-02
1.607489399611949921e-02
5.234402790665626526e-02
1.606482826173305511e-02
1.595700532197952271e-02
1.584636420011520386e-02
1.609287410974502563e-02
1.589073985815048218e-02
1.577616296708583832e-02
1.568965427577495575e-02
1.578311435878276825e-02
1.564825326204299927e-02
1.841619983315467834e-02
1.573329418897628784e-02
1.560319121927022934e-02
1.547087915241718292e-02
1.679244823753833771e-02
1.550492551177740097e-02
1.536106690764427185e-02
1.699844561517238617e-02
1.538995094597339630e-02
1.523155625909566879e-02
2.215206623077392578e-02
1.549810543656349182e-02
1.533328741788864136e-02
1.517198886722326279e-02
1.500617060810327530e-02
1.515345647931098938e-02
1.496709045022726059e-02
1.479323022067546844e-02
1.539109274744987488e-02
1.515490841120481491e-02
1.492124889045953751e-02
1.468588877469301224e-02
1.446161605417728424e-02
1.483287103474140167e-02
1.417164225131273270e-02
1.436647493392229080e-02
1.411713380366563797e-02
1.430093217641115189e-02
1.394633017480373383e-02
1.385767012834548950e-02
1.389200054109096527e-02
1.563366316258907318e-02
1.672893948853015900e-02
1.683814264833927155e-02
1.333275623619556427e-02
1.328120660036802292e-02
1.667907461524009705e-02
1.629766449332237244e-02
1.322877779603004456e-02
1.300986297428607941e-02
1.313378755003213882e-02
1.292112749069929123e-02
1.296843588352203369e-02
1.275371480733156204e-02
1.268281787633895874e-02
1.262778509408235550e-02
1.261838898062705994e-02
1.232908852398395538e-02
1.229758933186531067e-02
1.412972807884216309e-02
1.205234508961439133e-02
1.196867600083351135e-02
1.188615430146455765e-02
1.195654366165399551e-02
1.187656167894601822e-02
1.569991186261177063e-02
1.161482278257608414e-02
1.167260762304067612e-02
1.238105259835720062e-02
1.134040113538503647e-02
1.141953375190496445e-02
1.126146316528320312e-02
1.119242236018180847e-02
1.109842769801616669e-02
1.275838725268840790e-02
1.117594726383686066e-02
1.103373337537050247e-02
1.090554334223270416e-02
1.111320313066244125e-02
1.085655484348535538e-02
1.067945454269647598e-02
1.073274761438369751e-02
1.050502248108386993e-02
1.042402163147926331e-02
1.046701893210411072e-02
1.048780046403408051e-02
1.037183683365583420e-02
1.021629758179187775e-02
1.002099923789501190e-02
9.943229146301746368e-03
1.002401765435934067e-02
2.566890604794025421e-02
9.884464554488658905e-03
9.760030545294284821e-03
9.634020738303661346e-03
9.533337317407131195e-03
1.185609679669141769e-02
9.832187555730342865e-03
9.968291968107223511e-03
9.075261652469635010e-03
9.485136717557907104e-03
9.034035727381706238e-03
8.834157139062881470e-03
8.661748841404914856e-03
8.587095886468887329e-03
8.938442915678024292e-03
8.624424226582050323e-03
1.163587626069784164e-02
9.298975579440593719e-03
8.458456955850124359e-03
8.853629231452941895e-03
7.887873798608779907e-03
7.663692347705364227e-03
8.588055148720741272e-03
7.436423562467098236e-03
7.332043256610631943e-03
7.845759391784667969e-03
7.210148032754659653e-03
8.762825280427932739e-03
7.218242157250642776e-03
6.851384881883859634e-03
6.682521197944879532e-03
6.583353038877248764e-03
7.035661023110151291e-03
6.716336589306592941e-03
6.637670099735260010e-03
6.451745051890611649e-03
6.166328676044940948e-03
7.385446690022945404e-03
5.997744388878345490e-03
5.799695849418640137e-03
6.058923900127410889e-03
5.743355024605989456e-03
5.660200491547584534e-03
5.445010494440793991e-03
5.400695838034152985e-03
5.795818287879228592e-03
5.774335470050573349e-03
1.379543542861938477e-02
5.417094565927982330e-03
5.624626763164997101e-03
5.425614304840564728e-03
5.027566105127334595e-03
4.751929547637701035e-03
7.990773767232894897e-03
4.910452291369438171e-03
4.647175781428813934e-03
5.030789878219366074e-03
5.650562699884176254e-03
4.318686667829751968e-03
4.253760445863008499e-03
4.216808360069990158e-03
4.126378800719976425e-03
4.131231456995010376e-03
4.319327417761087418e-03
4.020615946501493454e-03
4.267916083335876465e-03
3.844636492431163788e-03
3.903433913365006447e-03
3.768124384805560112e-03
3.711666911840438843e-03
3.647617297247052193e-03
5.166162271052598953e-03
3.616973059251904488e-03
3.666762728244066238e-03
4.272372461855411530e-03
3.754952223971486092e-03
3.359161550179123878e-03
3.370142541825771332e-03
3.350765909999608994e-03
5.701566115021705627e-03
3.276746952906250954e-03
3.240430960431694984e-03
3.371356520801782608e-03
3.191243158653378487e-03
6.060585379600524902e-03
2.982685808092355728e-03
2.958770142868161201e-03
2.908305730670690536e-03
2.884784247726202011e-03
2.888926770538091660e-03
3.012757981196045876e-03
7.368754595518112183e-03
2.908769063651561737e-03
2.821782836690545082e-03
2.657922916114330292e-03
2.667312510311603546e-03
2.631943905726075172e-03
9.655699133872985840e-03
2.521781949326395988e-03
2.499382244423031807e-03
3.177724545821547508e-03
7.418558932840824127e-03
2.403811784461140633e-03
2.364687155932188034e-03
2.349642338231205940e-03
2.332174684852361679e-03
2.277433872222900391e-03
2.268556505441665649e-03
2.229464240372180939e-03
2.353760879486799240e-03
2.581875771284103394e-03
2.146688057109713554e-03
2.116119489073753357e-03
2.233367646113038063e-03
2.056397264823317528e-03
2.060516737401485443e-03
2.023121807724237442e-03
1.981494715437293053e-03
2.238779561594128609e-03
1.969386357814073563e-03
1.907141529954969883e-03
1.891543273814022541e-03
3.430194687098264694e-03
5.226019304245710373e-03
1.816232339479029179e-03
4.254416096955537796e-03
5.517307203263044357e-03
9.148290380835533142e-03
1.822643331252038479e-03
2.154262270778417587e-03
2.042039763182401657e-03
1.900397823192179203e-03
1.795432181097567081e-03
1.853619818575680256e-03
1.690742210485041142e-03
2.756945090368390083e-03
1.581420423462986946e-03
5.570060107856988907e-03
1.601227093487977982e-03
3.393305931240320206e-03
1.543108257465064526e-03
1.500735525041818619e-03
1.486259396187961102e-03
1.480233739130198956e-03
1.462231040932238102e-03
1.443581888452172279e-03
1.425123191438615322e-03
1.410204567946493626e-03
1.401109271682798862e-03
1.524308230727910995e-03
1.448800438083708286e-03
1.504917279817163944e-03
1.623903866857290268e-03
1.757211517542600632e-03
1.579084317199885845e-03
1.327189966104924679e-03
1.334691536612808704e-03
1.527730142697691917e-03
4.742703866213560104e-03
3.514424897730350494e-03
6.637373939156532288e-03
3.312603803351521492e-03
5.113450810313224792e-03
1.239023869857192039e-03
1.260124496184289455e-03
4.695530980825424194e-02
1.364474766887724400e-03
1.218405785039067268e-03
1.201411476358771324e-03
1.183714950457215309e-03
1.174872973933815956e-03
