4.221863672137260437e-02
3.216664865612983704e-02
2.603336423635482788e-02
2.460822090506553650e-02
2.416797913610935211e-02
2.388668991625308990e-02
2.360108681023120880e-02
2.335302904248237610e-02
2.312960661947727203e-02
2.291359752416610718e-02
2.269972488284111023e-02
2.247743494808673859e-02
2.224256843328475952e-02
2.201030030846595764e-02
2.178118005394935608e-02
2.155509963631629944e-02
2.135076187551021576e-02
2.116477862000465393e-02
2.100022882223129272e-02
2.085402794182300568e-02
2.072218991816043854e-02
2.060286886990070343e-02
2.049369923770427704e-02
2.039081230759620667e-02
2.029323391616344452e-02
2.020047232508659363e-02
2.011069096624851227e-02
2.002102695405483246e-02
1.993270963430404663e-02
1.984428055584430695e-02
1.975629292428493500e-02
1.966860704123973846e-02
1.958093419671058655e-02
1.949314959347248077e-02
1.940366066992282867e-02
1.931092888116836548e-02
1.921872049570083618e-02
1.912656798958778381e-02
1.903284713625907898e-02
1.893891207873821259e-02
1.884238980710506439e-02
1.874605752527713776e-02
1.864911243319511414e-02
1.854987069964408875e-02
1.844908855855464935e-02
1.834826543927192688e-02
1.824738830327987671e-02
1.814484037458896637e-02
1.804182492196559906e-02
1.793732494115829468e-02
1.783403381705284119e-02
1.772819273173809052e-02
1.762235350906848907e-02
1.751726306974887848e-02
1.741166599094867706e-02
1.730543561279773712e-02
1.719961129128932953e-02
1.715511828660964966e-02
1.708012260496616364e-02
1.689226552844047546e-02
1.679234020411968231e-02
1.670129410922527313e-02
1.666561141610145569e-02
1.650458946824073792e-02
1.661052741110324860e-02
1.631839759647846222e-02
1.688090153038501740e-02
1.657656952738761902e-02
1.652761735022068024e-02
1.610775105655193329e-02
1.592612452805042267e-02
2.127402648329734802e-02
1.618534885346889496e-02
1.572459191083908081e-02
1.562063209712505341e-02
1.568059436976909637e-02
2.300293929874897003e-02
1.559609267860651016e-02
1.557125896215438843e-02
1.541558932512998581e-02
1.533127482980489731e-02
1.526223029941320419e-02
1.519429497420787811e-02
1.512677781283855438e-02
1.506160385906696320e-02
1.499495189636945724e-02
1.494376081973314285e-02
1.622878387570381165e-02
1.567834801971912384e-02
1.500167511403560638e-02
1.484703179448843002e-02
1.477161608636379242e-02
1.471186708658933640e-02
1.465159095823764801e-02
1.459266524761915207e-02
1.453578565269708633e-02
1.448480132967233658e-02
3.344325348734855652e-02
1.589026302099227905e-02
1.440925709903240204e-02
1.435921061784029007e-02
1.429808232933282852e-02
1.424418296664953232e-02
1.419148314744234085e-02
1.413933373987674713e-02
1.410178467631340027e-02
1.423874311149120331e-02
1.531338691711425781e-02
1.407864596694707870e-02
1.400925312191247940e-02
1.394466683268547058e-02
1.389274559915065765e-02
1.384343486279249191e-02
1.379541028290987015e-02
1.374766230583190918e-02
1.376212295144796371e-02
2.333850041031837463e-02
1.381862536072731018e-02
1.379106007516384125e-02
1.362075749784708023e-02
1.357314549386501312e-02
1.352647691965103149e-02
1.348235551267862320e-02
1.343966927379369736e-02
1.339798700064420700e-02
1.470799464732408524e-02
1.344661321491003036e-02
1.363420579582452774e-02
1.337691582739353180e-02
1.328223571181297302e-02
1.323430612683296204e-02
1.319150812923908234e-02
1.314926519989967346e-02
1.310953684151172638e-02
1.306746527552604675e-02
1.303971372544765472e-02
2.960648387670516968e-02
1.317861769348382950e-02
1.309905666857957840e-02
1.307088136672973633e-02
1.302258018404245377e-02
1.298377476632595062e-02
1.294689625501632690e-02
1.291038002818822861e-02
1.287470478564500809e-02
1.283839344978332520e-02
1.280332636088132858e-02
1.276733074337244034e-02
1.273245923221111298e-02
1.269805058836936951e-02
1.433890964835882187e-02
1.271293219178915024e-02
1.283132657408714294e-02
1.271215081214904785e-02
1.261979062110185623e-02
1.259419694542884827e-02
1.255492120981216431e-02
1.252083666622638702e-02
1.248856447637081146e-02
1.245695538818836212e-02
1.242695841938257217e-02
1.828378438949584961e-02
1.493425387889146805e-02
1.243558153510093689e-02
1.240515802055597305e-02
1.235555671155452728e-02
1.232410315424203873e-02
1.229445822536945343e-02
1.226539257913827896e-02
1.223654672503471375e-02
1.221506856381893158e-02
3.088002465665340424e-02
1.247379090636968613e-02
1.239325944334268570e-02
1.218952238559722900e-02
1.214259490370750427e-02
1.211252436041831970e-02
1.208539213985204697e-02
1.205912884324789047e-02
1.203437335789203644e-02
1.261287741363048553e-02
1.282661966979503632e-02
1.207428053021430969e-02
1.199357677251100540e-02
1.197699643671512604e-02
1.194478012621402740e-02
1.191925071179866791e-02
1.189490221440792084e-02
1.187291741371154785e-02
2.818650193512439728e-02
1.190153602510690689e-02
1.207507029175758362e-02
1.184937730431556702e-02
1.182516478002071381e-02
1.180231943726539612e-02
1.177932601422071457e-02
1.175703015178442001e-02
1.173632312566041946e-02
1.171726267784833908e-02
1.397670991718769073e-02
1.385842449963092804e-02
1.191784534603357315e-02
1.168331876397132874e-02
1.166237797588109970e-02
1.164156943559646606e-02
1.162121258676052094e-02
1.160401944071054459e-02
1.475477498024702072e-02
1.229014992713928223e-02
1.173832081258296967e-02
1.160888746380805969e-02
1.155693829059600830e-02
1.153721287846565247e-02
1.151803787797689438e-02
1.149940025061368942e-02
1.150445453822612762e-02
1.287018042057752609e-02
1.158544141799211502e-02
1.156941801309585571e-02
1.148523204028606415e-02
1.144994515925645828e-02
1.143219415098428726e-02
1.141546759754419327e-02
1.139812730252742767e-02
1.138140819966793060e-02
1.137004233896732330e-02
3.029642999172210693e-02
1.290045026689767838e-02
1.144348178058862686e-02
1.138172205537557602e-02
1.134964637458324432e-02
1.133190933614969254e-02
1.131546497344970703e-02
1.129954401403665543e-02
1.128415577113628387e-02
1.126846205443143845e-02
1.125364750623703003e-02
1.531900092959403992e-02
1.385588198900222778e-02
1.141574047505855560e-02
1.125622261315584183e-02
1.124382205307483673e-02
1.122395787388086319e-02
1.120798289775848389e-02
1.119300909340381622e-02
1.117879897356033325e-02
1.116414740681648254e-02
1.114998105913400650e-02
1.114057563245296478e-02
2.746702358126640320e-02
1.240467932075262070e-02
1.115373428910970688e-02
1.115103624761104584e-02
1.112299598753452301e-02
1.110802125185728073e-02
1.109377574175596237e-02
1.108036935329437256e-02
1.106741186231374741e-02
1.105463039129972458e-02
1.171563658863306046e-02
1.137143932282924652e-02
1.108278986066579819e-02
1.108094863593578339e-02
1.102996338158845901e-02
1.101681310683488846e-02
1.100338064134120941e-02
1.099073421210050583e-02
1.098884642124176025e-02
1.963811926543712616e-02
1.196533814072608948e-02
1.104518026113510132e-02
1.098412740975618362e-02
1.096307393163442612e-02
1.094970665872097015e-02
1.093780342489480972e-02
1.092571113258600235e-02
1.091393362730741501e-02
1.139551959931850433e-02
1.269400771707296371e-02
1.092384103685617447e-02
1.089909579604864120e-02
1.089297607541084290e-02
1.087478362023830414e-02
1.088586635887622833e-02
1.512662880122661591e-02
1.157600618898868561e-02
1.086422801017761230e-02
1.084202621132135391e-02
1.082949526607990265e-02
1.101464871317148209e-02
1.297632604837417603e-02
1.100935786962509155e-02
1.085337344557046890e-02
1.081484463065862656e-02
1.079950202256441116e-02
1.078919135034084320e-02
1.077817939221858978e-02
1.185124274343252182e-02
1.272773277014493942e-02
1.088480465114116669e-02
1.078390236943960190e-02
1.076021790504455566e-02
1.074941549450159073e-02
1.073841936886310577e-02
1.072824839502573013e-02
1.080163661390542984e-02
1.588851213455200195e-02
1.119089033454656601e-02
1.074062101542949677e-02
1.072632241994142532e-02
1.071637775748968124e-02
1.070453133434057236e-02
1.069432031363248825e-02
1.068445667624473572e-02
1.067531853914260864e-02
1.070887036621570587e-02
1.558751054108142853e-02
1.122958399355411530e-02
1.068402174860239029e-02
1.067207381129264832e-02
1.066398341208696365e-02
1.065213792026042938e-02
1.064215786755084991e-02
1.063265651464462280e-02
1.070476975291967392e-02
1.220606826245784760e-02
1.080547086894512177e-02
1.061546243727207184e-02
1.060561276972293854e-02
1.059743855148553848e-02
1.088323257863521576e-02
1.148553937673568726e-02
1.086413487792015076e-02
1.064135413616895676e-02
1.058531925082206726e-02
1.057578157633543015e-02
1.056674867868423462e-02
1.055759843438863754e-02
1.055125519633293152e-02
1.461924053728580475e-02
1.167654991149902344e-02
1.061486452817916870e-02
1.055774930864572525e-02
1.054069399833679199e-02
1.053010579198598862e-02
1.052053458988666534e-02
1.051140669733285904e-02
1.050261966884136200e-02
1.049382332712411880e-02
1.052004192024469376e-02
1.354800257831811905e-02
1.081633940339088440e-02
1.058066636323928833e-02
1.051892805844545364e-02
1.050815265625715256e-02
1.049850881099700928e-02
1.049038581550121307e-02
1.048248726874589920e-02
1.048040017485618591e-02
1.744882576167583466e-02
1.126705948263406754e-02
1.050250139087438583e-02
1.048518903553485870e-02
1.046552695333957672e-02
1.045575179159641266e-02
1.044794544577598572e-02
1.044002547860145569e-02
1.056514214724302292e-02
1.115066464990377426e-02
1.069061830639839172e-02
1.047745626419782639e-02
1.044207066297531128e-02
1.043390762060880661e-02
1.042520161718130112e-02
1.041723601520061493e-02
1.040947251021862030e-02
1.040181051939725876e-02
1.039498206228017807e-02
1.189236901700496674e-02
1.088650338351726532e-02
1.042168494313955307e-02
1.041345018893480301e-02
1.039316784590482712e-02
1.038518734276294708e-02
1.037711463868618011e-02
1.036943774670362473e-02
1.036193687468767166e-02
1.035457756370306015e-02
1.204783003777265549e-02
1.130448002368211746e-02
1.041147205978631973e-02
1.037916541099548340e-02
1.036989688873291016e-02
1.035800389945507050e-02
1.034968439489603043e-02
1.034189015626907349e-02
1.033434551209211349e-02
1.032692752778530121e-02
1.031954400241374969e-02
1.031217630952596664e-02
1.033065188676118851e-02
1.680740155279636383e-02
1.103283744305372238e-02
1.037544663995504379e-02
1.033427659422159195e-02
1.032423693686723709e-02
1.031505595892667770e-02
1.030747126787900925e-02
1.030016224831342697e-02
1.029299758374691010e-02
1.028591394424438477e-02
1.027891598641872406e-02
1.027187984436750412e-02
1.026492938399314880e-02
1.064165960997343063e-02
1.280666515231132507e-02
1.031154207885265350e-02
1.031010877341032028e-02
1.027014665305614471e-02
1.025889161974191666e-02
1.025076583027839661e-02
1.024354714900255203e-02
1.023637317121028900e-02
1.022950839251279831e-02
1.022231020033359528e-02
1.023200713098049164e-02
1.510578580200672150e-02
1.030716020613908768e-02
1.027984637767076492e-02
1.024025026708841324e-02
1.023013796657323837e-02
1.022180914878845215e-02
1.021430362015962601e-02
1.020699273794889450e-02
1.019963715225458145e-02
1.019240450114011765e-02
1.018508616834878922e-02
1.017783489078283310e-02
1.018456928431987762e-02
1.025608833879232407e-02
1.021591853350400925e-02
1.020964421331882477e-02
1.018330268561840057e-02
1.017437968403100967e-02
1.016669068485498428e-02
1.015984173864126205e-02
1.015308778733015060e-02
1.014656480401754379e-02
1.015076600015163422e-02
1.168726198375225067e-02
1.017339248210191727e-02
1.023508515208959579e-02
1.014689449220895767e-02
1.013860013335943222e-02
1.013125013560056686e-02
1.012400258332490921e-02
1.011690776795148849e-02
1.010980270802974701e-02
1.010317821055650711e-02
1.015258207917213440e-02
1.347458548843860626e-02
1.049719192087650299e-02
1.015959959477186203e-02
1.011105254292488098e-02
1.009680237621068954e-02
1.008991524577140808e-02
1.008302345871925354e-02
1.007612049579620361e-02
1.006937865167856216e-02
1.014754455536603928e-02
1.023008488118648529e-02
1.041583251208066940e-02
1.014106627553701401e-02
1.007759757339954376e-02
1.006931811571121216e-02
1.006173342466354370e-02
1.005482487380504608e-02
1.004790794104337692e-02
1.004114374518394470e-02
1.003432646393775940e-02
1.002826541662216187e-02
1.040099095553159714e-02
1.113964337855577469e-02
1.021724101155996323e-02
1.005544140934944153e-02
1.002390962094068527e-02
1.001712866127490997e-02
1.001013629138469696e-02
1.000340562313795090e-02
9.996754117310047150e-03
9.997431188821792603e-03
1.557694561779499054e-02
1.047649700194597244e-02
1.001804322004318237e-02
1.000491250306367874e-02
9.989521466195583344e-03
9.982163086533546448e-03
9.974552318453788757e-03
9.967694990336894989e-03
9.961000643670558929e-03
9.954825975000858307e-03
1.149969734251499176e-02
1.011381205171346664e-02
1.014819089323282242e-02
9.965601377189159393e-03
9.955817833542823792e-03
9.948917664587497711e-03
9.941607713699340820e-03
9.934797883033752441e-03
9.927969425916671753e-03
9.921199642121791840e-03
9.979688562452793121e-03
1.348659582436084747e-02
1.025163475424051285e-02
9.934164583683013916e-03
9.917584247887134552e-03
9.907505474984645844e-03
9.899904951453208923e-03
9.892621077597141266e-03
9.885580278933048248e-03
9.878806769847869873e-03
1.016000658273696899e-02
1.228297315537929535e-02
9.913071990013122559e-03
9.920483455061912537e-03
9.881829842925071716e-03
9.873092174530029297e-03
9.865581057965755463e-03
9.858046658337116241e-03
9.850756265223026276e-03
9.843460284173488617e-03
9.836485609412193298e-03
1.041122712194919586e-02
1.107372343540191650e-02
9.968159720301628113e-03
9.864234365522861481e-03
9.837749414145946503e-03
9.829504415392875671e-03
9.821183048188686371e-03
9.813458658754825592e-03
9.805724956095218658e-03
9.798103943467140198e-03
9.803685359656810760e-03
1.024353690445423126e-02
9.830732829868793488e-03
9.878113865852355957e-03
9.800747968256473541e-03
9.787289425730705261e-03
9.777911007404327393e-03
9.769704192876815796e-03
9.761540219187736511e-03
9.753297083079814911e-03
9.744988754391670227e-03
9.741783142089843750e-03
1.671981438994407654e-02
1.027363259345293045e-02
9.857113473117351532e-03
9.802168235182762146e-03
9.793707169592380524e-03
9.783766232430934906e-03
9.775955229997634888e-03
9.768646210432052612e-03
9.761407971382141113e-03
9.754271246492862701e-03
9.747133590281009674e-03
9.739974513649940491e-03
9.732667356729507446e-03
9.725443087518215179e-03
9.718130342662334442e-03
9.724425151944160461e-03
9.907056577503681183e-03
9.754962287843227386e-03
9.787733666598796844e-03
9.719267487525939941e-03
9.706947952508926392e-03
9.698244743049144745e-03
9.690687991678714752e-03
9.683062322437763214e-03
9.675471112132072449e-03
9.668013080954551697e-03
1.222587749361991882e-02
1.059911027550697327e-02
9.725229814648628235e-03
9.687451645731925964e-03
9.678970091044902802e-03
9.669532068073749542e-03
9.661602787673473358e-03
9.653748013079166412e-03
9.645978920161724091e-03
9.638294577598571777e-03
9.630638174712657928e-03
9.622886776924133301e-03
9.630542248487472534e-03
1.036611571907997131e-02
1.002653781324625015e-02
9.651230648159980774e-03
9.620702825486660004e-03
9.612989611923694611e-03
9.604983031749725342e-03
9.597548283636569977e-03
9.590053930878639221e-03
9.582259692251682281e-03
9.577343240380287170e-03
1.842717826366424561e-02
9.661213494837284088e-03
9.697565808892250061e-03
9.584736078977584839e-03
9.570550173521041870e-03
9.560729376971721649e-03
9.552895091474056244e-03
9.545106440782546997e-03
9.537765756249427795e-03
9.535128250718116760e-03
1.740257255733013153e-02
9.558031335473060608e-03
9.555012919008731842e-03
9.529531933367252350e-03
9.522150270640850067e-03
9.513209573924541473e-03
9.505449794232845306e-03
9.497472085058689117e-03
9.490225464105606079e-03
1.659467816352844238e-02
9.662947617471218109e-03
9.545314125716686249e-03
9.525248780846595764e-03
9.503996931016445160e-03
9.492887184023857117e-03
9.484738111495971680e-03
9.476734325289726257e-03
9.468886069953441620e-03
9.461517445743083954e-03
9.482394903898239136e-03
1.068593468517065048e-02
9.624800644814968109e-03
9.486829861998558044e-03
9.439817629754543304e-03
9.431155398488044739e-03
9.421047754585742950e-03
9.411976672708988190e-03
9.403930976986885071e-03
9.501234628260135651e-03
1.146254129707813263e-02
9.522406384348869324e-03
9.388746693730354309e-03
9.372715838253498077e-03
9.363747201859951019e-03
9.352889843285083771e-03
9.346388280391693115e-03
1.123619079589843750e-02
9.519468061625957489e-03
9.459213353693485260e-03
9.331248700618743896e-03
9.317955002188682556e-03
9.306618012487888336e-03
9.295416064560413361e-03
9.283875115215778351e-03
9.770118631422519684e-03
1.139687001705169678e-02
9.456135332584381104e-03
9.353580884635448456e-03
9.323252364993095398e-03
9.308656677603721619e-03
9.295728988945484161e-03
9.284653700888156891e-03
9.273894131183624268e-03
9.262701496481895447e-03
9.251381270587444305e-03
9.239966049790382385e-03
9.228155948221683502e-03
9.223831817507743835e-03
1.344410609453916550e-02
9.232261218130588531e-03
9.207779541611671448e-03
9.200896136462688446e-03
9.180700406432151794e-03
9.174128994345664978e-03
1.324979495257139206e-02
9.160785935819149017e-03
9.148025885224342346e-03
9.150633588433265686e-03
9.122833609580993652e-03
9.111547842621803284e-03
1.211987156420946121e-02
9.104191325604915619e-03
9.683595038950443268e-03
9.101271629333496094e-03
9.072811342775821686e-03
9.049160405993461609e-03
9.035162627696990967e-03
9.022761136293411255e-03
1.059328857809305191e-02
9.882528334856033325e-03
9.064215235412120819e-03
8.996197022497653961e-03
8.967060595750808716e-03
8.948666043579578400e-03
8.951234631240367889e-03
1.121419481933116913e-02
9.135692380368709564e-03
8.961481973528862000e-03
8.905366063117980957e-03
8.889215067028999329e-03
8.872479200363159180e-03
8.856577798724174500e-03
8.840263821184635162e-03
8.854718878865242004e-03
1.168325170874595642e-02
9.180652908980846405e-03
8.855605497956275940e-03
8.797771297395229340e-03
8.778044022619724274e-03
8.761361241340637207e-03
8.745134808123111725e-03
8.727829903364181519e-03
9.123280644416809082e-03
8.717514574527740479e-03
8.755913004279136658e-03
8.684914559125900269e-03
8.668767288327217102e-03
8.649655617773532867e-03
8.642081171274185181e-03
1.331776287406682968e-02
8.624128066003322601e-03
8.675251156091690063e-03
8.597783744335174561e-03
8.575757034122943878e-03
8.557482622563838959e-03
8.541161194443702698e-03
8.600092492997646332e-03
9.754818864166736603e-03
8.529950864613056183e-03
8.501973003149032593e-03
8.484936319291591644e-03
8.464596234261989594e-03
8.447608910501003265e-03
8.430942893028259277e-03
8.415719494223594666e-03
8.408802561461925507e-03
1.027855556458234787e-02
8.563919924199581146e-03
8.413219824433326721e-03
8.439865894615650177e-03
8.347824215888977051e-03
8.325243368744850159e-03
8.308228105306625366e-03
8.307265117764472961e-03
8.659637533128261566e-03
8.316108956933021545e-03
8.284355513751506805e-03
8.276237174868583679e-03
8.250263519585132599e-03
8.233285509049892426e-03
8.217084221541881561e-03
8.201267570257186890e-03
8.188818581402301788e-03
1.088106818497180939e-02
8.765377104282379150e-03
8.227341808378696442e-03
8.134348317980766296e-03
8.117558434605598450e-03
8.100925944745540619e-03
8.082769811153411865e-03
8.066789247095584869e-03
9.238245896995067596e-03
8.935330435633659363e-03
8.172653615474700928e-03
8.024493232369422913e-03
8.001257665455341339e-03
7.982275448739528656e-03
8.004643023014068604e-03
9.065216407179832458e-03
8.284029550850391388e-03
7.937360554933547974e-03
7.917203940451145172e-03
7.902052253484725952e-03
7.882075384259223938e-03
7.862685248255729675e-03
8.207304403185844421e-03
1.000533346086740494e-02
7.837147451937198639e-03
7.859104312956333160e-03
7.796150166541337967e-03
7.768569514155387878e-03
7.749636191874742508e-03
7.728118449449539185e-03
7.708145771175622940e-03
7.686594501137733459e-03
7.709459401667118073e-03
1.111960690468549728e-02
8.058384060859680176e-03
7.718196138739585876e-03
7.680403999984264374e-03
7.655345369130373001e-03
7.633700501173734665e-03
7.614932488650083542e-03
7.611600682139396667e-03
1.195697672665119171e-02
7.640829309821128845e-03
7.574678864330053329e-03
7.530538830906152725e-03
7.508447859436273575e-03
7.644446101039648056e-03
8.681705221533775330e-03
7.612477988004684448e-03
7.482978980988264084e-03
7.434370461851358414e-03
7.406156975775957108e-03
7.386313751339912415e-03
7.420554291456937790e-03
7.455504965037107468e-03
7.614901755005121231e-03
7.313224952667951584e-03
7.298118900507688522e-03
7.271377835422754288e-03
1.447351928800344467e-02
7.791395764797925949e-03
7.285651750862598419e-03
7.209529634565114975e-03
7.177087012678384781e-03
7.153720129281282425e-03
8.362828753888607025e-03
8.281677961349487305e-03
7.259204983711242676e-03
7.105892524123191833e-03
7.063222117722034454e-03
7.038259413093328476e-03
7.217362523078918457e-03
8.757901377975940704e-03
7.167308125644922256e-03
6.963163614273071289e-03
6.942820735275745392e-03
6.912495009601116180e-03
7.476821076124906540e-03
8.808626793324947357e-03
7.047376129776239395e-03
6.887180730700492859e-03
6.834596861153841019e-03
6.808517500758171082e-03
6.784031167626380920e-03
6.759573705494403839e-03
6.737755145877599716e-03
9.487680159509181976e-03
6.953394040465354919e-03
6.712675560265779495e-03
6.663663312792778015e-03
6.644470617175102234e-03
6.614409852772951126e-03
6.620303262025117874e-03
1.050741598010063171e-02
6.893917918205261230e-03
6.536297034472227097e-03
6.515692919492721558e-03
6.486875005066394806e-03
6.763285025954246521e-03
7.677405606955289841e-03
6.644478067755699158e-03
6.421108730137348175e-03
6.387748289853334427e-03
6.362684536725282669e-03
6.915220990777015686e-03
7.748968433588743210e-03
6.436913739889860153e-03
6.348062772303819656e-03
6.305545568466186523e-03
6.278004031628370285e-03
6.254441570490598679e-03
6.241441238671541214e-03
1.115316431969404221e-02
6.550773046910762787e-03
6.191483698785305023e-03
6.159225944429636002e-03
6.126002408564090729e-03
6.155150476843118668e-03
6.337049882858991623e-03
6.336239632219076157e-03
6.062638480216264725e-03
6.022524554282426834e-03
6.189841777086257935e-03
6.678306497633457184e-03
6.089216563850641251e-03
5.953981541097164154e-03
6.090434268116950989e-03
7.036332041025161743e-03
5.878747440874576569e-03
5.846366286277770996e-03
5.818018224090337753e-03
6.091753486543893814e-03
6.166688166558742523e-03
5.872030742466449738e-03
5.736444611102342606e-03
5.705689545720815659e-03
5.681904032826423645e-03
5.654058419167995453e-03
9.880434721708297729e-03
6.540236994624137878e-03
5.907256621867418289e-03
5.999846849590539932e-03
5.640768446028232574e-03
5.604560952633619308e-03
5.574880633503198624e-03
5.551211535930633545e-03
5.527354311197996140e-03
5.503025371581315994e-03
5.479044280946254730e-03
5.455122329294681549e-03
5.432984791696071625e-03
5.407976452261209488e-03
5.383725743740797043e-03
5.358918569982051849e-03
5.667991470545530319e-03
5.810547620058059692e-03
5.413499195128679276e-03
5.294049158692359924e-03
5.249376874417066574e-03
5.240978673100471497e-03
7.424962241202592850e-03
5.622954573482275009e-03
5.188712384551763535e-03
5.158416926860809326e-03
5.128844641149044037e-03
5.103330593556165695e-03
5.166021175682544708e-03
6.231284234672784805e-03
5.424554925411939621e-03
5.057419650256633759e-03
5.016077309846878052e-03
4.988841712474822998e-03
4.965502768754959106e-03
4.943235777318477631e-03
4.919550847262144089e-03
5.102735012769699097e-03
6.477545946836471558e-03
4.950444679707288742e-03
4.841813351958990097e-03
4.831043537706136703e-03
4.795523360371589661e-03
4.879205953329801559e-03
6.012126337736845016e-03
5.017351359128952026e-03
4.751390777528285980e-03
4.706952255219221115e-03
4.686143249273300171e-03
4.663537256419658661e-03
4.641157574951648712e-03
4.623750224709510803e-03
7.606168277561664581e-03
5.425838753581047058e-03
4.795921500772237778e-03
4.607389681041240692e-03
4.525676835328340530e-03
4.741439130157232285e-03
4.565955605357885361e-03
4.659091122448444366e-03
4.484325647354125977e-03
6.542093586176633835e-03
4.615647718310356140e-03
4.475194960832595825e-03
4.416894167661666870e-03
4.690199159085750580e-03
4.373820498585700989e-03
4.381473641842603683e-03
4.314124118536710739e-03
6.704255472868680954e-03
4.262756090611219406e-03
4.261122085154056549e-03
4.978762008249759674e-03
4.284847993403673172e-03
4.604291636496782303e-03
4.326213616877794266e-03
4.550497047603130341e-03
4.147385712713003159e-03
4.338028375059366226e-03
4.986235406249761581e-03
4.453734494745731354e-03
4.197961650788784027e-03
4.822171758860349655e-03
4.737554583698511124e-03
4.098340403288602829e-03
4.089716821908950806e-03
4.019993823021650314e-03
4.182422067970037460e-03
3.964769653975963593e-03
5.911175627261400223e-03
4.071359522640705109e-03
4.072610754519701004e-03
4.886572249233722687e-03
6.976196076720952988e-03
4.711306653916835785e-03
4.147299099713563919e-03
4.120475146919488907e-03
4.095321986824274063e-03
4.078352358192205429e-03
4.061179235577583313e-03
4.044050350785255432e-03
4.027155227959156036e-03
4.009990952908992767e-03
3.993294201791286469e-03
3.976106178015470505e-03
3.958868794143199921e-03
5.600814241915941238e-03
5.322473589330911636e-03
3.973799291998147964e-03
3.910426050424575806e-03
3.894510911777615547e-03
3.874940797686576843e-03
3.857898991554975510e-03
3.847124520689249039e-03
5.897678900510072708e-03
4.493942018598318100e-03
3.804642474278807640e-03
3.798394929617643356e-03
3.772529307752847672e-03
3.760681953281164169e-03
4.173870664089918137e-03
4.849791526794433594e-03
3.789177397266030312e-03
3.732245648279786110e-03
3.691034857183694839e-03
3.674623556435108185e-03
3.663252340629696846e-03
1.168741285800933838e-02
3.656356828287243843e-03
3.700369037687778473e-03
3.617756068706512451e-03
3.603228367865085602e-03
3.589119529351592064e-03
3.574562259018421173e-03
3.560588462278246880e-03
3.546835621818900108e-03
4.036648198962211609e-03
4.000666085630655289e-03
3.708340926095843315e-03
3.499808488413691521e-03
3.486008848994970322e-03
3.472300712019205093e-03
3.460304113104939461e-03
7.454392034560441971e-03
3.905512392520904541e-03
3.500190796330571175e-03
3.435399616137146950e-03
3.406072501093149185e-03
3.391140373423695564e-03
3.377368906512856483e-03
3.525689942762255669e-03
5.623206496238708496e-03
3.539841156452894211e-03
3.336120164021849632e-03
3.326496109366416931e-03
3.311367006972432137e-03
3.300942247733473778e-03
3.489918773993849754e-03
4.799766931682825089e-03
3.292859531939029694e-03
3.273096168413758278e-03
3.245683386921882629e-03
3.234099829569458961e-03
3.263435093685984612e-03
3.651366103440523148e-03
3.603987395763397217e-03
3.214555094018578529e-03
3.191665280610322952e-03
3.172282129526138306e-03
3.163945861160755157e-03
3.888751845806837082e-03
3.677281318232417107e-03
3.172312630340456963e-03
3.135761478915810585e-03
3.117175772786140442e-03
3.100977977737784386e-03
3.103243885561823845e-03
3.105423646047711372e-03
3.749500960111618042e-03
3.127208678051829338e-03
3.068243153393268585e-03
3.051083767786622047e-03
3.040664596483111382e-03
3.030046122148633003e-03
3.019716357812285423e-03
3.009470645338296890e-03
2.999495249241590500e-03
3.006845014169812202e-03
6.363246124237775803e-03
3.042341908439993858e-03
2.974260132759809494e-03
2.970784204080700874e-03
2.954779891297221184e-03
2.945012878626585007e-03
2.935430966317653656e-03
2.925951266661286354e-03
2.916284603998064995e-03
2.906851004809141159e-03
2.910723909735679626e-03
8.376732468605041504e-03
2.925368724390864372e-03
2.961911261081695557e-03
2.875186270102858543e-03
2.861128421500325203e-03
2.851188881322741508e-03
3.086965065449476242e-03
3.961449954658746719e-03
3.003073856234550476e-03
2.840097993612289429e-03
2.813440049067139626e-03
2.810624660924077034e-03
4.206700716167688370e-03
2.849499462172389030e-03
2.802774077281355858e-03
2.774358959868550301e-03
2.765532582998275757e-03
2.763079013675451279e-03
9.200094267725944519e-03
2.756764413788914680e-03
2.742182929068803787e-03
2.745996229350566864e-03
2.725135535001754761e-03
2.716397168114781380e-03
2.708173124119639397e-03
2.707651117816567421e-03
1.074476819485425949e-02
3.273875918239355087e-03
2.769278595224022865e-03
2.684860257431864738e-03
2.672087401151657104e-03
2.662933431565761566e-03
2.655052812770009041e-03
2.667127642780542374e-03
6.570142693817615509e-03
3.265094012022018433e-03
2.650824142619967461e-03
2.629925729706883430e-03
2.616198500618338585e-03
2.620255574584007263e-03
6.591909099370241165e-03
3.248566761612892151e-03
2.605423331260681152e-03
2.589771291241049767e-03
2.579021966084837914e-03
2.574694808572530746e-03
4.127393942326307297e-03
2.797240857034921646e-03
2.606928581371903419e-03
2.556169172748923302e-03
2.544393762946128845e-03
2.537731314077973366e-03
2.537888009101152420e-03
5.916655063629150391e-03
3.423357615247368813e-03
2.563985763117671013e-03
2.527523552998900414e-03
2.507368102669715881e-03
2.498871413990855217e-03
2.492424100637435913e-03
2.942529041320085526e-03
2.668836619704961777e-03
2.480872208252549171e-03
2.476347377523779869e-03
2.474046312272548676e-03
2.463430399075150490e-03
2.455932786688208580e-03
2.450079657137393951e-03
2.550888573750853539e-03
2.749413251876831055e-03
2.660753438249230385e-03
2.433502813801169395e-03
2.425381680950522423e-03
2.422355813905596733e-03
2.429030137136578560e-03
4.861872177571058273e-03
2.531203441321849823e-03
2.466660691425204277e-03
2.395493676885962486e-03
2.390293404459953308e-03
2.394899027422070503e-03
8.749254979193210602e-03
2.430318854749202728e-03
2.381098689511418343e-03
2.381460275501012802e-03
2.365030813962221146e-03
2.357814460992813110e-03
2.364313229918479919e-03
3.140361513942480087e-03
3.195856697857379913e-03
2.409703331068158150e-03
2.359535079449415207e-03
2.339647850021719933e-03
2.377276541665196419e-03
4.826628603041172028e-03
2.400130033493041992e-03
2.377070952206850052e-03
2.319276100024580956e-03
2.305753529071807861e-03
2.300817519426345825e-03
2.512130187824368477e-03
4.632898606359958649e-03
2.540967427194118500e-03
2.291423268616199493e-03
2.288559218868613243e-03
2.278415719047188759e-03
2.273009391501545906e-03
2.270123455673456192e-03
3.955486230552196503e-03
2.470066538080573082e-03
2.334319753572344780e-03
2.254845574498176575e-03
2.251963131129741669e-03
2.246860414743423462e-03
2.267374424263834953e-03
6.349339615553617477e-03
2.470516134053468704e-03
2.231862861663103104e-03
2.233946928754448891e-03
2.224060241132974625e-03
2.229956910014152527e-03
7.461926899850368500e-03
2.364139538258314133e-03
2.283700276166200638e-03
2.219674643129110336e-03
2.201680326834321022e-03
2.197925932705402374e-03
2.324050292372703552e-03
2.233669860288500786e-03
2.378828590735793114e-03
2.224339870736002922e-03
2.181022195145487785e-03
2.186042489483952522e-03
2.769647398963570595e-03
3.239676589146256447e-03
2.284961286932229996e-03
2.188259968534111977e-03
2.168351085856556892e-03
2.183357719331979752e-03
7.089316844940185547e-03
2.162487246096134186e-03
2.223375486209988594e-03
2.153314882889389992e-03
2.142639132216572762e-03
2.137748058885335922e-03
2.141713630408048630e-03
8.521523326635360718e-03
2.139831660315394402e-03
2.133716363459825516e-03
2.127847634255886078e-03
2.121936529874801636e-03
2.117003779858350754e-03
2.113406080752611160e-03
2.114676637575030327e-03
2.829849487170577049e-03
2.672141883522272110e-03
2.209168160334229469e-03
2.125219674780964851e-03
2.098040189594030380e-03
2.093758201226592064e-03
2.126334700733423233e-03
5.622708238661289215e-03
2.235821913927793503e-03
2.082202583551406860e-03
2.085330663248896599e-03
2.078469377011060715e-03
2.081103855744004250e-03
7.520464714616537094e-03
2.082356950268149376e-03
2.107763895764946938e-03
2.064878121018409729e-03
2.058194484561681747e-03
2.055321587249636650e-03
2.054907614365220070e-03
2.366803353652358055e-03
3.490490140393376350e-03
2.097927033901214600e-03
2.041928470134735107e-03
2.042205305770039558e-03
2.034657867625355721e-03
2.052900847047567368e-03
5.539096891880035400e-03
2.448331331834197044e-03
2.032135846093297005e-03
2.031114418059587479e-03
2.020362764596939087e-03
2.016345970332622528e-03
2.016091719269752502e-03
2.728235907852649689e-03
2.383866347372531891e-03
2.144642174243927002e-03
2.022374887019395828e-03
2.005337271839380264e-03
1.999046653509140015e-03
1.994804246351122856e-03
2.066029934212565422e-03
5.596057511866092682e-03
2.129110740497708321e-03
2.000459935516119003e-03
1.988217001780867577e-03
1.980915898457169533e-03
1.978525891900062561e-03
1.975595019757747650e-03
1.971901860088109970e-03
1.969271106645464897e-03
2.171294298022985458e-03
3.812887938693165779e-03
1.982017187401652336e-03
1.995983067899942398e-03
1.959055662155151367e-03
1.953314058482646942e-03
1.949772820807993412e-03
1.947590499185025692e-03
3.748831804841756821e-03
3.311858279630541801e-03
2.107321750372648239e-03
1.964132301509380341e-03
1.935762003995478153e-03
1.932805171236395836e-03
1.929356483742594719e-03
1.926172641105949879e-03
1.924103708006441593e-03
4.052875563502311707e-03
2.995054936036467552e-03
2.019008854404091835e-03
1.915034721605479717e-03
1.912558102048933506e-03
1.908167265355587006e-03
1.905384473502635956e-03
1.903380965813994408e-03
2.912165131419897079e-03
1.922797178849577904e-03
1.953256316483020782e-03
1.910901162773370743e-03
1.892839791253209114e-03
1.887045917101204395e-03
1.883026096038520336e-03
1.995682949200272560e-03
1.879900810308754444e-03
2.005928661674261093e-03
1.897042267955839634e-03
1.872264663688838482e-03
1.870226929895579815e-03
2.066510496661067009e-03
2.477972069755196571e-03
2.086735796183347702e-03
1.882638898678123951e-03
1.855448703281581402e-03
1.848525833338499069e-03
1.883743098005652428e-03
3.502638544887304306e-03
2.163138706237077713e-03
1.842437661252915859e-03
1.834595226682722569e-03
1.831135479733347893e-03
1.828136970289051533e-03
1.857514842413365841e-03
5.459792446345090866e-03
1.833304180763661861e-03
1.854955684393644333e-03
1.817287295125424862e-03
1.810651854611933231e-03
1.805173582397401333e-03
1.964704366400837898e-03
4.069503862410783768e-03
2.005337737500667572e-03
1.797936623916029930e-03
1.799125573597848415e-03
1.787784043699502945e-03
1.782564097084105015e-03
1.778842066414654255e-03
1.796174328774213791e-03
3.750818083062767982e-03
2.049562986940145493e-03
1.781743019819259644e-03
1.771050505340099335e-03
1.760316896252334118e-03
1.756279496476054192e-03
1.752497511915862560e-03
1.748516689985990524e-03
1.773286378011107445e-03
4.130037501454353333e-03
2.204533433541655540e-03
1.762118772603571415e-03
1.740446314215660095e-03
1.730245305225253105e-03
1.723695546388626099e-03
1.719748135656118393e-03
1.720312400721013546e-03
1.007142849266529083e-02
2.502330578863620758e-03
1.713128527626395226e-03
1.704736379906535149e-03
1.700424705632030964e-03
1.696159248240292072e-03
1.691884594038128853e-03
1.687860814854502678e-03
1.684031449258327484e-03
1.752448966726660728e-03
1.679906854405999184e-03
1.982470043003559113e-03
1.676029409281909466e-03
1.670614699833095074e-03
1.661698217503726482e-03
1.657543936744332314e-03
1.656206790357828140e-03
5.565198138356208801e-03
1.947585260495543480e-03
1.645159674808382988e-03
1.640590955503284931e-03
1.638036803342401981e-03
1.632211380638182163e-03
1.627732883207499981e-03
1.623458811081945896e-03
1.619355520233511925e-03
1.740147941745817661e-03
4.540986381471157074e-03
1.785931177437305450e-03
1.608362770639359951e-03
1.603313605301082134e-03
1.597884693183004856e-03
1.592702115885913372e-03
1.587992650456726551e-03
1.583843142725527287e-03
1.582656172104179859e-03
4.880341701209545135e-03
2.333048265427350998e-03
1.658614957705140114e-03
1.584214274771511555e-03
1.560818054713308811e-03
1.556307426653802395e-03
1.551753492094576359e-03
1.547709805890917778e-03
1.566244754940271378e-03
4.418234806507825851e-03
2.055288059636950493e-03
1.603454467840492725e-03
1.529876259155571461e-03
1.525273080915212631e-03
1.519342535175383091e-03
1.514697098173201084e-03
1.510688336566090584e-03
1.932637416757643223e-03
1.651487313210964203e-03
1.500041806139051914e-03
1.495506265200674534e-03
1.494274358265101910e-03
1.485950895585119724e-03
1.481485436670482159e-03
1.476549194194376469e-03
1.472293399274349213e-03
1.757950056344270706e-03
2.530254423618316650e-03
1.561948098242282867e-03
1.478375284932553768e-03
1.456019585020840168e-03
1.448234892450273037e-03
1.442976179532706738e-03
1.438180916011333466e-03
1.433658530004322529e-03
1.614297274500131607e-03
3.173080971464514732e-03
1.428302377462387085e-03
1.427113311365246773e-03
1.413988764397799969e-03
1.409793156199157238e-03
1.404299633577466011e-03
1.399444066919386387e-03
1.394622377119958401e-03
1.389937242493033409e-03
1.596252201125025749e-03
2.484487602487206459e-03
1.392594072967767715e-03
1.399334636516869068e-03
1.372414524666965008e-03
1.365186064504086971e-03
1.360259135253727436e-03
1.355448854155838490e-03
1.350722857750952244e-03
1.345813157968223095e-03
1.393567887134850025e-03
3.594212001189589500e-03
1.752721960656344891e-03
1.342672389000654221e-03
1.325886696577072144e-03
1.321201794780790806e-03
1.315268571488559246e-03
1.310370163992047310e-03
1.305507728829979897e-03
1.300722826272249222e-03
1.333828666247427464e-03
1.585911842994391918e-03
1.562323071993887424e-03
1.296932576224207878e-03
1.279380870983004570e-03
1.274160924367606640e-03
1.271130167879164219e-03
2.014337573200464249e-03
1.644975738599896431e-03
1.256536110304296017e-03
1.255934243090450764e-03
1.280476106330752373e-03
2.126492094248533249e-03
1.637432491406798363e-03
1.245800172910094261e-03
1.237036660313606262e-03
1.224691164679825306e-03
