2.444556914269924164e-02
2.356749773025512695e-02
2.287928201258182526e-02
2.240621484816074371e-02
2.196287177503108978e-02
2.159345708787441254e-02
2.127526886761188507e-02
2.097133547067642212e-02
2.067245543003082275e-02
2.038056217133998871e-02
2.008918114006519318e-02
1.979956589639186859e-02
1.951096020638942719e-02
1.921870931982994080e-02
1.893061958253383636e-02
1.864697225391864777e-02
1.861151866614818573e-02
1.825400628149509430e-02
1.805590838193893433e-02
1.792734302580356598e-02
2.473888173699378967e-02
1.762245595455169678e-02
2.603944577276706696e-02
1.736945658922195435e-02
1.729336194694042206e-02
1.713261567056179047e-02
1.710416376590728760e-02
1.693616248667240143e-02
1.686933264136314392e-02
4.079710319638252258e-02
1.661897264420986176e-02
1.660232618451118469e-02
1.643827557563781738e-02
1.638483069837093353e-02
1.620871759951114655e-02
1.617453433573246002e-02
1.601256988942623138e-02
1.592085137963294983e-02
1.598839089274406433e-02
1.567359641194343567e-02
1.581860706210136414e-02
1.546257827430963516e-02
1.542133651673793793e-02
1.792918331921100616e-02
1.509295962750911713e-02
1.505425758659839630e-02
1.492483541369438171e-02
1.475699339061975479e-02
1.485111191868782043e-02
1.644542627036571503e-02
1.435483898967504501e-02
1.428879238665103912e-02
1.428839750587940216e-02
1.398865971714258194e-02
1.393181085586547852e-02
1.636868156492710114e-02
1.362976059317588806e-02
1.353292912244796753e-02
1.348204351961612701e-02
1.323071774095296860e-02
1.422374043613672256e-02
1.294254977256059647e-02
1.284197904169559479e-02
1.289886236190795898e-02
1.299407612532377243e-02
1.244990061968564987e-02
1.237846910953521729e-02
2.743478491902351379e-02
1.207789406180381775e-02
1.205687038600444794e-02
1.383083406835794449e-02
1.172746438533067703e-02
1.165635138750076294e-02
1.296492759138345718e-02
1.141186803579330444e-02
1.190162356942892075e-02
1.116998214274644852e-02
1.107157766819000244e-02
1.225049234926700592e-02
1.082414854317903519e-02
1.072954665869474411e-02
1.105576567351818085e-02
1.323798019438982010e-02
1.037555001676082611e-02
1.033833436667919159e-02
1.018220279365777969e-02
1.013252697885036469e-02
1.574100740253925323e-02
9.859248995780944824e-03
9.946751408278942108e-03
9.645476005971431732e-03
1.023171562701463699e-02
9.733986109495162964e-03
9.605046361684799194e-03
9.478357620537281036e-03
9.351992048323154449e-03
9.224929846823215485e-03
9.128116071224212646e-03
1.453755609691143036e-02
1.233741175383329391e-02
8.912694640457630157e-03
8.670782670378684998e-03
8.605394512414932251e-03
1.267576683312654495e-02
8.390688337385654449e-03
8.466453291475772858e-03
8.189848624169826508e-03
8.177473209798336029e-03
7.986826822161674500e-03
7.915545254945755005e-03
1.088635809719562531e-02
7.718491833657026291e-03
7.743893191218376160e-03
7.535066455602645874e-03
7.498120889067649841e-03
7.368205580860376358e-03
7.318096701055765152e-03
7.203454151749610901e-03
7.147218566387891769e-03
7.041483186185359955e-03
6.996331736445426941e-03
6.932039745151996613e-03
6.827339995652437210e-03
6.842523347586393356e-03
6.669117137789726257e-03
6.663838867098093033e-03
6.515009328722953796e-03
6.504397839307785034e-03
6.366139743477106094e-03
6.308052223175764084e-03
6.220528855919837952e-03
6.171635817736387253e-03
6.094833370298147202e-03
6.021353881806135178e-03
6.739500444382429123e-03
5.878606345504522324e-03
5.842854734510183334e-03
5.760112311691045761e-03
5.700380541384220123e-03
9.215281344950199127e-03
5.568776279687881470e-03
5.795569624751806259e-03
5.438777152448892593e-03
5.385350435972213745e-03
5.427404772490262985e-03
5.270601715892553329e-03
5.201324820518493652e-03
5.409513600170612335e-03
6.126418244093656540e-03
5.019433330744504929e-03
4.968694411218166351e-03
5.608319770544767380e-03
4.831111058592796326e-03
4.792033229023218155e-03
7.158852647989988327e-03
4.624860826879739761e-03
4.576209932565689087e-03
4.586431663483381271e-03
4.404932260513305664e-03
4.343011416494846344e-03
4.356697667390108109e-03
4.177509807050228119e-03
5.166294053196907043e-03
4.017781466245651245e-03
3.949963022023439407e-03
6.277930457144975662e-03
3.777722129598259926e-03
4.467396065592765808e-03
3.632458392530679703e-03
7.182486820966005325e-03
3.481412306427955627e-03
3.511341754347085953e-03
3.339778166264295578e-03
3.940653055906295776e-03
3.207000903785228729e-03
3.305230056867003441e-03
3.075104439631104469e-03
3.021209267899394035e-03
2.955803647637367249e-03
2.910604234784841537e-03
2.891766373068094254e-03
2.794465748593211174e-03
4.227304831147193909e-03
2.696481533348560333e-03
3.385220654308795929e-03
2.604178385809063911e-03
2.973285038024187088e-03
2.515229862183332443e-03
4.369568079710006714e-03
3.861869452521204948e-03
3.806409426033496857e-03
3.754544071853160858e-03
3.702802117913961411e-03
3.651430830359458923e-03
3.619082272052764893e-03
5.238917656242847443e-03
3.527495078742504120e-03
3.836792195215821266e-03
3.446254646405577660e-03
3.412303049117326736e-03
3.987272270023822784e-03
3.331791143864393234e-03
3.339631715789437294e-03
3.276158822700381279e-03
3.217446384951472282e-03
3.230741247534751892e-03
1.108753029257059097e-02
3.108639502897858620e-03
3.092675935477018356e-03
8.015657775104045868e-03
3.004652680829167366e-03
3.139408305287361145e-03
3.445459995418787003e-03
2.900602063164114952e-03
3.038039663806557655e-03
3.873181529343128204e-03
2.798397094011306763e-03
2.781110350042581558e-03
2.739801537245512009e-03
2.706049941480159760e-03
2.830781973898410797e-03
2.640212653204798698e-03
2.607969567179679871e-03
2.725642407312989235e-03
2.540801884606480598e-03
2.514811931177973747e-03
2.480753930285573006e-03
2.462479751557111740e-03
2.643483690917491913e-03
2.813843311741948128e-03
6.391317583620548248e-03
2.327164635062217712e-03
2.800600370392203331e-03
2.268462674692273140e-03
2.334447344765067101e-03
2.374853240326046944e-03
2.176275011152029037e-03
2.164743142202496529e-03
2.360957907512784004e-03
2.160837175324559212e-03
2.295804210007190704e-03
3.796866163611412048e-03
2.009562682360410690e-03
1.986100338399410248e-03
2.003505593165755272e-03
1.925539108924567699e-03
1.890159212052822113e-03
1.883750082924962044e-03
1.835291972383856773e-03
1.810101326555013657e-03
1.913145999424159527e-03
1.931628794409334660e-03
1.734429388307034969e-03
1.712227589450776577e-03
1.689843484200537205e-03
1.678041298873722553e-03
1.632747007533907890e-03
1.640571630559861660e-03
1.800489029847085476e-03
2.242596819996833801e-03
5.056736059486865997e-03
2.764411503449082375e-03
1.538642565719783306e-03
1.503986422903835773e-03
1.443634973838925362e-03
1.439765794202685356e-03
1.443023909814655781e-03
1.554919523186981678e-03
2.587998053058981895e-03
1.334406551904976368e-03
2.755442634224891663e-03
1.296893227845430374e-03
1.272970577701926231e-03
1.348949503153562546e-03
2.607256639748811722e-03
1.491422532126307487e-03
1.226217835210263729e-03
1.174861448816955090e-03
1.161592081189155579e-03
1.143566682003438473e-03
1.208141678944230080e-03
3.795829135924577713e-03
1.083643175661563873e-03
1.065744203515350819e-03
2.114624017849564552e-03
1.028463011607527733e-03
1.024752389639616013e-03
1.755575649440288544e-03
9.805205045267939568e-04
1.029986422508955002e-03
7.047079037874937057e-03
9.410826023668050766e-04
9.220505598932504654e-04
9.028510539792478085e-04
1.174819422885775566e-03
8.725096122361719608e-04
8.677034638822078705e-04
8.429086883552372456e-04
8.327317773364484310e-04
3.821528982371091843e-03
