2.480960451066493988e-02
2.388137578964233398e-02
2.327419072389602661e-02
2.281614206731319427e-02
2.245030552148818970e-02
2.215293981134891510e-02
2.188946679234504700e-02
2.166034467518329620e-02
2.144437469542026520e-02
2.122875303030014038e-02
2.100629545748233795e-02
2.078043855726718903e-02
2.055243775248527527e-02
2.031972631812095642e-02
2.008201368153095245e-02
1.983855478465557098e-02
1.958821155130863190e-02
1.933448016643524170e-02
1.907439529895782471e-02
1.880883798003196716e-02
1.854058727622032166e-02
1.826831884682178497e-02
1.799546368420124054e-02
1.772621646523475647e-02
1.806623861193656921e-02
2.232843451201915741e-02
4.136738926172256470e-02
1.706419885158538818e-02
1.879147998988628387e-02
1.695517823100090027e-02
1.678133197128772736e-02
1.688945107161998749e-02
1.670504547655582428e-02
1.653569191694259644e-02
1.753519847989082336e-02
1.645094901323318481e-02
1.627464033663272858e-02
1.697051711380481720e-02
1.633000187575817108e-02
1.614697650074958801e-02
1.596985198557376862e-02
1.617616042494773865e-02
1.596678420901298523e-02
1.576521806418895721e-02
1.660777442157268524e-02
1.578342542052268982e-02
1.556944660842418671e-02
1.629016175866127014e-02
1.590725034475326538e-02
1.564508490264415741e-02
1.541232410818338394e-02
1.517659798264503479e-02
1.539424061775207520e-02
1.513308007270097733e-02
1.488871965557336807e-02
1.503914315253496170e-02
1.464836951345205307e-02
1.535147521644830704e-02
1.450602989643812180e-02
1.425407547503709793e-02
1.450938731431961060e-02
1.419184543192386627e-02
1.393451541662216187e-02
1.398608740419149399e-02
1.368758454918861389e-02
1.349984854459762573e-02
1.340114697813987732e-02
1.357441302388906479e-02
1.315695419907569885e-02
1.292936597019433975e-02
1.286937016993761063e-02
1.266426686197519302e-02
1.262580044567584991e-02
1.241192128509283066e-02
1.243796385824680328e-02
1.222262810915708542e-02
1.318140979856252670e-02
1.200416963547468185e-02
1.269013807177543640e-02
1.214776281267404556e-02
1.196250133216381073e-02
1.178504619747400284e-02
1.161380205303430557e-02
1.151430513709783554e-02
1.142142899334430695e-02
1.127832848578691483e-02
1.188930030912160873e-02
1.105047017335891724e-02
1.102210208773612976e-02
1.083939522504806519e-02
1.176995132118463516e-02
1.071347203105688095e-02
1.056566368788480759e-02
1.041804626584053040e-02
1.041809935122728348e-02
1.023185625672340393e-02
3.276325017213821411e-02
1.002498995512723923e-02
9.876356460154056549e-03
9.838971309363842010e-03
9.673509746789932251e-03
9.767265059053897858e-03
9.435724467039108276e-03
9.453819133341312408e-03
9.240161627531051636e-03
9.513212367892265320e-03
9.010368026793003082e-03
2.287243679165840149e-02
8.781656622886657715e-03
1.398618984967470169e-02
8.564267307519912720e-03
8.411434479057788849e-03
8.316614665091037750e-03
1.273488067090511322e-02
8.068653754889965057e-03
1.128647662699222565e-02
7.805522065609693527e-03
7.777817081660032272e-03
7.535515353083610535e-03
7.445741910487413406e-03
7.831222377717494965e-03
7.171518635004758835e-03
7.007570471614599228e-03
6.904594600200653076e-03
6.732716690748929977e-03
6.623906083405017853e-03
6.461054552346467972e-03
6.341150030493736267e-03
6.276648025959730148e-03
6.065270863473415375e-03
6.302081514149904251e-03
5.781709216535091400e-03
6.075210869312286377e-03
5.509762559086084366e-03
5.524364765733480453e-03
5.370014347136020660e-03
5.227510817348957062e-03
5.086234770715236664e-03
5.003692116588354111e-03
4.850660450756549835e-03
4.757839255034923553e-03
4.641231615096330643e-03
4.526961594820022583e-03
4.441190976649522781e-03
4.316240083426237106e-03
4.791373852640390396e-03
4.114755429327487946e-03
4.040350206196308136e-03
1.147279422730207443e-02
3.850701497867703438e-03
4.563607741147279739e-03
3.719629952684044838e-03
3.606291953474283218e-03
3.540914040058851242e-03
3.634384833276271820e-03
4.418023861944675446e-03
3.326078876852989197e-03
3.285610815510153770e-03
1.677850075066089630e-02
3.195268800482153893e-03
3.121744375675916672e-03
3.048979444429278374e-03
2.976267831400036812e-03
2.903366694226861000e-03
2.913929056376218796e-03
2.784837502986192703e-03
2.722503617405891418e-03
2.731306711211800575e-03
7.824685424566268921e-03
2.556205028668045998e-03
2.522882772609591484e-03
3.232645802199840546e-03
2.397877629846334457e-03
2.343570813536643982e-03
2.300029620528221130e-03
2.237420994788408279e-03
2.192303538322448730e-03
2.853603800758719444e-03
2.786540426313877106e-03
2.060233615338802338e-03
2.071327529847621918e-03
3.796376986429095268e-03
1.952933613210916519e-03
1.908495556563138962e-03
1.934921252541244030e-03
1.835249364376068115e-03
1.802033046260476112e-03
1.771355280652642250e-03
1.792976283468306065e-03
1.782505307346582413e-03
1.814852003008127213e-03
1.694973791018128395e-03
1.667062984779477119e-03
1.640562084503471851e-03
1.848742831498384476e-03
1.603863318450748920e-03
1.588481827639043331e-03
1.565837068483233452e-03
1.566621125675737858e-03
1.535016694106161594e-03
1.997802406549453735e-03
1.503397128544747829e-03
1.494388445280492306e-03
2.055080141872167587e-03
2.487343037500977516e-03
1.609114697203040123e-03
2.023970708250999451e-03
1.430307398550212383e-03
2.715834649279713631e-03
1.568339066579937935e-03
1.537340693175792694e-03
1.407851581461727619e-03
1.378652523271739483e-03
1.369082834571599960e-03
1.498194411396980286e-03
1.348262536339461803e-03
1.490339403972029686e-03
1.335048349574208260e-03
2.053920412436127663e-03
1.314351335167884827e-03
1.327854930423200130e-03
2.114006085321307182e-03
1.603434211574494839e-03
1.450565643608570099e-03
3.819718956947326660e-03
8.315163664519786835e-03
1.278512063436210155e-03
1.261776429601013660e-03
1.247819745913147926e-03
1.233813120052218437e-03
1.219389727339148521e-03
1.246559782885015011e-03
1.677132444456219673e-03
1.223486615344882011e-03
1.170389587059617043e-03
1.158590195700526237e-03
1.489288406446576118e-03
1.129234209656715393e-03
1.165328896604478359e-03
1.101491507142782211e-03
1.166602829471230507e-03
3.096074331551790237e-03
1.059867325238883495e-03
1.082198810763657093e-03
3.081496804952621460e-03
1.500830170698463917e-03
1.176849473267793655e-03
1.383338123559951782e-03
1.011558109894394875e-03
9.668143466114997864e-04
1.161021296866238117e-03
1.094823819585144520e-03
2.204392571002244949e-03
8.943391731008887291e-04
8.755031158216297626e-04
8.731567068025469780e-04
8.430759189650416374e-04
8.534875814802944660e-04
8.257614681497216225e-04
1.696849707514047623e-03
3.242286155000329018e-03
3.551171394065022469e-03
8.506774320267140865e-04
7.874964503571391106e-04
1.919236266985535622e-03
7.201691041700541973e-04
2.121226862072944641e-03
1.053656102158129215e-03
7.504345267079770565e-04
7.563545368611812592e-04
1.354934414848685265e-03
1.165266148746013641e-03
3.298314288258552551e-03
5.853958427906036377e-04
5.675413412973284721e-04
6.947927759028971195e-04
5.761143984273076057e-04
9.199362248182296753e-04
1.033713109791278839e-03
6.871809018775820732e-04
5.245838547125458717e-04
1.816306612454354763e-03
5.860382807441055775e-04
1.601688214577734470e-03
7.939147762954235077e-04
4.432927526067942381e-04
4.087234556209295988e-04
4.001809575129300356e-04
7.283971644937992096e-04
3.830153145827353001e-04
8.177861454896628857e-04
3.531254187691956758e-04
3.419168351683765650e-04
3.368936304468661547e-04
4.523374664131551981e-04
1.126742921769618988e-03
1.730189425870776176e-03
2.906865556724369526e-04
3.197990299668163061e-04
2.758962509687989950e-04
