2.453288994729518890e-02
2.342976443469524384e-02
2.234900742769241333e-02
2.137676253914833069e-02
2.061855792999267578e-02
2.010658942162990570e-02
1.967207156121730804e-02
1.933283731341362000e-02
1.901775412261486053e-02
1.870806887745857239e-02
1.838799938559532166e-02
1.798302866518497467e-02
1.753393188118934631e-02
1.702190376818180084e-02
1.653352007269859314e-02
1.603074185550212860e-02
1.553702633827924728e-02
1.506911497563123703e-02
1.456495467573404312e-02
1.407283265143632889e-02
1.357403583824634552e-02
1.307147368788719177e-02
1.257991418242454529e-02
1.216029841452836990e-02
1.158356945961713791e-02
1.372909825295209885e-02
1.410501264035701752e-02
1.069190632551908493e-02
1.046839170157909393e-02
1.048412173986434937e-02
1.522110588848590851e-02
1.938678696751594543e-02
1.091887336224317551e-02
9.573448449373245239e-03
9.430724196135997772e-03
1.232547406107187271e-02
9.029084816575050354e-03
1.215594727545976639e-02
8.997686207294464111e-03
9.463993832468986511e-03
8.879938162863254547e-03
9.571179747581481934e-03
8.114131167531013489e-03
8.561816997826099396e-03
1.182167511433362961e-02
9.484842419624328613e-03
7.462222129106521606e-03
7.040319032967090607e-03
7.103110663592815399e-03
6.718859542161226273e-03
6.692165043205022812e-03
7.395766675472259521e-03
6.419106852263212204e-03
6.070806644856929779e-03
5.712186452001333237e-03
5.640371236950159073e-03
5.302193108946084976e-03
5.256643518805503845e-03
4.931952804327011108e-03
5.562016274780035019e-03
4.650173708796501160e-03
5.703143775463104248e-03
4.501145798712968826e-03
4.166177008301019669e-03
4.006020724773406982e-03
3.994770813733339310e-03
3.878879128023982048e-03
3.608423052355647087e-03
6.153051741421222687e-03
3.427013987675309181e-03
3.270105225965380669e-03
4.838985856622457504e-03
3.068116726353764534e-03
3.010360756888985634e-03
1.269498839974403381e-02
2.901172963902354240e-03
2.784007694572210312e-03
2.688117558136582375e-03
2.634062431752681732e-03
2.696185139939188957e-03
2.564005786553025246e-03
2.523706061765551567e-03
2.452408662065863609e-03
4.224284552037715912e-03
2.416747855022549629e-03
2.604127861559391022e-03
6.439296994358301163e-03
2.448035869747400284e-03
2.256665145978331566e-03
2.251208992674946785e-03
2.220141701400279999e-03
2.207687357440590858e-03
2.219714922830462456e-03
2.176831942051649094e-03
2.172833308577537537e-03
3.614208893850445747e-03
2.142592100426554680e-03
2.138438401743769646e-03
2.990877255797386169e-03
2.122229197993874550e-03
3.475858597084879875e-03
2.726035425439476967e-03
2.527502831071615219e-03
2.164104720577597618e-03
2.242736751213669777e-03
2.086189575493335724e-03
2.077908720821142197e-03
2.074079122394323349e-03
2.071319147944450378e-03
2.708584070205688477e-03
2.062234561890363693e-03
2.058071782812476158e-03
2.050173236057162285e-03
2.072217641398310661e-03
2.062534913420677185e-03
2.058016601949930191e-03
2.057030797004699707e-03
2.055578166618943214e-03
2.049716655164957047e-03
2.194732893258333206e-03
2.679711906239390373e-03
2.039265120401978493e-03
2.044244203716516495e-03
2.036734484136104584e-03
2.119848271831870079e-03
2.104743616655468941e-03
2.842378336936235428e-03
2.010974334552884102e-03
2.000561915338039398e-03
1.989787444472312927e-03
1.994187943637371063e-03
1.961438218131661415e-03
1.941630500368773937e-03
2.071764552965760231e-03
2.798861358314752579e-03
2.263861009851098061e-03
2.248490229249000549e-03
2.377880737185478210e-03
2.003028057515621185e-03
2.628101501613855362e-03
1.898149028420448303e-03
1.829698565416038036e-03
1.822585356421768665e-03
1.817304990254342556e-03
1.812816131860017776e-03
1.797814969904720783e-03
1.801329781301319599e-03
2.102066064253449440e-03
2.235098043456673622e-03
2.955047646537423134e-03
1.746983034536242485e-03
1.915645902045071125e-03
1.731217023916542530e-03
2.150052692741155624e-03
1.810872112400829792e-03
1.698062755167484283e-03
1.773417578078806400e-03
1.677792053669691086e-03
1.682392787188291550e-03
1.665707328356802464e-03
1.658071880228817463e-03
1.708462601527571678e-03
1.667952397838234901e-03
1.630194834433495998e-03
1.969648292288184166e-03
1.649088575504720211e-03
1.730849151499569416e-03
1.686336589045822620e-03
1.589015591889619827e-03
1.652529346756637096e-03
1.583916484378278255e-03
1.551131717860698700e-03
1.545469975098967552e-03
1.560534350574016571e-03
1.655431580729782581e-03
1.515670330263674259e-03
1.491806586273014545e-03
1.509637571871280670e-03
1.611900399439036846e-03
1.459576888009905815e-03
1.451109768822789192e-03
1.462500076740980148e-03
1.562722376547753811e-03
1.453267992474138737e-03
1.426523085683584213e-03
1.395888975821435452e-03
1.381482230499386787e-03
1.369953854009509087e-03
1.379780704155564308e-03
1.337203895673155785e-03
1.605586148798465729e-03
1.306037302128970623e-03
1.295028603635728359e-03
1.516745542176067829e-03
1.265978324227035046e-03
3.150856122374534607e-03
1.250377157703042030e-03
1.229441491886973381e-03
1.221661688759922981e-03
1.263304962776601315e-03
1.415784819982945919e-03
1.387137104757130146e-03
1.172938616946339607e-03
1.140285981819033623e-03
1.116810482926666737e-03
1.126816612668335438e-03
1.108537078835070133e-03
1.103310496546328068e-03
1.076264423318207264e-03
1.171862939372658730e-03
1.033824053592979908e-03
1.027514110319316387e-03
1.011364860460162163e-03
1.002056873403489590e-03
1.010945532470941544e-03
9.721989044919610023e-04
9.346129954792559147e-04
9.277684730477631092e-04
9.842360159382224083e-04
8.924311259761452675e-04
9.744646959006786346e-04
9.146112133748829365e-04
8.410256123170256615e-04
8.254045969806611538e-04
9.075311827473342419e-04
8.304932271130383015e-04
7.834210409782826900e-04
7.752081146463751793e-04
8.196640410460531712e-04
7.560185040347278118e-04
8.003430557437241077e-04
6.894835969433188438e-04
6.753591005690395832e-04
6.731767789460718632e-04
6.756400689482688904e-04
6.586416275240480900e-04
7.147926953621208668e-04
6.503087934106588364e-04
6.158130127005279064e-04
6.108995294198393822e-04
6.008099881000816822e-04
6.057588616386055946e-04
6.237447378225624561e-04
6.707361899316310883e-04
6.429940694943070412e-04
5.864172708243131638e-04
4.743096069432795048e-04
4.577543295454233885e-04
8.020777022466063499e-04
4.371012619230896235e-04
4.664574807975441217e-04
4.023879591841250658e-04
3.958539164159446955e-04
5.290209082886576653e-04
3.965884388890117407e-04
3.778916725423187017e-04
3.423806629143655300e-04
7.384606869891285896e-04
4.046852118335664272e-04
3.075638669542968273e-04
2.912319323513656855e-04
3.599645860958844423e-04
2.810640144161880016e-04
2.673009876161813736e-04
2.667619846761226654e-04
2.390555600868538022e-04
2.778745256364345551e-04
2.269355900352820754e-04
2.134711248800158501e-04
3.585129452403634787e-04
2.040549297817051411e-04
3.528628731146454811e-04
1.814396528061479330e-04
1.823969068937003613e-04
1.683603040874004364e-04
1.659478439250960946e-04
1.510831498308107257e-04
1.573099289089441299e-04
1.588728046044707298e-04
1.626466837478801608e-04
1.259903656318783760e-04
1.310508960159495473e-04
1.142829714808613062e-04
1.107299976865760982e-04
1.035111417877487838e-04
9.921441233018413186e-05
1.004765945253893733e-04
8.923539280658587813e-05
9.535245771985501051e-05
8.178599819075316191e-05
1.189241651445627213e-03
7.353895489359274507e-05
7.048940460663288832e-05
6.695475894957780838e-05
8.218355651479214430e-05
5.999557106406427920e-05
8.520835399394854903e-05
5.792608499177731574e-05
5.579720527748577297e-05
4.857765452470630407e-05
