2.484101057052612305e-02
2.385798096656799316e-02
2.324309572577476501e-02
2.284916490316390991e-02
2.255445159971714020e-02
2.222113125026226044e-02
2.193013951182365417e-02
2.166581898927688599e-02
2.143321372568607330e-02
2.120750956237316132e-02
2.098135836422443390e-02
2.075497806072235107e-02
2.052811533212661743e-02
2.029971778392791748e-02
2.006885409355163574e-02
1.985423453152179718e-02
1.965160854160785675e-02
1.954214274883270264e-02
1.934009231626987457e-02
1.956352591514587402e-02
1.924075745046138763e-02
1.904359087347984314e-02
1.887696050107479095e-02
1.989777758717536926e-02
1.881937123835086823e-02
1.865073479712009430e-02
1.848890632390975952e-02
1.859128288924694061e-02
1.842368394136428833e-02
1.825401559472084045e-02
1.942540705204010010e-02
1.813346333801746368e-02
1.795354112982749939e-02
1.816832087934017181e-02
1.785527169704437256e-02
1.774498447775840759e-02
1.777853071689605713e-02
1.756979897618293762e-02
1.058411449193954468e-01
1.755553111433982849e-02
1.733199879527091980e-02
1.710763387382030487e-02
1.730553433299064636e-02
1.706735230982303619e-02
1.682714559137821198e-02
1.736737415194511414e-02
1.705915480852127075e-02
1.680842600762844086e-02
1.655127480626106262e-02
2.645390108227729797e-02
1.630512624979019165e-02
1.602893322706222534e-02
1.604935154318809509e-02
1.574586145579814911e-02
1.607010327279567719e-02
1.551086548715829849e-02
1.521878316998481750e-02
1.520004961639642715e-02
1.489140372723340988e-02
1.506045367568731308e-02
1.453371718525886536e-02
1.739953272044658661e-02
1.420505344867706299e-02
1.390201691538095474e-02
1.386086270213127136e-02
1.355393230915069580e-02
1.349717471748590469e-02
1.319086365401744843e-02
5.206470564007759094e-02
1.282026898115873337e-02
1.254142913967370987e-02
1.247713156044483185e-02
1.219593081623315811e-02
1.211136300116777420e-02
1.185382250696420670e-02
1.272052619606256485e-02
1.150825619697570801e-02
1.164861116558313370e-02
1.119518373161554337e-02
1.125118043273687363e-02
1.090734545141458511e-02
1.286258175969123840e-02
1.060798950493335724e-02
1.073101721704006195e-02
1.034948043525218964e-02
1.058568246662616730e-02
1.014049164950847626e-02
9.990202262997627258e-03
9.897625073790550232e-03
9.742350317537784576e-03
9.760952554643154144e-03
9.576837532222270966e-03
9.431865997612476349e-03
9.327761828899383545e-03
9.687758050858974457e-03
9.089562110602855682e-03
9.037840180099010468e-03
8.872864767909049988e-03
8.777221664786338806e-03
8.691783994436264038e-03
8.816589601337909698e-03
8.470389991998672485e-03
8.414220996201038361e-03
8.289493620395660400e-03
8.242567069828510284e-03
9.443656541407108307e-03
8.109360001981258392e-03
7.925766520202159882e-03
1.023141387850046158e-02
7.762274239212274551e-03
7.656609639525413513e-03
7.592302747070789337e-03
7.492539938539266586e-03
7.435286883264780045e-03
7.328408770263195038e-03
7.270533125847578049e-03
7.178592961281538010e-03
7.102718576788902283e-03
7.153905462473630905e-03
7.012381684035062790e-03
7.118077483028173447e-03
6.946677807718515396e-03
6.853663362562656403e-03
6.764974445104598999e-03
6.678359117358922958e-03
8.128488436341285706e-03
6.529459264129400253e-03
6.477921269834041595e-03
8.600492961704730988e-03
6.331418175250291824e-03
6.279168650507926941e-03
6.847676821053028107e-03
6.142303813248872757e-03
6.113334093242883682e-03
6.024347152560949326e-03
7.024575490504503250e-03
5.905573256313800812e-03
6.109694018959999084e-03
5.836459342390298843e-03
5.725644994527101517e-03
5.668827332556247711e-03
8.168105967342853546e-03
5.542813334614038467e-03
5.497626960277557373e-03
1.584600470960140228e-02
5.379881244152784348e-03
5.762368440628051758e-03
5.258101969957351685e-03
5.314219743013381958e-03
5.142801906913518906e-03
5.101755261421203613e-03
5.027279257774353027e-03
4.984050989151000977e-03
1.205826271325349808e-02
4.861889872699975967e-03
4.916700534522533417e-03
4.748465958982706070e-03
4.717203322798013687e-03
4.637869074940681458e-03
4.586399067193269730e-03
8.730812929570674896e-03
4.468219354748725891e-03
4.840399604290723801e-03
4.490216728299856186e-03
4.411521367728710175e-03
4.341485444456338882e-03
4.273804835975170135e-03
4.233996383845806122e-03
5.353213753551244736e-03
4.124599508941173553e-03
4.060109145939350128e-03
4.020241554826498032e-03
5.495727062225341797e-03
3.919805865734815598e-03
3.858268493786454201e-03
3.815040690824389458e-03
3.802943509072065353e-03
3.710188670083880424e-03
3.698145505040884018e-03
3.622349817305803299e-03
3.571655135601758957e-03
3.524551168084144592e-03
3.472800832241773605e-03
4.325992893427610397e-03
3.378869732841849327e-03
3.395529929548501968e-03
3.281737444922327995e-03
5.091563332825899124e-03
3.184989094734191895e-03
3.147012786939740181e-03
3.102905815467238426e-03
3.057317808270454407e-03
3.002053359523415565e-03
2.966119674965739250e-03
3.016638336703181267e-03
2.870905911549925804e-03
2.856557024642825127e-03
2.790269209071993828e-03
2.927613444626331329e-03
2.704605925828218460e-03
2.876406069844961166e-03
2.625736407935619354e-03
2.870928030461072922e-03
2.543592825531959534e-03
2.508949255570769310e-03
4.685353953391313553e-03
2.425653161481022835e-03
2.424278995022177696e-03
9.327522478997707367e-03
2.313836012035608292e-03
2.446827944368124008e-03
2.237955573946237564e-03
2.250383608043193817e-03
2.181755611672997475e-03
2.140114316716790199e-03
2.102064201608300209e-03
2.065173583105206490e-03
2.482583746314048767e-03
2.047389280050992966e-03
1.960106194019317627e-03
1.936245476827025414e-03
2.133907517418265343e-03
1.874834299087524414e-03
1.885042292997241020e-03
1.816548872739076614e-03
2.157669980078935623e-03
1.753081800416111946e-03
2.455956535413861275e-03
1.724752248264849186e-03
1.685645896941423416e-03
1.712370314635336399e-03
1.608115155249834061e-03
1.567014493048191071e-03
3.764327382668852806e-03
1.519026351161301136e-03
1.482448191381990910e-03
1.448788912966847420e-03
1.412177109159529209e-03
1.404313603416085243e-03
1.350737409666180611e-03
1.328580547124147415e-03
1.837509451434016228e-03
1.284858211874961853e-03
1.237255870364606380e-03
1.228267443366348743e-03
1.335044158622622490e-03
1.152278040535748005e-03
1.146539929322898388e-03
1.151274773292243481e-03
1.077174092642962933e-03
1.076015760190784931e-03
1.085105701349675655e-03
1.153261633589863777e-03
1.345726079307496548e-03
1.022467855364084244e-03
1.128001022152602673e-03
9.819405386224389076e-04
1.263915910385549068e-03
8.833219762891530991e-04
9.967254009097814560e-04
1.426289556547999382e-03
9.634312591515481472e-04
9.171499405056238174e-04
8.244075579568743706e-04
1.244664890691637993e-03
7.875124574638903141e-04
9.668509010225534439e-04
8.220421732403337955e-04
9.096059948205947876e-04
1.168967224657535553e-03
8.416471537202596664e-04
7.552605238743126392e-04
6.928232032805681229e-04
6.494104163721203804e-04
6.415456300601363182e-04
1.263904501684010029e-03
9.832861833274364471e-04
5.888335872441530228e-04
2.205254044383764267e-03
1.277471892535686493e-03
1.236191135831177235e-03
1.199949416331946850e-03
1.166236237622797489e-03
1.134160440415143967e-03
1.114783110097050667e-03
1.107280142605304718e-03
1.054417109116911888e-03
1.031208084896206856e-03
1.193721545860171318e-03
1.082073897123336792e-03
9.590561967343091965e-04
9.480631561018526554e-04
9.165492956526577473e-04
8.963207947090268135e-04
1.463759341277182102e-03
8.595027029514312744e-04
8.351044962182641029e-04
3.184451255947351456e-03
7.970206206664443016e-04
7.869815453886985779e-04
