2.307986281812191010e-02
2.185909263789653778e-02
2.118973247706890106e-02
2.064573392271995544e-02
2.019952982664108276e-02
1.975185051560401917e-02
1.928286999464035034e-02
1.877700537443161011e-02
1.952856592833995819e-02
1.797946169972419739e-02
1.755199208855628967e-02
1.714719831943511963e-02
1.674245856702327728e-02
1.624276861548423767e-02
1.578039489686489105e-02
1.572634465992450714e-02
1.476801559329032898e-02
1.417548302561044693e-02
1.368408370763063431e-02
1.304151955991983414e-02
1.244382467120885849e-02
1.190641522407531738e-02
1.141700614243745804e-02
1.124028861522674561e-02
1.047815941274166107e-02
1.018025446683168411e-02
1.039168238639831543e-02
9.746557101607322693e-03
8.723462000489234924e-03
8.356409147381782532e-03
9.561819955706596375e-03
7.594074588268995285e-03
7.202208507806062698e-03
6.843340117484331131e-03
9.603162296116352081e-03
6.203503813594579697e-03
6.018974818289279938e-03
6.421272177249193192e-03
5.474619567394256592e-03
5.174280609935522079e-03
4.962968174368143082e-03
5.173327401280403137e-03
4.556883126497268677e-03
4.415268078446388245e-03
4.165031947195529938e-03
5.201148800551891327e-03
3.889215411618351936e-03
3.928269259631633759e-03
4.135938361287117004e-03
3.609274746850132942e-03
3.417186671867966652e-03
3.376616397872567177e-03
3.525292035192251205e-03
3.170884214341640472e-03
3.105003619566559792e-03
3.042047144845128059e-03
2.979527693241834641e-03
2.991365501657128334e-03
3.549104090780019760e-03
2.935769967734813690e-03
2.800059504806995392e-03
2.742891665548086166e-03
2.725878264755010605e-03
2.678150776773691177e-03
2.634573960676789284e-03
2.610651077702641487e-03
2.941179089248180389e-03
4.143243189901113510e-03
2.525154966861009598e-03
2.502698916941881180e-03
2.992848865687847137e-03
6.249836646020412445e-03
2.512202830985188484e-03
2.421235200017690659e-03
2.402797574177384377e-03
2.381006954237818718e-03
2.458761911839246750e-03
2.347873291000723839e-03
2.333237789571285248e-03
2.327644731849431992e-03
4.094663076102733612e-03
2.276265062391757965e-03
2.268344163894653320e-03
4.468302708119153976e-03
2.237607957795262337e-03
2.255699830129742622e-03
2.315009478479623795e-03
2.202262636274099350e-03
2.218295820057392120e-03
2.180936047807335854e-03
2.192913321778178215e-03
2.160788048058748245e-03
2.163655590265989304e-03
2.207083394750952721e-03
2.133595757186412811e-03
2.964878920465707779e-03
2.116485266014933586e-03
4.211762920022010803e-03
2.100155223160982132e-03
2.144863596186041832e-03
2.084100851789116859e-03
2.078157849609851837e-03
2.882874570786952972e-03
2.062750514596700668e-03
2.082167193293571472e-03
2.048129914328455925e-03
2.057558624073863029e-03
2.078687772154808044e-03
2.028383314609527588e-03
2.186775440350174904e-03
2.016423037275671959e-03
2.018646104261279106e-03
2.209349302574992180e-03
1.998779596760869026e-03
2.008888404816389084e-03
2.089072251692414284e-03
1.980277709662914276e-03
2.933285199105739594e-03
1.967490417882800102e-03
1.963817514479160309e-03
1.956819090992212296e-03
1.998919062316417694e-03
1.949225203134119511e-03
1.940760295838117599e-03
1.950107631273567677e-03
1.930567901581525803e-03
7.627319544553756714e-03
1.919746049679815769e-03
3.459770930930972099e-03
1.908172154799103737e-03
1.946984790265560150e-03
1.896475907415151596e-03
1.895349123515188694e-03
1.886492245830595493e-03
2.174725988879799843e-03
1.872052205726504326e-03
2.808632329106330872e-03
1.858422649092972279e-03
2.301907399669289589e-03
1.843517762608826160e-03
1.941464375704526901e-03
1.828245469368994236e-03
1.830043620429933071e-03
1.812234404496848583e-03
1.806357991881668568e-03
1.863406621851027012e-03
1.990519696846604347e-03
1.783141749911010265e-03
1.774955540895462036e-03
1.766813336871564388e-03
2.001575892791152000e-03
3.013885580003261566e-03
1.748692011460661888e-03
1.739014405757188797e-03
1.730518881231546402e-03
3.590341424569487572e-03
1.717087463475763798e-03
1.711191842332482338e-03
1.703850924968719482e-03
5.289816297590732574e-03
1.688388525508344173e-03
1.738863997161388397e-03
1.699215266853570938e-03
1.671334262937307358e-03
1.660978770814836025e-03
1.663566916249692440e-03
1.776205725036561489e-03
1.639747060835361481e-03
1.762455096468329430e-03
1.683730864897370338e-03
2.226385753601789474e-03
2.272146521136164665e-03
1.604981138370931149e-03
1.598911127075552940e-03
1.611178624443709850e-03
2.304751658812165260e-03
1.578852999955415726e-03
1.607271959073841572e-03
2.557203406468033791e-03
1.557637122459709644e-03
1.582267810590565205e-03
1.926568802446126938e-03
1.535037299618124962e-03
1.609461032785475254e-03
1.632771338336169720e-03
1.520593999885022640e-03
3.235782729461789131e-03
1.499817357398569584e-03
1.495915348641574383e-03
1.553138601593673229e-03
1.477681449614465237e-03
1.680423622019588947e-03
1.462663174606859684e-03
1.454536570236086845e-03
1.539273653179407120e-03
1.486281747929751873e-03
1.439379528164863586e-03
1.539942575618624687e-03
1.417487277649343014e-03
1.409241813234984875e-03
2.309919102117419243e-03
1.394647639244794846e-03
1.430652453564107418e-03
1.381530775688588619e-03
1.367065007798373699e-03
1.382262795232236385e-03
1.351077458821237087e-03
1.341213122941553593e-03
1.339264330454170704e-03
1.326936413533985615e-03
1.356693916022777557e-03
1.451970776543021202e-03
1.795797143131494522e-03
1.289985957555472851e-03
1.296417322009801865e-03
1.274413079954683781e-03
1.275597023777663708e-03
1.257189665921032429e-03
1.304443343542516232e-03
1.234560622833669186e-03
1.422200002707540989e-03
2.398992190137505531e-03
1.267296262085437775e-03
1.242891536094248295e-03
1.216775039210915565e-03
1.185003202408552170e-03
1.171392737887799740e-03
1.158086466602981091e-03
1.948084332980215549e-03
1.304803648963570595e-03
1.188505208119750023e-03
1.120835891924798489e-03
1.107379444874823093e-03
1.104201539419591427e-03
1.158998813480138779e-03
1.122087938711047173e-03
1.196297933347523212e-03
1.231974572874605656e-03
1.079244771972298622e-03
1.201020088046789169e-03
1.017546397633850574e-03
1.007575658150017262e-03
1.006680424325168133e-03
9.968358790501952171e-04
9.729457087814807892e-04
9.608558611944317818e-04
9.935457492247223854e-04
1.337403431534767151e-03
9.289371082559227943e-04
9.128361125476658344e-04
9.064172627404332161e-04
8.991191280074417591e-04
9.001519647426903248e-04
8.685752982273697853e-04
1.033847336657345295e-03
8.383603417314589024e-04
1.991916447877883911e-03
8.134443196468055248e-04
8.806688128970563412e-04
7.891499553807079792e-04
8.092657662928104401e-04
7.645248551853001118e-04
7.530688308179378510e-04
7.446748786605894566e-04
7.306078332476317883e-04
7.167121511884033680e-04
7.272142684087157249e-04
1.323646283708512783e-03
7.137125357985496521e-04
6.683724932372570038e-04
6.586372619494795799e-04
6.519743474200367928e-04
7.552826427854597569e-04
8.240471943281590939e-04
9.462155285291373730e-04
5.910430918447673321e-04
5.800988874398171902e-04
1.125247566960752010e-03
5.767788388766348362e-04
5.650256061926484108e-04
5.336345057003200054e-04
5.267858505249023438e-04
5.144519382156431675e-04
5.072774947620928288e-04
4.975156043656170368e-04
5.417097127065062523e-04
5.297678289934992790e-04
5.236038705334067345e-04
4.447683168109506369e-04
4.356295103207230568e-04
5.101452697999775410e-04
1.663491362705826759e-03
4.198798851575702429e-04
3.980679321102797985e-04
3.901641757693141699e-04
4.150414606556296349e-04
3.813387593254446983e-04
3.803755389526486397e-04
3.569900582078844309e-04
3.500200109556317329e-04
