2.649264968931674957e-02
2.605991065502166748e-02
2.594806626439094543e-02
2.585431002080440521e-02
2.576733380556106567e-02
2.567451633512973785e-02
2.556537836790084839e-02
2.543664909899234772e-02
2.527819201350212097e-02
2.507898025214672089e-02
2.485693059861660004e-02
2.463911473751068115e-02
2.443891949951648712e-02
2.426183782517910004e-02
2.411117218434810638e-02
2.398808859288692474e-02
2.388861402869224548e-02
2.380498312413692474e-02
2.373047359287738800e-02
2.365916594862937927e-02
2.358603850007057190e-02
2.350737527012825012e-02
2.342071942985057831e-02
2.332476899027824402e-02
2.321919426321983337e-02
2.310414053499698639e-02
2.297933213412761688e-02
2.284339256584644318e-02
2.269447036087512970e-02
2.253098785877227783e-02
2.234804257750511169e-02
2.212827093899250031e-02
2.186230570077896118e-02
2.156193926930427551e-02
2.122934907674789429e-02
2.084157615900039673e-02
2.037142962217330933e-02
1.982170902192592621e-02
1.921532116830348969e-02
1.857464760541915894e-02
1.791511289775371552e-02
1.724642701447010040e-02
1.657499745488166809e-02
1.590616442263126373e-02
1.524526439607143402e-02
1.471277978271245956e-02
1.420801784843206406e-02
1.371823903173208237e-02
1.323861908167600632e-02
1.277005765587091446e-02
1.231389585882425308e-02
1.187160518020391464e-02
1.148582343012094498e-02
1.111554820090532303e-02
1.076474227011203766e-02
1.042644958943128586e-02
1.010133977979421616e-02
9.884966537356376648e-03
9.532131254673004150e-03
9.278014302253723145e-03
9.034514427185058594e-03
8.801843971014022827e-03
8.587858639657497406e-03
8.390619419515132904e-03
8.213217370212078094e-03
8.044321089982986450e-03
7.883470505475997925e-03
7.730674464255571365e-03
7.603187114000320435e-03
7.470632903277873993e-03
7.353085093200206757e-03
7.241558283567428589e-03
7.155972532927989960e-03
7.056138943880796432e-03
6.968038156628608704e-03
6.884221453219652176e-03
6.830961909145116806e-03
6.741229444742202759e-03
6.669955793768167496e-03
6.597578991204500198e-03
6.532140541821718216e-03
6.450636778026819229e-03
6.352882832288742065e-03
6.217281799763441086e-03
6.062478292733430862e-03
5.837438628077507019e-03
5.615400616079568863e-03
5.462062079459428787e-03
5.250717047601938248e-03
5.094396881759166718e-03
4.958456847816705704e-03
4.820039030164480209e-03
4.665185231715440750e-03
4.889291245490312576e-03
4.310758318752050400e-03
4.122104030102491379e-03
3.958214074373245239e-03
3.781889798119664192e-03
3.616788424551486969e-03
3.471503965556621552e-03
3.328776918351650238e-03
3.194459248334169388e-03
3.067954443395137787e-03
2.946129301562905312e-03
3.342252224683761597e-03
2.726014005020260811e-03
2.623738721013069153e-03
2.534051425755023956e-03
2.428819192573428154e-03
2.415090333670377731e-03
2.253091195598244667e-03
2.171170432120561600e-03
2.096178475767374039e-03
2.023436129093170166e-03
1.959580928087234497e-03
1.886580022983253002e-03
1.824478618800640106e-03
1.811487250961363316e-03
1.696603023447096348e-03
1.645034411922097206e-03
1.586134079843759537e-03
1.534007838927209377e-03
1.483056694269180298e-03
1.480659469962120056e-03
1.386613002978265285e-03
1.381053472869098186e-03
1.324538607150316238e-03
1.298760529607534409e-03
1.272888737730681896e-03
1.246564206667244434e-03
1.219743397086858749e-03
1.192448195070028305e-03
1.164709916338324547e-03
1.136553590185940266e-03
1.107988762669265270e-03
1.079029054380953312e-03
1.049685990437865257e-03
1.020362251438200474e-03
9.908794891089200974e-04
9.612131980247795582e-04
9.315742063336074352e-04
9.903671452775597572e-04
8.765817619860172272e-04
8.462329278700053692e-04
8.289786055684089661e-04
7.928872364573180676e-04
7.667733007110655308e-04
7.436873274855315685e-04
7.171134348027408123e-04
6.926855421625077724e-04
6.695640040561556816e-04
6.467439816333353519e-04
6.489358376711606979e-03
6.027587805874645710e-04
5.814510514028370380e-04
5.640155286528170109e-04
5.407987628132104874e-04
5.209613591432571411e-04
5.039069801568984985e-04
4.841014160774648190e-04
4.680060665123164654e-04
4.488327540457248688e-04
4.319519794080406427e-04
5.851148744113743305e-04
3.997426247224211693e-04
3.841275174636393785e-04
4.961661179549992085e-04
3.544025821611285210e-04
3.448647330515086651e-04
3.262666577938944101e-04
2.542103407904505730e-03
2.997371193487197161e-04
1.248193206265568733e-03
2.753235457930713892e-04
2.636071003507822752e-04
2.529065241105854511e-04
2.418642106931656599e-04
3.397478139959275723e-04
2.219412417616695166e-04
2.127222833223640919e-04
2.040416875388473272e-04
1.947044511325657368e-04
1.932403247337788343e-04
1.805320061976090074e-04
1.037987763993442059e-03
1.625847799004986882e-04
1.615764922462403774e-04
9.665379766374826431e-04
1.417013554600998759e-04
3.226038534194231033e-04
1.295604015467688441e-04
1.237143296748399734e-04
1.203284264192916453e-04
4.267059848643839359e-04
1.078431450878269970e-04
7.842459715902805328e-03
1.069001955329440534e-04
9.580582991475239396e-05
9.254490578314289451e-05
8.938366954680532217e-05
8.625512418802827597e-05
8.315242303069680929e-05
8.007878204807639122e-05
7.706721225986257195e-05
7.405482756439596415e-05
7.112925231922417879e-05
6.823411240475252271e-05
6.542250048369169235e-05
1.653324929066002369e-03
6.036533523001708090e-05
6.148671673145145178e-05
7.005077350186184049e-05
5.322697688825428486e-05
8.248249650932848454e-04
4.946447006659582257e-05
4.706656909547746181e-05
5.342079384718090296e-05
4.345267734606750309e-05
8.357860497198998928e-04
5.790939758298918605e-05
3.865429607685655355e-05
8.680341125000268221e-05
3.593354995246045291e-05
3.471497620921581984e-05
7.445698138326406479e-04
3.229395952075719833e-05
3.133697828161530197e-05
3.232743983971886337e-05
6.735653150826692581e-04
2.855802631529513747e-05
3.141477645840495825e-05
6.521552131744101644e-05
2.574463360360823572e-05
5.542837243410758674e-05
2.420541386527474970e-05
2.351637522224336863e-05
2.773832420643884689e-05
2.242066875624004751e-05
4.524610936641693115e-03
2.154909634555224329e-05
2.094144656439311802e-05
4.011859709862619638e-05
1.984996561077423394e-05
8.591540390625596046e-04
1.915936081786639988e-05
2.516011954867281020e-05
2.587610215414315462e-04
1.791201611922588199e-05
2.100713318213820457e-04
1.766039167705457658e-05
1.724359390209428966e-05
2.725242666201665998e-05
2.125957515090703964e-03
1.608426282473374158e-05
1.346664503216743469e-02
1.645098745939321816e-05
1.538186370453331620e-05
1.513255392637802288e-05
1.489415262767579406e-05
1.466092544433195144e-05
1.444840290787396953e-05
1.425582468073116615e-05
1.404221984557807446e-05
2.940537888207472861e-05
1.364208492304896936e-05
5.787314730696380138e-04
1.349801368633052334e-05
1.328838879999238998e-05
2.444555575493723154e-04
1.298800088989082724e-05
1.301917927776230499e-05
1.280732431041542441e-05
1.251521734957350418e-05
6.556406879099085927e-05
1.230657562700798735e-05
1.453200275136623532e-05
1.718743122182786465e-03
1.220417743752477691e-05
1.198327845486346632e-05
7.159356755437329412e-05
5.208318179938942194e-05
1.170828454633010551e-05
1.660051406361162663e-03
1.115855047828517854e-05
1.645578959141857922e-05
2.065119588223751634e-05
1.113575763156404719e-05
1.166573747468646616e-05
3.695795749081298709e-05
2.911421506723854691e-05
5.813297684653662145e-05
1.035497371049132198e-05
3.202862353646196425e-05
1.019593946693930775e-05
1.706820694380439818e-05
1.002593216981040314e-05
9.923492143570911139e-06
7.340299634961411357e-05
1.227468328579561785e-05
4.242729861289262772e-03
