8.248118758201599121e-01
3.319010883569717407e-02
4.260737821459770203e-02
2.491128258407115936e-02
2.468579448759555817e-02
2.460178360342979431e-02
2.454153262078762054e-02
2.449738048017024994e-02
2.445810846984386444e-02
2.442259155213832855e-02
2.439090795814990997e-02
2.436278946697711945e-02
2.433791384100914001e-02
2.431591041386127472e-02
2.429638057947158813e-02
2.427894249558448792e-02
2.426324598491191864e-02
2.424896880984306335e-02
2.423583343625068665e-02
2.422360330820083618e-02
2.421208471059799194e-02
2.420111373066902161e-02
2.419056743383407593e-02
2.418034151196479797e-02
2.417035773396492004e-02
2.416055835783481598e-02
2.415088750422000885e-02
2.414131909608840942e-02
2.413181029260158539e-02
2.412234432995319366e-02
2.411289699375629425e-02
2.410345152020454407e-02
2.409398369491100311e-02
2.408448606729507446e-02
2.407493628561496735e-02
2.406532317399978638e-02
2.405562251806259155e-02
2.404583059251308441e-02
2.403592132031917572e-02
2.402587980031967163e-02
2.401569858193397522e-02
2.400536090135574341e-02
2.399484440684318542e-02
2.398414164781570435e-02
2.397324517369270325e-02
2.396213635802268982e-02
2.395081706345081329e-02
2.393927425146102905e-02
2.392750605940818787e-02
2.391551621258258820e-02
2.390330098569393158e-02
2.389086969196796417e-02
2.387822605669498444e-02
2.386538498103618622e-02
2.385235391557216644e-02
2.383916266262531281e-02
2.382581867277622223e-02
2.381235174834728241e-02
2.379878424108028412e-02
2.378514595329761505e-02
2.377146296203136444e-02
2.375776506960391998e-02
2.374408766627311707e-02
2.373046614229679108e-02
2.371692843735218048e-02
2.370350249111652374e-02
2.369022928178310394e-02
2.367713116109371185e-02
2.366423979401588440e-02
2.365157753229141235e-02
2.363917604088783264e-02
2.362705394625663757e-02
2.361522614955902100e-02
2.360371127724647522e-02
2.359252795577049255e-02
2.358168363571166992e-02
2.357118576765060425e-02
2.356103807687759399e-02
2.355124801397323608e-02
2.354180812835693359e-02
2.353272773325443268e-02
2.352399565279483795e-02
2.351560629904270172e-02
2.350755408406257629e-02
2.349982969462871552e-02
2.349242568016052246e-02
2.348532527685165405e-02
2.347852103412151337e-02
2.347199432551860809e-02
2.346573397517204285e-02
2.345972694456577301e-02
2.345395460724830627e-02
2.344840392470359802e-02
2.344305999577045441e-02
2.343790978193283081e-02
2.343293093144893646e-02
2.342811785638332367e-02
2.342344634234905243e-02
2.341891266405582428e-02
2.341448701918125153e-02
2.341016940772533417e-02
2.340594679117202759e-02
2.340179495513439178e-02
2.339772135019302368e-02
2.339369989931583405e-02
2.338972873985767365e-02
2.338580228388309479e-02
2.338190563023090363e-02
2.337803319096565247e-02
2.337418124079704285e-02
2.337034605443477631e-02
2.336651645600795746e-02
2.336269058287143707e-02
2.335886470973491669e-02
2.335502766072750092e-02
2.335117384791374207e-02
2.334731258451938629e-02
2.334341965615749359e-02
2.333950251340866089e-02
2.333555370569229126e-02
2.333156764507293701e-02
2.332753874361515045e-02
2.332346141338348389e-02
2.331933192908763885e-02
2.331514656543731689e-02
2.331089973449707031e-02
2.330658398568630219e-02
2.330219559371471405e-02
2.329772710800170898e-02
2.329317666590213776e-02
2.328853681683540344e-02
2.328380011022090912e-02
2.327896282076835632e-02
2.327401190996170044e-02
2.326894551515579224e-02
2.326375618577003479e-02
2.325843833386898041e-02
2.325297892093658447e-02
2.324737422168254852e-02
2.324162051081657410e-02
2.323570102453231812e-02
2.322961203753948212e-02
2.322334423661231995e-02
2.321689017117023468e-02
2.321023680269718170e-02
2.320338226854801178e-02
2.319630980491638184e-02
2.318901941180229187e-02
2.318149060010910034e-02
2.317372150719165802e-02
2.316570468246936798e-02
2.315742522478103638e-02
2.314887754619121552e-02
2.314005047082901001e-02
2.313093654811382294e-02
2.312152460217475891e-02
2.311180531978607178e-02
2.310177683830261230e-02
2.309142425656318665e-02
2.308074198663234711e-02
2.306971512734889984e-02
2.305834740400314331e-02
2.304662019014358521e-02
2.303452789783477783e-02
2.302206307649612427e-02
2.300922200083732605e-02
2.299598045647144318e-02
2.298234589397907257e-02
2.296830154955387115e-02
2.295383438467979431e-02
2.293893694877624512e-02
2.292363718152046204e-02
2.291965670883655548e-02
2.289221808314323425e-02
2.287598513066768646e-02
2.285910397768020630e-02
2.284201234579086304e-02
2.291120588779449463e-02
2.282882854342460632e-02
2.282438427209854126e-02
2.501201443374156952e-02
2.307074517011642456e-02
2.277159318327903748e-02
2.272691391408443451e-02
2.269605360925197601e-02
2.281459234654903412e-02
2.793931961059570312e-02
2.345619723200798035e-02
2.266539447009563446e-02
2.260535582900047302e-02
2.258093841373920441e-02
2.255888469517230988e-02
2.253679744899272919e-02
2.251440845429897308e-02
2.249154821038246155e-02
2.246814407408237457e-02
2.244417741894721985e-02
2.241960167884826660e-02
2.239439636468887329e-02
2.236852049827575684e-02
2.234193868935108185e-02
2.231460809707641602e-02
2.228648588061332703e-02
2.225751616060733795e-02
2.224895544350147247e-02
2.406982146203517914e-02
2.331004105508327484e-02
2.236742153763771057e-02
2.214302867650985718e-02
2.211265265941619873e-02
2.207605540752410889e-02
2.204249240458011627e-02
2.200812287628650665e-02
2.197266183793544769e-02
2.193594910204410553e-02
2.189780212938785553e-02
2.185804396867752075e-02
2.181646786630153656e-02
2.177285030484199524e-02
2.172693423926830292e-02
2.167843095958232880e-02
2.162702940404415131e-02
2.157239988446235657e-02
2.151420153677463531e-02
2.145210467278957367e-02
2.138579636812210083e-02
2.131502516567707062e-02
2.123957313597202301e-02
2.115932106971740723e-02
2.107422240078449249e-02
2.098430693149566650e-02
2.088969945907592773e-02
2.079060301184654236e-02
2.068728022277355194e-02
2.058005891740322113e-02
2.046987600624561310e-02
2.073893882334232330e-02
2.029593288898468018e-02
2.013486251235008240e-02
2.000981196761131287e-02
1.989346370100975037e-02
2.493209391832351685e-02
1.991945132613182068e-02
1.955221593379974365e-02
1.942279562354087830e-02
1.929762214422225952e-02
1.917677745223045349e-02
1.905648224055767059e-02
1.893659681081771851e-02
1.886105909943580627e-02
2.189315110445022583e-02
1.880613341927528381e-02
1.855180040001869202e-02
1.838403008878231049e-02
1.826741360127925873e-02
1.815659366548061371e-02
1.804739423096179962e-02
1.793888211250305176e-02
1.783110387623310089e-02
1.772409304976463318e-02
1.761791668832302094e-02
1.751262508332729340e-02
1.740858145058155060e-02
2.681434340775012970e-02
1.753992587327957153e-02
1.719334349036216736e-02
1.703688688576221466e-02
1.693146303296089172e-02
1.683766208589076996e-02
1.674479059875011444e-02
1.665300689637660980e-02
1.656216941773891449e-02
1.647225767374038696e-02
1.638326980173587799e-02
1.629520580172538757e-02
1.620810478925704956e-02
1.689240895211696625e-02
1.674905233085155487e-02
1.609846577048301697e-02
1.589989289641380310e-02
1.581938378512859344e-02
1.574447192251682281e-02
1.567063108086585999e-02
1.559783425182104111e-02
1.552614104002714157e-02
1.545547880232334137e-02
1.538583822548389435e-02
1.531721092760562897e-02
1.524958666414022446e-02
1.518295798450708389e-02
1.511732023209333420e-02
1.505266223102807999e-02
1.498896628618240356e-02
1.492621842771768570e-02
1.486441027373075485e-02
1.491594780236482620e-02
1.498503331094980240e-02
1.494867168366909027e-02
1.466405950486660004e-02
1.458743587136268616e-02
1.453107502311468124e-02
1.447711233049631119e-02
1.442422159016132355e-02
1.437201444059610367e-02
1.432043127715587616e-02
1.426944229751825333e-02
1.421901769936084747e-02
1.416911371052265167e-02
1.411969400942325592e-02
1.407072134315967560e-02
1.409722678363323212e-02
1.744979247450828552e-02
1.403584331274032593e-02
1.390898972749710083e-02
1.385375298559665680e-02
1.380655728280544281e-02
1.376124843955039978e-02
1.371713355183601379e-02
1.367297302931547165e-02
1.362873893231153488e-02
1.358439680188894272e-02
1.353993825614452362e-02
1.349534001201391220e-02
1.345058344304561615e-02
1.340563222765922546e-02
1.336045190691947937e-02
1.331499405205249786e-02
1.326923258602619171e-02
1.764128543436527252e-02
1.379110850393772125e-02
1.320606656372547150e-02
1.309928391128778458e-02
1.304672379046678543e-02
1.299924403429031372e-02
1.295097731053829193e-02
1.290209963917732239e-02
1.285242289304733276e-02
1.280188281089067459e-02
1.275041233748197556e-02
1.269796397536993027e-02
1.264447905123233795e-02
1.258990634232759476e-02
1.253418345004320145e-02
1.248436793684959412e-02
1.849490031599998474e-02
1.250455528497695923e-02
1.236878428608179092e-02
1.225950848311185837e-02
1.219095382839441299e-02
1.212894078344106674e-02
1.206655986607074738e-02
1.200324669480323792e-02
1.992831565439701080e-02
1.217914931476116180e-02
1.187664922326803207e-02
1.174865756183862686e-02
1.167789287865161896e-02
1.160512957721948624e-02
1.153074018657207489e-02
1.145406160503625870e-02
1.137493271380662918e-02
1.129320356994867325e-02
1.120874285697937012e-02
1.112143322825431824e-02
1.103116478770971298e-02
1.104760542511940002e-02
1.140428055077791214e-02
1.080838032066822052e-02
1.069572754204273224e-02
1.059788651764392853e-02
1.049799192696809769e-02
1.039758138358592987e-02
1.029544789344072342e-02
1.019122730940580368e-02
1.008496433496475220e-02
9.976757690310478210e-03
9.867041371762752533e-03
9.853389114141464233e-03
9.903449565172195435e-03
9.575224481523036957e-03
9.435174986720085144e-03
9.318720549345016479e-03
9.204127825796604156e-03
9.089438244700431824e-03
8.974107913672924042e-03
8.858065120875835419e-03
8.741608820855617523e-03
2.028649672865867615e-02
8.836975321173667908e-03
8.528120815753936768e-03
8.333178237080574036e-03
8.215195499360561371e-03
8.105309680104255676e-03
7.995602674782276154e-03
7.885938510298728943e-03
7.776435464620590210e-03
7.667126134037971497e-03
7.558065000921487808e-03
7.449314463883638382e-03
7.718120235949754715e-03
7.906072773039340973e-03
7.215473335236310959e-03
7.041193544864654541e-03
6.931115407496690750e-03
6.827146280556917191e-03
6.931170355528593063e-03
7.557897362858057022e-03
6.741950754076242447e-03
6.458161398768424988e-03
6.360921543091535568e-03
6.267688237130641937e-03
6.175512447953224182e-03
6.084087770432233810e-03
5.993542727082967758e-03
5.903887096792459488e-03
5.815158132463693619e-03
5.973051302134990692e-03
6.845465395599603653e-03
5.657222121953964233e-03
5.496470257639884949e-03
5.442871246486902237e-03
5.380153190344572067e-03
5.484106019139289856e-03
5.190921947360038757e-03
5.116092041134834290e-03
5.042105447500944138e-03
4.970362875610589981e-03
4.899397958070039749e-03
4.829442594200372696e-03
4.763888660818338394e-03
8.681446313858032227e-03
4.819207824766635895e-03
4.652590490877628326e-03
4.528644960373640060e-03
4.465355537831783295e-03
4.405149724334478378e-03
4.865066614001989365e-03
4.531364887952804565e-03
4.339337348937988281e-03
4.186208359897136688e-03
4.128285218030214310e-03
4.072687122970819473e-03
4.019672516733407974e-03
3.967772237956523895e-03
6.701536010950803757e-03
4.136825446039438248e-03
3.846495412290096283e-03
3.777489997446537018e-03
3.726382972672581673e-03
3.684815252199769020e-03
8.564476855099201202e-03
4.015684593468904495e-03
3.589599858969449997e-03
3.520227968692779541e-03
3.478562459349632263e-03
3.437681356444954872e-03
3.397910622879862785e-03
3.367811441421508789e-03
3.634894965216517448e-03
3.291797125712037086e-03
3.253274131566286087e-03
3.212254028767347336e-03
3.175592981278896332e-03
3.140244632959365845e-03
3.105452284216880798e-03
3.483045380562543869e-03
3.407147713005542755e-03
3.008172381669282913e-03
2.977834315970540047e-03
2.942719031125307083e-03
3.068425226956605911e-03
2.995989518240094185e-03
2.871455857530236244e-03
2.836171537637710571e-03
2.799326553940773010e-03
2.770363353192806244e-03
2.742069773375988007e-03
2.714359899982810020e-03
4.695542622357606888e-03
2.769940998405218124e-03
2.674333751201629639e-03
2.614461118355393410e-03
2.586325863376259804e-03
2.560210414230823517e-03
2.535534324124455452e-03
2.587078604847192764e-03
2.555479295551776886e-03
2.677633892744779587e-03
2.460466464981436729e-03
2.426165621727705002e-03
2.402935642749071121e-03
2.380915218964219093e-03
2.359174657613039017e-03
2.449302235618233681e-03
2.370888600125908852e-03
2.332882257178425789e-03
2.289160154759883881e-03
2.257584827020764351e-03
2.236412605270743370e-03
2.216652734205126762e-03
2.197057241573929787e-03
2.177632646635174751e-03
2.158360555768013000e-03
2.140294527634978294e-03
9.782534092664718628e-03
2.697288757190108299e-03
2.105678897351026535e-03
2.074078423902392387e-03
2.062782412394881248e-03
3.459156490862369537e-03
2.177422167733311653e-03
2.025629393756389618e-03
1.987942261621356010e-03
1.970717217773199081e-03
1.959702232852578163e-03
4.332714248448610306e-03
2.047317801043391228e-03
1.940879505127668381e-03
1.891893451102077961e-03
1.874924055300652981e-03
1.859287964180111885e-03
1.843661186285316944e-03
1.830356195569038391e-03
5.308643449097871780e-03
2.170820953324437141e-03
1.788402674719691277e-03
1.774245174601674080e-03
1.756715239025652409e-03
1.743899309076368809e-03
4.218510352075099945e-03
1.740556675940752029e-03
1.741901971399784088e-03
1.688003423623740673e-03
1.674367114901542664e-03
1.660775858908891678e-03
3.567213192582130432e-03
1.822230056859552860e-03
1.659705070778727531e-03
1.608560909517109394e-03
1.595268608070909977e-03
1.583681674674153328e-03
4.616969730705022812e-03
1.687167445197701454e-03
1.579580013640224934e-03
1.535618677735328674e-03
1.574322464875876904e-03
1.717860577628016472e-03
1.512731658294796944e-03
1.492467359639704227e-03
1.492132199928164482e-03
1.554043381474912167e-03
1.496728975325822830e-03
1.447942457161843777e-03
1.622712938115000725e-03
1.810958143323659897e-03
1.417426858097314835e-03
1.797500182874500751e-03
1.599826384335756302e-03
1.379970926791429520e-03
1.421048073098063469e-03
1.374043640680611134e-03
1.340728718787431717e-03
1.342539675533771515e-03
2.347213216125965118e-03
1.621852163225412369e-03
1.324228360317647457e-03
1.284569851122796535e-03
2.242608461529016495e-03
1.337081193923950195e-03
1.299406751058995724e-03
1.251226756721735001e-03
1.237909891642630100e-03
1.290939631871879101e-03
1.214243238791823387e-03
1.223236904479563236e-03
2.557522617280483246e-03
1.211468945257365704e-03
1.195585122331976891e-03
1.185828703455626965e-03
8.307866007089614868e-02
6.173102650791406631e-03
2.284617628902196884e-03
1.157390302978456020e-03
1.154774799942970276e-03
1.130658900365233421e-03
1.122699002735316753e-03
1.114858896471560001e-03
1.107574906200170517e-03
1.100507448427379131e-03
1.093575963750481606e-03
1.086732838302850723e-03
1.079946989193558693e-03
1.073201070539653301e-03
1.066481810994446278e-03
1.083336886949837208e-03
1.118085929192602634e-03
1.051967032253742218e-03
1.043742988258600235e-03
1.035864930599927902e-03
1.028860919177532196e-03
1.022376236505806446e-03
1.015855232253670692e-03
1.009353669360280037e-03
1.002857112325727940e-03
9.963614866137504578e-04
9.898690041154623032e-04
9.833776857703924179e-04
9.768886957317590714e-04
9.704024414531886578e-04
9.639178751967847347e-04
9.574364521540701389e-04
9.509557276032865047e-04
9.444764582440257072e-04
9.379963739775121212e-04
9.315153583884239197e-04
9.250545408576726913e-04
4.065492656081914902e-03
1.823140424676239491e-03
9.517371072433888912e-04
9.028884815052151680e-04
8.963196887634694576e-04
8.898360538296401501e-04
8.834023610688745975e-04
8.771733264438807964e-04
8.709449321031570435e-04
8.647171780467033386e-04
8.584856986999511719e-04
8.522507851012051105e-04
8.460112730972468853e-04
8.397679775953292847e-04
8.335182792507112026e-04
8.272635750472545624e-04
8.210032829083502293e-04
8.147384505718946457e-04
8.084690198302268982e-04
8.021957473829388618e-04
7.959187496453523636e-04
7.896400638855993748e-04
7.833592244423925877e-04
7.770776282995939255e-04
7.707949262112379074e-04
7.645149598829448223e-04
8.787495899014174938e-04
1.320172566920518875e-03
8.036892395466566086e-04
7.538979989476501942e-04
7.366170757450163364e-04
7.304095779545605183e-04
7.242080755531787872e-04
7.181949913501739502e-04
7.122043170966207981e-04
7.062183576636016369e-04
7.002313504926860332e-04
6.942455656826496124e-04
6.882619345560669899e-04
6.822794093750417233e-04
6.762978737242519855e-04
6.703182589262723923e-04
6.643419619649648666e-04
6.583671201951801777e-04
6.523955962620675564e-04
6.464266916736960411e-04
6.404640153050422668e-04
6.414318340830504894e-04
2.581154927611351013e-03
7.662816788069903851e-04
6.506053614430129528e-04
6.135562434792518616e-04
6.073535769246518612e-04
6.013729143887758255e-04
5.956770619377493858e-04
5.913094501011073589e-04
4.069366026669740677e-03
7.403069757856428623e-04
5.908690509386360645e-04
5.703282076865434647e-04
5.645035998895764351e-04
5.587497144006192684e-04
5.533436778932809830e-04
5.479998653754591942e-04
5.426668212749063969e-04
5.373397143557667732e-04
5.320207565091550350e-04
5.274317227303981781e-04
1.393338665366172791e-03
6.971094990149140358e-04
5.135085084475576878e-04
5.132713704369962215e-04
5.019184318371117115e-04
5.041395779699087143e-04
5.832547321915626526e-04
6.541215698234736919e-04
5.015151691623032093e-04
4.793810076080262661e-04
4.745843762066215277e-04
4.696416435763239861e-04
4.649626207537949085e-04
4.602994595188647509e-04
4.556426429189741611e-04
4.509942373260855675e-04
4.463539517018944025e-04
4.417229793034493923e-04
4.371016402728855610e-04
4.404544597491621971e-04
8.905204012989997864e-04
7.077851914800703526e-04
4.592752084136009216e-04
4.204627184662967920e-04
4.374363052193075418e-04
5.005729617550969124e-04
4.817600711248815060e-04
4.087363777216523886e-04
3.955467254854738712e-04
3.911918902304023504e-04
3.870908403769135475e-04
3.829814959317445755e-04
3.789037000387907028e-04
3.774224605876952410e-04
2.929692156612873077e-03
3.962576738558709621e-04
3.977731976192444563e-04
3.595043963287025690e-04
3.557151358108967543e-04
3.517410077620297670e-04
3.479392034932971001e-04
3.443474415689706802e-04
8.873436599969863892e-04
3.723546396940946579e-04
4.016290768049657345e-04
3.318605595268309116e-04
3.273839247412979603e-04
3.236309567000716925e-04
3.199562488589435816e-04
3.169494448229670525e-04
1.273554633371531963e-03
6.035102996975183487e-04
3.133323625661432743e-04
3.052146639674901962e-04
3.002639277838170528e-04
2.962406433653086424e-04
2.929439651779830456e-04
2.935217053163796663e-04
2.869439776986837387e-04
2.832570753525942564e-04
3.197600308340042830e-04
1.021147472783923149e-03
3.224814718123525381e-04
2.779003989417105913e-04
4.395345167722553015e-04
5.403795512393116951e-04
2.622797037474811077e-04
2.618859871290624142e-04
2.564513706602156162e-04
2.535018720664083958e-04
2.533968945499509573e-04
2.530415949877351522e-04
1.969169126823544502e-03
4.200616385787725449e-04
2.462996053509414196e-04
2.372547751292586327e-04
2.342776861041784286e-04
2.311568823643028736e-04
2.284674847032874823e-04
2.286600647494196892e-04
9.432020015083253384e-04
2.566644398029893637e-04
2.385702828178182244e-04
2.186850324505940080e-04
2.139387506758794188e-04
2.115497190970927477e-04
5.120181012898683548e-04
3.247686254326254129e-04
2.240012399852275848e-04
2.024168206844478846e-04
1.997704093810170889e-04
1.968718861462548375e-04
1.945275143953040242e-04
1.939917128765955567e-04
1.919292844831943512e-04
1.878761395346373320e-04
8.383646490983664989e-04
1.078235451132059097e-03
1.994117774302139878e-04
1.946991833392530680e-04
1.790434616850689054e-04
2.367952838540077209e-04
4.635344957932829857e-04
1.766070781741291285e-04
1.706604089122265577e-04
1.670976926106959581e-04
1.648590987315401435e-04
1.632825151318684220e-04
1.617179950699210167e-04
1.612301275599747896e-04
2.707197563722729683e-03
3.882878518197685480e-04
1.850106491474434733e-04
1.523148093838244677e-04
1.630181504879146814e-04
1.606305449968203902e-04
1.651224447414278984e-04
1.530795270809903741e-04
1.435407320968806744e-04
1.409559190506115556e-04
1.427374954801052809e-04
1.379516470478847623e-04
1.361195463687181473e-04
1.018660725094377995e-03
7.115807384252548218e-04
1.689156197244301438e-04
1.302387827308848500e-04
1.293416280532255769e-04
3.943736955989152193e-04
1.743768807500600815e-04
1.279012358281761408e-04
1.238928525708615780e-04
1.205558655783534050e-04
1.208693211083300412e-04
1.172730917460285127e-04
1.680022251093760133e-04
7.594379712827503681e-04
1.212645365740172565e-04
1.198542813654057682e-04
3.999368054792284966e-04
1.725925249047577381e-04
1.377074804622679949e-04
1.103688555303961039e-04
1.056263572536408901e-04
1.036740213748998940e-04
1.026362515403889120e-04
1.085006952052935958e-04
1.207765308208763599e-03
2.548128541093319654e-04
1.050958744599483907e-04
9.669317660154774785e-05
9.510703966952860355e-05
1.042294388753362000e-04
9.259846410714089870e-04
1.755984121700748801e-04
1.020324489218182862e-04
9.120680624619126320e-05
8.840519149089232087e-05
8.741309284232556820e-05
1.890464773168787360e-04
4.000768996775150299e-03
1.027857884764671326e-03
4.118764773011207581e-04
1.339913287665694952e-04
9.240236977348104119e-05
8.460693788947537541e-05
8.254273416241630912e-05
8.156504190992563963e-05
8.075856021605432034e-05
8.000012167030945420e-05
7.927305705379694700e-05
7.856622687540948391e-05
7.787286449456587434e-05
7.718884444329887629e-05
7.651556370547041297e-05
1.209099646075628698e-04
3.957729495596140623e-04
1.253765512956306338e-04
8.110774069791659713e-05
7.426951196976006031e-05
7.279215060407295823e-05
7.206771988421678543e-05
7.142629328882321715e-05
7.078845374053344131e-05
7.015284063527360559e-05
6.952034163987264037e-05
6.888947973493486643e-05
6.826110620750114322e-05
6.763487181160598993e-05
6.701002712361514568e-05
6.639175262534990907e-05
1.216681630467064679e-04
6.317741353996098042e-04
1.022838332573883235e-04
6.715133349644020200e-05
6.467021739808842540e-05
6.304537237156182528e-05
6.234818283701315522e-05
6.173941073939204216e-05
6.114842108217999339e-05
6.056072379578836262e-05
5.997551488690078259e-05
5.939264883636496961e-05
5.881151446374133229e-05
5.823337414767593145e-05
5.765661626355722547e-05
5.708291064365766943e-05
5.651125684380531311e-05
5.595888433163054287e-05
5.354298627935349941e-04
3.455768455751240253e-04
5.965257878415286541e-05
6.068206130294129252e-05
5.351904110284522176e-05
5.298123141983523965e-05
5.234504351392388344e-05
5.180661901249550283e-05
5.127994518261402845e-05
5.075660374131985009e-05
5.023592893849126995e-05
4.971818270860239863e-05
4.920283390674740076e-05
4.868980613537132740e-05
4.817958324565552175e-05
4.767199425259605050e-05
4.716667172033339739e-05
4.666453241952694952e-05
4.616655132849700749e-05
7.368361548287793994e-05
5.456254584714770317e-04
1.200375991174951196e-04
5.663177580572664738e-05
4.415063813212327659e-05
4.369037924334406853e-05
4.304905451135709882e-05
4.258526314515620470e-05
4.212995190755464137e-05
4.168127634329721332e-05
4.123573307879269123e-05
4.079321297467686236e-05
4.037804683321155608e-05
2.385531843174248934e-04
1.044564764015376568e-03
1.429724943591281772e-04
4.805487697012722492e-05
3.827180262305773795e-05
3.811586793744936585e-05
3.746155925909988582e-05
4.570212331600487232e-05
8.855981868691742420e-04
1.238224213011562824e-04
4.653384166886098683e-05
3.663684037746861577e-05
3.541348996805027127e-05
3.487303911242634058e-05
3.449450377956964076e-05
4.835816434933803976e-05
1.353595172986388206e-03
6.207620026543736458e-05
5.827691347803920507e-05
3.283916885266080499e-05
3.269055741839110851e-05
3.588053004932589829e-05
3.315020148875191808e-05
3.138582542305812240e-05
3.258391370764002204e-05
1.484589185565710068e-03
6.261013913899660110e-05
3.419124186621047556e-05
3.576275776140391827e-05
1.945673604495823383e-03
6.207701517269015312e-05
5.606575723504647613e-05
2.964322811749298126e-05
2.867923649318981916e-05
2.814910840243101120e-05
2.773229243757668883e-05
2.773771666397806257e-05
4.332621174398809671e-04
4.163242410868406296e-04
1.038344853441230953e-04
3.213166928617283702e-05
3.489473601803183556e-05
7.167558069340884686e-04
5.883483026991598308e-05
2.806883821904193610e-05
2.580627369752619416e-05
2.493612737453076988e-05
3.244303661631420255e-05
2.558444975875318050e-05
1.579870237037539482e-03
1.622887793928384781e-04
8.182013698387891054e-05
5.827361383126117289e-05
3.660583752207458019e-05
2.498206958989612758e-05
2.271711855428293347e-05
2.245926225441507995e-05
3.000735705427359790e-05
9.753514314070343971e-05
7.429073448292911053e-04
2.196488458139356226e-05
3.414129969314672053e-05
2.445739301037974656e-05
2.390921144979074597e-05
1.165824243798851967e-03
2.666869841050356627e-04
2.102447433571796864e-05
2.238606430182699114e-05
2.071146445814520121e-05
2.239597961306571960e-05
1.990201053558848798e-05
2.121470970450900495e-05
2.416631439700722694e-03
1.100351582863368094e-04
5.543888983083888888e-05
2.530118035792838782e-05
1.121613779105246067e-03
5.618214709102176130e-05
3.080776150454767048e-05
2.021430736931506544e-05
1.839999094954691827e-05
1.787886139936745167e-05
2.207295983680523932e-05
1.761466046446003020e-05
2.736685273703187704e-04
7.481348584406077862e-04
8.976619574241340160e-05
1.096336403861641884e-03
3.253672548453323543e-05
3.259036020608618855e-05
1.987481300602667034e-05
1.694563798082526773e-05
2.076100827252957970e-05
1.643378891458269209e-05
1.590347528690472245e-05
1.577697730681393296e-05
1.563402111059986055e-05
1.550142405903898180e-05
1.553117181174457073e-05
3.078133333474397659e-03
5.143877933733165264e-04
4.391233960632234812e-05
1.683332811808213592e-05
6.724641425535082817e-04
1.937974157044664025e-04
3.590816777432337403e-05
1.756348137860186398e-05
1.435946523997699842e-05
1.427750066795852035e-05
1.412524943589232862e-05
1.401492590957786888e-05
1.390844590787310153e-05
2.537248656153678894e-05
2.111716661602258682e-03
3.225824912078678608e-04
5.407356729847379029e-05
1.677769432717468590e-05
1.383266044285846874e-05
1.464879733248380944e-05
5.156169063411653042e-04
1.238004915649071336e-04
5.299380791257135570e-05
1.670664642006158829e-05
1.347977013210766017e-05
1.277875799132743850e-05
1.264488673768937588e-05
2.800946640491019934e-05
1.766574714565649629e-04
1.449653209419921041e-04
4.506509867496788502e-05
5.307806422933936119e-04
4.320226798881776631e-05
1.221270576934330165e-05
1.211817016155691817e-05
1.200614769913954660e-05
1.756066376401577145e-05
1.879509909485932440e-05
1.330989878624677658e-03
1.522970560472458601e-04
1.908202284539584070e-05
3.296340219094417989e-05
3.931995015591382980e-04
1.630899532756302506e-05
1.432285534974653274e-05
1.116104795073624700e-05
1.123537367675453424e-05
1.327830705122323707e-05
1.958897155418526381e-05
6.553930579684674740e-04
1.102751703001558781e-04
1.359391808364307508e-05
1.178378624899778515e-05
2.290141128469258547e-04
1.021180214593186975e-04
2.605647750897333026e-05
1.349461217614589259e-05
1.089172565116314217e-05
1.827270170906558633e-05
7.853847928345203400e-04
8.690725371707230806e-05
1.623316165932919830e-05
3.680345616885460913e-05
2.856864011846482754e-04
6.356387893902137876e-05
1.502519899077014998e-05
1.161462751042563468e-05
1.477129444538149983e-05
1.190766110084950924e-03
1.977390784304589033e-04
1.308774335484486073e-05
1.669363700784742832e-04
1.658303226577118039e-04
3.450521398917771876e-05
1.069128393282881007e-05
1.006434922601329163e-05
1.002493445412255824e-05
8.399469079449772835e-04
4.521874361671507359e-04
4.574100603349506855e-05
2.634930569911375642e-05
1.211397466249763966e-05
4.014578735223039985e-05
1.501029182691127062e-04
3.714699414558708668e-05
1.920657086884602904e-05
1.066053209797246382e-05
8.973778676590882242e-06
8.939431609178427607e-06
8.891793186194263399e-06
2.143452365999110043e-05
7.588159292936325073e-03
2.426424296572804451e-03
8.424406405538320541e-05
2.541189314797520638e-05
1.327818790741730481e-05
9.728564691613428295e-06
8.870024430507328361e-06
8.725868610781617463e-06
8.676744073454756290e-06
8.639891348138917238e-06
8.605295988672878593e-06
8.571878424845635891e-06
8.539191185263916850e-06
8.507143320457544178e-06
8.475585673295427114e-06
8.444491868431214243e-06
8.413591785938479006e-06
8.383242857235018164e-06
8.356454600288998336e-06
3.343100252095609903e-05
1.762486353982239962e-04
7.081155490595847368e-05
8.629784133518114686e-06
9.174278602586127818e-06
8.217357390094548464e-06
8.443572369287721813e-06
1.048759622790385038e-05
8.220536983571946621e-06
8.084817636699881405e-06
8.049932148423977196e-06
8.013237675186246634e-06
7.986037417140323669e-06
7.958830792631488293e-06
7.931808795547112823e-06
7.904899575805757195e-06
7.878119504312053323e-06
8.236200301325879991e-06
1.251893900189315900e-05
1.668058801442384720e-03
7.654129149159416556e-05
2.192732790717855096e-05
9.621920071367640048e-06
7.765900591039098799e-06
7.695081876590847969e-06
7.649428880540654063e-06
7.623335932294139639e-06
7.597693638672353700e-06
7.572729373350739479e-06
7.547801033069845289e-06
7.523016392951831222e-06
7.498359536839416251e-06
7.473696314264088869e-06
7.449606073350878432e-06
2.964575651276391000e-05
1.829381450079381466e-03
1.358932640869170427e-04
2.013948869716841727e-05
1.173824057332240045e-05
7.841344086045864969e-06
7.373576409008819610e-06
7.277209533640416339e-06
7.253296189446700737e-06
7.229747097881045192e-06
7.207147064036689699e-06
7.184725745901232585e-06
7.162412202887935564e-06
7.140142315620323643e-06
7.117903805919922888e-06
7.095685759850312024e-06
7.073469987517455593e-06
7.058991741359932348e-06
2.210710517829284072e-04
3.789215406868606806e-04
9.237161430064588785e-05
7.292865575436735526e-06
8.795082976575940847e-06
7.029796506685670465e-06
6.922618922544643283e-06
6.919777206348953769e-06
5.240817336016334593e-05
5.806088302051648498e-05
1.650727426749654114e-05
1.001964392344234511e-05
7.184267815318889916e-06
6.831483460700837895e-06
6.958354788366705179e-06
8.688709385751280934e-06
6.996921456448035315e-06
6.739959644619375467e-06
6.686643246212042868e-06
7.446177278325194493e-06
1.154348836280405521e-03
4.415110743138939142e-05
4.654122312786057591e-05
3.474871919024735689e-04
2.599111394374631345e-05
1.479505499446531758e-05
6.865055638627381995e-06
6.530815880978479981e-06
7.656069101358298212e-06
1.240582438185811043e-03
4.867175448453053832e-05
1.356654411210911348e-05
9.099986527871806175e-06
6.479295279859798029e-06
6.440147444664034992e-06
6.389467671397142112e-06
6.370647497533354908e-06
6.355052846629405394e-06
7.136292879295069724e-06
2.815499203279614449e-03
3.017025010194629431e-04
1.483921187173109502e-05
1.086027987184934318e-05
8.551779501431155950e-06
7.402470218949019909e-04
3.860706056002527475e-05
1.100678946386324242e-05
7.405894393741618842e-06
6.256007054616929963e-06
6.205934369063470513e-06
6.149178716441383585e-06
6.478261639131233096e-06
1.423934591002762318e-03
3.195127646904438734e-04
3.635770190157927573e-05
9.710612175695132464e-06
6.744959136995021254e-06
6.146874056867090985e-06
6.658346137555781752e-06
6.938082515262067318e-04
2.845552226062864065e-04
4.280157372704707086e-05
6.785783625673502684e-06
6.589792974409647286e-06
6.003389898978639394e-06
5.945142220298293978e-06
5.918308033869834617e-06
5.899441930523607880e-06
5.887129645998356864e-06
5.445516217150725424e-05
1.247234875336289406e-03
5.690004210919141769e-03
7.664003642275929451e-04
1.327553763985633850e-04
1.184289612865541130e-05
6.776377631467767060e-06
5.939689799561165273e-06
5.853637958352919668e-06
5.830676400364609435e-06
5.812847120978403836e-06
5.797139692731434479e-06
5.782292646472342312e-06
5.767949005530681461e-06
5.753925506724044681e-06
5.740117558161728084e-06
5.726704785047331825e-06
5.713272457796847448e-06
5.700128440366825089e-06
5.687253633368527517e-06
5.992357728246133775e-06
1.456958241760730743e-03
1.393021229887381196e-04
5.673408850270789117e-06
7.525256478402297944e-06
5.624471214105142280e-06
5.612604127236409113e-06
5.593547484750160947e-06
5.579680419032229111e-06
5.567316293308977038e-06
5.555092229769797996e-06
5.542898179555777460e-06
5.530785529117565602e-06
5.518644229596247897e-06
5.529562713491031900e-06
1.946629890881013125e-05
5.765360128862084821e-06
5.560022600548109040e-06
5.504001364897703752e-06
7.784307672409340739e-05
2.892074699047952890e-04
3.108759847236797214e-05
8.907566552807111293e-06
5.522973424376687035e-06
5.449319360195659101e-06
5.391388185671530664e-06
5.375730324885807931e-06
5.362009687814861536e-06
5.349878847482614219e-06
5.338005394150968641e-06
5.326216523826587945e-06
5.314336249284679070e-06
5.302430963638471439e-06
5.291778052196605131e-06
4.085791078978218138e-05
2.635283628478646278e-03
2.642513427417725325e-04
2.231953476439230144e-05
5.338974006008356810e-06
2.671852053026668727e-05
8.271077604149468243e-06
5.528334895643638447e-06
5.216046702116727829e-06
5.201786734687630087e-06
5.183749181014718488e-06
5.171680641069542617e-06
5.159785814612405375e-06
5.149763637746218592e-06
1.020693252939963713e-05
8.580682915635406971e-04
1.785868429578840733e-03
2.125353348674252629e-04
5.218078513280488551e-05
1.278135277971159667e-05
5.679230525856837630e-06
5.213260919845197350e-06
5.099483587400754914e-06
5.073240117781097069e-06
5.060107014287495986e-06
5.048143975727725774e-06
5.064170181867666543e-06
6.573100563400657848e-06
5.063674507255200297e-06
5.007036179449642077e-06
4.994994924345519394e-06
4.986061867384705693e-06
4.972414899384602904e-06
4.962545972375664860e-06
6.196925369295058772e-06
5.800182116217911243e-04
1.742152235237881541e-04
2.502053757780231535e-05
6.279727585933869705e-06
1.279520347452489659e-05
5.979633897368330508e-06
5.458155555970733985e-06
2.763463126029819250e-04
1.378150918753817677e-04
6.316050985333276913e-06
7.367832949967123568e-06
2.329176095372531563e-05
1.989459997275844216e-05
1.234801948157837614e-05
1.081888240150874481e-05
5.619333933282177895e-06
4.993629772798158228e-06
5.078115009382599965e-06
2.535870764404535294e-03
4.606209695339202881e-04
4.177348455414175987e-05
1.088700446416623890e-05
5.188748673390364274e-06
1.856042217696085572e-05
1.761679159244522452e-04
3.112125341431237757e-05
1.050591708917636424e-05
5.036936272517777979e-06
5.097116172692039981e-06
4.739297764899674803e-06
5.580389824899611995e-06
1.694721140665933490e-05
3.392797661945223808e-04
9.877847332973033190e-05
1.174943190562771633e-05
1.526254891359712929e-05
3.364928852533921599e-05
8.291241101687774062e-06
6.099136953707784414e-06
3.136695158900693059e-05
7.971546438056975603e-05
5.169059022591682151e-06
8.352029908564873040e-06
4.057349287904798985e-04
1.178230231744237244e-04
1.663002876739483327e-05
1.512965536676347256e-05
2.454562927596271038e-04
6.128189124865457416e-05
1.184266511700116098e-05
6.406084139598533511e-06
1.464586966903880239e-04
3.055089036934077740e-04
5.504536238731816411e-05
5.452459299704059958e-05
2.470687650202307850e-05
1.557706491439603269e-05
7.483004083042033017e-06
1.431356031389441341e-05
7.216515950858592987e-04
5.383921597967855632e-05
6.944735105207655579e-06
5.320373020367696881e-06
5.479479659697972238e-05
1.746985653880983591e-04
3.480576560832560062e-04
9.178016625810414553e-06
1.164679997600615025e-05
4.749024355987785384e-06
6.680742444586940110e-06
1.616015651961788535e-04
8.495012298226356506e-05
6.894670077599585056e-04
2.639536978676915169e-05
9.372351996717043221e-06
5.657742349285399541e-06
5.579480330197839066e-06
1.756793935783207417e-04
1.485803222749382257e-04
1.612949381524231285e-05
1.100753434002399445e-04
1.277052524528698996e-05
4.321196684031747282e-05
5.557963959290646017e-06
2.067474633804522455e-05
5.357186309993267059e-04
4.689054191112518311e-02
7.964061805978417397e-04
5.174344987608492374e-04
5.564750972553156316e-05
6.060455689294030890e-06
6.007561296428320929e-06
5.180887001188239083e-06
4.937227004120359197e-06
4.831955266126897186e-06
4.751696451421594247e-06
4.685009116656146944e-06
4.628760052582947537e-06
4.580770564643898979e-06
4.539437213679775596e-06
4.503587206272641197e-06
4.472358341445215046e-06
4.444953447091393173e-06
4.420825462148059160e-06
4.399308181746164337e-06
4.380081009003333747e-06
4.362796971690841019e-06
4.347109552327310666e-06
4.332810021878685802e-06
4.319652362028136849e-06
4.307420113036641851e-06
4.296004590287338942e-06
4.285316208552103490e-06
4.275252194929635152e-06
4.265785264578880742e-06
4.256639840605203062e-06
4.247958258929429576e-06
4.239587724441662431e-06
4.231582352076657116e-06
4.223853920848341659e-06
4.216254637867677957e-06
4.208924110571388155e-06
4.201745468890294433e-06
4.194800567347556353e-06
4.187924787402153015e-06
4.181199074082542211e-06
4.174504283582791686e-06
4.167950919509166852e-06
4.161518972978228703e-06
4.155197075306205079e-06
4.148939751758007333e-06
4.142785655858460814e-06
4.155027909291675314e-06
2.796257322188466787e-04
4.167715960647910833e-04
1.512554717919556424e-05
4.246739990776404738e-06
4.141267254453850910e-06
4.212213752907700837e-06
4.137556061323266476e-06
4.111427642783382908e-06
4.100491423741914332e-06
4.091957634955178946e-06
4.084007287019630894e-06
4.076420736964792013e-06
4.069199803780065849e-06
4.062209882249590009e-06
4.055327281093923375e-06
4.050103143526939675e-06
1.958032225957140326e-05
8.253512787632644176e-04
4.346118657849729061e-06
2.429060259601101279e-05
6.797400601499248296e-06
4.319243089412339032e-06
4.065360826643882319e-06
