3.745867311954498291e-02
2.642660215497016907e-02
2.621856331825256348e-02
2.607744745910167694e-02
2.597905881702899933e-02
2.592824213206768036e-02
2.588757500052452087e-02
2.585370466113090515e-02
2.582350373268127441e-02
2.579530701041221619e-02
2.576838433742523193e-02
2.574252150952816010e-02
2.571771107614040375e-02
2.569399401545524597e-02
2.567137591540813446e-02
2.564981207251548767e-02
2.562917768955230713e-02
2.560931071639060974e-02
2.558998391032218933e-02
2.557095140218734741e-02
2.555193006992340088e-02
2.553265541791915894e-02
2.551286667585372925e-02
2.549232542514801025e-02
2.547084540128707886e-02
2.544826641678810120e-02
2.542448602616786957e-02
2.539942599833011627e-02
2.537303231656551361e-02
2.534528821706771851e-02
2.531616762280464172e-02
2.528565004467964172e-02
2.525372803211212158e-02
2.522036433219909668e-02
2.518553286790847778e-02
2.514919079840183258e-02
2.511130273342132568e-02
2.507182396948337555e-02
2.503074705600738525e-02
2.498807199299335480e-02
2.494386397302150726e-02
2.489822171628475189e-02
2.485131658613681793e-02
2.480336837470531464e-02
2.475467137992382050e-02
2.470551989972591400e-02
2.465621754527091980e-02
2.460704185068607330e-02
2.455822192132472992e-02
2.450992353260517120e-02
2.446223236620426178e-02
2.441517449915409088e-02
2.436870336532592773e-02
2.432271838188171387e-02
2.427707426249980927e-02
2.423157542943954468e-02
2.418599836528301239e-02
2.414009720087051392e-02
2.409362234175205231e-02
2.404633909463882446e-02
2.399803325533866882e-02
2.394854277372360229e-02
2.389777451753616333e-02
2.384570427238941193e-02
2.379238232970237732e-02
2.373791858553886414e-02
2.368249557912349701e-02
2.362632565200328827e-02
2.356962300837039948e-02
2.351261302828788757e-02
2.345545776188373566e-02
2.339828945696353912e-02
2.334116771817207336e-02
2.328408136963844299e-02
2.322694100439548492e-02
2.316959202289581299e-02
2.311182022094726562e-02
2.305334620177745819e-02
2.299384213984012604e-02
2.293292619287967682e-02
2.287016622722148895e-02
2.280508168041706085e-02
2.273713424801826477e-02
2.266572974622249603e-02
2.259021066129207611e-02
2.250983379781246185e-02
2.242378331720829010e-02
2.233114279806613922e-02
2.223091758787631989e-02
2.212199755012989044e-02
2.200316265225410461e-02
2.187309041619300842e-02
2.173031866550445557e-02
2.157321944832801819e-02
2.139988727867603302e-02
2.120801247656345367e-02
2.099469117820262909e-02
2.075648866593837738e-02
2.049030736088752747e-02
2.019538916647434235e-02
1.987539976835250854e-02
1.953872293233871460e-02
1.919641904532909393e-02
1.885883882641792297e-02
1.853284053504467010e-02
1.822130009531974792e-02
1.792455837130546570e-02
1.764218136668205261e-02
1.737392880022525787e-02
1.711992174386978149e-02
1.688045635819435120e-02
1.665578410029411316e-02
1.644599437713623047e-02
1.626148447394371033e-02
1.607212983071804047e-02
1.590471714735031128e-02
1.575167104601860046e-02
1.561127509921789169e-02
1.548271626234054565e-02
1.536520849913358688e-02
1.525810081511735916e-02
1.516845449805259705e-02
1.507284119725227356e-02
1.499143522232770920e-02
1.491806656122207642e-02
1.485152170062065125e-02
1.479108072817325592e-02
1.473622024059295654e-02
1.470797508955001831e-02
1.464163884520530701e-02
1.460093259811401367e-02
1.456398796290159225e-02
1.453044824302196503e-02
1.450000423938035965e-02
1.447235979139804840e-02
1.444724854081869125e-02
1.444813702255487442e-02
1.440413109958171844e-02
1.438542827963829041e-02
1.436834968626499176e-02
1.435289159417152405e-02
1.433874387294054031e-02
1.432582736015319824e-02
1.431400887668132782e-02
1.430902350693941116e-02
1.429571956396102905e-02
1.428577583283185959e-02
1.427622698247432709e-02
1.426854357123374939e-02
1.426147017627954483e-02
1.425495464354753494e-02
1.425541006028652191e-02
1.424411684274673462e-02
1.423831284046173096e-02
1.423364225775003433e-02
1.422891765832901001e-02
1.422469224780797958e-02
1.422071736305952072e-02
1.421697810292243958e-02
1.421456411480903625e-02
1.423761341720819473e-02
1.420992985367774963e-02
1.420449558645486832e-02
1.420130953192710876e-02
1.419863197952508926e-02
1.419606152921915054e-02
1.419359911233186722e-02
1.419123169034719467e-02
1.418899931013584137e-02
1.426872517913579941e-02
1.418918650597333908e-02
1.418298948556184769e-02
1.418082136660814285e-02
1.417893264442682266e-02
1.417710352689027786e-02
1.417532283812761307e-02
1.417358499020338058e-02
1.417188625782728195e-02
1.417022012174129486e-02
1.416859682649374008e-02
1.427766308188438416e-02
1.418119017034769058e-02
1.416556444019079208e-02
1.416276767849922180e-02
1.416112110018730164e-02
1.415969803929328918e-02
1.415829267352819443e-02
1.415690034627914429e-02
1.415552105754613876e-02
1.415415480732917786e-02
1.415279414504766464e-02
1.415144372731447220e-02
1.415073685348033905e-02
1.419210992753505707e-02
1.415315829217433929e-02
1.414652541279792786e-02
1.414500735700130463e-02
1.414372213184833527e-02
1.414244994521141052e-02
1.414118427783250809e-02
1.413991395384073257e-02
1.413864176720380783e-02
1.413736585527658463e-02
1.413608901202678680e-02
1.418294571340084076e-02
1.413412950932979584e-02
1.413460914045572281e-02
1.413121633231639862e-02
1.412985660135746002e-02
1.412854623049497604e-02
1.412726473063230515e-02
1.412597391754388809e-02
1.412467099726200104e-02
1.412335317581892014e-02
1.412201300263404846e-02
1.412065606564283371e-02
1.411927863955497742e-02
1.412108819931745529e-02
1.411867886781692505e-02
1.411971356719732285e-02
1.411419082432985306e-02
1.411236356943845749e-02
1.411087159067392349e-02
1.410940289497375488e-02
1.410790625959634781e-02
1.410637330263853073e-02
1.410479936748743057e-02
1.410318911075592041e-02
1.410161238163709641e-02
1.410487014800310135e-02
1.410398352891206741e-02
1.410711929202079773e-02
1.409607194364070892e-02
1.409269124269485474e-02
1.409079041332006454e-02
1.408874895423650742e-02
1.408687233924865723e-02
1.415532547980546951e-02
1.408347859978675842e-02
1.408097892999649048e-02
1.407780312001705170e-02
1.407524757087230682e-02
1.407283078879117966e-02
1.407108642160892487e-02
1.406761165708303452e-02
1.406652387231588364e-02
1.406146027147769928e-02
1.405819691717624664e-02
1.405401527881622314e-02
1.405017264187335968e-02
1.404642406851053238e-02
1.404452230781316757e-02
1.404186058789491653e-02
1.403294224292039871e-02
1.402632426470518112e-02
1.402253005653619766e-02
1.401697564870119095e-02
1.400779839605093002e-02
1.399820949882268906e-02
1.398894283920526505e-02
1.397913694381713867e-02
1.397066749632358551e-02
1.395383570343255997e-02
1.393865607678890228e-02
1.392097305506467819e-02
1.390035822987556458e-02
1.387608796358108521e-02
1.385838165879249573e-02
1.381342392414808273e-02
1.377142779529094696e-02
1.371965929865837097e-02
1.365423668175935745e-02
1.356794405728578568e-02
1.344792451709508896e-02
1.328798942267894745e-02
1.300775911659002304e-02
1.266178302466869354e-02
1.229653786867856979e-02
1.191387977451086044e-02
1.149607915431261063e-02
1.105826627463102341e-02
1.057709939777851105e-02
1.009787898510694504e-02
9.629843756556510925e-03
9.187879972159862518e-03
8.800323121249675751e-03
8.474288508296012878e-03
8.187945000827312469e-03
7.945377379655838013e-03
7.741626352071762085e-03
7.574365939944982529e-03
7.422748487442731857e-03
7.300138939172029495e-03
7.241295184940099716e-03
7.110081613063812256e-03
7.036498282104730606e-03
6.973098963499069214e-03
6.951432209461927414e-03
6.875018589198589325e-03
6.835715845227241516e-03
6.801324430853128433e-03
6.772253196686506271e-03
6.779531948268413544e-03
6.736965384334325790e-03
6.708153523504734039e-03
6.692176684737205505e-03
6.681668572127819061e-03
6.669403519481420517e-03
6.656804587692022324e-03
6.648521870374679565e-03
6.638070102781057358e-03
6.630385294556617737e-03
6.623556371778249741e-03
6.642506923526525497e-03
6.615097634494304657e-03
6.605355534702539444e-03
6.599891465157270432e-03
6.594648584723472595e-03
6.589563563466072083e-03
6.584603805094957352e-03
6.598558742552995682e-03
6.578192114830017090e-03
6.572281010448932648e-03
6.566483061760663986e-03
6.562276277691125870e-03
6.556769832968711853e-03
6.552055012434720993e-03
6.563481874763965607e-03
6.552279926836490631e-03
6.539555266499519348e-03
6.534536834806203842e-03
6.530602928251028061e-03
6.534605287015438080e-03
6.521829869598150253e-03
6.516882218420505524e-03
6.512102205306291580e-03
6.520896218717098236e-03
6.504207849502563477e-03
6.497808732092380524e-03
6.491549778729677200e-03
6.486016325652599335e-03
6.497345399111509323e-03
6.474170833826065063e-03
6.467331200838088989e-03
6.461864802986383438e-03
6.451539695262908936e-03
6.442023441195487976e-03
6.443217396736145020e-03
6.424219347536563873e-03
6.410375703126192093e-03
6.397667806595563889e-03
6.405114661902189255e-03
6.369403563439846039e-03
6.350804585963487625e-03
6.330431438982486725e-03
6.308204494416713715e-03
6.311662495136260986e-03
6.261459551751613617e-03
6.223267875611782074e-03
6.186841055750846863e-03
6.145358551293611526e-03
6.098028738051652908e-03
6.082596257328987122e-03
5.988657940179109573e-03
5.913221742957830429e-03
5.833322647958993912e-03
5.743300542235374451e-03
5.655718967318534851e-03
5.543050821870565414e-03
5.417162086814641953e-03
5.292618647217750549e-03
5.164137575775384903e-03
5.073281470686197281e-03
4.917901474982500076e-03
4.792292136698961258e-03
4.678761120885610580e-03
4.599747713655233383e-03
4.481581505388021469e-03
4.396966658532619476e-03
4.321087151765823364e-03
4.264530260115861893e-03
4.189241677522659302e-03
4.133376292884349823e-03
4.112911876291036606e-03
4.044792149215936661e-03
4.002350848168134689e-03
3.961267881095409393e-03
3.938075620681047440e-03
3.902338212355971336e-03
3.883071942254900932e-03
3.845856292173266411e-03
3.825828898698091507e-03
3.812671406194567680e-03
3.782283747568726540e-03
3.764840075746178627e-03
3.762661712244153023e-03
3.744908608496189117e-03
3.719707485288381577e-03
3.706821473315358162e-03
3.714132355526089668e-03
3.690944518893957138e-03
3.672986524179577827e-03
3.662878647446632385e-03
3.653105348348617554e-03
3.644001903012394905e-03
3.649145830422639847e-03
3.642321331426501274e-03
3.619301598519086838e-03
3.610810497775673866e-03
3.603228135034441948e-03
3.597450675442814827e-03
3.588758409023284912e-03
3.579286392778158188e-03
3.571740118786692619e-03
3.613589797168970108e-03
3.561016637831926346e-03
3.549224697053432465e-03
3.540822304785251617e-03
3.533139126375317574e-03
3.579722717404365540e-03
3.520751604810357094e-03
3.511192044243216515e-03
3.501657629385590553e-03
3.493574913591146469e-03
3.532945178449153900e-03
3.477006917819380760e-03
3.471251577138900757e-03
3.459662664681673050e-03
3.450051648542284966e-03
3.440609434619545937e-03
3.475039964541792870e-03
3.422844223678112030e-03
3.410449950024485588e-03
3.398902481421828270e-03
3.387421369552612305e-03
3.375541884452104568e-03
3.378422232344746590e-03
3.376133274286985397e-03
3.338764654472470284e-03
3.323832293972373009e-03
3.309455001726746559e-03
3.294509835541248322e-03
3.278976073488593102e-03
3.268042812123894691e-03
3.257534466683864594e-03
3.229561494663357735e-03
3.211961826309561729e-03
3.192975884303450584e-03
3.173834178596735001e-03
3.154058242216706276e-03
3.198739839717745781e-03
3.127554897218942642e-03
3.094121813774108887e-03
3.071071347221732140e-03
3.048769896849989891e-03
3.026386490091681480e-03
3.003667807206511497e-03
3.015412483364343643e-03
2.963773207738995552e-03
2.935698721557855606e-03
2.942343940958380699e-03
2.888821298256516457e-03
2.865690737962722778e-03
2.841111971065402031e-03
2.901083091273903847e-03
2.802539849653840065e-03
2.772651845589280128e-03
2.747289137914776802e-03
2.723362296819686890e-03
2.699509030207991600e-03
2.680210862308740616e-03
2.656787633895874023e-03
2.631504554301500320e-03
2.604438457638025284e-03
2.580477623268961906e-03
2.560550346970558167e-03
2.533459104597568512e-03
2.511783735826611519e-03
2.486176788806915283e-03
2.479183021932840347e-03
2.438146853819489479e-03
2.414934802800416946e-03
2.397364005446434021e-03
2.373357303440570831e-03
2.346116583794355392e-03
2.322676358744502068e-03
2.300875261425971985e-03
2.285146387293934822e-03
2.257604384794831276e-03
2.253304235637187958e-03
2.220195950940251350e-03
2.195081673562526703e-03
2.174180233851075172e-03
2.154415240511298180e-03
2.180111128836870193e-03
2.116477349773049355e-03
2.153901150450110435e-03
2.083486877381801605e-03
2.064127707853913307e-03
2.046998124569654465e-03
2.030644798651337624e-03
2.015116391703486443e-03
2.009033691138029099e-03
1.998133957386016846e-03
1.971182646229863167e-03
1.957231666892766953e-03
1.944491523317992687e-03
1.947154290974140167e-03
1.925461110658943653e-03
1.908124191686511040e-03
1.896457863040268421e-03
1.885797479189932346e-03
1.882010372355580330e-03
1.865941798314452171e-03
1.853419817052781582e-03
1.851401175372302532e-03
1.867277780547738075e-03
1.831601024605333805e-03
1.819745986722409725e-03
1.815134426578879356e-03
1.801978913135826588e-03
1.791502349078655243e-03
1.856135902926325798e-03
1.781786559149622917e-03
1.771916751749813557e-03
1.769145717844367027e-03
1.756838522851467133e-03
1.749428571201860905e-03
1.744385692290961742e-03
1.796800410374999046e-03
1.731095951981842518e-03
1.725632580928504467e-03
1.719187130220234394e-03
1.713470323011279106e-03
1.710587646812200546e-03
1.706764451228082180e-03
1.697967527434229851e-03
1.711435383185744286e-03
1.687326701357960701e-03
1.682025496847927570e-03
1.677160384133458138e-03
1.672200509347021580e-03
1.667342148721218109e-03
1.662517548538744450e-03
1.715259277261793613e-03
1.758803962729871273e-03
1.652426784858107567e-03
1.646161312237381935e-03
1.640310627408325672e-03
1.635726308450102806e-03
1.631363877095282078e-03
1.627003424800932407e-03
1.622635987587273121e-03
1.618435024283826351e-03
1.615746994502842426e-03
1.628749887458980083e-03
1.608424121513962746e-03
1.602572039701044559e-03
1.600196235813200474e-03
1.594524364918470383e-03
1.590232597663998604e-03
1.585503341630101204e-03
1.581527176313102245e-03
1.593759283423423767e-03
1.576308044604957104e-03
1.578366849571466446e-03
1.571278553456068039e-03
1.561342156492173672e-03
1.557018724270164967e-03
1.590545754879713058e-03
1.551006338559091091e-03
1.544759492389857769e-03
1.599871204234659672e-03
1.543574500828981400e-03
1.532468479126691818e-03
1.528287888504564762e-03
1.526251784525811672e-03
1.531946822069585323e-03
1.517663360573351383e-03
1.579711912199854851e-03
1.526014530099928379e-03
1.505382824689149857e-03
1.499658683314919472e-03
1.495339325629174709e-03
1.491181785240769386e-03
1.487732399255037308e-03
1.513291150331497192e-03
1.482964144088327885e-03
1.475226483307778835e-03
1.470734714530408382e-03
1.466354471631348133e-03
1.462038140743970871e-03
1.457694917917251587e-03
1.453287899494171143e-03
1.449790783226490021e-03
1.519035315141081810e-03
1.442092703655362129e-03
1.438063103705644608e-03
1.431951997801661491e-03
1.427065581083297729e-03
1.422432949766516685e-03
1.417745137587189674e-03
1.414143363945186138e-03
1.412587007507681847e-03
1.405387185513973236e-03
1.399007276631891727e-03
1.512112328782677650e-03
1.391885220073163509e-03
1.385250827297568321e-03
1.379795023240149021e-03
1.374235725961625576e-03
1.368921832181513309e-03
1.363464165478944778e-03
1.357925008051097393e-03
1.533760456368327141e-03
1.372385770082473755e-03
1.340889371931552887e-03
1.334600616246461868e-03
1.328233047388494015e-03
1.321547199040651321e-03
1.314577064476907253e-03
1.356252119876444340e-03
1.303576282225549221e-03
1.292555825784802437e-03
1.283114193938672543e-03
1.361407921649515629e-03
1.271165674552321434e-03
1.256910851225256920e-03
1.245385268703103065e-03
1.234417315572500229e-03
1.223793136887252331e-03
1.223841332830488682e-03
1.198049867525696754e-03
1.183554413728415966e-03
1.169305993244051933e-03
1.215510186739265919e-03
1.145423389971256256e-03
1.121637062169611454e-03
1.104404916986823082e-03
1.086784410290420055e-03
1.087965094484388828e-03
1.058875117450952530e-03
1.032987842336297035e-03
1.012782915495336056e-03
9.945433121174573898e-04
1.013915403746068478e-03
9.575570584274828434e-04
9.367190650664269924e-04
9.169309632852673531e-04
8.978269761428236961e-04
8.880508248694241047e-04
9.173668222501873970e-04
8.511106716468930244e-04
8.258676389232277870e-04
8.073606877587735653e-04
7.899759220890700817e-04
7.729351054877042770e-04
7.561449892818927765e-04
7.396013825200498104e-04
7.249042391777038574e-04
8.027794538065791130e-04
6.951190298423171043e-04
6.785768200643360615e-04
6.625803653150796890e-04
6.478269351646304131e-04
6.332547636702656746e-04
6.187477265484631062e-04
6.042766035534441471e-04
5.898349336348474026e-04
5.754735320806503296e-04
5.613582907244563103e-04
6.661692168563604355e-04
5.384261021390557289e-04
5.255422438494861126e-04
5.131236976012587547e-04
5.029212916269898415e-04
4.930555005557835102e-04
4.833661078009754419e-04
4.738283168990164995e-04
5.143252201378345490e-04
4.720840952359139919e-04
4.481382202357053757e-04
4.383508639875799417e-04
4.398486635182052851e-04
4.200799157842993736e-04
4.112595051992684603e-04
4.024665686301887035e-04
3.939126327168196440e-04
3.854834940284490585e-04
3.771373012568801641e-04
3.878275165334343910e-04
3.715666243806481361e-04
3.530486428644508123e-04
3.448651114013046026e-04
3.369243931956589222e-04
3.299000381957739592e-04
3.432336379773914814e-04
3.155244921799749136e-04
3.089642268605530262e-04
3.097660082858055830e-04
2.934277872554957867e-04
2.847741416189819574e-04
2.776414912659674883e-04
2.706448431126773357e-04
2.832396130543202162e-04
2.729737316258251667e-04
2.538070257287472486e-04
2.442561672069132328e-04
2.375549665885046124e-04
2.312344731763005257e-04
2.314081793883815408e-04
2.267018862767145038e-04
2.140161232091486454e-04
2.071444469038397074e-04
2.012189506785944104e-04
1.957505446625873446e-04
2.556774124968796968e-04
1.947616547113284469e-04
1.797920849639922380e-04
1.736450358293950558e-04
1.682448782958090305e-04
1.630485639907419682e-04
2.527812321204692125e-04
1.559734810143709183e-04
1.491401926614344120e-04
1.433536090189591050e-04
1.385753857903182507e-04
1.339784648735076189e-04
1.753175165504217148e-04
1.342370378552004695e-04
1.213685463881120086e-04
1.169148526969365776e-04
1.128885705838911235e-04
1.815010764403268695e-04
1.126981078414246440e-04
1.026684331009164453e-04
9.843147563515231013e-05
9.502612374490126967e-05
9.179255721392109990e-05
8.867454016581177711e-05
8.710540714673697948e-05
1.132151664933189750e-04
8.530030027031898499e-05
7.772997196298092604e-05
7.485948299290612340e-05
7.245703454827889800e-05
1.381798210786655545e-04
7.044411177048459649e-05
6.621977809118106961e-05
6.341425614664331079e-05
6.136083538876846433e-05
5.988789780531078577e-05
7.519797509303316474e-05
5.582240919466130435e-05
5.408015204011462629e-05
5.243642954155802727e-05
6.624665547860786319e-05
5.074549335404299200e-05
4.855480437981896102e-05
4.878455729340203106e-05
4.698883276432752609e-05
4.475481546251103282e-05
4.271977013559080660e-05
4.987746797269210219e-05
6.655436300206929445e-05
4.472750515560619533e-05
3.749660754692740738e-05
3.653789099189452827e-05
3.551716145011596382e-05
5.785199027741327882e-05
3.970618126913905144e-05
3.259978984715417027e-05
3.172806464135646820e-05
3.090991231147199869e-05
3.847027619485743344e-05
3.481230305624194443e-05
3.089468737016431987e-05
2.794695865304674953e-05
2.766878424154128879e-05
2.803262941597495228e-05
2.825801311701070517e-05
2.554688398959115148e-05
2.458683957229368389e-05
5.203163163969293237e-05
2.890974974434357136e-05
2.405664963589515537e-05
2.242304799437988549e-05
2.180796218453906476e-05
2.137534283974673599e-05
5.289321416057646275e-05
2.388384018559008837e-05
2.035064426308963448e-05
6.052496246411465108e-05
2.235917418147437274e-05
1.888146653072908521e-05
1.833042188081890345e-05
1.789514317351859063e-05
1.860812699305824935e-05
2.006524118769448251e-05
2.063303691102191806e-05
1.711580625851638615e-05
1.623718344490043819e-05
1.580594107508659363e-05
1.841093398979865015e-05
3.785558146773837507e-05
1.711737058940343559e-05
1.494038770033512264e-05
1.539453296572901309e-05
2.310294803464785218e-05
1.546420753584243357e-05
1.389649605698650703e-05
1.337879166385391727e-05
2.150543514289893210e-05
2.856645005522295833e-05
1.329352107859449461e-05
1.317957867286168039e-05
3.922778705600649118e-05
1.506499575043562800e-05
1.224902553076390177e-05
1.184631128126056865e-05
4.966784763382747769e-05
1.565006823511794209e-05
1.332592091785045341e-05
1.727957351249642670e-05
1.081947448255959898e-05
1.431388682249234989e-05
1.593903834873344749e-05
1.466443245590198785e-05
1.098765460483264178e-05
3.004740574397146702e-05
1.225370942847803235e-05
1.303158751397859305e-05
1.753538890625350177e-05
1.544007136544678360e-05
1.416407394572161138e-05
1.482383777329232544e-05
9.735222192830406129e-06
1.688963675405830145e-05
1.710222022666130215e-05
2.915926779678557068e-05
1.036023513734107837e-05
8.856500244291964918e-06
1.024901848722947761e-05
1.686267933109775186e-05
3.482657848508097231e-05
8.558258741686586291e-06
8.471411092614289373e-06
7.978839676070492715e-06
8.721482117834966630e-06
2.647713336045853794e-05
9.139357644016854465e-06
8.378703569178469479e-06
2.671148831723257899e-05
9.257571036869194359e-06
7.720673238509334624e-06
7.184001788118621334e-06
1.033302396535873413e-05
2.636098179209511727e-05
1.082581820810446516e-05
7.230277333292178810e-06
1.051087929226923734e-05
9.910267181112430990e-06
7.288232154678553343e-06
2.509671139705460519e-05
8.342959517904091626e-06
6.585683877347037196e-06
1.624878495931625366e-05
9.985496035369578749e-06
2.032183874689508229e-05
9.984316420741379261e-06
7.016830295469844714e-06
1.129217889683786780e-05
6.206014404597226530e-06
6.977533303142990917e-06
6.621688953600823879e-06
7.516825007769512013e-06
1.953013634192757308e-05
8.011792488105129451e-06
5.951069397269748151e-06
5.901994427404133603e-06
7.686858225497417152e-06
8.142104888975154608e-06
8.029865057324059308e-06
5.988360953779192641e-06
5.596052687906194478e-06
7.134523457352770492e-06
2.681409023352898657e-05
7.017996722424868494e-06
9.733643310028128326e-06
5.757332928624236956e-06
6.125429990788688883e-06
5.533245257538510486e-06
4.736260598292574286e-05
9.927343853632919490e-06
5.727473308070329949e-06
5.293076355883385986e-06
5.292210971674649045e-06
2.968048102047760040e-05
1.586155849508941174e-05
8.201486707548610866e-06
1.132353918364970013e-05
6.681626018689712510e-06
8.125756721710786223e-06
2.809109719237312675e-05
6.345724159473320469e-06
5.595832590188365430e-06
5.664465788868255913e-06
4.434214497450739145e-05
1.099923247238621116e-05
5.558967586694052443e-06
5.147785486769862473e-06
9.440284884476568550e-06
2.240679168608039618e-05
9.859672900347504765e-06
5.330656222213292494e-06
5.091915227239951491e-06
2.573084566392935812e-05
9.691829291114117950e-06
6.289446901064366102e-06
9.515695637674070895e-06
5.376097760745324194e-06
1.006213278742507100e-05
1.440073447156464681e-05
5.186149337532697245e-06
4.647919922717846930e-06
4.621916104952106252e-06
4.716376224678242579e-06
7.286451000254601240e-05
1.121686091209994629e-05
6.404117812053300440e-06
8.158790478773880750e-06
5.875869646843057126e-06
4.752746917802141979e-06
4.539093424682505429e-06
4.574863396555883810e-06
3.923680196749046445e-05
3.228562127333134413e-05
7.239837032102514058e-06
4.546137006400385872e-06
4.427807198226219043e-06
4.376743618195177987e-06
4.362322670203866437e-06
7.128339802875416353e-06
7.525160071963910013e-06
6.107321496529038996e-06
7.244380412885220721e-06
1.912932384584564716e-05
6.514056167361559346e-06
4.648382855521049351e-06
8.634913683636114001e-06
1.139092819357756525e-05
4.664455900638131425e-06
4.494496351981069893e-06
4.227659701427910477e-06
4.215315584588097408e-06
4.239672307448927313e-06
9.771581244422122836e-05
1.260881163034355268e-05
1.661351780057884753e-05
5.112434791954001412e-06
4.290937795303761959e-06
4.159007403359282762e-06
4.132029971515294164e-06
4.173154138698009774e-06
6.995369767537340522e-05
1.033375610859366134e-05
5.667555342370178550e-06
4.134139999223407358e-06
4.096305019629653543e-06
4.069929218530887738e-06
4.109160272491862997e-06
9.022853191709145904e-05
1.311840151174692437e-05
4.941105089528718963e-06
1.829004031606018543e-05
5.683064046024810523e-06
4.760242518386803567e-06
6.712284175591776147e-06
7.818756785127334297e-06
4.392381924844812602e-06
4.039712621306534857e-06
4.397346856421791017e-06
4.726773840957321227e-05
4.763832293974701315e-06
9.150168807536829263e-06
7.604374786751577631e-06
4.184079443803057075e-06
3.988639036833774298e-06
4.143559181102318689e-06
5.128345219418406487e-05
8.523736141796689481e-06
5.365853212424553931e-06
4.008406449429458007e-06
3.916449713869951665e-06
4.429705768416170031e-06
4.022666325909085572e-05
4.993558377464069054e-06
4.018508207082049921e-06
4.010120392194949090e-06
5.310528285917825997e-05
5.167918516235658899e-06
5.653615971823455766e-06
9.560059879731852561e-06
5.515910743270069361e-06
4.194763732812134549e-06
3.809792588072014041e-06
7.271964477695291862e-06
2.652851799211930484e-05
5.145029717823490500e-06
4.337864538683788851e-06
3.801041202677879483e-06
4.072374395036604255e-06
8.403593710681889206e-06
1.190900002256967127e-05
4.340014584158780053e-06
5.673805389960762113e-06
1.033606622513616458e-05
3.741238515431177802e-06
9.008197594084776938e-06
4.448846084414981306e-06
4.232528681313851848e-06
3.954477506340481341e-05
1.475857607147190720e-05
5.263274942990392447e-06
4.351517873146804050e-06
3.031768028449732810e-05
5.204805347602814436e-06
4.077669018442975357e-06
1.175779925688402727e-05
1.309479739575181156e-05
5.862328180228359997e-06
4.645355147658847272e-06
3.851666861010016873e-06
3.639529268184560351e-06
7.159133019740693271e-06
2.832599420798942447e-05
7.569913577754050493e-06
4.021242602902930230e-06
3.549416578607633710e-05
9.996025255532003939e-06
3.806430413533234969e-06
3.557224545147619210e-06
3.562941401469288394e-06
3.567259454939630814e-06
6.858837150502949953e-05
6.321509317785967141e-06
1.505428190284874290e-05
5.711058292945381254e-06
3.882310465996852145e-06
3.539639692462515086e-06
3.513784804454189725e-06
3.498911155475070700e-06
3.622512394940713421e-06
4.654135045711882412e-05
5.292710284265922382e-06
3.886130798491649330e-06
4.058254035044228658e-06
4.942251507600303739e-06
4.282909685571212322e-06
3.941304385080002248e-06
4.979119239578722045e-06
1.500484086136566475e-05
5.687945758836576715e-06
3.690095809361082502e-06
3.456753574937465601e-06
3.425768454690114595e-06
3.870709406328387558e-06
5.022377081331796944e-05
1.850754233601037413e-05
3.641744342530728318e-06
3.565977067410130985e-06
3.400051127755432390e-06
3.376326503712334670e-06
3.389734956726897508e-06
8.335596248798537999e-06
1.993001023947726935e-05
3.366695409567910247e-06
3.535646555974381045e-06
3.344545120853581466e-06
3.340164766996167600e-06
3.336602503622998483e-06
4.334423010732280090e-06
4.345806883065961301e-05
7.198264938779175282e-06
3.386329126442433335e-06
3.429551043154788204e-06
3.309805606477311812e-06
3.294916496088262647e-06
3.296747991043957882e-06
2.834483711922075599e-05
1.841072116803843528e-05
6.086591383791528642e-06
4.382706720207352191e-06
2.059156577161047608e-05
3.269809212724794634e-06
3.391101927263662219e-06
3.695635768963256851e-06
2.570557262515649199e-05
8.951893505582120270e-06
4.689361048804130405e-06
1.051445906341541559e-05
1.038857863022712991e-05
5.463914476422360167e-06
3.823617134912637994e-06
1.006439651973778382e-05
5.651804713124874979e-06
1.646223063289653510e-05
6.466219929279759526e-06
3.569652108126319945e-06
3.533977178449276835e-06
2.848382064257748425e-05
5.663334832206601277e-06
3.281529416199191473e-06
6.539592959597939625e-06
1.491746661486104131e-05
4.695432380685815588e-06
3.388788627489702776e-06
3.194913006154820323e-06
3.230132506359950639e-06
6.219458737177774310e-05
8.800180694379378110e-06
1.927855737449135631e-05
4.572438228933606297e-06
3.386213620615308173e-06
3.146511289742193185e-06
3.110172883680206724e-06
3.113119873887626454e-06
2.370434049225877970e-05
5.631813110085204244e-06
3.602690867410274222e-06
3.258706783526577055e-06
3.331818334117997438e-06
3.495925921015441418e-05
3.893129360221792012e-06
3.221908627892844379e-06
3.217322955606505275e-06
4.292422818252816796e-05
5.427940322988433763e-06
3.166002443322213367e-06
3.153566922264872119e-06
5.050492472946643829e-05
4.256510237610200420e-06
1.042001713358331472e-05
1.062403771356912330e-05
4.195446763333166018e-06
3.038634758922853507e-06
3.042390289920149371e-06
3.327522563267848454e-06
4.766097845276817679e-05
3.137323119517532177e-06
3.768790293179336004e-06
3.091015287282061763e-06
3.310278316348558292e-06
1.870268170023337007e-05
7.576397365482989699e-06
1.123367565014632419e-05
8.404938853345811367e-06
2.994079068230348639e-06
2.979169721584185027e-06
3.076470648011309095e-06
4.988674481865018606e-05
5.107036031404277310e-06
3.228209607186727226e-06
3.024428679054835811e-06
6.579946784768253565e-06
1.395555591443553567e-05
4.629424893209943548e-06
4.672524482884909958e-06
4.638098289433401078e-06
3.022953933395911008e-06
3.035997679035062902e-06
9.307269465352874249e-06
7.585796993225812912e-06
3.274104756201268174e-06
3.015563834196655080e-06
5.051852895121555775e-06
1.313407301495317370e-05
4.457280738279223442e-06
3.167871454934356734e-06
3.027669890798279084e-06
3.474274853942915797e-05
8.571001671953126788e-06
3.966337317251600325e-06
2.988186452057561837e-06
3.136565510430955328e-06
3.698117507155984640e-05
7.058632036205381155e-06
4.379734673420898616e-05
5.906950718781445175e-06
3.133760401397012174e-06
2.885382855311036110e-06
2.840154365912894718e-06
4.327996975916903466e-06
2.438328192511107773e-05
3.638431053332169540e-06
3.296364866400836036e-06
2.956735670522903092e-06
1.448374041501665488e-05
7.742926754872314632e-06
2.881904265450430103e-06
2.912149966505239718e-06
3.236228621972259134e-06
5.325640449882484972e-05
7.658356480533257127e-06
3.142773721265257336e-06
2.915963023042422719e-06
3.317863274787669070e-06
2.830816083587706089e-05
7.247761914186412469e-06
3.110818170171114616e-06
2.987755806316272356e-06
2.589128598629031330e-05
3.761546622627065517e-06
3.104021516264765523e-06
3.422450390644371510e-06
2.096673597407061607e-05
5.596577466349117458e-06
1.836592127801850438e-05
2.803510824378463440e-06
2.748274482655688189e-06
4.041959527967264876e-06
1.874740155471954495e-05
1.885559504444245249e-05
3.181794909323798493e-06
3.066538965867948718e-06
2.798777586576761678e-06
1.669582889007870108e-05
9.080248673853930086e-06
3.223351313863531686e-06
2.821911721184733324e-06
2.668375373104936443e-06
3.405152483537676744e-06
1.857693314377684146e-05
4.521658865996869281e-06
2.856231958503485657e-06
2.708471356527297758e-06
8.053590136114507914e-06
1.892037107609212399e-05
5.018397587264189497e-06
2.830033281497890130e-06
1.099893506761873141e-05
9.544640306557994336e-06
2.681660134840058163e-06
2.799166395561769605e-06
4.492303924052976072e-05
1.414338930771918967e-05
3.819087851297808811e-06
8.276632797787897289e-06
3.153742909489665180e-06
5.683462859451537952e-06
9.236128789780195802e-06
3.431327286307350732e-06
3.650322241810499690e-06
5.941981362411752343e-05
7.341025593632366508e-06
3.386760454304749146e-06
2.703545078475144692e-06
8.756658644415438175e-06
1.059607802744721994e-05
3.087838422288768925e-06
3.136738314424292184e-06
3.020857002411503345e-05
1.071015230991179124e-05
2.918358859460568056e-06
4.961965260008582845e-06
5.327705366653390229e-06
4.490976607485208660e-06
3.115157824140624143e-06
4.006257222499698400e-05
5.072457952337572351e-06
1.679574961599428207e-05
5.878393949387827888e-06
2.665223519215942360e-06
2.589449877632432617e-06
2.518796009098878130e-06
2.526242042222293094e-06
1.596788752067368478e-05
1.609161881788168103e-05
3.362066308909561485e-06
8.349855306732933968e-06
8.658118531457148492e-06
3.301132665001205169e-06
2.573541451056371443e-06
4.388554316392401233e-06
2.378394128754734993e-05
5.170858457859139889e-06
2.763888005574699491e-06
2.557396328484173864e-06
3.800029662670567632e-05
8.703098501428030431e-06
2.708314468691241927e-06
4.884879308519884944e-05
6.516956545965513214e-06
3.236887096136342734e-06
2.535981820983579382e-06
2.457910113662364893e-06
2.683408183656865731e-06
4.842474027100251988e-06
1.127869290939997882e-05
4.821719812753144652e-06
2.473718495821231045e-06
2.449950216032448225e-06
2.437105422359309159e-06
2.567451883805915713e-05
1.390363922837423161e-05
3.130012601104681380e-06
2.476334657330880873e-06
2.413430593151133507e-06
2.408089585514971986e-06
9.458928616368211806e-06
5.581480763794388622e-06
3.030534116987837479e-06
2.960115671157836914e-05
4.441399596544215456e-06
2.522579961805604398e-06
2.474595248713740148e-06
2.412524281680816785e-06
2.562607960499008186e-06
6.612609286094084382e-05
5.363251148082781583e-06
2.846049255822435953e-06
2.167481579817831516e-05
5.407389380707172677e-06
3.161250333505449817e-06
2.457646814946201630e-06
9.276718628825619817e-06
7.594745056849205866e-06
2.504152917026658542e-06
3.699741910168086179e-06
4.301080480217933655e-06
3.894220753863919526e-06
3.896454018104122952e-06
7.790134077367838472e-06
3.014387175426236354e-06
2.525655190765974112e-06
2.491513214408769272e-06
4.282996087567880750e-05
2.285175833094399422e-05
5.200159193918807432e-06
3.310395868538762443e-06
2.357698804189567454e-06
2.352486035306355916e-06
6.379670594469644129e-06
1.729531322780530900e-05
4.516104581853142008e-06
2.500199798305402510e-06
2.349729356865282170e-06
3.685089268401497975e-06
1.321218769589904696e-05
2.848768417607061565e-06
1.191273167933104560e-05
7.925415047793649137e-06
3.318812332508969121e-06
2.400619450781960040e-06
4.059800176037242636e-06
3.201646541128866374e-05
6.203625616763019934e-06
2.351897819607984275e-06
2.784853222692618147e-06
2.070375558105297387e-05
4.562568847177317366e-06
3.002810217367368750e-06
1.237512606167001650e-05
6.787955044273985550e-06
4.713065209216438234e-06
3.187032461937633343e-06
3.019224095623940229e-06
1.397373398503987119e-05
5.290150966175133362e-06
7.443205049639800563e-06
2.410672550468007103e-06
2.759829385468037799e-06
2.231540747743565589e-06
2.385215566391707398e-06
2.773755841189995408e-05
2.894877070502843708e-06
3.157404762532678433e-06
2.406412932032253593e-06
4.309196083340793848e-05
3.444094772930839099e-06
2.593790668470319360e-06
2.288892119395313784e-06
2.202811401730286889e-06
2.199093387389439158e-06
3.145285063510527834e-06
3.705433482537046075e-05
5.501942723640240729e-06
2.448635314067360014e-06
2.328023583686444908e-06
2.184191544074565172e-06
2.201617689934209920e-06
6.166440925881033763e-06
1.154412711912300438e-05
1.809280365705490112e-05
5.223145763011416420e-06
2.192366082454100251e-06
2.485905042703961954e-06
1.121877357945777476e-05
1.141077063948614523e-05
2.898664433814701624e-06
8.412728675466496497e-06
9.868829693004954606e-06
8.193657777155749500e-06
3.369709702383261174e-06
2.524984211049741134e-06
3.800301783485338092e-06
2.154020876332651824e-05
6.840553396614268422e-06
3.144909669572371058e-06
6.829082394688157365e-06
6.186721748235868290e-06
3.596192300392431207e-06
2.158076995328883640e-06
9.751355719345156103e-06
1.278944364457856864e-05
4.386973614600719884e-06
7.685377568122930825e-06
6.080417279008543119e-06
2.137504452548455447e-06
2.135084287147037685e-06
2.243017434011562727e-06
5.527798566618002951e-05
5.872353085578652099e-06
3.612839691413682885e-06
2.314644007128663361e-06
2.114334620273439214e-06
2.211467290180735290e-06
4.771797466673888266e-05
9.217525075655430555e-06
2.495194394214195199e-06
2.232802034995984286e-05
2.893700411732424982e-06
2.158932829843251966e-06
2.149967031073174439e-06
2.954453748316154815e-06
2.499272704881150275e-05
6.327586106635862961e-06
2.446935241096070968e-06
3.279429074609652162e-05
6.759378265996929258e-06
2.489337248334777541e-06
2.135044269380159676e-06
2.059112830465892330e-06
2.930306436610408127e-06
2.370619768043980002e-05
4.651708877645432949e-06
2.933896212198305875e-06
2.492175008228514344e-05
3.219232667106552981e-06
2.083701474475674331e-06
2.067906052616308443e-06
2.113677737725083716e-06
1.523691389593295753e-05
7.593719601572956890e-06
4.482411895878612995e-06
2.278608008055016398e-06
2.063606871161027811e-06
2.024857849391992204e-06
2.069996980935684405e-06
8.088884351309388876e-05
4.563863512885291129e-06
2.333698830625507981e-06
2.216633220086805522e-06
2.708517740757088177e-06
3.242904313083272427e-06
3.774545803025830537e-06
2.281311935803387314e-06
2.030544692388502881e-06
2.111220055667217821e-06
5.398962821345776320e-05
8.920407708501443267e-06
2.712770765356253833e-06
8.301606612803880125e-06
4.126020940020680428e-06
2.708258989514433779e-06
1.996784931179718114e-06
2.268818207085132599e-06
4.779638402396813035e-05
6.007505362504161894e-06
2.087252141791395843e-06
2.077229964925209060e-06
1.979848320843302645e-06
1.969719505723332986e-06
2.226113792858086526e-06
2.122419027728028595e-05
7.171507149905664846e-06
2.464647650413098745e-06
2.024578179771197028e-06
1.967155640159035102e-06
2.417340147076174617e-05
9.081430107471533120e-06
2.648936742843943648e-06
2.407635747658787295e-06
2.195695924456231296e-05
3.757711056096013635e-06
2.275138740515103564e-06
1.989190195672563277e-06
1.980123670364264399e-06
4.459332558326423168e-06
9.291617971030063927e-06
5.082679763290798292e-06
2.328738219148362987e-06
2.076787041005445644e-06
2.184999175369739532e-05
6.448282420024042949e-06
2.711525212362175807e-06
3.007111217812052928e-06
2.028973540291190147e-05
1.125014750869013369e-05
4.525297754298662767e-06
2.601879714347887784e-06
5.455101927509531379e-06
1.045644694386282936e-05
7.642377568117808551e-06
2.330069037270732224e-06
1.997411800402915105e-06
2.448918166919611394e-06
2.225142634415533394e-05
5.600229997071437538e-06
2.375481244598631747e-06
2.052718627965077758e-06
1.985199560294859111e-06
1.571662869537249207e-05
8.826458724797703326e-06
3.629908633229206316e-06
2.066321258098469116e-06
1.884659013740019873e-06
1.975571194634540007e-06
3.042068419745191932e-05
4.120788617001380771e-06
3.054861508644535206e-06
2.072752749882056378e-06
2.683117145352298394e-06
5.703423084923997521e-06
5.645972578349756077e-06
3.450782969594001770e-06
2.658983476067078300e-06
1.971473921003052965e-06
4.505652668740367517e-06
5.797744961455464363e-06
4.545454885374056175e-06
7.637860107934102416e-06
3.619688186518033035e-06
1.275598606298444793e-05
5.400644113251473755e-06
4.309014457248849794e-06
1.537033676868304610e-05
4.591036031342810020e-06
4.138132680964190513e-06
1.448630064260214567e-05
1.957100903382524848e-05
3.073584139201557264e-06
2.554205593696678989e-06
3.034644578292500228e-05
3.113425918854773045e-06
1.982198455152683891e-06
2.236793989141006023e-06
7.367103080468950793e-06
4.850278855883516371e-06
2.205991768278181553e-05
3.291797611382207833e-06
2.002669589273864403e-06
1.834927957133913878e-06
2.212173058069311082e-06
3.548552194843068719e-05
2.369164576521143317e-06
4.186311798548558727e-06
2.126602566931978799e-06
1.965634282896644436e-06
2.026255742748617195e-06
1.859977260210143868e-06
6.295661933108931407e-06
3.052207830478437245e-05
5.435127150121843442e-06
2.354953494432265870e-06
1.838232833506481256e-06
1.795167008822318166e-06
1.835245711845345795e-06
2.884327841456979513e-05
9.203276931657455862e-06
3.019774339918512851e-06
1.805248189157282468e-06
2.054571268672589213e-06
2.549866621848195791e-05
3.622892563726054505e-06
2.548029669924289919e-06
1.824993887566961348e-05
3.624252258305205032e-06
2.884524064938887022e-06
9.137559572991449386e-06
2.436537897665402852e-06
2.067861714749597013e-06
2.335600584046915174e-06
9.928126019076444209e-06
2.844601112883538008e-06
1.994818603634485044e-06
1.790230817277915776e-05
5.366890491131925955e-06
2.431721668472164311e-06
1.965541969184414484e-06
3.990100231021642685e-05
5.722590231016511098e-06
1.788833469618111849e-05
3.392718781469739042e-06
2.120352064594044350e-06
1.745387635310180485e-06
4.049553808727068827e-06
2.581643639132380486e-05
4.660518243326805532e-06
1.932425448103458621e-06
2.952708427983452566e-06
4.056479156133718789e-06
3.441436547291232273e-06
1.997721028601517901e-06
1.740036168484948575e-06
2.015374093389254995e-06
1.013614837575005367e-05
5.414439783635316417e-06
2.981453235406661406e-06
8.769914529693778604e-06
2.698056505323620513e-06
1.998742163777933456e-06
5.099152531329309568e-06
8.987242836155928671e-06
2.725134663705830462e-06
3.501247874737600796e-06
2.257298729091417044e-05
2.581868329798453487e-06
2.039013452304061502e-06
1.719205101835541427e-06
2.369709818594856188e-06
1.403062833560397848e-05
2.164981196983717382e-06
2.704436383282882161e-06
2.265953298774547875e-06
2.063745569103048183e-06
1.981239847737015225e-06
1.701919018159969710e-06
1.755161520122783259e-06
1.551370223751291633e-05
6.383372692653210834e-06
3.161529775752569549e-06
4.020173491880996153e-06
3.266739213358960114e-06
1.697312427495489828e-06
2.288132236571982503e-06
2.950293310277629644e-05
4.176192305749282241e-06
2.501206154192914255e-06
1.962953774636844173e-06
6.177626346470788121e-06
8.908928975870367140e-06
2.426448645564960316e-06
3.254694820498116314e-05
4.259126853867201135e-06
2.350127488170983270e-06
2.184133336413651705e-06
5.079333732282975689e-06
4.808328412764240056e-06
2.657975301190163009e-06
2.874380470530013554e-06
1.657543748478929047e-06
2.014541905737132765e-06
2.239277819171547890e-05
8.947094102040864527e-06
2.822399892465909943e-06
1.695285163805237971e-06
1.721022726997034624e-06
3.841833859041798860e-06
1.240219626197358593e-05
1.070602138497633860e-05
2.293163106514839455e-06
1.798513949324842542e-06
1.656316726439399645e-06
2.350760041736066341e-06
5.037146820541238412e-06
2.241071706521324813e-05
4.472764885576907545e-06
1.854483798524597660e-06
1.687307303654961288e-06
1.655007054068846628e-06
3.921754796465393156e-06
2.154736648662947118e-05
2.228554876637645066e-06
2.226718152087414637e-06
1.643341079216042999e-06
1.625710979169525672e-06
1.627542815185734071e-06
4.462332526600221172e-06
2.264454451506026089e-05
4.854412054555723444e-06
1.853541334639885463e-06
2.416704410279635340e-05
5.773883458459749818e-06
2.193573891418054700e-06
1.627934011594334152e-06
1.620594275664188899e-06
1.727727521938504651e-06
2.372966810071375221e-05
5.405711362982401624e-06
2.233774011983769014e-06
1.724173898765002377e-06
5.183110624784603715e-05
4.933459877065615728e-06
1.618082023924216628e-06
1.617162411093886476e-06
1.598814947101345751e-06
3.080995838899980299e-06
1.902245094242971390e-05
3.784982482102350332e-06
1.978724412765586749e-06
1.613735321370768361e-06
1.597473669789906126e-06
1.612661321814812254e-06
3.690199082484468818e-05
3.569323325791629031e-06
3.155650347252958454e-06
6.648034286627080292e-06
2.965832436530035920e-06
1.829604116210248321e-06
1.616438339624437504e-06
1.618356577637314331e-06
1.014008194033522159e-05
1.496062122896546498e-05
1.679306478763464838e-06
1.738851210575376172e-06
8.330464879691135138e-06
4.071245257364353165e-06
1.975587338165496476e-06
1.987373480005771853e-06
1.033400894812075421e-05
4.905240075459005311e-06
1.852160949056269601e-06
3.734613983397139236e-06
1.204881664307322353e-05
1.987601081054890528e-06
1.938770310516702011e-06
3.702664616866968572e-05
4.250237452652072534e-06
2.202417363150743768e-06
1.616044528418569826e-06
4.590150183503283188e-06
8.500680451106745750e-06
9.337356459582224488e-06
3.417076186451595277e-06
3.312798298793495633e-06
1.186479494208469987e-05
3.600767058742349036e-06
1.815109612834930886e-06
2.390258487139362842e-05
2.177604756070650183e-06
1.949892975972034037e-06
2.205503733421210200e-06
2.008032606681808829e-05
3.304554866190301254e-06
3.270004890509881079e-05
4.447482751857023686e-06
2.166673084502690472e-06
2.512885885153082199e-06
8.077785423665773124e-06
3.166193664583261125e-06
1.179662376671331003e-05
2.508287934688269161e-06
1.545701252325670794e-06
1.587943415870540775e-06
1.566675109643256292e-06
2.146655242540873587e-05
3.413843160160467960e-06
4.404119408718543127e-06
1.976452949747908860e-06
1.968519427464343607e-06
1.755293737915053498e-06
1.581764195179857779e-06
1.650548028919729404e-06
3.564863436622545123e-05
1.723119930829852819e-05
3.583045781851978973e-06
1.839452693275234196e-06
1.515662575002352241e-06
1.514497625976218842e-06
1.511839741397125181e-06
2.024817831625114195e-06
2.994489113916642964e-05
2.673436938493978232e-06
2.303694373040343635e-06
5.729535132559249178e-06
4.154658199695404619e-06
2.731710310399648733e-06
1.817387419578153640e-05
3.460471589278313331e-06
3.377456778252962977e-06
9.351962034997995943e-06
1.698860501164745074e-06
2.015600512095261365e-05
5.131525540491566062e-06
6.139991000964073464e-06
2.451509317324962467e-06
1.801698999770451337e-06
3.260439916630275548e-05
2.550097178755095229e-06
2.127856078004697338e-06
2.190892701037228107e-05
3.853197995340451598e-06
4.763221568282460794e-06
1.225465894094668329e-05
1.959828750841552392e-06
1.607244030310539529e-06
5.849830358783947304e-06
8.479593816446140409e-06
4.623849235940724611e-06
3.073019115618080832e-06
2.676023541425820440e-06
1.784902110557595734e-06
3.404443305043969303e-06
2.770357923509436660e-06
4.289076969143934548e-06
6.823442163295112550e-06
2.462925294821616262e-06
3.515170647006016225e-06
7.195709713414544240e-06
1.439810966985533014e-05
1.920129989230190404e-06
2.966445435959030874e-06
3.740543434105347842e-06
2.070135906251380220e-06
1.742667905091366265e-06
6.327269602479645982e-06
5.931904524913989007e-06
2.106491820086375810e-06
1.886150312202516943e-05
8.025940587685909122e-06
2.530637857489637099e-06
2.817337644955841824e-06
1.033104308589827269e-05
3.269565468144719489e-06
1.999681262532249093e-05
7.298874606931349263e-06
2.277499561387230642e-06
7.500128049287013710e-06
6.373466476361500099e-06
2.183507967856712639e-05
2.861277835108921863e-06
1.554445020701678004e-06
5.285926363285398111e-06
1.006808543024817482e-05
4.700917270383797586e-05
2.028190692726639099e-06
1.874153895187191665e-06
1.532690475869458169e-06
1.462162799725774676e-06
7.055919923004694283e-06
5.816652446810621768e-06
6.649418992310529575e-06
4.428921783983241767e-06
1.911670551635324955e-06
1.775434611772652715e-05
6.639188541157636791e-06
2.391881707808352076e-06
4.555277882900554687e-06
1.805553893063915893e-06
1.620418402126233559e-06
2.539813294788473286e-06
2.485860932210925967e-05
5.242820861894870177e-06
1.876493683994340245e-06
1.599849952071963344e-06
3.292741166660562158e-05
2.134265969289117493e-06
1.676564352237619460e-06
1.474828081882151309e-06
2.086836047965334728e-06
6.639771527261473238e-06
2.883862407543347217e-06
1.801332814466150012e-06
2.547682015574537218e-05
4.293443453207146376e-06
1.844177631937782280e-06
1.544109181850217283e-06
5.256089934846386313e-05
4.281303063180530444e-06
2.044107304755016230e-06
1.124685786635382101e-05
2.116723635481321253e-06
1.455158781027421355e-06
1.535022988718992565e-06
3.686831405502744019e-05
5.148930540599394590e-06
1.591844352333282586e-06
1.693678677838761359e-05
1.610008894203929231e-06
1.459763439015659969e-06
1.564293711453501601e-06
5.842651808052323759e-05
7.237667432491434738e-06
1.693459239504591096e-06
1.806424734240863472e-06
8.091524250630754977e-06
3.289025016783853061e-06
1.621016167518973816e-06
1.416209556737157982e-06
2.547748408687766641e-06
2.183592732762917876e-05
4.568755684886127710e-06
1.573385475239774678e-06
4.649530183087335899e-06
9.858013072516769171e-06
1.814114966691704467e-06
1.580445996296475641e-06
1.425494701834395528e-06
6.615671736653894186e-06
8.503356184519361705e-06
1.868194885901175439e-06
1.479697289141768124e-06
1.473242036809097044e-06
4.990528032067231834e-05
6.657503945461940020e-06
2.075222710118396208e-06
1.511528353148605675e-06
4.326384078012779355e-05
5.613087978417752311e-06
2.290290012751938775e-06
1.401143549628613982e-06
1.388834903082170058e-06
1.384154984407359734e-06
2.174880364691489376e-06
3.001469121954869479e-05
8.282374437840189785e-06
1.979186436074087396e-06
1.763443492563965265e-06
6.209558250702684745e-06
5.616376711259363219e-06
1.805659849196672440e-06
1.387081852044502739e-06
1.779872945917304605e-06
3.404376548132859170e-05
4.008599262306233868e-06
7.671338607906363904e-06
2.514052539481781423e-06
3.064006477870862000e-06
2.688296626729425043e-05
1.519356032986252103e-06
1.682723450358025730e-06
2.242676146124722436e-06
2.459107599861454219e-05
4.721792720374651253e-06
1.534580519546580035e-06
1.495967239861784037e-06
3.855329487123526633e-05
6.599311291211051866e-06
2.587835524536785670e-06
1.591853902027651202e-06
4.318974333727965131e-06
7.716440450167283416e-06
4.788445494341431186e-06
1.673773567745229229e-06
2.428538209642283618e-06
1.581051492394180968e-06
6.012903668306535110e-06
2.235242027381900698e-05
1.771326310517906677e-06
1.843402742451871745e-06
1.381655465593212284e-06
2.222712510047131218e-06
4.488007107283920050e-05
5.632300599245354533e-06
2.082450009766034782e-06
1.482172024225292262e-06
1.367925506201572716e-06
1.353014113192330115e-06
2.700629238461260684e-06
2.242918162664864212e-05
1.610020149200863671e-06
1.781543119250272866e-06
6.855432275187922642e-06
3.772063564611016773e-06
1.960056351890671067e-06
1.501770498180121649e-06
1.455242113479471300e-06
5.010096356272697449e-05
1.506944727225345559e-06
3.128260459561715834e-06
1.451969978916167747e-06
1.426549147254263517e-06
1.391982777931843884e-06
1.348284854429948609e-06
1.531387283648655284e-06
5.188540671952068806e-05
6.708885393891250715e-06
1.806167801987612620e-06
2.226272044936195016e-05
3.835711140709463507e-06
1.645421320972673129e-06
1.347679926766431890e-06
1.355409381176286843e-06
2.435699116176692769e-06
2.038526508840732276e-05
2.250934812764171511e-06
1.757496079335396644e-06
1.374141447740839794e-06
1.361851900583133101e-06
5.761168267781613395e-06
5.021261131332721561e-06
2.310921900061657652e-06
9.594139555701985955e-06
8.224614248319994658e-06
1.526673031548853032e-06
1.779105673449521419e-06
9.519735613139346242e-06
3.344033984831185080e-06
2.312019205419346690e-06
1.964561306522227824e-06
4.265863390173763037e-05
6.106073669798206538e-06
2.184054665121948346e-06
1.318462523158814292e-06
1.333240675194247160e-06
1.956932237590081058e-06
1.115060331358108670e-05
6.278579803620232269e-06
1.437092009837215301e-06
1.326578285443247296e-06
1.917223698910675012e-06
8.285579497169237584e-06
2.370782340221921913e-06
4.625131623470224440e-06
1.468852474317827728e-06
2.272553047077963129e-06
1.491494344918464776e-06
2.256986226711887866e-05
1.044201871991390362e-05
2.675525138329248875e-06
1.735471528263587970e-06
1.307884531343006529e-06
1.491864736635761801e-06
4.609749885275959969e-05
8.027874173421878368e-06
2.013230641750851646e-06
1.378182787448167801e-06
1.311836513195885345e-06
1.305627961301070172e-06
4.334008735895622522e-06
5.851039986737305298e-06
2.109233037117519416e-06
1.067738139681750908e-05
1.723961190691625234e-06
2.330806637473870069e-06
1.377000785396376159e-06
1.295212655350042041e-06
1.502622922089358326e-06
3.312072294647805393e-06
7.005720817687688395e-06
8.450710083707235754e-06
1.535073351988103241e-06
1.516436441306723282e-06
1.309547428718360607e-06
3.479947963569429703e-06
1.225091637024888769e-05
3.860438937408616766e-06
1.582442678227380384e-06
1.349952867713000160e-06
6.012390713294735178e-06
7.176658527896506712e-06
4.915183126286137849e-06
2.821263933583395556e-06
2.076910504911211319e-06
2.060208862530998886e-05
3.679141400425578468e-06
1.359345105811371468e-06
3.034131623280700296e-06
2.274080179631710052e-05
5.850713478139368817e-06
1.597696609678678215e-06
1.611530478839995340e-06
6.298156677075894549e-06
8.572913429816253483e-06
1.492003889325133059e-06
1.527060476291808300e-06
3.098755087194149382e-06
1.813501148717477918e-05
8.608571079093962908e-06
1.411697212461149320e-06
1.475500198466761503e-06
1.274792111871647649e-06
1.504265355833922513e-06
2.535888961574528366e-05
7.085954166541341692e-06
1.689640271251846571e-06
1.359175030302139930e-06
3.874601316056214273e-05
2.215936319771572016e-06
1.826378365876735188e-06
1.306828494307410438e-06
1.488743691879790276e-06
9.237306585418991745e-06
5.314155259839026257e-06
1.638506660128768999e-06
1.389283056596468668e-06
1.106780655391048640e-05
1.307000093220267445e-05
1.938229615916498005e-06
1.317931150879303459e-06
2.533206270527443849e-06
2.735425186983775347e-05
2.497463128747767769e-06
1.582458480697823688e-06
1.331120870418089908e-06
1.255496499652508646e-06
1.287127020077605266e-06
4.799089947482571006e-05
1.114859514927957207e-05
2.447439783281879500e-06
1.639548031562299002e-06
1.266843696612340864e-06
1.403716964887280483e-06
2.605912595754489303e-05
5.547737146116560325e-06
1.922150431710178964e-06
1.261942884411837440e-06
1.298959432460833341e-06
3.560006734915077686e-05
3.120068640782847069e-06
1.906264742501662113e-06
1.586527673680393491e-06
1.106056970456847921e-05
4.500666818785248324e-06
1.379583977723086718e-06
1.316611133006517775e-06
1.251423896064807195e-06
1.315844542659760918e-06
3.775467848754487932e-05
1.661183159740176052e-05
6.005328486935468391e-06
1.491167154199501965e-06
1.324408003711141646e-06
2.171316054955241270e-06
2.090759880957193673e-05
3.595616817619884387e-06
1.579374838911462575e-06
1.385653263241692912e-06
1.935246928042033687e-06
3.895768259098986164e-06
2.021943146246485412e-05
2.539513843657914549e-06
1.258771931134106126e-06
1.295574975301860832e-06
1.244641453013173304e-06
2.360882717766799033e-06
1.712881930870935321e-05
3.447999688432901166e-06
3.569836917449720204e-05
3.767617272387724370e-06
1.373051304653927218e-06
1.336331592938222457e-06
1.230678662977879867e-06
1.284916947952297051e-06
8.052033808780834079e-05
3.330481376906391233e-06
1.558695544190413784e-06
1.586075995874125510e-06
2.556537947384640574e-05
2.257700543850660324e-06
1.230767793458653614e-06
1.229155373039247934e-06
1.237829110323218629e-06
9.604117622075136751e-06
9.996629160013981164e-06
1.494061962148407474e-06
1.563714363328472245e-06
1.566318587720161304e-06
2.050680086540523916e-05
2.872374807338928804e-06
1.349123181171307806e-06
2.193236241510021500e-06
6.161202236398821697e-06
2.263805754409986548e-06
1.491890316174249165e-06
3.319839015603065491e-05
1.719950091683131177e-06
1.654438733567076270e-06
1.298939696425804868e-05
2.338324748052400537e-06
2.004126827159780078e-06
1.291139369641314261e-06
1.269152448912791442e-06
4.684247323893941939e-05
8.045457434491254389e-06
2.427127355986158364e-06
1.353671791548549663e-06
4.457314389583189040e-06
2.427636218271800317e-06
1.462878572056069970e-06
1.571899133523402270e-06
7.863385690143331885e-06
1.092115508072311059e-05
2.169352683267788962e-06
6.988002951402449980e-06
6.132901489763753489e-06
2.869164745789021254e-06
3.975424988311715424e-06
2.701146058825543150e-06
1.259531131836411078e-06
4.078317942912690341e-06
1.896008507173974067e-05
6.349895556923002005e-06
1.594372633917373605e-06
1.305652858718531206e-06
1.695197624940192327e-06
1.970883386093191803e-05
1.874755753306089900e-06
1.322591742791701108e-06
1.273805992241250351e-06
3.892705080943414941e-06
6.526265224238159135e-06
3.856171133520547301e-06
2.938289071607869118e-06
4.303588866605423391e-06
2.295179911016020924e-06
2.125805849573225714e-06
1.344193151453509927e-06
3.345388540765270591e-05
1.278223226108821109e-05
2.844087248377036303e-06
1.331493876932654530e-06
2.839463832060573623e-06
7.438398824888281524e-06
2.102357211697380990e-05
2.990376287925755605e-06
1.373696022710646503e-06
1.237013407262566034e-06
1.226770564244361594e-06
3.521023245411925018e-05
1.457008056604536250e-05
2.560205302870599553e-06
4.554988208838040009e-06
7.281396847247378901e-06
1.201851773657836020e-06
1.188242436001019087e-06
1.196651510326773860e-06
1.184060579362267163e-06
2.455683898006100208e-06
1.971614801732357591e-05
3.801823595495079644e-06
1.730030703583906870e-06
1.288331759496941231e-06
1.184607754112221301e-06
1.181260813609696925e-06
1.179310174848069437e-06
1.656728045418276452e-06
1.290541695198044181e-05
3.516058313834946603e-06
9.887239684758242220e-06
2.442877757857786492e-06
1.400318069499917328e-06
1.219937189489428420e-06
1.829783286666497588e-06
2.300170672242529690e-05
3.994924099970376119e-06
1.599496158632973675e-06
1.213891778206743766e-06
1.394966488987847697e-06
3.860579454340040684e-05
4.161914148426149040e-06
1.883739514596527442e-06
1.225195205734053161e-06
1.279383127439359669e-06
1.607208287168759853e-05
4.084481133759254590e-06
2.128461574102402665e-06
3.803289473580662161e-06
5.885284735995810479e-06
1.746272801028680988e-06
3.818544064415618777e-05
4.620915206032805145e-06
1.362613943456381094e-06
1.422566242581524421e-06
1.857788629422429949e-05
2.670516778380260803e-06
7.191598342615179718e-06
8.672008334542624652e-06
1.554868390485353302e-06
1.169989900517975911e-06
1.190570742437557783e-06
1.168939547824265901e-06
3.297087914688745514e-06
2.614021832414437085e-05
3.902703610947355628e-06
2.208999831054825336e-06
1.379783839183801319e-06
1.413119889548397623e-06
1.303934141105855815e-06
1.195594450109638274e-06
1.442491566194803454e-06
5.636159767163917422e-05
6.296456376730930060e-06
1.492858245910611004e-06
1.236632783729874063e-06
1.166472770819382276e-06
1.157983660959871486e-06
1.987056293728528544e-06
2.407840838714037091e-05
2.219791213065036573e-06
1.968088554349378683e-06
1.204496356876916252e-06
1.158541635959409177e-06
1.170811287920514587e-06
1.069923473551170900e-05
1.151172091340413317e-05
5.844869974680477753e-06
1.311101641476852819e-06
1.337191065431397874e-06
2.254395212730742060e-06
1.865408194134943187e-06
1.720858449516526889e-06
1.905130943669064436e-06
6.711677087878342718e-06
1.701126166153699160e-06
1.921413513628067449e-06
3.946788638131693006e-06
4.387401077110553160e-06
1.174538283521542326e-06
1.147706598203512840e-06
1.232625777447537985e-06
1.550158231111709028e-05
1.684128073975443840e-05
1.933913381435559131e-06
1.536744093755260110e-06
4.449087646207772195e-05
4.243022885930258781e-06
5.675441116181900725e-06
6.594909791601821780e-06
1.310272182308835909e-06
1.154834990302333608e-06
1.159112343884771690e-06
1.593416186551621649e-06
2.555725586717016995e-05
6.903642315592151135e-06
6.293071692198282108e-06
2.053073785646120086e-06
1.274118858418660238e-06
1.679711749602574855e-05
1.354361415906168986e-06
1.131684371102892328e-06
1.213589712278917432e-06
1.178157845060923137e-06
8.871774480212479830e-05
8.080082807282451540e-06
2.627017238410189748e-06
3.375508413228089921e-06
1.368852394989517052e-06
1.136111336563772056e-06
2.190091663578641601e-06
1.268251594410685357e-06
1.159380758508632425e-06
1.191831756841565948e-06
2.429819232929730788e-06
2.162734745070338249e-05
4.175714366283500567e-06
1.191505452879937366e-05
2.416398956484044902e-06
1.156571443061693572e-06
1.477039063502161298e-06
1.519686429674038664e-05
1.186520194096374325e-06
3.820012352662160993e-06
1.375025021843612194e-05
2.710617309276130982e-06
1.400268502038670704e-06
2.956425305455923080e-06
1.173591044789645821e-05
2.460251607772079296e-06
4.155455371801508591e-06
1.364203399134567007e-05
2.341229674129863270e-06
1.327473455603467301e-06
1.144424118137976620e-06
1.119728722187574022e-06
1.149741251538216602e-06
2.806008706102147698e-05
1.432778208254603669e-05
1.477249838899297174e-06
1.314797941631695721e-06
1.176887735709897242e-06
1.117657348004286177e-06
1.112441395889618434e-06
1.348107957710453775e-06
2.979628879984375089e-05
7.988874131115153432e-06
1.991906628973083571e-06
1.160925535259593744e-06
1.135881120717385784e-06
1.114029146265238523e-06
1.110193807107862085e-06
1.495547053309564944e-06
1.205266380566172302e-05
2.957056267405278049e-06
1.147050170402508229e-06
1.178198658635665197e-06
1.231840656146232504e-06
2.122414798577665351e-06
4.211814029986271635e-06
1.335602291874238290e-06
1.642104393795307260e-06
2.773472260741982609e-06
3.042649268536479212e-06
1.433557486052450258e-06
1.147745706475689076e-06
1.105996830119693186e-06
1.105070396079099737e-06
1.380817138851853088e-06
3.578422547434456646e-05
3.427752290008356795e-06
1.361533918498025741e-06
9.076746209757402539e-06
2.934878011728869751e-06
1.547567876514222007e-06
1.110322386921325233e-06
1.154487904386769515e-06
4.021191853098571301e-05
8.591510777478106320e-06
1.654043671805993654e-06
1.240480742126237601e-06
1.129462475546461064e-06
5.336949925549561158e-06
4.298552539694355801e-06
4.190513209323398769e-06
1.020632134896004573e-05
2.435288934066193178e-06
1.145111014011490624e-06
1.137878825829830021e-06
1.136997752837487496e-06
3.052021202165633440e-05
5.261564729153178632e-05
3.712657871801638976e-06
1.871919266704935580e-06
1.180252638732781634e-06
1.099203814192151185e-06
1.092822230930323713e-06
1.134752324105647858e-06
2.224032687081489712e-05
5.516076271305792034e-06
1.443933115297113545e-06
1.082758808479411528e-05
7.669857041037175804e-06
2.325320792806451209e-06
1.276496163882256951e-06
2.127925836248323321e-05
2.224497393399360590e-06
2.346694145671790466e-06
1.530296572127554100e-06
1.521050307928817347e-06
1.238380832546681631e-06
4.161305696470662951e-05
4.806191100215073675e-06
1.809395257623691577e-06
1.257590270142827649e-06
3.309828753117471933e-05
2.522477643651654944e-06
1.559420525154564530e-06
1.108906076296989340e-06
2.135534032277064398e-06
7.613597517774906009e-06
4.945800355926621705e-06
1.111430833589110989e-06
1.133941850639530458e-06
1.192397462546068709e-06
1.069700283551355824e-05
2.183138121836236678e-06
1.138179186455090530e-06
1.114126348511490505e-06
1.081680693459929898e-06
1.077184151654364541e-06
1.121746095122944098e-06
7.271059439517557621e-05
6.636144917138153687e-06
1.425979007763089612e-06
1.076592866411374416e-06
1.082208768821146805e-06
1.853209028013225179e-06
1.776841600076295435e-05
1.731896645651431754e-06
1.076223952622967772e-06
1.079295316230854951e-06
1.724456524243578315e-06
1.185402743431041017e-05
2.006363274631439708e-06
1.227733946507214569e-06
1.079663320524559822e-06
1.073424300557235256e-06
1.269415520255279262e-06
5.495308414538158104e-06
6.291068530117627233e-06
2.489199232513783500e-06
2.246942585770739242e-06
1.344193947261373978e-06
1.168359972325561102e-06
3.459277650108560920e-05
6.080941602704115212e-06
2.026004949584603310e-06
1.197790993501257617e-06
1.067464040716004092e-06
1.073581870514317416e-06
2.534834311518352479e-05
1.634705222386401147e-05
1.992652642002212815e-06
1.306320314142794814e-06
1.109751678995962720e-06
1.070091798283101525e-06
1.297225708185578696e-06
4.338299549999646842e-05
1.971743131434777752e-06
1.433410943718627095e-06
1.126060055867128540e-06
1.075195427802100312e-06
6.438157015509204939e-06
5.296665676723932847e-06
1.597456616764247883e-06
1.333610953224706464e-06
2.560355824243742973e-06
1.029996747092809528e-05
1.748554723235429265e-06
1.410906747878470924e-06
2.024158447966328822e-06
3.043369133592932485e-06
1.059221904142759740e-05
2.212660547229461372e-06
1.225790128955850378e-06
1.049917682394152507e-05
2.207240640927921049e-06
1.475096382819174323e-06
2.058947984551195987e-06
3.146714789181714877e-06
2.690947667360887863e-06
3.616124558902811259e-06
3.013235300386440940e-06
1.845515157583577093e-06
5.043869350629393011e-06
9.834668162511661649e-06
1.837667809923004825e-06
1.409649598826945294e-06
2.681373916857410222e-05
8.684078238729853183e-06
4.638301561499247327e-06
1.459305508433317300e-06
1.157425799647171516e-06
1.071631004379014485e-06
1.628831159905530512e-05
1.864630758063867688e-05
1.339544155598559882e-06
1.341249458164384123e-06
1.202866997118690051e-06
1.006615366350160912e-05
1.758562234499549959e-06
1.187574525829404593e-06
6.984957963140914217e-06
5.643778422381728888e-06
1.350384764009504579e-06
1.147570173998246901e-06
1.120986325986450538e-06
1.494511980126844719e-05
1.534306079520320054e-06
1.613566496416751761e-06
1.068933443093555979e-06
1.056301016433280893e-06
7.310428190976381302e-05
1.080850688595091924e-05
1.895071136459591798e-06
1.100158215194824152e-06
1.053511141435592435e-06
1.039422159010428004e-06
1.036878984450595453e-06
1.037991410157701466e-06
1.167592745332513005e-05
2.320340627193218097e-06
3.691536676342366263e-06
1.213279119838261977e-06
1.691134457360021770e-06
1.044438363351218868e-06
2.955658828796003945e-06
5.475287707668030635e-06
2.108630724251270294e-06
1.080517108675849158e-06
2.119263626809697598e-06
9.572394446877297014e-06
2.789907739497721195e-06
1.246393480869301129e-06
3.176291784257045947e-06
1.532007627247367054e-05
3.880700205627363175e-06
1.504026840848382562e-06
5.330724889063276350e-06
4.453708697838010266e-06
1.033729290611518081e-06
2.381117155891843140e-06
1.808626802812796086e-05
2.695687726372852921e-06
8.980738130048848689e-06
3.065628106924123131e-06
1.557453742861980572e-06
1.028747306008881424e-06
1.057750182553718332e-06
1.935037744260625914e-06
5.215932560531655326e-06
3.800772174145095050e-05
3.487958792902645655e-06
1.475216777180321515e-06
1.087059331439377274e-06
1.040480356095940806e-06
1.032548766488616820e-06
4.876844741374952719e-06
1.670900019234977663e-05
4.040656676806975156e-06
1.254114863513677847e-06
1.233084185514599085e-05
1.271355017706810031e-06
1.120966658163524698e-06
1.108559104068262968e-06
1.117349711421411484e-06
3.528571323840878904e-05
9.397832400281913579e-06
2.033750206464901567e-06
1.073454768629744649e-06
1.042925987349008210e-06
1.029365989779762458e-06
1.344225711363833398e-05
3.842365913442336023e-05
4.901810825685970485e-06
1.411115135852014646e-06
1.090112164092715830e-06
1.050394303092616610e-06
1.470498546041199006e-06
1.895088098535779864e-05
1.851664364949101582e-06
1.218044303641363513e-06
1.038799041452875827e-06
1.732363671180792153e-06
2.828672222676686943e-06
1.655850610404741019e-05
3.161355380143504590e-06
1.474667442380450666e-06
1.013209612210630439e-06
1.054311724146828055e-06
8.053595229284837842e-05
4.956230895913904533e-06
1.526087316960911267e-06
1.965711589946295135e-06
1.551580862724222243e-05
2.495243052180740051e-06
1.067305220203706995e-06
1.032574346027104184e-06
1.009607672131096479e-06
1.008656226986204274e-06
1.008133267532684840e-06
3.236888687752070837e-06
1.333817544946214184e-05
3.783270585699938238e-06
1.698440883046714589e-06
1.136973082793701906e-06
1.281550453313684557e-06
1.622034324100241065e-05
1.970935727513278835e-06
1.082836888599558733e-06
1.049063712343922816e-06
1.091293484023481142e-06
5.382351446314714849e-05
2.920459337474312633e-06
2.054861852229805663e-06
1.633871761441696435e-05
1.816949634303455241e-06
1.174529415948200040e-06
1.017261070046515670e-06
1.003897978080203757e-06
2.148959310943610035e-06
3.166350870742462575e-05
2.456991978760925122e-06
1.044092527990869712e-06
1.036884100358292926e-06
1.037649894897185732e-06
9.425794814887922257e-06
1.263560534425778314e-06
1.765708134371379856e-06
6.723297246935544536e-06
3.623231123128789477e-06
2.223668616352370009e-06
9.972537782232393511e-07
1.011224298963497858e-06
6.744302027072990313e-06
4.160756816418142989e-06
1.422505647497018799e-06
7.784604349581059068e-06
4.102977072761859745e-06
1.322616185461811256e-06
1.226367317030963022e-06
1.015220391309412662e-06
9.978296020562993363e-07
1.014252347886213101e-06
1.987137693504337221e-05
6.202747499628458172e-06
8.966586392489261925e-06
1.809218588277872186e-06
2.928353751485701650e-06
1.194731339637655765e-05
4.774461558554321527e-06
2.061821533061447553e-06
1.273519592359662056e-05
4.802628609468229115e-06
1.557842892907501664e-06
2.413587753835599869e-05
1.079071353160543367e-05
3.118354015896329656e-06
1.035201421473175287e-06
3.678418352137668990e-06
7.110219939931994304e-06
1.355954964310512878e-06
1.051297431331477128e-06
3.014177536897477694e-06
6.323353773041162640e-06
1.697573861747514457e-05
1.405060402248636819e-06
9.904715625452809036e-07
1.827149844757514074e-06
1.749585680954623967e-05
1.646976784286380280e-06
1.391969703945505898e-06
1.071978317668254022e-06
1.241228983417386189e-05
1.214749318023677915e-05
1.400352743985422421e-06
1.033006242323608603e-06
1.022640390146989375e-06
9.885084182315040380e-07
1.273345105801126920e-06
9.264064829039853066e-06
3.446228447501198389e-06
1.764280796123784967e-06
1.377531134494347498e-06
6.081730589357903227e-06
1.106682134377479088e-06
1.114844280891702510e-06
9.834321872403961606e-07
9.846013426795252599e-07
9.792814807951799594e-07
1.857336428656708449e-06
3.131535413558594882e-05
5.057665021013235673e-06
1.447656472919334192e-06
9.856138376562739722e-07
9.869872883427888155e-07
9.773081046660081483e-07
1.105340061258175410e-06
6.071963525755563751e-06
2.922977500929846428e-06
2.662539600351010449e-06
4.519064532360062003e-06
2.069203219434712082e-06
1.030864723361446522e-06
1.024741891342273448e-06
9.836955996433971450e-07
1.982135700018261559e-06
6.282190952333621681e-06
3.224526608391897753e-06
1.090202999876055401e-06
9.989605587179539725e-07
9.790386457098065875e-07
9.813833230509771965e-07
1.082101971405791119e-05
4.111178441235097125e-06
2.431537041047704406e-06
1.159667817773879506e-06
1.002522481030609924e-06
1.798190282897849102e-06
1.085207622963935137e-05
1.134418539550097194e-06
2.074190206258208491e-06
2.529593302824650891e-06
1.850851049312041141e-06
1.025305891744210385e-06
1.019535375235136598e-06
1.199490952785708942e-06
4.564768460113555193e-05
6.878856765979435295e-06
1.361909880870371126e-06
1.553229708406433929e-06
1.170815448858775198e-05
1.122936851061240304e-06
1.226715767188579775e-06
5.535096988751320168e-06
4.519949925452237949e-06
7.288860615517478436e-06
3.093733312198310159e-06
1.046033503371290863e-06
9.886828138405689970e-07
9.757167163115809672e-07
9.659535180617240258e-07
1.028820634019211866e-06
3.002673838636837900e-05
2.565485601735417731e-06
1.343636881756538060e-06
2.503757968952413648e-06
1.025083747663302347e-05
1.472791495871206280e-06
2.509457544874749146e-06
2.108670742018148303e-05
2.672041318874107674e-06
2.204964175689383410e-06
8.109953341772779822e-06
2.470842446200549603e-06
6.749273779860232025e-06
1.335586034656444099e-06
4.875427293882239610e-06
5.640951258101267740e-06
5.628463895845925435e-06
7.014259608695283532e-06
2.981223360620788299e-06
1.007752757686830591e-06
9.670378631199127994e-07
1.718860858090920374e-06
1.187125690194079652e-05
1.191746491713274736e-06
5.487752332555828616e-06
1.003557918011210859e-05
1.907095906972244848e-06
1.193991238324088044e-06
9.717211923998547718e-07
9.613271458874805830e-07
1.140701670010457747e-06
4.622834239853546023e-05
1.261023840015695896e-06
1.577742978042806499e-06
9.887598935165442526e-07
1.132267811954079662e-06
1.455122060178837273e-06
1.223665435645671096e-06
1.086113570636371151e-06
3.478945291135460138e-05
5.960194812359986827e-06
1.115184431910165586e-06
1.013887072076613549e-06
9.595578376320190728e-07
9.504244076197210234e-07
1.103703993976523634e-06
4.964553954778239131e-05
7.128608558559790254e-06
1.528304437670158222e-06
1.098806706067989580e-06
9.601862984709441662e-07
1.580024445502203889e-06
1.863319084804970771e-05
2.889034476538654417e-06
4.066666861035628244e-06
2.564288251960533671e-06
2.640810407683602534e-06
5.419735771283740178e-06
1.342184077657293528e-06
3.185220066370675340e-06
1.744488690746948123e-05
1.395267531734134536e-06
2.186764504585880786e-06
1.122185858548618853e-05
5.089184469397878274e-06
3.521717189869377762e-06
7.016786639724159613e-06
3.989371634816052392e-06
6.972180017328355461e-06
8.380409781238995492e-06
1.020688387143309228e-06
5.104122919874498621e-06
6.730428140144795179e-06
1.454335233574965969e-06
1.847212161010247655e-06
4.746882495965110138e-06
5.376613898988580331e-06
1.543092594147310592e-06
1.197539972963568289e-06
1.308683749812189490e-06
4.233225263305939734e-05
2.820081590471090749e-06
1.122520757235179190e-06
1.022642322823230643e-06
1.384822667205298785e-06
3.022845248779049143e-06
2.348871021240483969e-06
1.899610197142465040e-06
3.516821834637084976e-06
1.197924007101391908e-06
9.986421218854957260e-07
9.397091957907832693e-07
9.428188718629826326e-07
2.219101952505297959e-05
2.198263791797216982e-05
2.508863190087140538e-06
1.316919792770931963e-06
1.057107510860078037e-06
1.251051457984431181e-06
3.374336301931180060e-05
2.020517058554105461e-06
1.108131982618942857e-06
1.033430407915147953e-06
9.942259566741995513e-07
2.308097646164242178e-05
1.441965468984562904e-05
4.459474439499899745e-06
1.563895807521475945e-06
1.085060375771718100e-06
9.400293947692262009e-07
2.826815716616692953e-06
2.677616976143326610e-05
1.841509174482780509e-06
1.133878754444594961e-06
9.751837524163420312e-07
8.091102245089132339e-06
2.565587010394665413e-06
9.997821734941680916e-07
9.655987014411948621e-07
9.684993074188241735e-07
7.096580520737916231e-05
9.535468052490614355e-06
2.791870883811498061e-06
1.004914338409435004e-06
5.229557245911564678e-06
2.939917749245068990e-06
1.308067794525413774e-06
1.000572410703171045e-06
9.407551715412409976e-07
9.339154871668142732e-07
1.275986323889810592e-05
1.132466877606930211e-05
2.176559291910962202e-06
1.035840114127495326e-06
2.265494913444854319e-05
4.028433977509848773e-06
9.581084441379061900e-07
9.243889849130937364e-07
9.319404625784954987e-07
9.691133300293586217e-07
6.277920329011976719e-05
5.408187462307978421e-06
2.076817736451630481e-06
1.039537096403364558e-06
9.485945611231727526e-07
5.518852958630304784e-06
1.433582269783073571e-06
1.782402250682935119e-06
9.236862865691364277e-07
2.347163899685256183e-06
1.918803172884508967e-05
2.759640665317419916e-06
1.302619466514443047e-06
9.382742405250610318e-07
9.301547265749832150e-07
1.023902223096229136e-05
8.614080797997303307e-06
1.873381393124873284e-06
1.065674496203428134e-06
5.771206633653491735e-05
3.406007635931018740e-06
1.596647166479669977e-06
9.648603054301929660e-07
9.244304806088621262e-07
9.156901796814054251e-07
9.745089073476265185e-07
2.468548336764797568e-05
3.643946001830045134e-06
3.730755452124867588e-06
2.508500529074808583e-06
1.668060463089204859e-06
1.219906721416919027e-06
1.482858351664617658e-06
2.808936369547154754e-05
4.740510121337138116e-06
1.245501266566861887e-06
1.042921326188661624e-06
2.751660076683037914e-06
3.056192872463725507e-05
1.536020135972648859e-06
1.359644215881417040e-06
1.064386083271529060e-06
2.236258978882688098e-06
3.494965085337753408e-06
1.630683755138306879e-06
1.365993739455007017e-06
2.690186556719709188e-05
1.573686631672899239e-06
3.571288289094809443e-06
9.718409273773431778e-06
2.100083975165034644e-06
1.000728616418200545e-06
9.558569900036673062e-07
1.720194745757908095e-06
2.940076228696852922e-05
1.519118086434900761e-06
1.342017867500544526e-06
1.053865162248257548e-06
3.440623913775198162e-06
8.772120963840279728e-06
1.579486365699267481e-06
1.259737700820551254e-06
8.329430784215219319e-06
2.710396984184626490e-06
2.966874853882472962e-05
3.741713499039178714e-06
