2.712975069880485535e-02
2.614032104611396790e-02
2.592564560472965240e-02
2.576746232807636261e-02
2.564707770943641663e-02
2.554622851312160492e-02
2.545154280960559845e-02
2.535600587725639343e-02
2.525802701711654663e-02
2.515544556081295013e-02
2.504335530102252960e-02
2.491724677383899689e-02
2.477448992431163788e-02
2.461638301610946655e-02
2.444968931376934052e-02
2.428471855819225311e-02
2.413129247725009918e-02
2.399599552154541016e-02
2.388136461377143860e-02
2.378639392554759979e-02
2.370803616940975189e-02
2.364244870841503143e-02
2.358117327094078064e-02
2.350798249244689941e-02
2.343415096402168274e-02
2.335330657660961151e-02
2.326401695609092712e-02
2.316557057201862335e-02
2.305748313665390015e-02
2.293964102864265442e-02
2.281270921230316162e-02
2.267817966639995575e-02
2.253801375627517700e-02
2.239404432475566864e-02
2.224760130047798157e-02
2.209877781569957733e-02
2.194141596555709839e-02
2.173828147351741791e-02
2.143522351980209351e-02
2.102792821824550629e-02
2.052248455584049225e-02
1.992150209844112396e-02
1.924345083534717560e-02
1.851123757660388947e-02
1.774872094392776489e-02
1.697519049048423767e-02
1.620424352586269379e-02
1.544564217329025269e-02
1.470856089144945145e-02
1.403419952839612961e-02
1.337508764117956161e-02
1.275152899324893951e-02
1.230091694742441177e-02
1.168718375265598297e-02
1.119863521307706833e-02
1.528499275445938110e-02
1.031323429197072983e-02
9.900754317641258240e-03
9.494011290371417999e-03
9.093668311834335327e-03
8.733325637876987457e-03
8.377157151699066162e-03
8.034712634980678558e-03
7.699865847826004028e-03
8.192015811800956726e-03
7.111683022230863571e-03
6.846658885478973389e-03
6.590745411813259125e-03
6.343642249703407288e-03
6.148297805339097977e-03
5.919590592384338379e-03
5.720586981624364853e-03
5.528822541236877441e-03
5.371497012674808502e-03
5.200886633247137070e-03
5.047644488513469696e-03
4.900614265352487564e-03
4.774964414536952972e-03
4.649226553738117218e-03
4.530409350991249084e-03
4.416082985699176788e-03
4.327641334384679794e-03
4.218699876219034195e-03
4.122142214328050613e-03
7.888100109994411469e-03
3.946858458220958710e-03
3.861369099467992783e-03
3.778514452278614044e-03
4.453937523066997528e-03
3.632453037425875664e-03
3.560879733413457870e-03
3.490762552246451378e-03
3.421295667067170143e-03
3.357669804245233536e-03
3.294425783678889275e-03
3.231886075809597969e-03
2.327645942568778992e-02
3.118735738098621368e-03
3.064532531425356865e-03
3.010810352861881256e-03
2.956616459414362907e-03
3.011414082720875740e-03
2.853882964700460434e-03
2.802628790959715843e-03
2.787479432299733162e-03
2.705727238208055496e-03
2.657136414200067520e-03
2.619135426357388496e-03
2.565800677984952927e-03
2.519695786759257317e-03
4.349815193563699722e-03
2.438167575746774673e-03
2.399552613496780396e-03
2.360353246331214905e-03
2.320662140846252441e-03
2.280135639011859894e-03
7.618901785463094711e-03
2.199643990024924278e-03
2.159417606890201569e-03
2.170446561649441719e-03
2.081442624330520630e-03
2.042263746261596680e-03
2.009756164625287056e-03
1.968046650290489197e-03
1.930659054778516293e-03
1.927553443238139153e-03
1.856716582551598549e-03
1.875936402939260006e-03
1.785367960110306740e-03
1.783427665941417217e-03
1.715036225505173206e-03
7.483749650418758392e-03
1.646763063035905361e-03
1.612341497093439102e-03
1.929440302774310112e-03
1.556084840558469296e-03
1.529957633465528488e-03
1.503465929999947548e-03
1.476242323406040668e-03
1.448169699870049953e-03
1.419218140654265881e-03
1.389513490721583366e-03
1.359209767542779446e-03
1.328020822256803513e-03
1.297397771850228310e-03
1.265648636035621166e-03
1.406502677127718925e-03
1.203975058160722256e-03
1.171776675619184971e-03
1.141832559369504452e-03
1.110911951400339603e-03
1.080153044313192368e-03
1.053460524417459965e-03
1.020187395624816418e-03
1.016932656057178974e-03
9.656511247158050537e-04
1.005058735609054565e-02
9.038306889124214649e-04
8.760180789977312088e-04
8.570227655582129955e-04
1.098375185392796993e-03
8.092200150713324547e-04
7.675947854295372963e-04
1.753458869643509388e-03
7.153440383262932301e-04
6.947360816411674023e-04
6.679002544842660427e-04
2.150380285456776619e-03
6.185038946568965912e-04
5.996568361297249794e-04
2.334188669919967651e-03
5.514238146133720875e-04
5.327271646820008755e-04
5.100854905322194099e-04
6.072982796467840672e-04
4.712194204330444336e-04
5.575728137046098709e-04
4.457596805877983570e-04
4.192235355731099844e-04
4.029980627819895744e-04
3.868352796416729689e-04
1.442613895051181316e-03
3.565990482456982136e-04
3.418265841901302338e-04
3.984845243394374847e-03
3.146207600366324186e-04
3.015700785908848047e-04
2.887639275286346674e-04
2.938634133897721767e-04
2.647993678692728281e-04
1.171710668131709099e-03
2.423538826406002045e-04
1.606924645602703094e-02
2.245114883407950401e-04
2.158687275368720293e-04
2.081913989968597889e-04
2.006387076107785106e-04
1.931424922076985240e-04
1.856867020251229405e-04
1.782218896551057696e-04
1.709237694740295410e-04
1.637591631151735783e-04
1.616455701878294349e-04
2.917753881774842739e-04
5.877769435755908489e-04
1.374828862026333809e-04
1.611631014384329319e-04
1.257043040823191404e-04
1.363264600513502955e-04
1.150115640484727919e-04
1.138564985012635589e-04
1.054246895364485681e-04
1.006400634651072323e-04
1.344287768006324768e-03
9.241884254151955247e-05
8.824623364489525557e-05
1.457172184018418193e-04
8.132941729854792356e-05
7.779629231663420796e-05
4.071169532835483551e-04
7.161025132518261671e-05
8.381426450796425343e-04
6.644208770012483001e-05
6.340199615806341171e-05
6.803630822105333209e-05
5.874771522940136492e-05
2.999409800395369530e-03
5.458497980725951493e-05
5.254613643046468496e-05
7.163242116803303361e-05
4.936304321745410562e-05
4.744513717014342546e-05
5.992106525809504092e-05
4.442096178536303341e-05
8.653913391754031181e-04
4.170470128883607686e-05
4.943726889905519783e-05
3.934100095648318529e-05
9.659723727963864803e-04
3.752201882889494300e-05
3.659237336250953376e-05
3.570461558410897851e-05
3.484807893983088434e-05
3.401036519790068269e-05
3.318707967991940677e-05
3.238035060348920524e-05
3.158690014970488846e-05
1.886374782770872116e-03
3.084695345023646951e-05
2.996756302309222519e-05
3.848630876746028662e-04
2.876775033655576408e-05
1.029385812580585480e-02
2.775596840365324169e-05
2.723608304222580045e-05
1.591951004229485989e-04
2.611509262351319194e-05
2.571580262156203389e-05
3.647117409855127335e-05
2.477996531524695456e-05
3.725372371263802052e-04
3.488623406155966222e-05
2.386266169196460396e-05
4.117068310733884573e-04
2.297096762049477547e-05
3.836344985757023096e-04
3.051764724659733474e-05
2.811547019518911839e-04
2.182187381549738348e-05
2.152870729332789779e-05
3.621489668148569763e-05
2.089853114739526063e-05
1.329736551269888878e-03
2.056609628198202699e-05
2.032358497672248632e-05
2.938468060165178031e-05
2.134349233529064804e-05
8.276064763776957989e-04
1.953144965227693319e-05
3.957447552238591015e-05
2.065154149022419006e-05
1.880508898466359824e-05
1.947355849551968277e-05
1.993792830035090446e-05
2.168910759792197496e-05
9.934052359312772751e-04
1.885691744973883033e-05
1.898460868687834591e-05
7.705487951170653105e-05
1.779461672413162887e-05
2.039100763795431703e-05
1.777279612724669278e-05
4.149759653955698013e-03
1.773186158970929682e-05
1.707552837615367025e-05
3.645997494459152222e-04
1.703475209069438279e-05
1.687932854110840708e-05
3.516832293826155365e-05
1.678700391494203359e-05
