4.195205122232437134e-02
2.725873701274394989e-02
2.652687579393386841e-02
2.613109722733497620e-02
2.604873850941658020e-02
2.600982040166854858e-02
2.598180808126926422e-02
2.595579624176025391e-02
2.593011409044265747e-02
2.590467594563961029e-02
2.587969787418842316e-02
2.585531584918498993e-02
2.583159878849983215e-02
2.580854296684265137e-02
2.578609995543956757e-02
2.576418034732341766e-02
2.574268355965614319e-02
2.572147548198699951e-02
2.570042572915554047e-02
2.567939832806587219e-02
2.565824240446090698e-02
2.563682384788990021e-02
2.561499923467636108e-02
2.559264563024044037e-02
2.556965313851833344e-02
2.554595842957496643e-02
2.552154846489429474e-02
2.549643628299236298e-02
2.547065168619155884e-02
2.544418536126613617e-02
2.541696093976497650e-02
2.538882195949554443e-02
2.535956352949142456e-02
2.532893791794776917e-02
2.529668621718883514e-02
2.526252157986164093e-02
2.522617205977439880e-02
2.518734522163867950e-02
2.514578402042388916e-02
2.510124072432518005e-02
2.505354024469852448e-02
2.500256709754467010e-02
2.494831010699272156e-02
2.489085868000984192e-02
2.483043260872364044e-02
2.476735785603523254e-02
2.470207028090953827e-02
2.463510632514953613e-02
2.456707321107387543e-02
2.449862100183963776e-02
2.443042211234569550e-02
2.436314150691032410e-02
2.429739572107791901e-02
2.423373982310295105e-02
2.417265810072422028e-02
2.411453425884246826e-02
2.405965328216552734e-02
2.400819957256317139e-02
2.396025881171226501e-02
2.391583286225795746e-02
2.387483976781368256e-02
2.383713237941265106e-02
2.380252443253993988e-02
2.377078682184219360e-02
2.374167367815971375e-02
2.371493726968765259e-02
2.369032427668571472e-02
2.366760745644569397e-02
2.364657633006572723e-02
2.362704277038574219e-02
2.360883355140686035e-02
2.359181642532348633e-02
2.357586100697517395e-02
2.356086298823356628e-02
2.354672364890575409e-02
2.353336848318576813e-02
2.352072298526763916e-02
2.350872568786144257e-02
2.349731512367725372e-02
2.348644658923149109e-02
2.347607538104057312e-02
2.346614934504032135e-02
2.345664240419864655e-02
2.344750799238681793e-02
2.343871816992759705e-02
2.343023382127285004e-02
2.342203259468078613e-02
2.341408282518386841e-02
2.340635471045970917e-02
2.339882403612136841e-02
2.339146472513675690e-02
2.338426001369953156e-02
2.337718382477760315e-02
2.337021939456462860e-02
2.336334809660911560e-02
2.335655130445957184e-02
2.334981970489025116e-02
2.334314398467540741e-02
2.333653718233108521e-02
2.444365248084068298e-02
2.340893633663654327e-02
2.331868559122085571e-02
2.331604994833469391e-02
2.330757305026054382e-02
2.330125123262405396e-02
2.329528145492076874e-02
2.328938618302345276e-02
2.328348159790039062e-02
2.327754348516464233e-02
2.327156998217105865e-02
2.326554246246814728e-02
2.325946092605590820e-02
2.344302088022232056e-02
2.327349595725536346e-02
2.324850484728813171e-02
2.324154786765575409e-02
2.323138527572154999e-02
2.322494983673095703e-02
2.321890927851200104e-02
2.321267873048782349e-02
2.320633642375469208e-02
2.319983951747417450e-02
2.319317124783992767e-02
2.318631857633590698e-02
2.317926660180091858e-02
2.317199669778347015e-02
2.316449396312236786e-02
2.315673977136611938e-02
2.314871363341808319e-02
2.314038947224617004e-02
2.313175983726978302e-02
2.312279306352138519e-02
2.313310280442237854e-02
2.314140461385250092e-02
2.327013574540615082e-02
2.310236357152462006e-02
2.307545207440853119e-02
2.306533232331275940e-02
2.305409312248229980e-02
2.304272912442684174e-02
2.303089946508407593e-02
2.301857061684131622e-02
2.300572022795677185e-02
2.299232222139835358e-02
2.297835238277912140e-02
2.296378463506698608e-02
2.294860221445560455e-02
2.293277159333229065e-02
2.291627600789070129e-02
2.289908565580844879e-02
2.288128808140754700e-02
2.561386674642562866e-02
2.285233698785305023e-02
2.287239208817481995e-02
2.281287498772144318e-02
2.278680354356765747e-02
2.276588790118694305e-02
2.274428308010101318e-02
2.272195555269718170e-02
2.269887179136276245e-02
2.267501503229141235e-02
2.265036664903163910e-02
2.262491919100284576e-02
2.259865216910839081e-02
2.257155627012252808e-02
2.254362963140010834e-02
2.251484803855419159e-02
2.248521149158477783e-02
2.245471440255641937e-02
2.245136722922325134e-02
2.351452969014644623e-02
2.248846553266048431e-02
2.235163561999797821e-02
2.230188809335231781e-02
2.226757071912288666e-02
2.223395369946956635e-02
2.219981886446475983e-02
2.216499112546443939e-02
2.212943322956562042e-02
2.209315635263919830e-02
2.205616235733032227e-02
2.201847173273563385e-02
2.198008447885513306e-02
2.194102108478546143e-02
2.190128900110721588e-02
2.186090126633644104e-02
2.181988209486007690e-02
2.177824825048446655e-02
2.173601090908050537e-02
2.169319428503513336e-02
2.165021374821662903e-02
2.176952920854091644e-02
2.170119620859622955e-02
2.154051139950752258e-02
2.148893103003501892e-02
2.144240215420722961e-02
2.139994502067565918e-02
2.135726995766162872e-02
2.131423912942409515e-02
2.127085998654365540e-02
2.122714743018150330e-02
2.118310891091823578e-02
2.113875746726989746e-02
2.109410986304283142e-02
2.104916796088218689e-02
2.100394852459430695e-02
2.095846273005008698e-02
2.091271243989467621e-02
2.086671441793441772e-02
2.082047425210475922e-02
2.077399939298629761e-02
2.072729915380477905e-02
2.068038284778594971e-02
2.064253389835357666e-02
2.072539180517196655e-02
2.064602449536323547e-02
2.050911076366901398e-02
2.045666240155696869e-02
2.041079476475715637e-02
2.036569453775882721e-02
2.032073400914669037e-02
2.027560584247112274e-02
2.023032866418361664e-02
2.018489874899387360e-02
2.013932168483734131e-02
2.009360492229461670e-02
2.004775032401084900e-02
2.000176347792148590e-02
1.995565369725227356e-02
1.990942284464836121e-02
1.986308395862579346e-02
1.981663145124912262e-02
1.977008581161499023e-02
1.972439326345920563e-02
1.976359635591506958e-02
1.982506364583969116e-02
1.961324550211429596e-02
1.955046318471431732e-02
1.950382441282272339e-02
1.945959031581878662e-02
1.941566914319992065e-02
1.937169209122657776e-02
1.932768337428569794e-02
1.928364671766757965e-02
1.923959702253341675e-02
1.919553428888320923e-02
1.915147341787815094e-02
1.910742744803428650e-02
1.906339637935161591e-02
1.901940070092678070e-02
1.897544600069522858e-02
1.893154345452785492e-02
1.888771727681159973e-02
1.924587413668632507e-02
1.921587437391281128e-02
1.877768337726593018e-02
1.872193627059459686e-02
1.868157833814620972e-02
1.864061877131462097e-02
1.860004104673862457e-02
1.855964399874210358e-02
1.851938664913177490e-02
1.847927272319793701e-02
1.843930594623088837e-02
1.839949376881122589e-02
1.835985295474529266e-02
1.832038909196853638e-02
1.828111708164215088e-02
1.824204251170158386e-02
1.820318028330802917e-02
1.816453225910663605e-02
1.812624931335449219e-02
2.159042470157146454e-02
1.805618032813072205e-02
1.802405342459678650e-02
1.798596978187561035e-02
1.794917695224285126e-02
1.791437156498432159e-02
1.788006350398063660e-02
1.784598268568515778e-02
1.781217195093631744e-02
1.777862198650836945e-02
1.774534955620765686e-02
1.771234720945358276e-02
1.767963171005249023e-02
1.764720492064952850e-02
1.761507242918014526e-02
1.758324354887008667e-02
1.755171827971935272e-02
1.752050779759883881e-02
1.748961769044399261e-02
1.745904609560966492e-02
1.742916926741600037e-02
1.866910606622695923e-02
1.761477626860141754e-02
1.736445911228656769e-02
1.731969602406024933e-02
1.729350350797176361e-02
1.726692728698253632e-02
1.724099554121494293e-02
1.721535250544548035e-02
1.719001494348049164e-02
1.716497540473937988e-02
1.714023761451244354e-02
1.711580529808998108e-02
1.709167473018169403e-02
1.706785708665847778e-02
1.704434119164943695e-02
1.702113822102546692e-02
1.699824631214141846e-02
1.697566360235214233e-02
1.695339940488338470e-02
1.693144254386425018e-02
1.690980419516563416e-02
1.688847877085208893e-02
1.686746999621391296e-02
1.684677973389625549e-02
1.688753254711627960e-02
1.693110913038253784e-02
1.679570041596889496e-02
1.677211187779903412e-02
1.675349660217761993e-02
1.673539541661739349e-02
1.671789214015007019e-02
1.670067571103572845e-02
1.668372936546802521e-02
1.666705869138240814e-02
1.665065810084342957e-02
1.663452759385108948e-02
1.661866903305053711e-02
1.660308241844177246e-02
1.658776029944419861e-02
1.657270826399326324e-02
1.655792072415351868e-02
1.654340513050556183e-02
1.652914844453334808e-02
1.651515625417232513e-02
1.650142297148704529e-02
1.650467701256275177e-02
1.695749536156654358e-02
1.648325286805629730e-02
1.645632088184356689e-02
1.644029840826988220e-02
1.642826199531555176e-02
1.641692407429218292e-02
1.640576869249343872e-02
1.639484800398349762e-02
1.638413965702056885e-02
1.637364365160465240e-02
1.636335626244544983e-02
1.635327935218811035e-02
1.634340733289718628e-02
1.633373647928237915e-02
1.632427237927913666e-02
1.631500758230686188e-02
1.630594022572040558e-02
1.629706844687461853e-02
1.628838665783405304e-02
1.628000661730766296e-02
1.871251687407493591e-02
1.642038486897945404e-02
1.628020592033863068e-02
1.625267602503299713e-02
1.624255254864692688e-02
1.623539812862873077e-02
1.622847653925418854e-02
1.622173376381397247e-02
1.621513999998569489e-02
1.620869711041450500e-02
1.620240136981010437e-02
1.619624905288219452e-02
1.619024015963077545e-02
1.618437282741069794e-02
1.617864519357681274e-02
1.617305539548397064e-02
1.616759970784187317e-02
1.616227440536022186e-02
1.615708507597446442e-02
1.615222543478012085e-02
1.706882193684577942e-02
1.621580123901367188e-02
1.615112088620662689e-02
1.613596826791763306e-02
1.613014191389083862e-02
1.612593233585357666e-02
1.612189598381519318e-02
1.611795835196971893e-02
1.611411944031715393e-02
1.611037924885749817e-02
1.610673218965530396e-02
1.610318012535572052e-02
1.609971746802330017e-02
1.609634421765804291e-02
1.609305664896965027e-02
1.608985662460327148e-02
1.608673855662345886e-02
1.608370803296566010e-02
1.608075760304927826e-02
1.607788726687431335e-02
1.607692055404186249e-02
1.698556542396545410e-02
1.607027649879455566e-02
1.606899313628673553e-02
1.606640405952930450e-02
1.606333628296852112e-02
1.606091856956481934e-02
1.605871506035327911e-02
1.605656929314136505e-02
1.605448685586452484e-02
1.605245471000671387e-02
1.605048030614852905e-02
1.604855991899967194e-02
1.604668796062469482e-02
1.604487374424934387e-02
1.604310423135757446e-02
1.604138314723968506e-02
1.603971235454082489e-02
1.603808440268039703e-02
1.603650674223899841e-02
1.609409414231777191e-02
1.636811345815658569e-02
1.603649370372295380e-02
1.603464968502521515e-02
1.602988876402378082e-02
1.602855697274208069e-02
1.602723821997642517e-02
1.602600887417793274e-02
1.602482050657272339e-02
1.602366380393505096e-02
1.602253690361976624e-02
1.602143980562686920e-02
1.602037250995635986e-02
1.601932570338249207e-02
1.601831056177616119e-02
1.601731963455677032e-02
1.601635478436946869e-02
1.601541228592395782e-02
1.601916365325450897e-02
1.625985465943813324e-02
1.607574149966239929e-02
1.601660065352916718e-02
1.601144298911094666e-02
1.601078361272811890e-02
1.600989140570163727e-02
1.600914634764194489e-02
1.600840687751770020e-02
1.600768789649009705e-02
1.600698381662368774e-02
1.600628904998302460e-02
1.600560918450355530e-02
1.600494049489498138e-02
1.600428111851215363e-02
1.600363664329051971e-02
1.600300148129463196e-02
1.600237004458904266e-02
1.600175164639949799e-02
1.600114814937114716e-02
1.615180633962154388e-02
1.600203663110733032e-02
1.602900028228759766e-02
1.599961891770362854e-02
1.599893532693386078e-02
1.599794998764991760e-02
1.599739491939544678e-02
1.599686034023761749e-02
1.599632576107978821e-02
1.599579490721225739e-02
1.599526591598987579e-02
1.599474251270294189e-02
1.599421724677085876e-02
1.599369198083877563e-02
1.599316857755184174e-02
1.599264517426490784e-02
1.599211990833282471e-02
1.599159277975559235e-02
1.599107682704925537e-02
1.750440523028373718e-02
1.618822105228900909e-02
1.600638777017593384e-02
1.598931290209293365e-02
1.598869636654853821e-02
1.598817482590675354e-02
1.598767191171646118e-02
1.598715968430042267e-02
1.598664373159408569e-02
1.598611846566200256e-02
1.598559319972991943e-02
1.598505675792694092e-02
1.598451472818851471e-02
1.598396338522434235e-02
1.598340645432472229e-02
1.598283648490905762e-02
1.598225906491279602e-02
1.598166860640048981e-02
1.598106510937213898e-02
1.598044857382774353e-02
1.597981713712215424e-02
1.597917638719081879e-02
1.606471277773380280e-02
1.603359729051589966e-02
1.598308049142360687e-02
1.597975566983222961e-02
1.597619429230690002e-02
1.597532816231250763e-02
1.597461104393005371e-02
1.597388274967670441e-02
1.597313769161701202e-02
1.597237214446067810e-02
1.597158052027225494e-02
1.597076281905174255e-02
1.596991531550884247e-02
1.596903800964355469e-02
1.596812903881072998e-02
1.596719585359096527e-02
1.652800850570201874e-02
1.607634127140045166e-02
1.597678475081920624e-02
1.596491783857345581e-02
1.596262864768505096e-02
1.596133224666118622e-02
1.596020162105560303e-02
1.595901697874069214e-02
1.595778390765190125e-02
1.595648936927318573e-02
1.595513150095939636e-02
1.595370471477508545e-02
1.595220342278480530e-02
1.595173217356204987e-02
1.628275960683822632e-02
1.596767082810401917e-02
1.594781689345836639e-02
1.594420336186885834e-02
1.594240218400955200e-02
1.594035886228084564e-02
1.593826152384281158e-02
1.593603938817977905e-02
1.593367569148540497e-02
1.593115739524364471e-02
1.592849381268024445e-02
1.645234413444995880e-02
1.593352667987346649e-02
1.592230238020420074e-02
1.591727696359157562e-02
1.591387577354907990e-02
1.591019704937934875e-02
1.590630412101745605e-02
1.590212062001228333e-02
1.589760929346084595e-02
1.589274406433105469e-02
1.594657264649868011e-02
1.588366739451885223e-02
1.588546670973300934e-02
1.587383449077606201e-02
1.586562767624855042e-02
1.585842669010162354e-02
1.585091650485992432e-02
1.584278233349323273e-02
1.583396643400192261e-02
1.582449302077293396e-02
1.620263792574405670e-02
1.584382355213165283e-02
1.580025628209114075e-02
1.578395441174507141e-02
1.577141508460044861e-02
1.575814187526702881e-02
1.574396155774593353e-02
1.572887226939201355e-02
1.571286097168922424e-02
1.636669039726257324e-02
1.569330506026744843e-02
1.567197218537330627e-02
1.564726792275905609e-02
1.562778651714324951e-02
1.560824736952781677e-02
1.558808609843254089e-02
1.556727662682533264e-02
1.554584689438343048e-02
1.552381552755832672e-02
1.550120860338211060e-02
1.547803916037082672e-02
1.545430626720190048e-02
1.547151058912277222e-02
1.543470658361911774e-02
1.538289617747068405e-02
1.535842195153236389e-02
1.533329859375953674e-02
1.530780922621488571e-02
1.528173498809337616e-02
1.525498833507299423e-02
1.522751152515411377e-02
1.519923843443393707e-02
1.517009362578392029e-02
1.514000818133354187e-02
1.510889921337366104e-02
1.507672294974327087e-02
1.508965995162725449e-02
1.507301628589630127e-02
1.498205587267875671e-02
1.495014037936925888e-02
1.491582207381725311e-02
1.488126534968614578e-02
1.484601479023694992e-02
1.480997353792190552e-02
1.477320771664381027e-02
1.473578531295061111e-02
1.469778921455144882e-02
1.465967763215303421e-02
1.492115668952465057e-02
1.461723726242780685e-02
1.455412898212671280e-02
1.451339013874530792e-02
1.447596959769725800e-02
1.443860679864883423e-02
1.440120022743940353e-02
1.436376664787530899e-02
1.432629115879535675e-02
1.428875699639320374e-02
1.425113715231418610e-02
1.421339623630046844e-02
1.417547836899757385e-02
1.413734816014766693e-02
1.491870637983083725e-02
1.408552750945091248e-02
1.403761375695466995e-02
1.399521157145500183e-02
1.395685970783233643e-02
1.391913648694753647e-02
1.388066262006759644e-02
1.384134218096733093e-02
1.380102150142192841e-02
1.375951524823904037e-02
1.371659897267818451e-02
1.367200724780559540e-02
1.362543925642967224e-02
1.357659138739109039e-02
1.352521590888500214e-02
1.347123179584741592e-02
1.341483276337385178e-02
1.335716899484395981e-02
1.332414709031581879e-02
1.327003445476293564e-02
1.319990586489439011e-02
1.314706634730100632e-02
1.309584826231002808e-02
1.304512936621904373e-02
1.299476716667413712e-02
1.294460706412792206e-02
1.289454940706491470e-02
1.284446287900209427e-02
1.279422082006931305e-02
1.274369098246097565e-02
1.269275695085525513e-02
1.264130603522062302e-02
1.258925162255764008e-02
1.280945260077714920e-02
1.251915190368890762e-02
1.244603376835584641e-02
1.238807570189237595e-02
1.233598776161670685e-02
1.228357385843992233e-02
1.223038509488105774e-02
1.217643357813358307e-02
1.212172117084264755e-02
1.206627301871776581e-02
1.201012544333934784e-02
1.195330917835235596e-02
1.189586240798234940e-02
1.183780934661626816e-02
1.177917234599590302e-02
1.171996723860502243e-02
1.166021078824996948e-02
1.159990951418876648e-02
1.153909135609865189e-02
1.248121727257966995e-02
1.146616414189338684e-02
1.136838458478450775e-02
1.130483392626047134e-02
1.124511938542127609e-02
1.118562929332256317e-02
1.112591382116079330e-02
1.106582954525947571e-02
1.100540254265069962e-02
1.094465050846338272e-02
1.088360045105218887e-02
1.082227285951375961e-02
1.076069287955760956e-02
1.069887820631265640e-02
1.063684374094009399e-02
1.057460345327854156e-02
1.051215175539255142e-02
1.046139560639858246e-02
1.056543178856372833e-02
1.034697052091360092e-02
1.027191616594791412e-02
1.021207403391599655e-02
1.015234272927045822e-02
1.009199768304824829e-02
1.003047823905944824e-02
9.966540150344371796e-03
9.902390651404857635e-03
9.841016493737697601e-03
9.780181571841239929e-03
9.719395078718662262e-03
9.658590890467166901e-03
9.597781114280223846e-03
9.536959230899810791e-03
9.476118721067905426e-03
9.415234439074993134e-03
9.562428109347820282e-03
9.404434822499752045e-03
9.239235892891883850e-03
9.181049652397632599e-03
9.122086688876152039e-03
9.063724428415298462e-03
9.005371481180191040e-03
8.946864865720272064e-03
8.888156153261661530e-03
8.829212747514247894e-03
8.770006708800792694e-03
8.710505440831184387e-03
8.650677278637886047e-03
8.590483106672763824e-03
8.529890328645706177e-03
8.469278924167156219e-03
8.446668274700641632e-03
8.358771912753582001e-03
8.294034749269485474e-03
8.232990279793739319e-03
8.173430338501930237e-03
8.113656193017959595e-03
8.053374476730823517e-03
7.992487400770187378e-03
7.930840365588665009e-03
7.868112064898014069e-03
7.803534623235464096e-03
7.735363207757472992e-03
7.662449497729539871e-03
7.592554669827222824e-03
7.525478489696979523e-03
7.487446069717407227e-03
7.396578323096036911e-03
7.332759909331798553e-03
7.267961278557777405e-03
7.202980108559131622e-03
7.137455511838197708e-03
7.071319967508316040e-03
7.004520855844020844e-03
6.937026511877775192e-03
6.868812255561351776e-03
6.803070195019245148e-03
6.781605072319507599e-03
6.687260698527097702e-03
6.605864036828279495e-03
6.537773646414279938e-03
6.471653468906879425e-03
6.405458785593509674e-03
6.339218933135271072e-03
6.273053586483001709e-03
6.207119207829236984e-03
6.141580641269683838e-03
6.076611578464508057e-03
6.012370809912681580e-03
6.050277035683393478e-03
5.961264949291944504e-03
5.836406722664833069e-03
5.780573002994060516e-03
5.725462455302476883e-03
5.672313738614320755e-03
5.620227660983800888e-03
5.569160915911197662e-03
5.519065074622631073e-03
5.469886120408773422e-03
5.421558860689401627e-03
5.374013911932706833e-03
5.327181890606880188e-03
5.281005520373582840e-03
5.883294157683849335e-03
5.244396161288022995e-03
5.153818987309932709e-03
5.113380495458841324e-03
5.072013009339570999e-03
5.031942389905452728e-03
4.992214962840080261e-03
4.952777177095413208e-03
4.913616925477981567e-03
4.874723497778177261e-03
4.836096893996000290e-03
4.797726403921842575e-03
4.759613890200853348e-03
4.721756093204021454e-03
5.122724920511245728e-03
4.661372862756252289e-03
4.618608858436346054e-03
4.582483321428298950e-03
4.547820892184972763e-03
4.514123313128948212e-03
4.480702336877584457e-03
4.447491839528083801e-03
4.414485767483711243e-03
4.381681792438030243e-03
4.349087364971637726e-03
4.316699225455522537e-03
4.284522030502557755e-03
4.252562765032052994e-03
4.648718517273664474e-03
4.196282476186752319e-03
4.171130247414112091e-03
4.133584909141063690e-03
4.104640334844589233e-03
4.075968638062477112e-03
4.047504160553216934e-03
4.019214771687984467e-03
3.991091158241033554e-03
3.963130526244640350e-03
3.935333341360092163e-03
3.907698672264814377e-03
3.880225820466876030e-03
3.852916881442070007e-03
3.826051019132137299e-03
3.925902768969535828e-03
3.790963673964142799e-03
3.750549396499991417e-03
3.724660491570830345e-03
3.699779510498046875e-03
3.675259416922926903e-03
3.650868777185678482e-03
3.626608988270163536e-03
3.602480981498956680e-03
3.578487550839781761e-03
3.554624738171696663e-03
3.530900226905941963e-03
3.507319604977965355e-03
3.672161372378468513e-03
3.530119080096483231e-03
3.449982497841119766e-03
3.419880522415041924e-03
3.397789550945162773e-03
3.376496490091085434e-03
3.355446504428982735e-03
3.334524575620889664e-03
3.313726512715220451e-03
3.293049056082963943e-03
3.272496862336993217e-03
3.252072259783744812e-03
3.231775248423218727e-03
3.211606759577989578e-03
3.270626068115234375e-03
3.181267296895384789e-03
3.160024294629693031e-03
3.136873478069901466e-03
3.117740852758288383e-03
3.099583322182297707e-03
3.081593895331025124e-03
3.063726006075739861e-03
3.045981982722878456e-03
3.028358099982142448e-03
3.010858781635761261e-03
2.993481466546654701e-03
2.976705553010106087e-03
3.170044627040624619e-03
2.949087182059884071e-03
2.927273744717240334e-03
2.911117859184741974e-03
2.895196201279759407e-03
2.879406325519084930e-03
2.863759407773613930e-03
2.848235191777348518e-03
2.832839731127023697e-03
2.817813772708177567e-03
2.807327080518007278e-03
2.839411376044154167e-03
2.775076543912291527e-03
2.760051749646663666e-03
2.745203441008925438e-03
2.731129061430692673e-03
2.717161551117897034e-03
2.703329082578420639e-03
2.702569821849465370e-03
2.678859280422329903e-03
2.668008673936128616e-03
2.651675371453166008e-03
2.637764671817421913e-03
2.624913817271590233e-03
2.612340962514281273e-03
2.602496417239308357e-03
2.589309820905327797e-03
2.577575622126460075e-03
2.565956208854913712e-03
2.552791731432080269e-03
2.794156782329082489e-03
2.534641884267330170e-03
2.519453642889857292e-03
2.507854253053665161e-03
2.497068140655755997e-03
2.486280165612697601e-03
2.475623274222016335e-03
2.465062309056520462e-03
2.456053392961621284e-03
2.564890310168266296e-03
2.450458472594618797e-03
2.425419865176081657e-03
2.415349707007408142e-03
2.405609935522079468e-03
2.396098570898175240e-03
2.386691980063915253e-03
2.382418140769004822e-03
2.368810819461941719e-03
2.359890611842274666e-03
2.350713126361370087e-03
2.341728191822767258e-03
2.332968404516577721e-03
2.324296394363045692e-03
2.646897686645388603e-03
2.353738294914364815e-03
2.305368194356560707e-03
2.291993005201220512e-03
2.283593174070119858e-03
2.275709994137287140e-03
2.267884090542793274e-03
2.260115463286638260e-03
2.252398291602730751e-03
2.244815463200211525e-03
2.242036163806915283e-03
2.234072890132665634e-03
2.223542658612132072e-03
2.215655287727713585e-03
2.208391437307000160e-03
2.201280789449810982e-03
2.195271197706460953e-03
2.335181925445795059e-03
2.198779489845037460e-03
2.176054753363132477e-03
2.167761791497468948e-03
2.161327050998806953e-03
2.154872054234147072e-03
2.148482250049710274e-03
2.142122713848948479e-03
2.135794842615723610e-03
2.129497006535530090e-03
2.123230369761586189e-03
2.364279935136437416e-03
2.135158050805330276e-03
2.107073320075869560e-03
2.099521225318312645e-03
2.093727467581629753e-03
2.087924629449844360e-03
2.082173945382237434e-03
2.076442353427410126e-03
2.071643015369772911e-03
2.154020592570304871e-03
2.068105619400739670e-03
2.055042423307895660e-03
2.048628637567162514e-03
2.043157583102583885e-03
2.037703292444348335e-03
2.032850868999958038e-03
2.033171243965625763e-03
2.025400986894965172e-03
2.016948768869042397e-03
2.011170377954840660e-03
2.006116788834333420e-03
2.161084907129406929e-03
2.002719789743423462e-03
1.992467558011412621e-03
1.985696610063314438e-03
1.980392960831522942e-03
1.975295133888721466e-03
1.979074673727154732e-03
1.992248697206377983e-03
1.963691785931587219e-03
1.956013264134526253e-03
1.950643607415258884e-03
1.945615396834909916e-03
1.953617203980684280e-03
1.946958014741539955e-03
1.933936146087944508e-03
1.926821074448525906e-03
1.921411370858550072e-03
1.916593406349420547e-03
2.047532005235552788e-03
1.915131346322596073e-03
1.904307049699127674e-03
1.897885929793119431e-03
1.892903470434248447e-03
1.888834172859787941e-03
1.915492466650903225e-03
1.878976472653448582e-03
1.874662470072507858e-03
1.869494561105966568e-03
1.866986043751239777e-03
1.908398815430700779e-03
1.855583512224256992e-03
1.851641340181231499e-03
1.846189843490719795e-03
1.841370481997728348e-03
1.975157996639609337e-03
1.833518501371145248e-03
1.827469444833695889e-03
1.822992926463484764e-03
1.817956333979964256e-03
1.818277174606919289e-03
1.816721982322633266e-03
1.806034240871667862e-03
1.799655146896839142e-03
1.795227057300508022e-03
1.791955670341849327e-03
1.812988542951643467e-03
1.784414867870509624e-03
1.776438788510859013e-03
1.771373208612203598e-03
1.824185950681567192e-03
1.762581639923155308e-03
1.757655176334083080e-03
1.752712298184633255e-03
1.826759777031838894e-03
1.750398892909288406e-03
1.739151193760335445e-03
1.733290613628923893e-03
1.744637498632073402e-03
1.733521465212106705e-03
1.720770378597080708e-03
1.714211422950029373e-03
1.709264819510281086e-03
1.757687306962907314e-03
1.699985004961490631e-03
1.696418970823287964e-03
1.690147793851792812e-03
1.686453819274902344e-03
1.700373017229139805e-03
1.677827909588813782e-03
1.670676982030272484e-03
1.666113617829978466e-03
1.683015376329421997e-03
1.659089350141584873e-03
1.652021310292184353e-03
1.646739081479609013e-03
1.684174872934818268e-03
1.637959852814674377e-03
1.631972729228436947e-03
1.628191559575498104e-03
1.646863296627998352e-03
1.622257172130048275e-03
1.612110412679612637e-03
1.607396290637552738e-03
1.654908526688814163e-03
1.602786011062562466e-03
1.592482207342982292e-03
1.587577164173126221e-03
1.612254884093999863e-03
1.583482604473829269e-03
1.572894630953669548e-03
1.568018225952982903e-03
1.562860212288796902e-03
1.558273681439459324e-03
1.636750530451536179e-03
1.555476104840636253e-03
1.544155180454254150e-03
1.538378186523914337e-03
1.533408882096409798e-03
1.528552733361721039e-03
1.682883244939148426e-03
1.541520003229379654e-03
1.515174866653978825e-03
1.508908695541322231e-03
1.504060113802552223e-03
1.499106292612850666e-03
1.494146301411092281e-03
1.489163609221577644e-03
1.515604672022163868e-03
1.485323649831116199e-03
1.474595745094120502e-03
1.469399430789053440e-03
1.464357250370085239e-03
1.462559564970433712e-03
1.479676109738647938e-03
1.453440170735120773e-03
1.444697845727205276e-03
1.439413870684802532e-03
1.483307452872395515e-03
1.429585623554885387e-03
1.425435650162398815e-03
1.419379841536283493e-03
1.463059801608324051e-03
1.411635545082390308e-03
1.404049224220216274e-03
1.399636501446366310e-03
1.394092570990324020e-03
1.389300683513283730e-03
1.383187831379473209e-03
1.378399203531444073e-03
1.389668672345578671e-03
1.369294244796037674e-03
1.369586447253823280e-03
1.363637042231857777e-03
1.355819171294569969e-03
1.361326430924236774e-03
1.340250251814723015e-03
1.347644021734595299e-03
1.329764840193092823e-03
1.324113691225647926e-03
1.334631815552711487e-03
1.322427531704306602e-03
1.309391111135482788e-03
1.304149627685546875e-03
1.328541082330048084e-03
1.294777845032513142e-03
1.287753810174763203e-03
1.309760962612926960e-03
1.282645273022353649e-03
1.271094894036650658e-03
1.264044898562133312e-03
1.381565118208527565e-03
1.310605206526815891e-03
1.253347843885421753e-03
1.242774655111134052e-03
1.237028511241078377e-03
1.231630914844572544e-03
1.226197811774909496e-03
1.220742706209421158e-03
1.215249532833695412e-03
1.209719222970306873e-03
1.204548520036041737e-03
1.266324077732861042e-03
1.198205281980335712e-03
1.187729532830417156e-03
1.182198408059775829e-03
1.176622346974909306e-03
1.171014620922505856e-03
1.165374298579990864e-03
1.159697887487709522e-03
1.172676100395619869e-03
1.189056085422635078e-03
1.143373781815171242e-03
1.137339160777628422e-03
1.131565892137587070e-03
1.125880051404237747e-03
1.120141474530100822e-03
1.117003615945577621e-03
1.137043116614222527e-03
1.111871097236871719e-03
1.098606036975979805e-03
1.091664656996726990e-03
1.085875439457595348e-03
1.080056536011397839e-03
1.075669657438993454e-03
1.099009416066110134e-03
1.063992269337177277e-03
1.057535642758011818e-03
1.051323371939361095e-03
1.045402605086565018e-03
1.039617462083697319e-03
1.169814262539148331e-03
1.030741725116968155e-03
1.023129676468670368e-03
1.016676309518516064e-03
1.010748208500444889e-03
1.004914287477731705e-03
1.001411466859281063e-03
1.035363180562853813e-03
9.882681770250201225e-04
9.825984016060829163e-04
9.762647096067667007e-04
9.703923133201897144e-04
9.646020480431616306e-04
1.108210766687989235e-03
9.594049188308417797e-04
9.477719431743025780e-04
9.420880815014243126e-04
9.361308766528964043e-04
9.303797851316630840e-04
9.246626286767423153e-04
1.029848586767911911e-03
9.153801365755498409e-04
9.090627427212893963e-04
9.020210709422826767e-04
8.963049040175974369e-04
8.906029397621750832e-04
8.849661680869758129e-04
9.193357545882463455e-04
8.808473940007388592e-04
8.688417146913707256e-04
8.627672796137630939e-04
8.571009384468197823e-04
8.515230729244649410e-04
8.463167469017207623e-04
8.406828274019062519e-04
8.422788232564926147e-04
8.295125444419682026e-04
8.240134338848292828e-04
8.184020407497882843e-04
8.128791814669966698e-04
8.086264715529978275e-04
8.310934645123779774e-04
7.979868678376078606e-04
7.914443267509341240e-04
7.858914905227720737e-04
7.802243344485759735e-04
7.747874478809535503e-04
7.765493937768042088e-04
7.862496422603726387e-04
7.588994922116398811e-04
7.535489276051521301e-04
7.479803753085434437e-04
7.426344673149287701e-04
7.376968860626220703e-04
7.497346960008144379e-04
7.292020018212497234e-04
7.216843077912926674e-04
7.164582493714988232e-04
7.112124585546553135e-04
7.060765055939555168e-04
8.059787214733660221e-04
6.983315688557922840e-04
6.917737191542983055e-04
6.856751861050724983e-04
6.804653676226735115e-04
6.753430352546274662e-04
6.718255463056266308e-04
6.752854096703231335e-04
6.605834350921213627e-04
6.552141858264803886e-04
6.500997114926576614e-04
6.453749956563115120e-04
7.252037175931036472e-04
6.444648606702685356e-04
6.305610877461731434e-04
6.254718173295259476e-04
6.205155514180660248e-04
6.158354226499795914e-04
6.609840784221887589e-04
6.094038835726678371e-04
6.011994555592536926e-04
5.965441814623773098e-04
5.927237216383218765e-04
6.239337963052093983e-04
5.828080466017127037e-04
5.781652871519327164e-04
5.728161777369678020e-04
5.948026082478463650e-04
5.712170386686921120e-04
5.603373865596950054e-04
5.540782003663480282e-04
5.518976249732077122e-04
5.789632559753954411e-04
5.448491428978741169e-04
5.363083328120410442e-04
5.314272129908204079e-04
5.326800164766609669e-04
5.374001339077949524e-04
5.192732787691056728e-04
5.137948319315910339e-04
5.093364161439239979e-04
5.074567161500453949e-04
5.018175579607486725e-04
4.995798808522522449e-04
4.920796491205692291e-04
4.880292108282446861e-04
5.036586080677807331e-04
4.903840599581599236e-04
4.768253129441291094e-04
4.710770153906196356e-04
4.675175587181001902e-04
4.988953587599098682e-04
4.589586169458925724e-04
4.549117293208837509e-04
4.508083511609584093e-04
4.748700885102152824e-04
4.489209386520087719e-04
1.068696496076881886e-03
4.883193178102374077e-04
4.379061865620315075e-04
4.286747134756296873e-04
4.245900199748575687e-04
4.210763727314770222e-04
4.176283255219459534e-04
4.141866229474544525e-04
4.107532149646431208e-04
4.073248128406703472e-04
4.039010964334011078e-04
4.004814254585653543e-04
3.970671677961945534e-04
3.936571883969008923e-04
3.902527387253940105e-04
3.868538478855043650e-04
3.834603994619101286e-04
3.807785396929830313e-04
3.774627693928778172e-04
3.734531055670231581e-04
3.701075911521911621e-04
3.668039571493864059e-04
3.635068133007735014e-04
3.602177603170275688e-04
3.569359541870653629e-04
3.536625299602746964e-04
3.503956540953367949e-04
3.482392348814755678e-04
3.443527384661138058e-04
3.407525364309549332e-04
3.375814703758805990e-04
3.344119759276509285e-04
3.312577609904110432e-04
4.239051777403801680e-04
3.492703253868967295e-04
3.245864936616271734e-04
3.191414580214768648e-04
3.159767948091030121e-04
3.129530814476311207e-04
3.099368186667561531e-04
3.069330414291471243e-04
3.055184497497975826e-04
3.024092875421047211e-04
2.981876896228641272e-04
2.952529175672680140e-04
2.923853753600269556e-04
2.895291545428335667e-04
2.883688139263540506e-04
3.169187984894961119e-04
2.872644981835037470e-04
2.784262469504028559e-04
2.758177288342267275e-04
2.730046981014311314e-04
2.702943165786564350e-04
2.676046569831669331e-04
2.649273665156215429e-04
2.622596221044659615e-04
2.596027916297316551e-04
2.569564676377922297e-04
2.550203353166580200e-04
3.998325555585324764e-04
2.734742301981896162e-04
2.481689443811774254e-04
2.443823323119431734e-04
2.418937656329944730e-04
2.394321199972182512e-04
2.369985159020870924e-04
2.345801767660304904e-04
2.321728534298017621e-04
2.297764585819095373e-04
2.273909485666081309e-04
2.250156685477122664e-04
2.228058001492172480e-04
2.205162454629316926e-04
2.293367870151996613e-04
2.158450952265411615e-04
2.138164127245545387e-04
2.114325907314196229e-04
2.092166541842743754e-04
2.070252812700346112e-04
2.048484602710232139e-04
2.026818256126716733e-04
2.008125738939270377e-04
2.089622284984216094e-04
1.969532604562118649e-04
1.967747666640207171e-04
2.156490227207541466e-04
1.929731224663555622e-04
1.892522122943773866e-04
1.908877602545544505e-04
1.841224002419039607e-04
1.841577613959088922e-04
1.802023907657712698e-04
1.785634958650916815e-04
1.938537752721458673e-04
1.835394941736012697e-04
1.734094403218477964e-04
1.709611678961664438e-04
1.688322372501716018e-04
1.694475795375183225e-04
1.692312071099877357e-04
1.978699438041076064e-04
1.624337601242586970e-04
1.602077099960297346e-04
1.580972166266292334e-04
1.563703990541398525e-04
1.546521089039742947e-04
1.529429428046569228e-04
1.513051829533651471e-04
1.512904564151540399e-04
1.567412109579890966e-04
1.937994820764288306e-04
1.512336602900177240e-04
1.432267745258286595e-04
1.418204483343288302e-04
1.401787594659253955e-04
1.386673102388158441e-04
1.371644757455214858e-04
1.356707361992448568e-04
1.341840979875996709e-04
1.327070058323442936e-04
1.312374370172619820e-04
1.297772978432476521e-04
1.300557923968881369e-04
1.270963402930647135e-04
1.255041133845224977e-04
1.240887795574963093e-04
1.227376633323729038e-04
1.791369140846654773e-04
1.278994895983487368e-04
1.194319193018600345e-04
1.173043274320662022e-04
1.159575185738503933e-04
1.146337963291443884e-04
1.133237528847530484e-04
1.129447264247573912e-04
1.193077769130468369e-04
1.139259693445637822e-04
1.111827950808219612e-04
1.070900761988013983e-04
1.058602501871064305e-04
1.046099059749394655e-04
1.034076049108989537e-04
1.022377764456905425e-04
1.671683567110449076e-04
1.104275870602577925e-04
1.002471035462804139e-04
9.764948481461033225e-05
9.647235856391489506e-05
9.571581176714971662e-05
9.578963363310322165e-05
9.321831748820841312e-05
1.030674393405206501e-04
9.299700468545779586e-05
9.045645128935575485e-05
8.902690751710906625e-05
8.795889152679592371e-05
8.689027163200080395e-05
8.586586045566946268e-05
8.485794387524947524e-05
8.395463373744860291e-05
1.176289952127262950e-04
8.819244249025359750e-05
8.095692464848980308e-05
8.014704508241266012e-05
7.924584497231990099e-05
7.836620352463796735e-05
7.720181019976735115e-05
7.811968680471181870e-05
1.061868460965342820e-04
7.465751696145161986e-05
7.414915307890623808e-05
7.280996214831247926e-05
7.188206654973328114e-05
7.101658411556854844e-05
7.553262548753991723e-05
1.521264057373628020e-04
7.274626113940030336e-05
6.896012200741097331e-05
6.699478399241343141e-05
6.614451558561995625e-05
6.534182466566562653e-05
6.456428673118352890e-05
6.589716213056817651e-05
8.619311120128259063e-05
6.347587623167783022e-05
6.157876487122848630e-05
6.079715603846125305e-05
6.007162301102653146e-05
5.934103683102875948e-05
6.272843893384560943e-05
8.558686386095359921e-05
5.746542956330813468e-05
5.684533607563935220e-05
5.591178705799393356e-05
5.520928971236571670e-05
5.454273923533037305e-05
5.594450340140610933e-05
6.620187923545017838e-05
5.588765270658768713e-05
5.231487375567667186e-05
5.139755739946849644e-05
5.072636486147530377e-05
5.022460754844360054e-05
1.160356696345843375e-04
5.672349288943223655e-05
4.860183253185823560e-05
4.786461431649513543e-05
4.715012619271874428e-05
4.658632678911089897e-05
5.617479473585262895e-05
5.769095150753855705e-05
4.500733848544768989e-05
4.438879113877192140e-05
4.385504507808946073e-05
4.330085357651114464e-05
4.290506331017240882e-05
1.130777454818598926e-04
5.155211329110898077e-05
4.209047983749769628e-05
4.106854612473398447e-05
4.025420275866053998e-05
3.977309461333788931e-05
3.927861325792036951e-05
4.174514833721332252e-05
1.831049448810517788e-04
5.900195537833496928e-05
4.030117270303890109e-05
3.731803008122369647e-05
3.662866583908908069e-05
3.618095070123672485e-05
3.575666050892323256e-05
3.533910421538166702e-05
3.492546966299414635e-05
3.451527663855813444e-05
3.410851786611601710e-05
3.376803579158149660e-05
3.426563853281550109e-05
3.307197403046302497e-05
3.254969124100171030e-05
3.361345807206816971e-05
4.536699634627439082e-05
3.308459781692363322e-05
3.103945709881372750e-05
3.069584636250510812e-05
3.031810047104954720e-05
3.698036016430705786e-05
4.596059807226993144e-05
2.926494744315277785e-05
2.906868212448898703e-05
2.952946670120581985e-05
2.824719922500662506e-05
2.790395228657871485e-05
2.811590456985868514e-05
2.954834417323581874e-05
2.690484143386129290e-05
2.662545557541307062e-05
2.638519981701392680e-05
2.597696220618672669e-05
2.860852509911637753e-05
2.544257404224481434e-05
2.508131728973239660e-05
2.481100818840786815e-05
9.850110654952004552e-05
2.690046494535636157e-05
2.414254231553059071e-05
2.381601552770007402e-05
2.343278356420341879e-05
2.314794437552336603e-05
2.287796814925968647e-05
2.261550798721145838e-05
2.235763349744956940e-05
2.985954051837325096e-05
6.005360410199500620e-05
2.556805520725902170e-05
2.162625969504006207e-05
2.118012707796879113e-05
2.090836278512142599e-05
2.067737295874394476e-05
2.044651955657172948e-05
2.021911859628744423e-05
2.048568785539828241e-05
5.060752664576284587e-05
2.485408549546264112e-05
2.026679067057557404e-05
1.925726428453344852e-05
1.894046545203309506e-05
1.873689143394585699e-05
1.853227695391979069e-05
1.833129681472200900e-05
1.813340531953144819e-05
2.023069646384101361e-05
4.659909609472379088e-05
1.781270111678168178e-05
1.789768793969415128e-05
1.726013215375132859e-05
1.703041016298811883e-05
1.684527887846343219e-05
1.672776852501556277e-05
7.783976616337895393e-05
2.640688944666180760e-05
1.629497273825109005e-05
1.600599716766737401e-05
1.585363679623696953e-05
1.567715116834733635e-05
1.555615926918108016e-05
7.575911149615421891e-05
2.692591078812256455e-05
1.549979060655459762e-05
1.545314808026887476e-05
1.523742412246065214e-05
1.467701531510101631e-05
1.448670627723913640e-05
2.389847941230982542e-05
2.581645276222843677e-05
1.458146471122745425e-05
1.419589534634724259e-05
1.444199369871057570e-05
1.375540250592166558e-05
1.386499116051709279e-05
5.041596523369662464e-05
1.641863673285115510e-05
1.354469532088842243e-05
1.313821940129855648e-05
1.734762736305128783e-05
1.340664402960101143e-05
7.292814552783966064e-05
1.888933365989942104e-05
1.262082878383807838e-05
1.239610628545051441e-05
1.224554671352962032e-05
1.213058658322552219e-05
1.285707094211829826e-05
3.651634324342012405e-05
1.399872598994988948e-05
1.251676894753472880e-05
1.291658645641291514e-05
1.181002608063863590e-05
1.144831003330182284e-05
1.135412185249151662e-05
1.282447465200675651e-05
1.115627765102544799e-05
4.385172724141739309e-05
2.072167444566730410e-05
2.467142621753737330e-05
1.116766907216515392e-05
1.080062884284416214e-05
1.071343740477459505e-05
1.063134641299257055e-05
1.055978646036237478e-05
1.049104230332886800e-05
1.042307121679186821e-05
1.035576042340835556e-05
1.028910082823131233e-05
1.022284868668066338e-05
1.015738416754174978e-05
1.009217339742463082e-05
1.002749377221334726e-05
9.963561751646921039e-06
9.899869837681762874e-06
9.836813660513143986e-06
1.084701943909749389e-05
9.738999324326869100e-06
9.653686902311164886e-06
9.599270924809388816e-06
9.535205208521801978e-06
9.473389582126401365e-06
9.414538908458780497e-06
9.356263035442680120e-06
9.298400982515886426e-06
9.241035513696260750e-06
9.184362170344684273e-06
9.128014426096342504e-06
9.072178727365098894e-06
9.016956937557552010e-06
9.233611308445688337e-06
9.721775313664693385e-06
8.951948075264226645e-06
8.808927304926328361e-06
8.752634130360092968e-06
8.698189049027860165e-06
8.646561582281719893e-06
8.595657163823489100e-06
8.545164746465161443e-06
8.495228030369617045e-06
8.445646926702465862e-06
8.396798875764943659e-06
8.840937880449928343e-06
9.319714081357233226e-06
8.407112545683048666e-06
8.220256859203800559e-06
8.763079677009955049e-06
8.164067367033567280e-06
1.092827460524858907e-05
8.540706403437070549e-06
8.040143256948795170e-06
7.951340194267686456e-06
7.902342076704371721e-06
7.859452125558163971e-06
7.828755769878625870e-06
1.905395947687793523e-05
9.031189620145596564e-06
7.839896170480642468e-06
7.673111213080119342e-06
7.669165825063828379e-06
7.587973414047155529e-06
7.550732789241010323e-06
7.514316166634671390e-06
7.478133284166688100e-06
7.442936748702777550e-06
8.486650585837196559e-06
5.968697223579511046e-05
7.344227014982607216e-06
8.115775926853530109e-06
7.349082807195372880e-06
7.254720003402326256e-06
7.743042260699439794e-06
7.259792255354113877e-06
7.153907063184306026e-06
7.135335636121453717e-06
7.089870450727175921e-06
7.060205007292097434e-06
7.180043212429154664e-06
1.661413443798664957e-05
1.310335119342198595e-05
7.395953161903889850e-06
6.950274382688803598e-06
6.906835096742725000e-06
1.113336020353017375e-05
6.860948360554175451e-06
6.821675469836918637e-06
6.797787591494852677e-06
6.763239071005955338e-06
6.737330750183900818e-06
6.716262760164681822e-06
3.342796480865217745e-05
1.878728107840288430e-05
9.150367986876517534e-06
6.756530638085678220e-06
6.653739092143950984e-06
6.574161943717626855e-06
6.672255494777346030e-06
6.555210347869433463e-06
6.507895250251749530e-06
6.485584435722557828e-06
6.463070349127519876e-06
6.479390776803484187e-06
7.511207513744011521e-06
8.864406481734476984e-06
1.174503995571285486e-05
7.224623459478607401e-06
6.420114459615433589e-06
6.338365892588626593e-06
6.303862392087467015e-06
6.284302344283787534e-06
6.265122465265449136e-06
6.246310931601328775e-06
6.227590347407385707e-06
6.211394520505564287e-06
2.095228774123825133e-05
3.027506681974045932e-05
7.314680715353460982e-06
6.532556653837673366e-06
6.149586624815128744e-06
6.109190508141182363e-06
6.091808700148249045e-06
6.075473720557056367e-06
6.059136467229109257e-06
6.042868790245847777e-06
6.026798018865520135e-06
6.010809556755702943e-06
6.000786015647463500e-06
3.789751281146891415e-05
1.946797237906139344e-05
5.962073373666498810e-06
5.979251909593585879e-06
5.920700914430199191e-06
6.035090791556285694e-06
5.894670721318107098e-06
6.137483069323934615e-06
5.862882062501739711e-06
5.850947218277724460e-06
5.835237516294000670e-06
1.374562998535111547e-05
2.764076452876906842e-05
7.066892976581584662e-06
5.975372914690524340e-06
5.826446340506663546e-06
5.759565738117089495e-06
5.740846972912549973e-06
5.727572442992823198e-06
5.714503004128346220e-06
5.794813205284299329e-06
6.903083885845262557e-06
1.299303767154924572e-05
1.819254612200893462e-05
7.385988737951265648e-06
5.718077773053664714e-06
5.668811809300677851e-06
5.887342467758571729e-06
5.751305434387177229e-05
1.205422086059115827e-05
6.244595169846434146e-06
5.710136520065134391e-06
5.575448994932230562e-06
5.574285751208662987e-06
1.162417447631014511e-05
2.301159292983356863e-05
6.182554443512344733e-06
5.869501364941243082e-06
5.547649379877839237e-06
5.479335868585621938e-06
5.471733857120852917e-06
5.665330263582291082e-06
4.568952135741710663e-05
9.193612640956416726e-06
5.540821348404278979e-06
5.460962256620405242e-06
6.247977125894976780e-06
6.113798917795065790e-06
5.472825250762980431e-06
5.754419817094458267e-06
1.124160098697757348e-05
9.960286661225836724e-06
5.458700798044446856e-06
5.338058144843671471e-06
5.337297352525638416e-06
5.319218416843796149e-06
5.325972779246512800e-06
3.238087447243742645e-05
1.046997385856229812e-05
6.095896878832718357e-06
5.301880264596547931e-06
5.260838861431693658e-06
5.256271379039390013e-06
5.244415660854429007e-06
6.515458608191693202e-06
2.085193955281283706e-05
6.605892849620431662e-06
5.311470431479392573e-06
5.211968982621328905e-06
5.202197371545480564e-06
7.808150257915258408e-06
5.617370334221050143e-06
7.394162093987688422e-05
5.318747753335628659e-06
6.194809884618734941e-06
5.185300778975943103e-06
5.147217962075956166e-06
5.120030891703208908e-06
5.115206477057654411e-06
1.154336951003642753e-05
1.549738954054191709e-05
5.185185273148817942e-06
6.268040579016087577e-06
5.175298156245844439e-06
5.121318736200919375e-06
5.067449365014908835e-06
4.256500324117951095e-05
1.413395511917769909e-05
5.646469162456924096e-06
5.436868832475738600e-06
5.535305263038026169e-06
5.018590400140965357e-06
5.023695393902016804e-06
1.747445094224531204e-05
1.166798665508395061e-05
6.229283371794736013e-06
5.032585704611847177e-06
5.243663053988711908e-06
3.181467400281690061e-05
6.637149908783612773e-06
5.276777301332913339e-06
5.042939392296830192e-06
1.092203365260502324e-05
1.988704389077611268e-05
6.753304205631138757e-06
5.195872290642000735e-06
4.954867108608596027e-06
4.892624019703362137e-06
1.476595662097679451e-05
1.023445292958058417e-04
1.369415258523076773e-05
6.715784365951549262e-06
5.185811914998339489e-06
4.856879513681633398e-06
4.846442607231438160e-06
4.836918378714472055e-06
4.829478712053969502e-06
4.822561550099635497e-06
4.815720330952899531e-06
4.809026904695201665e-06
4.803668616659706458e-06
1.662006616243161261e-05
5.934484306635567918e-06
5.264218543743481860e-06
4.810513019037898630e-06
4.779578830493846908e-06
4.766959136759396642e-06
4.759487183036981151e-06
4.753766006615478545e-06
6.318584382825065404e-06
2.333096199436113238e-05
5.470118594530504197e-06
4.735630227514775470e-06
4.768728558701695874e-06
4.726980478153564036e-06
4.733069090434582904e-06
4.157195508014410734e-05
1.260423050553072244e-05
5.214611519477330148e-06
4.687389719038037583e-06
4.699908458860591054e-06
4.677629476645961404e-06
4.671395345212658867e-06
1.822310332499910146e-05
8.788157174421939999e-06
4.759192506753606722e-06
4.938063739245990291e-06
4.672029263019794598e-06
4.636751327780075371e-06
4.626232566806720570e-06
4.944814463669899851e-06
5.116218744660727680e-05
1.017579052131623030e-05
5.357814643502933905e-06
4.668498149840161204e-06
4.604690275300526991e-06
5.587913619820028543e-06
4.615669240592978895e-06
4.579312644636956975e-06
4.780761628353502601e-06
4.569099019136046991e-06
4.795065706275636330e-06
4.318534774938598275e-05
9.581440281181130558e-06
5.245504326012451202e-06
4.682337930717039853e-06
5.576062449108576402e-06
2.777988629532046616e-05
6.030396889400435612e-06
4.740340045827906579e-06
4.785666533280164003e-06
2.012741424550767988e-05
9.442533155379351228e-06
5.489727755048079416e-06
4.681076916313031688e-06
4.503908712649717927e-06
1.425905065843835473e-05
4.837167580262757838e-06
6.655424385826336220e-06
4.539134351944085211e-06
4.476068170333746821e-06
4.456389888218836859e-06
1.010859614325454459e-05
4.776845798915019259e-06
4.579115284286672249e-06
7.900185664766468108e-06
4.483780230657430366e-06
5.853478342032758519e-06
4.508225629251683131e-06
1.314859673584578559e-05
1.261878060176968575e-05
4.474212346394779161e-06
4.506114237301517278e-06
6.430148459912743419e-06
7.612775334564503282e-06
5.035917183704441413e-06
4.427226940606487915e-06
6.516533176181837916e-06
1.457227608625544235e-05
6.874357495689764619e-06
4.656695637095253915e-06
4.388270099298097193e-06
4.416876890900311992e-06
2.506081000319682062e-05
7.182448371167993173e-06
5.048866569268284366e-06
4.498998350754845887e-06
9.510752533969935030e-06
6.231916358956368640e-06
5.419844001153251156e-06
4.318984338169684634e-06
4.477557922655250877e-06
1.172787160612642765e-04
1.569120213389396667e-04
1.918550515256356448e-05
5.928535756538622081e-06
4.492475909501081333e-06
4.312430064601358026e-06
4.286403054720722139e-06
4.279691893316339701e-06
4.274953425920102745e-06
4.270540102879749611e-06
4.266321866452926770e-06
4.262221409589983523e-06
4.258231456333305687e-06
4.254310624673962593e-06
4.250422080076532438e-06
4.246490334480768070e-06
4.242669092491269112e-06
4.238837391312699765e-06
4.235001597407972440e-06
4.231222646922105923e-06
4.227292720315745100e-06
4.228511897963471711e-06
4.435858045326313004e-06
4.636808171198936179e-06
4.214193722873460501e-06
4.213925876683788374e-06
4.205652203381760046e-06
4.200919647701084614e-06
4.196991994831478223e-06
4.193081167613854632e-06
4.189253559161443263e-06
4.185430043435189873e-06
4.181571512162918225e-06
4.177615664957556874e-06
4.186022124486044049e-06
7.119703241187380627e-06
4.182067186775384471e-06
4.189176706859143451e-06
4.162576260569039732e-06
4.154998805461218581e-06
4.150522272539092228e-06
4.146494120504939929e-06
4.142585112276719883e-06
4.138566509936936200e-06
4.134662049182225019e-06
4.130599336349405348e-06
4.126563908357638866e-06
4.122653535887366161e-06
4.476919912121957168e-06
4.232612627674825490e-05
1.083937149815028533e-05
4.761598120239796117e-06
4.116699074074858800e-06
4.119324330531526357e-06
4.103485935047501698e-06
4.097068995179142803e-06
4.092478320671943948e-06
4.088256901013664901e-06
4.084215106558986008e-06
4.080165581399342045e-06
4.076171535416506231e-06
4.088312380190473050e-06
1.248088665306568146e-04
7.062294116622069851e-06
5.678151865140534937e-06
4.088016339665045962e-06
4.061344498040853068e-06
4.053915745316771790e-06
4.049758445034967735e-06
4.044991328555624932e-06
4.040850399178452790e-06
4.036904556414810941e-06
4.032994638691889122e-06
4.029660885862540454e-06
1.504700139776105061e-05
2.596246849861927330e-05
7.810821443854365498e-06
4.180541509413160384e-06
4.064348104293458164e-06
4.013229499832959846e-06
4.781015377375297248e-06
4.625667315849568695e-06
4.076214736414840445e-06
3.996191935584647581e-06
3.993958216597093269e-06
3.988092430518008769e-06
4.002877631137380376e-06
8.959511615103110671e-05
7.745495167910121381e-06
5.277604032016824931e-06
4.123307917325291783e-06
3.971580554207321256e-06
3.967214070144109428e-06
3.961948095820844173e-06
4.146547325944993645e-06
5.636332844005664811e-06
1.064867956301895902e-05
5.043298187956679612e-06
4.301170520193409175e-06
4.649636321119032800e-05
9.229843271896243095e-06
4.728963631350779906e-06
3.939155249099712819e-06
3.934782398573588580e-06
3.928511432604864240e-06
1.436920319974888116e-05
2.395581213932018727e-05
6.029465566825820133e-06
4.000595254183281213e-06
3.953594841732410714e-06
7.092004125297535211e-06
3.988876414950937033e-06
3.921923052985221148e-06
3.901301170117221773e-06
3.893804205290507525e-06
4.258342869434272870e-06
1.221240381710231304e-05
4.113649993087165058e-06
3.927571924577932805e-06
4.631798219634220004e-06
3.893277153110830113e-06
3.977027972723590210e-06
3.877431026921840385e-06
3.867585292027797550e-06
3.906087840732652694e-06
6.962582847336307168e-05
8.882290785550139844e-06
4.422794518177397549e-06
3.966134499933104962e-06
3.861882305500330403e-06
4.201869614917086437e-06
3.854794158542063087e-06
3.852037934848340228e-06
3.852090230793692172e-06
5.094298558105947450e-06
2.649510861374437809e-05
3.857985575450584292e-06
4.230644663039129227e-06
3.885812475346028805e-06
3.823656697932165116e-06
3.830856712738750502e-06
8.039557542360853404e-06
1.842954770836513489e-05
5.405924639489967376e-06
4.097862074559088796e-06
3.879862106259679422e-06
3.945800472138216719e-06
4.907757829641923308e-05
9.108126505452673882e-06
4.363510015537030995e-06
3.900327101291622967e-06
3.816617663687793538e-06
5.085285920358728617e-06
4.650971277442295104e-06
3.943796400562860072e-06
3.918847141903825104e-06
5.108683581056538969e-06
4.139807060710154474e-06
3.064087650272995234e-05
6.358283826557453722e-06
4.268349130143178627e-06
3.761479320019134320e-06
3.903278411598876119e-06
3.021584598172921687e-05
3.980005658377194777e-06
4.429148702911334112e-06
3.813673629338154569e-06
3.891403594025177881e-06
5.090002741781063378e-05
8.748013897275086492e-06
4.093092229595640674e-06
3.874325557262636721e-06
3.772777517951908521e-06
4.159001946391072124e-06
1.931868246174417436e-05
5.781535492133116350e-06
4.491675554163521156e-06
3.813133844232652336e-06
3.925406417693011463e-06
3.955003558075986803e-05
7.266422016982687637e-06
3.871663921017898247e-06
3.818491222773445770e-06
4.216028173686936498e-06
2.360233702347613871e-05
6.047495844541117549e-06
3.904156983480788767e-06
4.116400305065326393e-06
2.334493547095917165e-05
5.947625595581484959e-06
3.693937287607695907e-06
4.959967554896138608e-06
1.710883771011140198e-05
3.730042635652353056e-06
3.912782631232403219e-06
4.191999323666095734e-06
6.885995389893651009e-06
6.506286354124313220e-06
4.242007435095729306e-06
3.833794835372827947e-06
4.712346708402037621e-06
3.701065452332841232e-06
3.682581564135034569e-06
6.405969907063990831e-05
1.567540311953052878e-05
1.171698750113137066e-05
4.208426162222167477e-06
3.709066731971688569e-06
3.645941433205734938e-06
3.642056753960787319e-06
3.636737119450117461e-06
3.633689630078151822e-06
3.630992068792693317e-06
3.629284492490114644e-06
6.189716259541455656e-06
3.962778464483562857e-06
3.662189328679232858e-06
3.630706714830012061e-06
3.616109552240232006e-06
3.613685521486331709e-06
3.611108922996209003e-06
3.608569613788858987e-06
3.606509380915667862e-06
4.478227765503106639e-06
1.898327718663495034e-05
4.412268481246428564e-06
3.675763309729518369e-06
3.641989678726531565e-06
3.621382575147436000e-06
1.228647306561470032e-05
8.797407645033672452e-06
4.208457085042027757e-06
3.781101440836209804e-06
3.862944140564650297e-06
6.508895239676348865e-06
1.425729715265333652e-05
5.552426046051550657e-06
3.678759185277158394e-06
3.628628292062785476e-06
4.872173121839296073e-06
3.713687647177721374e-06
5.159709871804807335e-06
3.962125447287689894e-06
4.873088528256630525e-06
1.834738213801756501e-05
5.864135346200782806e-06
3.884156740241451189e-06
3.978032964369049296e-06
2.931689050456043333e-05
4.289048774808179587e-06
6.646578185609541833e-06
4.165873178862966597e-06
2.597428647277411073e-05
4.414337581692961976e-06
3.883822500938549638e-06
3.655104592326097190e-06
1.412590063409879804e-05
8.761188837524969131e-06
4.045182322442997247e-06
4.327108399593271315e-06
4.110167537874076515e-06
6.024304184393258765e-06
6.803469204896828160e-06
3.801029379246756434e-06
3.586307684599887580e-06
4.773035470861941576e-06
1.092140792025020346e-05
4.421608082338934764e-06
3.959899913752451539e-06
6.555739219038514420e-06
1.787844121281523257e-05
5.513292308023665100e-06
3.846272193186450750e-06
3.542575086612487212e-06
3.533237531883060001e-06
1.510800848336657509e-05
1.250102286576293409e-05
7.471030130545841530e-06
3.782244220928987488e-06
3.584379101084778085e-06
3.497178340694517829e-06
9.614990631234832108e-06
1.257406984223052859e-05
4.686826287070289254e-06
3.639215719886124134e-06
3.705737753989524208e-06
3.201519211870618165e-05
4.611329586623469368e-06
4.088917194167152047e-06
4.325749159761471674e-06
1.526224696135614067e-05
8.230388630181550980e-06
4.177960363449528813e-06
4.293699930713046342e-06
1.763129876053426415e-05
6.284944902290590107e-06
3.551605232132715173e-06
3.490712060738587752e-06
4.117654953006422147e-06
3.685010142362443730e-06
4.992878075427142903e-06
3.672541879495838657e-06
3.471916670605423860e-06
5.705022886104416102e-06
3.663558800326427445e-06
4.783925760420970619e-06
3.528513616402051412e-06
4.687115961132803932e-06
3.484802391540142708e-06
1.825560684665106237e-05
7.318963071156758815e-06
4.573083515424514189e-06
3.455386831774376333e-06
3.693658072734251618e-06
2.972961010527797043e-05
6.034908892615931109e-06
3.540611487551359460e-06
3.744875812117243186e-06
1.348766727460315451e-05
8.340482963831163943e-06
4.284632268536370248e-06
3.600362106226384640e-06
4.068846465088427067e-05
6.256051619857316837e-06
3.610699423006735742e-06
3.528504294081358239e-06
3.620888264777022414e-06
3.152405770379118621e-05
4.262391030351864174e-06
3.978188487963052467e-06
3.815783657046267763e-06
1.949554825841914862e-05
7.007024578342679888e-06
4.814286512555554509e-06
7.104692031134618446e-06
3.409116061448003165e-06
4.007958978036185727e-06
4.755027021019486710e-06
1.686444920778740197e-05
6.570976438524667174e-06
3.446863274803035893e-06
4.290576725907158107e-06
9.663820965215563774e-04
8.519806578988209367e-05
5.903450528421672061e-06
4.980026915291091427e-06
3.420411758270347491e-06
3.422486088311416097e-06
3.393143515495467000e-06
3.387092419870896265e-06
3.382104068805347197e-06
3.378055225766729563e-06
3.374552534296526574e-06
3.371543471075710841e-06
3.368904344824841246e-06
3.366446435393299907e-06
3.364249550941167399e-06
3.362183178978739306e-06
3.360212076586321928e-06
3.358346475579310209e-06
3.356499973961035721e-06
3.354789669174351729e-06
3.353134616190800443e-06
3.351433406351134181e-06
3.349817461639759131e-06
3.349002554386970587e-06
6.063572982384357601e-06
3.348352265675202943e-06
3.368455736563191749e-06
3.345832283230265602e-06
3.340590865263948217e-06
3.339273007441079244e-06
3.337601128805545159e-06
3.336050440339022316e-06
3.334604571136878803e-06
3.333031145302811638e-06
3.332380401843693107e-06
9.227030204783659428e-06
3.973393177147954702e-06
3.336083409521961585e-06
3.336795089126098901e-06
3.325875240989262238e-06
3.322864131405367516e-06
3.321235226394492202e-06
3.319713187011075206e-06
3.318235258120694198e-06
3.316750962767400779e-06
3.315370122436434031e-06
3.319449660921236500e-06
6.648292128375032917e-06
3.745828053069999442e-06
3.365724751347443089e-06
3.313483375677606091e-06
3.306518010504078120e-06
3.304730853415094316e-06
3.303122412035008892e-06
3.301620154161355458e-06
3.300139269413193688e-06
3.307317456346936524e-06
4.047072252433281392e-06
3.318977178423665464e-06
3.296232080174377188e-06
3.292602514193276875e-06
3.291791927040321752e-06
3.289132564532337710e-06
3.287574372734525241e-06
3.286007085989695042e-06
3.284322701802011579e-06
3.284682634330238216e-06
7.390703558485256508e-06
1.293566219828790054e-05
5.062782747700111941e-06
3.449988753345678560e-06
3.292390829301439226e-06
3.284691274529905058e-06
3.276721372458268888e-06
3.273657284807995893e-06
3.271522245995583944e-06
3.269943135819630697e-06
3.953566192649304867e-06
4.977309072273783386e-05
4.599579824571264908e-06
3.692145128297852352e-06
3.279308657511137426e-06
3.277523546785232611e-06
5.451565812109038234e-06
3.526591854097205214e-06
3.283552587163285352e-06
3.262617610744200647e-06
3.253695240346132778e-06
3.251936959713930264e-06
3.280678811279358342e-06
1.142757027992047369e-04
1.277639421459753066e-05
3.453614908721647225e-06
3.430458946240833029e-06
3.272264393672230653e-06
3.246018650315818377e-06
4.003374669991899282e-06
3.331346306367777288e-06
3.280555802120943554e-06
3.246434062020853162e-06
3.237312284909421578e-06
4.056287252751644701e-06
4.569199154502712190e-05
3.332841743031167425e-06
3.772427817239076830e-06
3.323942564747994766e-06
3.238773388147819787e-06
3.470129740890115499e-06
3.772486707021016628e-06
3.369108526385389268e-06
3.237137207179330289e-06
3.221131237296503969e-06
3.243812443542992696e-06
1.067895573214627802e-04
1.502851318946341053e-05
3.413256990825175308e-06
3.227845127184991725e-06
3.214747948732110672e-06
3.215034894310520031e-06
3.271676177973859012e-06
5.539668109122430906e-06
3.304778601886937395e-06
3.209243232049630024e-06
3.223709654776030220e-06
8.371048897970467806e-05
7.923748853500001132e-06
4.746423201140714809e-06
3.411601937841624022e-06
3.209031774531467818e-06
3.199674438292277046e-06
3.194359806002466939e-06
3.191880978192784823e-06
3.213603122276253998e-06
3.485819206616724841e-06
4.012806675746105611e-05
3.487375352051458322e-06
3.867324267048388720e-06
3.284855665697250515e-06
3.184517936460906640e-06
3.183293756592320278e-06
3.196216539436136372e-06
4.448683102964423597e-05
8.777054063102696091e-06
3.601642447392805479e-06
3.357940386194968596e-06
3.239402985855122097e-06
3.268629370722919703e-06
3.390700157979154028e-06
3.175068741256836802e-06
3.168989678670186549e-06
3.960337835451355204e-06
3.945478965761139989e-05
7.287159405677812174e-06
3.645685637820861302e-06
3.239585566916503012e-06
3.291602070021326654e-06
4.654754320654319599e-06
3.200064156771986745e-06
3.174606035827309825e-06
3.165487441947334446e-06
1.970661833183839917e-05
1.552591311337891966e-05
4.360939783509820700e-06
3.160173719152226113e-06
3.170875743307988159e-06
3.162934490319457836e-06
4.710604571300791577e-06
3.491602910798974335e-06
3.168127022945554927e-06
2.631399547681212425e-05
1.688553493295330554e-05
3.564005510270362720e-06
3.208267116860952228e-06
3.176928203174611554e-06
3.137346539006102830e-06
3.134401140414411202e-06
3.134293137918575667e-06
8.671921023051254451e-06
4.378283392725279555e-06
4.907337370241293684e-06
4.921282652503577992e-06
3.371401589902234264e-06
3.170061063428875059e-06
3.173488721586181782e-06
1.025571600621333346e-05
1.077338765753665939e-05
3.704083837874350138e-06
3.370863623786135577e-06
3.202667130608460866e-06
4.241171609464799985e-06
3.319147708680247888e-06
3.215373453713255003e-06
3.999371074314694852e-06
3.430654942349065095e-06
6.447328360081883147e-06
5.695374511560657993e-06
3.429442358537926339e-06
3.159811512887245044e-06
4.083227395312860608e-06
1.193193565995898098e-05
5.049643277743598446e-06
3.354463842697441578e-06
3.303011681055068038e-06
4.257151522324420512e-05
8.126428838295396417e-06
3.849995664495509118e-06
3.104677716692094691e-06
3.170181571476859972e-06
1.005914509732974693e-05
1.084262203221442178e-05
4.409414032124914229e-06
3.192308440702618100e-06
3.090956624873797409e-06
3.592630491766612977e-06
3.492402584015508182e-06
5.900169071537675336e-06
3.581817736630910076e-06
3.124337354165618308e-06
3.092984115937724710e-06
3.467215492491959594e-06
1.697384686849545687e-05
4.572243597067426890e-06
3.948019184463191777e-06
3.188313030477729626e-06
3.205904931746772490e-06
1.542060090287122875e-05
5.121510184835642576e-06
4.475008154258830473e-06
3.234793439332861453e-06
3.072296522077522241e-06
3.074404958169907331e-06
3.638339421740965918e-06
4.388757133710896596e-06
4.612439624906983227e-06
3.247191443733754568e-06
3.112844296992989257e-06
3.942751391150522977e-06
4.396896201797062531e-06
4.701477791968500242e-06
3.226146645829430781e-06
3.497697662169230171e-06
1.517127566330600530e-05
3.745872163563035429e-06
3.389727680769283324e-06
3.069227659580064937e-06
3.647325456768157892e-06
3.693021790240891278e-05
7.614990863658022135e-06
3.940534497814951465e-06
3.051782186958007514e-06
3.109055342065403238e-06
6.898994342918740585e-06
9.846565262705553323e-06
3.099241666859597899e-06
3.167877821397269145e-06
9.437640983378514647e-06
3.740126430784584954e-06
3.247208724133088253e-06
7.887279934948310256e-06
3.250228473916649818e-06
3.149663371004862711e-06
9.980086360883433372e-06
5.507237347046611831e-06
4.048242772114463151e-06
5.418727596406824887e-06
6.361730356729822233e-06
3.555571083779796027e-06
5.719110504287527874e-06
3.580053089535795152e-06
3.432748144405195490e-06
4.905158220935845748e-06
1.071960923582082614e-05
3.399232809897512197e-06
7.140102752600796521e-06
7.214819561340846121e-06
5.189554030948784202e-06
1.093705213861539960e-05
5.743535439250990748e-06
5.760394287790404633e-06
8.594961400376632810e-06
4.522169092524563894e-06
5.864850663783727214e-06
3.536030817485880107e-06
3.484186663627042435e-06
4.529676516540348530e-06
5.710531240765703842e-06
3.259936875110724941e-06
4.797598649020073935e-06
3.536331178111140616e-06
1.664631599851418287e-05
5.955987035122234374e-06
4.023449946544133127e-06
1.636993874853942543e-05
5.436212177301058546e-06
3.658425157482270151e-06
2.249064527859445661e-05
5.348300874175038189e-06
3.424044507482904010e-06
3.266569137849728577e-06
5.003008936910191551e-06
4.194246230326825753e-06
3.745728463400155306e-06
4.636785433831391856e-06
4.369903763290494680e-06
9.206089889630675316e-04
5.963001240161247551e-05
3.622002395786694251e-06
3.782852900258149020e-06
3.227311708542401902e-06
3.028496166734839790e-06
2.999667685799067840e-06
2.993411499119247310e-06
2.989892436744412407e-06
2.987205107274348848e-06
2.984911816383828409e-06
2.982933665407472290e-06
2.981099441967671737e-06
2.979516239065560512e-06
2.977953954541590065e-06
2.976533096443745308e-06
2.975170900754164904e-06
2.973891241708770394e-06
2.972574520754278637e-06
2.971399453599588014e-06
2.970447667394182645e-06
5.407212029240326956e-06
3.002266566909383982e-06
3.075263521168380976e-06
2.967884711324586533e-06
2.964555051221395843e-06
2.963578026538016275e-06
2.962445023513282649e-06
2.961385462185717188e-06
2.960326355605502613e-06
2.959246330647147261e-06
2.958274080810952000e-06
2.978082875415566377e-06
2.963339056805125438e-06
2.992104100485448726e-06
2.976229552587028593e-06
2.956236585305305198e-06
2.952688646473689005e-06
2.950948328361846507e-06
2.949947656816220842e-06
2.948707560790353455e-06
2.947677103293244727e-06
2.998226591444108635e-06
4.344129138189600781e-06
3.199736283931997605e-06
2.945100050055771135e-06
2.946115955637651496e-06
2.942041192000033334e-06
2.940331341960700229e-06
2.939191517725703306e-06
2.938130364782409742e-06
2.937004182967939414e-06
2.935979637186392210e-06
2.934865733550395817e-06
2.934855046987649985e-06
6.519372618640772998e-06
2.943174649772117846e-06
2.937962108262581751e-06
2.929433094323030673e-06
2.929637275883578695e-06
2.927147079390124418e-06
2.925978606072021648e-06
2.925037051682011224e-06
2.967231694128713571e-06
3.716520723173744045e-06
5.478938419400947168e-06
3.260180847064475529e-06
3.056346031371504068e-06
2.943020035672816448e-06
8.381858606298919767e-06
3.386932576177059673e-06
3.014927870026440360e-06
2.930315304183750413e-06
2.919413645940949209e-06
2.916496896432363428e-06
2.915257937274873257e-06
2.913973730755969882e-06
2.912798208853928372e-06
3.971465048380196095e-06
3.273105448897695169e-06
3.666396196422283538e-06
3.224070269425283186e-06
3.011254875673330389e-06
3.082647026531049050e-06
4.087139586772536859e-06
2.916643552453024313e-06
2.912320269388146698e-06
2.903684162447461858e-06
2.902509777413797565e-06
2.900741264966200106e-06
2.903864015024737455e-06
7.509795977966859937e-06
3.235117401345632970e-05
1.057084045896772295e-05
2.987218749694875441e-06
2.948647079392685555e-06
2.907125463025295176e-06
2.898916591220768169e-06
2.894065119107835926e-06
2.892066504500689916e-06
2.890651558118406683e-06
2.889252073146053590e-06
3.011838089150842279e-06
7.699001798755489290e-06
9.847788533079437912e-06
3.364295935170957819e-06
3.013789864780846983e-06
4.226379132887814194e-06
2.910631337726954371e-06
2.892800011977669783e-06
2.883548859244911000e-06
2.879743533412693068e-06
2.883581146306823939e-06
4.369576799945207313e-06
6.759732514183269814e-06
3.268491127528250217e-06
3.189900780853349715e-06
2.901315383496694267e-06
2.946112772406195290e-06
3.530290632625110447e-05
1.087614145944826305e-05
2.980864110213587992e-06
2.883246907003922388e-06
2.888899416575441137e-06
2.890863925131270662e-06
5.491946012625703588e-06
1.875398083939217031e-05
8.818557034828700125e-06
2.988226015077088960e-06
3.066440740440157242e-06
2.893951204896438867e-06
2.862221208488335833e-06
2.860815584426745772e-06
2.864499720089952461e-06
1.948162207554560155e-05
1.925140895764343441e-05
4.828063083550659940e-06
3.154492787871276960e-06
2.857996378224925138e-06
2.860337190213613212e-06
8.001165952009614557e-06
3.184604111083899625e-06
2.896107389460667036e-06
1.245852854481199756e-05
3.037871920241741464e-06
4.446570983418496326e-06
3.042686785192927346e-06
2.879718749682069756e-06
2.855256752809509635e-06
2.931314156739972532e-06
4.957881901646032929e-05
8.518165486748330295e-06
4.546707714325748384e-06
2.985598484883666970e-06
2.865265742002520710e-06
2.846219103957992047e-06
3.250969257351243868e-06
6.034905709384474903e-06
6.647214831900782883e-06
2.950037924165371805e-06
2.872467121051158756e-06
2.836846988429897465e-06
2.852221541616017930e-06
2.106145439029205590e-05
4.830158104596193880e-06
4.008368705399334431e-06
2.964110990433255211e-06
2.845273229468148202e-06
2.827552179951453581e-06
2.938287252618465573e-06
4.911040377919562161e-05
2.877294264180818573e-06
3.605469373724190518e-06
2.948366727650864050e-06
2.936268401754205115e-06
4.508302936301333830e-06
6.182022843859158456e-06
1.023077675199601799e-05
3.247587983423727565e-06
3.097618218816933222e-06
2.883852857848978601e-06
1.849682485044468194e-05
2.969161641885875724e-06
2.909740715040243231e-06
2.918006430263631046e-06
3.300922799098771065e-06
3.910718987754080445e-06
6.593717898795148358e-06
4.061000709043582901e-06
3.114367245871108025e-06
2.836785142790176906e-06
6.753587513230741024e-06
1.368986431771190837e-05
4.415960120240924880e-06
2.820343752318876795e-06
2.818724397002370097e-06
8.101433195406571031e-06
5.485087967826984823e-05
4.066722794959787279e-06
3.266394969614339061e-06
2.854684225894743577e-06
2.823865770551492460e-06
2.795038426484097727e-06
2.797776687657460570e-06
5.896294896956533194e-05
1.021788739308249205e-05
2.821054977175663225e-06
2.871394372050417587e-06
2.792017994579509832e-06
2.796434273477643728e-06
4.221343715471448377e-06
3.763595259442809038e-06
2.848093117790995166e-06
2.806310249070520513e-06
2.013206903939135373e-05
3.250980853408691473e-06
3.340609055157983676e-06
2.789106247291783802e-06
2.792269015117199160e-06
2.779369424388278276e-06
3.213747959307511337e-06
4.072269075550138950e-05
9.798195605981163681e-06
3.476321353446110152e-06
2.887071786972228438e-06
2.792443183352588676e-06
3.033130042240372859e-06
2.772686229945975356e-06
2.771493655018275604e-06
2.769758111753617413e-06
2.770973878796212375e-06
3.932098479708656669e-05
1.185532710223924369e-05
3.231552682336769067e-06
4.500753675529267639e-06
2.784779780995449983e-06
2.808221097438945435e-06
2.951095439129858278e-06
1.869521292974241078e-05
4.526867996901273727e-06
3.240003024984616786e-06
5.387114924815250561e-06
9.546532055537682027e-06
9.010812391352374107e-06
3.126277306364499964e-06
2.813299943227320910e-06
2.781271859930711798e-06
3.153927991661475971e-06
1.320633327850373462e-05
2.789326117635937408e-06
3.003795427503064275e-06
6.356622179737314582e-06
1.161819000117247924e-05
4.492535481404047459e-06
2.775300799839897081e-06
2.781639750537578948e-06
3.196973239028011449e-06
4.104666459170402959e-06
2.821731641233782284e-06
2.804502173603395931e-06
3.386863227206049487e-06
3.313846718810964376e-06
2.663464510987978429e-05
2.758760956567130052e-06
3.366485771039151587e-06
2.747869302766048349e-06
2.829780441970797256e-06
3.191267751390114427e-05
3.911930434696841985e-06
2.844394884959910996e-06
2.773165761027485132e-06
2.765146973615628667e-06
2.734426971073844470e-06
2.799880576276336797e-06
4.584153430187143385e-06
2.880431111407233402e-06
7.322221335925860330e-06
6.475982445408590138e-06
3.958948127547046170e-06
2.815237166942097247e-06
1.712946323095820844e-05
2.906935606006300077e-06
2.978306383738527074e-06
2.758723439910681918e-06
3.028491846635006368e-06
3.921353709301911294e-06
1.045524913934059441e-05
4.631791853171307594e-06
3.296937393315602094e-06
3.312265562271932140e-06
2.361453880439512432e-05
3.767403313759132288e-06
3.391750396986026317e-06
3.835295501630753279e-06
3.993688551418017596e-06
1.557620089442934841e-05
2.258503081975504756e-05
2.467206795699894428e-04
5.579521530307829380e-05
6.693905106658348814e-06
3.110019179075607099e-06
2.841190507751889527e-06
2.742083552220719866e-06
2.727020728343632072e-06
2.722409590205643326e-06
2.719155190789024346e-06
2.716500603128224611e-06
2.714313268370460719e-06
2.712502464419230819e-06
2.711041815928183496e-06
2.709562977543100715e-06
2.708355623326497152e-06
2.707224439291167073e-06
2.706153054532478563e-06
2.705180577322607860e-06
2.704090093175182119e-06
2.703180825847084634e-06
2.702286565181566402e-06
2.953603143396321684e-06
3.861328423226950690e-06
2.714159109018510208e-06
2.724181740632047877e-06
2.699948936424334534e-06
2.697121090022847056e-06
2.696104957067291252e-06
2.695211605896474794e-06
2.694346903808764182e-06
2.693464693948044442e-06
2.692608859433676116e-06
2.692358748390688561e-06
2.993372390847071074e-06
3.085826620008447208e-06
2.825745923473732546e-06
2.688894710445310920e-06
2.689057964744279161e-06
2.686676680241362192e-06
2.689680741241318174e-06
1.262022760784020647e-05
9.005995707411784679e-06
3.342750233059632592e-06
2.837877673300681636e-06
2.699900505831465125e-06
2.877643282772623934e-06
3.918427410098956898e-06
2.684470473468536511e-06
2.699055357879842632e-06
2.685856543394038454e-06
5.395184052758850157e-05
1.492260071245254949e-05
2.968228955069207586e-06
2.857883373508229852e-06
2.691510871954960749e-06
2.683399543457198888e-06
2.712076820898801088e-06
5.772850727225886658e-06
2.678640839803847484e-06
2.719107897064532153e-06
2.676344365681870840e-06
2.672567688932758756e-06
1.137307117460295558e-05
2.301928725501056761e-05
3.226874241590849124e-06
2.709132331801811233e-06
2.675485120562370867e-06
2.676974645510199480e-06
2.668671186256688088e-06
2.666474983925581910e-06
2.666320369826280512e-06
7.556198397651314735e-06
3.493777694529853761e-05
1.055550183082232252e-05
2.682495505723636597e-06
2.717001052587875165e-06
2.667367880349047482e-06
2.662003453224315308e-06
2.664783096406608820e-06
1.448145849280990660e-05
1.625378536118660122e-05
4.808873200090602040e-06
2.891443728003650904e-06
2.668157321750186384e-06
2.658337052707793191e-06
3.960242338507669047e-06
3.223890644221683033e-06
2.659834990481613204e-06
2.168710670957807451e-05
1.553778929519467056e-05
4.169301519141299650e-06
2.661805183379328810e-06
2.675310497579630464e-06
2.648693680384894833e-06
2.647314659043331631e-06
2.679025328689021990e-06
6.787027359678177163e-06
7.287855623872019351e-06
4.779576556757092476e-06
2.676071972018689848e-06
2.650589294717065059e-06
2.647886503837071359e-06
2.643633251864230260e-06
3.420933808229165152e-06
1.761997555149719119e-05
