2.616362646222114563e-02
2.598099038004875183e-02
2.583744376897811890e-02
2.572264522314071655e-02
2.561358734965324402e-02
2.548398263752460480e-02
2.528453618288040161e-02
2.500167116522789001e-02
2.470552735030651093e-02
2.444689534604549408e-02
2.421198412775993347e-02
2.397415973246097565e-02
2.374707534909248352e-02
2.354730106890201569e-02
2.337824925780296326e-02
2.323440276086330414e-02
2.310661785304546356e-02
2.298976294696331024e-02
2.288239076733589172e-02
2.278413437306880951e-02
2.269414998590946198e-02
2.261052839457988739e-02
2.253024466335773468e-02
2.244910784065723419e-02
2.236167341470718384e-02
2.226129546761512756e-02
2.218021638691425323e-02
2.209216170012950897e-02
2.197254635393619537e-02
2.170245163142681122e-02
2.114275842905044556e-02
2.040607854723930359e-02
1.962726749479770660e-02
1.888187043368816376e-02
1.827223785221576691e-02
1.772964932024478912e-02
1.721017621457576752e-02
1.670605130493640900e-02
1.621198281645774841e-02
1.572378724813461304e-02
1.523851137608289719e-02
1.560779567807912827e-02
1.435419730842113495e-02
1.393831055611371994e-02
1.352352369576692581e-02
1.310923323035240173e-02
1.269633881747722626e-02
1.228741835802793503e-02
1.188955362886190414e-02
1.152386609464883804e-02
1.117210835218429565e-02
1.082891412079334259e-02
1.049430109560489655e-02
1.016982086002826691e-02
1.056589558720588684e-02
9.585735388100147247e-03
9.323515929281711578e-03
9.072225540876388550e-03
8.831865154206752777e-03
8.602523244917392731e-03
8.396646939218044281e-03
8.207211270928382874e-03
8.029455319046974182e-03
7.861071266233921051e-03
7.703486829996109009e-03
7.574290037155151367e-03
7.436335086822509766e-03
7.315944880247116089e-03
7.205077912658452988e-03
7.109956350177526474e-03
7.019315846264362335e-03
6.936652585864067078e-03
6.859043613076210022e-03
7.849574089050292969e-03
6.724745966494083405e-03
6.662459578365087509e-03
6.600781809538602829e-03
6.540862377732992172e-03
6.477273069322109222e-03
6.411848589777946472e-03
6.336944177746772766e-03
6.263210438191890717e-03
6.173375528305768967e-03
6.076004356145858765e-03
5.973253864794969559e-03
5.857366137206554413e-03
5.740795284509658813e-03
5.615143105387687683e-03
6.436342839151620865e-03
5.356811918318271637e-03
5.359365604817867279e-03
5.116764921694993973e-03
5.012449342757463455e-03
4.996546078473329544e-03
4.810862708836793900e-03
4.730341024696826935e-03
4.622499458491802216e-03
4.533848725259304047e-03
4.429919645190238953e-03
4.335135221481323242e-03
4.231265746057033539e-03
4.129405599087476730e-03
4.022973589599132538e-03
3.918140660971403122e-03
3.810573136433959007e-03
3.700406290590763092e-03
3.581710392609238625e-03
3.471146337687969208e-03
3.358876099810004234e-03
3.249894129112362862e-03
3.141015302389860153e-03
3.047203179448843002e-03
2.931940602138638496e-03
2.839904045686125755e-03
2.742404351010918617e-03
4.692887421697378159e-03
2.557855797931551933e-03
2.471524523571133614e-03
2.392240799963474274e-03
2.306753071025013924e-03
2.233305480331182480e-03
2.156798029318451881e-03
2.117403084412217140e-03
2.018278930336236954e-03
2.235544146969914436e-03
1.890629995614290237e-03
2.313820878043770790e-03
1.779103302396833897e-03
1.718980143778026104e-03
1.933462452143430710e-03
1.610586419701576233e-03
1.559876021929085255e-03
1.512630726210772991e-03
1.486697583459317684e-03
1.429080497473478317e-03
1.381585258059203625e-03
1.361022354103624821e-03
1.490122172981500626e-03
2.258915454149246216e-03
1.239017117768526077e-03
1.217900076881051064e-03
1.197952893562614918e-03
1.177780446596443653e-03
1.157269580289721489e-03
1.136372913606464863e-03
1.115063554607331753e-03
1.093325205147266388e-03
1.076278160326182842e-03
1.048939884640276432e-03
1.026341808028519154e-03
1.003531273454427719e-03
9.803908178582787514e-04
9.570450056344270706e-04
9.333500638604164124e-04
9.094905690290033817e-04
8.852749597281217575e-04
8.609115029685199261e-04
8.362545049749314785e-04
8.194907568395137787e-04
7.884950609877705574e-04
1.138209365308284760e-03
7.417867891490459442e-04
7.186566363088786602e-04
8.735304581932723522e-04
6.740450044162571430e-04
6.521223112940788269e-04
6.364158471114933491e-04
6.097367149777710438e-04
5.888985469937324524e-04
5.697229644283652306e-04
5.487972521223127842e-04
5.540542188100516796e-04
1.518056262284517288e-03
4.913625889457762241e-04
4.781628085765987635e-04
4.553329199552536011e-04
4.381467297207564116e-04
7.317432318814098835e-04
4.050957795698195696e-04
9.172335267066955566e-04
3.737133520189672709e-04
1.197303063236176968e-03
3.441736917011439800e-04
3.306974249426275492e-04
4.772300599142909050e-04
4.643795837182551622e-04
2.904638822656124830e-04
2.776260371319949627e-04
2.746874815784394741e-04
2.536251267883926630e-04
2.433899935567751527e-04
2.326127578271552920e-04
2.228073863079771399e-04
2.117361145792528987e-04
1.054298132658004761e-03
1.930002326844260097e-04
1.850202243076637387e-04
1.258784322999417782e-03
1.675041567068547010e-04
1.665157178649678826e-04
1.564733975101262331e-04
1.451567077310755849e-04
1.571689062984660268e-04
1.917623169720172882e-02
1.276061957469210029e-04
1.232790964422747493e-04
1.193795615108683705e-04
1.154752753791399300e-04
1.115616250899620354e-04
1.076422486221417785e-04
1.037257388816215098e-04
9.985173528548330069e-05
9.600166958989575505e-05
9.219666389981284738e-05
8.843958494253456593e-05
8.480148244416341186e-05
8.107549365377053618e-05
2.315845049452036619e-04
7.414207357214763761e-05
7.194459612946957350e-05
6.905237387400120497e-05
6.452891102526336908e-05
6.324586138362064958e-05
5.886303915758617222e-05
5.736075763707049191e-05
5.373377280193381011e-05
5.125772440806031227e-05
1.596337184309959412e-03
4.681203790823929012e-05
4.465703750611282885e-05
5.201617750572040677e-05
4.083050225744955242e-05
3.901428863173350692e-05
3.848217602353543043e-05
3.609164923545904458e-05
3.428550189710222185e-05
3.460493098828010261e-05
3.149344775010831654e-05
3.144199945381842554e-05
2.923168358393013477e-05
3.465425106696784496e-05
2.678125201782677323e-05
3.199601269443519413e-05
2.479115937603637576e-05
2.782755836960859597e-05
2.304402187291998416e-05
4.550087032839655876e-05
2.141790901077911258e-05
2.351343391637783498e-05
2.003603731282055378e-05
1.936132866831030697e-05
1.877441900433041155e-05
1.827095002226997167e-05
1.768836045812349766e-05
1.124783768318593502e-03
1.666577554715331644e-05
2.268569551233667880e-05
1.690608914941549301e-04
1.525557127024512738e-05
1.835446710174437612e-05
1.819776480260770768e-05
1.899685048556420952e-05
1.392700141877867281e-05
1.366073411190882325e-05
1.342264658887870610e-05
1.319187231274554506e-05
1.296388199989451095e-05
1.274068654311122373e-05
1.250794957741163671e-05
1.231585065397666767e-05
1.205450371344340965e-05
1.578292358317412436e-05
1.186478766612708569e-05
1.180223625851795077e-05
1.617204543435946107e-05
1.139402138505829498e-05
1.082832568499725312e-05
1.231525038747349754e-05
1.053470441547688097e-05
1.025735218718182296e-05
1.372479073324939236e-05
9.931846761901397258e-06
2.517551649361848831e-03
9.667277481639757752e-06
9.467397831031121314e-06
1.204697673529153690e-05
6.665191904176026583e-05
9.077179129235446453e-06
5.994591047056019306e-04
8.832103048916906118e-06
1.586084719747304916e-03
8.601605259173084050e-06
8.651660209579858929e-06
8.942884960561059415e-06
8.331166100106202066e-06
8.194387191906571388e-06
8.109935151878744364e-06
8.242560397775378078e-06
7.880749035393819213e-05
7.772645403747446835e-06
