4.524807259440422058e-02
4.012050852179527283e-02
2.665993012487888336e-02
2.631858922541141510e-02
2.628208696842193604e-02
2.623195759952068329e-02
2.619688585400581360e-02
2.616450935602188110e-02
2.613401785492897034e-02
2.610522881150245667e-02
2.607820928096771240e-02
2.605295553803443909e-02
2.602942846715450287e-02
2.600753866136074066e-02
2.598718181252479553e-02
2.596821635961532593e-02
2.595050446689128876e-02
2.593388408422470093e-02
2.591818943619728088e-02
2.590324170887470245e-02
2.588885650038719177e-02
2.587484009563922882e-02
2.586099319159984589e-02
2.584709413349628448e-02
2.583290822803974152e-02
2.581817284226417542e-02
2.580258622765541077e-02
2.578581124544143677e-02
2.576746046543121338e-02
2.574710547924041748e-02
2.572432905435562134e-02
2.569877356290817261e-02
2.567024342715740204e-02
2.563868463039398193e-02
2.560407295823097229e-02
2.556618675589561462e-02
2.552454546093940735e-02
2.547861263155937195e-02
2.542797848582267761e-02
2.537249214947223663e-02
2.531227283179759979e-02
2.524767443537712097e-02
2.517926879227161407e-02
2.510775811970233917e-02
2.503387629985809326e-02
2.495831064879894257e-02
2.488162741065025330e-02
2.480433136224746704e-02
2.472694218158721924e-02
2.465009130537509918e-02
2.457446232438087463e-02
2.450053393840789795e-02
2.442851290106773376e-02
2.435845695436000824e-02
2.429041080176830292e-02
2.422444708645343781e-02
2.416068129241466522e-02
2.409924753010272980e-02
2.404031530022621155e-02
2.398405224084854126e-02
2.393063530325889587e-02
2.388020604848861694e-02
2.383287809789180756e-02
2.378870360553264618e-02
2.374769747257232666e-02
2.370979450643062592e-02
2.367489412426948547e-02
2.364282868802547455e-02
2.361339703202247620e-02
2.358636260032653809e-02
2.356147393584251404e-02
2.353846281766891479e-02
2.351707220077514648e-02
2.349705249071121216e-02
2.347817271947860718e-02
2.346024289727210999e-02
2.344306744635105133e-02
2.342650294303894043e-02
2.341042086482048035e-02
2.339470759034156799e-02
2.337926253676414490e-02
2.336400747299194336e-02
2.334886975586414337e-02
2.333378791809082031e-02
2.331870794296264648e-02
2.330357395112514496e-02
2.328835055232048035e-02
2.327298372983932495e-02
2.325743995606899261e-02
2.324168570339679718e-02
2.322567813098430634e-02
2.320938929915428162e-02
2.319279126822948456e-02
2.317584864795207977e-02
2.315854653716087341e-02
2.314085140824317932e-02
2.312275022268295288e-02
2.310421876609325409e-02
2.308523654937744141e-02
2.306579239666461945e-02
2.304587885737419128e-02
2.302547357976436615e-02
2.300456725060939789e-02
2.298315614461898804e-02
2.296122908592224121e-02
2.293877676129341125e-02
2.291580289602279663e-02
2.289229258894920349e-02
2.286824584007263184e-02
2.284365519881248474e-02
2.281851507723331451e-02
2.279281429946422577e-02
2.276654355227947235e-02
2.274005673825740814e-02
4.531409591436386108e-02
2.287834137678146362e-02
2.266411297023296356e-02
2.263856306672096252e-02
2.261340431869029999e-02
2.258701249957084656e-02
2.256001718342304230e-02
2.253286167979240417e-02
2.250520139932632446e-02
2.247701771557331085e-02
2.244829759001731873e-02
2.241901867091655731e-02
2.238916233181953430e-02
2.235870808362960815e-02
2.232763357460498810e-02
2.229591086506843567e-02
2.226351201534271240e-02
2.223040908575057983e-02
2.219657227396965027e-02
2.216196805238723755e-02
2.212655916810035706e-02
2.209031581878662109e-02
2.205319330096244812e-02
2.201515249907970428e-02
2.197615616023540497e-02
2.193615399301052094e-02
2.189511619508266449e-02
2.187311276793479919e-02
2.265280671417713165e-02
2.227748930454254150e-02
2.173633873462677002e-02
2.169614098966121674e-02
2.165258117020130157e-02
2.160863764584064484e-02
2.156506851315498352e-02
2.152039483189582825e-02
2.147464826703071594e-02
2.142778411507606506e-02
2.137977816164493561e-02
2.133060246706008911e-02
2.128022909164428711e-02
2.122864313423633575e-02
2.117582038044929504e-02
2.112174965441226959e-02
2.106640674173831940e-02
2.100978977978229523e-02
2.095188200473785400e-02
2.089267596602439880e-02
2.083216793835163116e-02
2.077035978436470032e-02
2.070724591612815857e-02
2.064283005893230438e-02
2.057711593806743622e-02
2.051011845469474792e-02
2.044183202087879181e-02
2.037227712571620941e-02
2.030146494507789612e-02
2.022940479218959808e-02
2.015610970556735992e-02
2.008159831166267395e-02
2.000588178634643555e-02
1.992937922477722168e-02
3.423996269702911377e-02
1.986958831548690796e-02
1.971166022121906281e-02
1.963553391396999359e-02
1.955860666930675507e-02
1.948141679167747498e-02
1.940438523888587952e-02
1.932653971016407013e-02
1.924770884215831757e-02
1.916790008544921875e-02
1.908711716532707214e-02
1.900535263121128082e-02
1.892261952161788940e-02
1.883891038596630096e-02
1.875421963632106781e-02
1.866854541003704071e-02
1.858188770711421967e-02
1.849422231316566467e-02
1.840554177761077881e-02
1.831582374870777130e-02
1.822504587471485138e-02
1.813317090272903442e-02
1.804016530513763428e-02
1.794598810374736786e-02
1.785058714449405670e-02
1.775390654802322388e-02
1.765589416027069092e-02
1.755978167057037354e-02
1.844628341495990753e-02
1.763144880533218384e-02
1.727044768631458282e-02
1.717406138777732849e-02
1.707580499351024628e-02
1.697571761906147003e-02
1.687508635222911835e-02
1.677295006811618805e-02
1.666938140988349915e-02
1.656443811953067780e-02
1.645825430750846863e-02
1.635104045271873474e-02
1.624307036399841309e-02
1.613463275134563446e-02
1.602597534656524658e-02
1.591729000210762024e-02
1.580872014164924622e-02
1.570039987564086914e-02
1.559244003146886826e-02
1.548495329916477203e-02
1.537802815437316895e-02
1.527172327041625977e-02
1.516608335077762604e-02
1.506111957132816315e-02
1.495683938264846802e-02
1.485322043299674988e-02
1.492508780211210251e-02
1.543587353080511093e-02
1.459993422031402588e-02
1.447465643286705017e-02
1.437596976757049561e-02
1.428120303899049759e-02
1.418883074074983597e-02
1.409678347408771515e-02
1.400491036474704742e-02
1.391318719834089279e-02
1.382160186767578125e-02
1.373013481497764587e-02
1.363878604024648666e-02
1.354755926877260208e-02
1.345646008849143982e-02
1.336549408733844757e-02
1.327467430382966995e-02
1.318402215838432312e-02
1.309354603290557861e-02
1.300325803458690643e-02
1.291317585855722427e-02
1.282331626862287521e-02
1.273368485271930695e-02
1.264430303126573563e-02
1.255518384277820587e-02
1.246633846312761307e-02
1.237797830253839493e-02
1.471021957695484161e-02
1.286437641829252243e-02
1.220954954624176025e-02
1.206237263977527618e-02
1.198141183704137802e-02
1.190485246479511261e-02
1.182826142758131027e-02
1.175205502659082413e-02
1.167610008269548416e-02
1.160041522234678268e-02
1.152500230818986893e-02
1.144987996667623520e-02
1.137505564838647842e-02
1.130054146051406860e-02
1.122634578496217728e-02
1.115248538553714752e-02
1.107896864414215088e-02
1.100580673664808273e-02
1.093301456421613693e-02
1.086059585213661194e-02
1.078857015818357468e-02
1.071694027632474899e-02
1.064572390168905258e-02
1.057492475956678391e-02
1.050455588847398758e-02
1.043462473899126053e-02
1.036514528095722198e-02
1.029612030833959579e-02
1.022756006568670273e-02
1.015947479754686356e-02
1.009187567979097366e-02
1.002476643770933151e-02
9.958161041140556335e-03
9.892061352729797363e-03
9.826490655541419983e-03
9.807478636503219604e-03
1.087917014956474304e-02
9.793652221560478210e-03
9.583840146660804749e-03
9.525307454168796539e-03
9.466999210417270660e-03
9.409814141690731049e-03
9.353389963507652283e-03
9.297565557062625885e-03
9.242336265742778778e-03
9.187716990709304810e-03
9.133723564445972443e-03
9.080359712243080139e-03
9.027622640132904053e-03
8.975509554147720337e-03
8.924017660319805145e-03
8.873140439391136169e-03
8.822876028716564178e-03
8.773220703005790710e-03
8.724174462258815765e-03
8.675739169120788574e-03
8.627912960946559906e-03
8.580696769058704376e-03
8.534098044037818909e-03
8.646272122859954834e-03
8.515444584190845490e-03
8.409195579588413239e-03
8.374374359846115112e-03
8.322893641889095306e-03
8.282032795250415802e-03
8.242589421570301056e-03
8.203688077628612518e-03
8.165290579199790955e-03
8.127395994961261749e-03
8.090004324913024902e-03
8.053117431700229645e-03
8.016724139451980591e-03
7.980830036103725433e-03
7.945433259010314941e-03
7.910528220236301422e-03
7.876113057136535645e-03
7.842188701033592224e-03
7.808746770024299622e-03
7.775783073157072067e-03
7.743299007415771484e-03
7.711288984864950180e-03
7.679747883230447769e-03
7.649564184248447418e-03
8.023330941796302795e-03
7.780183572322130203e-03
7.589992135763168335e-03
7.538438308984041214e-03
7.508653216063976288e-03
7.481686305254697800e-03
7.455439306795597076e-03
7.429605815559625626e-03
7.404139731079339981e-03
7.379037328064441681e-03
7.354296278208494186e-03
7.329908665269613266e-03
7.305880077183246613e-03
7.282194681465625763e-03
7.258854806423187256e-03
7.235852070152759552e-03
7.213181350380182266e-03
7.190836593508720398e-03
7.168815005570650101e-03
7.147106342017650604e-03
7.125706877559423447e-03
7.111302576959133148e-03
7.953745312988758087e-03
7.195030339062213898e-03
7.059813942760229111e-03
7.029030937701463699e-03
7.009582128375768661e-03
6.991221103817224503e-03
6.973215844482183456e-03
6.955450400710105896e-03
6.937884725630283356e-03
6.920514628291130066e-03
6.903329398483037949e-03
6.886320654302835464e-03
6.869481410831212997e-03
6.852801423519849777e-03
6.836273707449436188e-03
6.819884758442640305e-03
6.803627125918865204e-03
6.787490099668502808e-03
6.771464832127094269e-03
6.755535956472158432e-03
6.739879027009010315e-03
7.442479953169822693e-03
6.848406046628952026e-03
6.718853488564491272e-03
6.683916319161653519e-03
6.668145768344402313e-03
6.654001772403717041e-03
6.639936007559299469e-03
6.625883746892213821e-03
6.611831486225128174e-03
6.597764324396848679e-03
6.583673879504203796e-03
6.569555960595607758e-03
6.555397529155015945e-03
6.541193462908267975e-03
6.526933982968330383e-03
6.512613501399755478e-03
6.498229224234819412e-03
6.483769044280052185e-03
6.469225976616144180e-03
6.454599555581808090e-03
6.440307479351758957e-03
6.435344927012920380e-03
6.597666069865226746e-03
6.413985509425401688e-03
6.394862663000822067e-03
6.371645256876945496e-03
6.356529891490936279e-03
6.342285312712192535e-03
6.328012794256210327e-03
6.313631311058998108e-03
6.299109198153018951e-03
6.284435745328664780e-03
6.269600242376327515e-03
6.254595238715410233e-03
6.239406764507293701e-03
6.224027834832668304e-03
6.208842154592275620e-03
6.192955188453197479e-03
6.176793016493320465e-03
6.160631310194730759e-03
6.144210696220397949e-03
6.137113086879253387e-03
6.314799655228853226e-03
6.105762906372547150e-03
6.082057487219572067e-03
6.064907182008028030e-03
6.047789938747882843e-03
6.030714605003595352e-03
6.013469770550727844e-03
5.995917133986949921e-03
5.978046916425228119e-03
5.959847941994667053e-03
5.941309034824371338e-03
5.922423675656318665e-03
5.903171841055154800e-03
5.885256454348564148e-03
5.863613449037075043e-03
5.844863131642341614e-03
5.827068816870450974e-03
5.869769956916570663e-03
5.788032896816730499e-03
5.761574022471904755e-03
5.739577580243349075e-03
5.716512445360422134e-03
5.692620761692523956e-03
5.668303929269313812e-03
5.644040647894144058e-03
5.619546398520469666e-03
5.594479851424694061e-03
5.633268039673566818e-03
5.562743637710809708e-03
5.522975232452154160e-03
5.496738944202661514e-03
5.470609292387962341e-03
5.444238893687725067e-03
5.417139269411563873e-03
5.389195866882801056e-03
5.360374692827463150e-03
5.330629646778106689e-03
5.299932789057493210e-03
5.268269684165716171e-03
5.235641729086637497e-03
5.202072206884622574e-03
5.167617462575435638e-03
5.132350604981184006e-03
5.096384324133396149e-03
5.059853196144104004e-03
5.027832463383674622e-03
5.044968798756599426e-03
4.961555823683738708e-03
4.921150859445333481e-03
4.886790644377470016e-03
4.853355232626199722e-03
4.820773378014564514e-03
4.788832738995552063e-03
4.757532849907875061e-03
4.726918414235115051e-03
4.697012715041637421e-03
4.667806904762983322e-03
4.639281891286373138e-03
4.611394368112087250e-03
4.584090784192085266e-03
4.557309672236442566e-03
4.530979786068201065e-03
4.506707191467285156e-03
4.954548552632331848e-03
4.532128572463989258e-03
4.435539711266756058e-03
4.414092283695936203e-03
4.390941932797431946e-03
4.368868190795183182e-03
4.346895031630992889e-03
4.324931185692548752e-03
4.302950110286474228e-03
4.280936904251575470e-03
4.258869215846061707e-03
4.236737266182899475e-03
4.214516840875148773e-03
4.192205145955085754e-03
4.169786814600229263e-03
4.147290252149105072e-03
4.125310108065605164e-03
4.316986072808504105e-03
4.180258139967918396e-03
4.072018899023532867e-03
4.038773942738771439e-03
4.015391226857900620e-03
3.993466030806303024e-03
3.971411846578121185e-03
3.949219826608896255e-03
3.926871344447135925e-03
3.904360579326748848e-03
3.882215823978185654e-03
4.607981070876121521e-03
3.902903757989406586e-03
3.825665684416890144e-03
3.797062905505299568e-03
3.775064833462238312e-03
3.753767581656575203e-03
3.732321085408329964e-03
3.710736986249685287e-03
3.689007135108113289e-03
3.667134325951337814e-03
3.645115531980991364e-03
3.623099764809012413e-03
3.601515665650367737e-03
3.578545292839407921e-03
3.911891486495733261e-03
3.603908000513911247e-03
3.522286657243967056e-03
3.493402851745486259e-03
3.471105126664042473e-03
3.449750598520040512e-03
3.428293857723474503e-03
3.406742122024297714e-03
3.385099349543452263e-03
3.365289885550737381e-03
3.352084429934620857e-03
3.323856741189956665e-03
3.302898025140166283e-03
3.280712291598320007e-03
3.259916091337800026e-03
3.239275189116597176e-03
3.218567930161952972e-03
3.197808517143130302e-03
3.176992526277899742e-03
3.156137187033891678e-03
3.203980857506394386e-03
3.320368938148021698e-03
3.101229434832930565e-03
3.077205969020724297e-03
3.058051690459251404e-03
3.038787981495261192e-03
3.019558731466531754e-03
3.000334836542606354e-03
2.981089754030108452e-03
2.961819758638739586e-03
2.942532999441027641e-03
2.923229942098259926e-03
2.903914777562022209e-03
2.884590998291969299e-03
2.865296788513660431e-03
3.709473181515932083e-03
2.926191780716180801e-03
2.817814238369464874e-03
2.794084371998906136e-03
2.776518464088439941e-03
2.759193535894155502e-03
2.741906326264142990e-03
2.724651712924242020e-03
2.707399893552064896e-03
2.690156456083059311e-03
2.672921400517225266e-03
2.655697753652930260e-03
2.638490870594978333e-03
2.621299121528863907e-03
2.604125766083598137e-03
2.586993388831615448e-03
3.040346782654523849e-03
2.583711408078670502e-03
2.542104106396436691e-03
2.524761715903878212e-03
2.508950419723987579e-03
2.493698149919509888e-03
2.478665206581354141e-03
2.463656244799494743e-03
2.448667073622345924e-03
2.433696063235402107e-03
2.418745541945099831e-03
2.403816441074013710e-03
2.388911088928580284e-03
2.374031115323305130e-03
2.496064407750964165e-03
2.438074909150600433e-03
2.331676660105586052e-03
2.317209029570221901e-03
2.303012413904070854e-03
2.289085881784558296e-03
2.275180537253618240e-03
2.261314075440168381e-03
2.249828074127435684e-03
2.234405605122447014e-03
2.331192139536142349e-03
2.210425911471247673e-03
2.197470515966415405e-03
2.181334653869271278e-03
2.168114529922604561e-03
2.155058784410357475e-03
2.144924132153391838e-03
2.130473032593727112e-03
2.136384369805455208e-03
2.104697516188025475e-03
2.092105569317936897e-03
2.079813741147518158e-03
2.067421097308397293e-03
2.062697894871234894e-03
2.166007412597537041e-03
2.032858319580554962e-03
2.021206542849540710e-03
2.008124953135848045e-03
1.996509497985243797e-03
1.984876347705721855e-03
1.973282778635621071e-03
2.062598010525107384e-03
2.045273315161466599e-03
1.949890516698360443e-03
1.929755788296461105e-03
1.918229740113019943e-03
1.907130121253430843e-03
1.896246918477118015e-03
1.886357204057276249e-03
1.876126974821090698e-03
2.082681516185402870e-03
1.877490198239684105e-03
1.846866565756499767e-03
1.832889392971992493e-03
1.822440070100128651e-03
1.813227660022675991e-03
1.970345852896571159e-03
1.823533792048692703e-03
1.786248642019927502e-03
1.772425719536840916e-03
1.762501662597060204e-03
1.752553158439695835e-03
1.742667518556118011e-03
1.732818782329559326e-03
1.839244854636490345e-03
1.765926135703921318e-03
1.704816590063273907e-03
1.695640268735587597e-03
1.685410970821976662e-03
1.675998093560338020e-03
1.666602911427617073e-03
1.657190849073231220e-03
1.648057834245264530e-03
1.904006698168814182e-03
1.650043763220310211e-03
1.635422231629490852e-03
1.613876316696405411e-03
1.603739336133003235e-03
1.595031004399061203e-03
1.586323021911084652e-03
1.577594084665179253e-03
1.568851643241941929e-03
1.560090109705924988e-03
1.551309484057128429e-03
1.542511046864092350e-03
1.533697475679218769e-03
1.964291092008352280e-03
1.665984513238072395e-03
1.518688164651393890e-03
1.501737744547426701e-03
1.493479241617023945e-03
1.485582790337502956e-03
1.477705664001405239e-03
1.469818875193595886e-03
1.461911248043179512e-03
1.453980570659041405e-03
1.446026028133928776e-03
1.438048202544450760e-03
1.430047210305929184e-03
1.422022818587720394e-03
1.413973630405962467e-03
1.406245166435837746e-03
1.401954097673296928e-03
1.406094641424715519e-03
1.385338837280869484e-03
1.374551560729742050e-03
1.366604119539260864e-03
1.358664943836629391e-03
1.350747537799179554e-03
1.342814997769892216e-03
1.334892236627638340e-03
1.451321179047226906e-03
1.407565781846642494e-03
1.311720698140561581e-03
1.304977922700345516e-03
1.296666800044476986e-03
1.288931001909077168e-03
1.281309872865676880e-03
1.273660338483750820e-03
1.265986938960850239e-03
1.258288742974400520e-03
1.250665751285851002e-03
1.249052002094686031e-03
1.397122745402157307e-03
1.250653527677059174e-03
1.223344588652253151e-03
1.213940326124429703e-03
1.206254819408059120e-03
1.198919373564422131e-03
1.191555289551615715e-03
1.184171298518776894e-03
1.176764490082859993e-03
1.169336494058370590e-03
1.188163529150187969e-03
1.205924199894070625e-03
1.182833337225019932e-03
1.148363458923995495e-03
1.134553458541631699e-03
1.127135124988853931e-03
1.120192697271704674e-03
1.113248756155371666e-03
1.106285024434328079e-03
1.099299057386815548e-03
1.092287711799144745e-03
1.085252268239855766e-03
1.078357105143368244e-03
1.072349376045167446e-03
1.064264099113643169e-03
1.057330751791596413e-03
1.050453050993382931e-03
1.265967963263392448e-03
1.073629478923976421e-03
1.029731356538832188e-03
1.023185322992503643e-03
1.016059308312833309e-03
1.009209896437823772e-03
1.002306933514773846e-03
9.954043198376893997e-04
9.890546789392828941e-04
1.136964070610702038e-03
9.992222767323255539e-04
9.695842745713889599e-04
9.626369574107229710e-04
9.558984893374145031e-04
9.493911638855934143e-04
9.428887278772890568e-04
9.363691788166761398e-04
9.298304794356226921e-04
9.232740849256515503e-04
9.166973759420216084e-04
9.101053583435714245e-04
9.035103139467537403e-04
1.080956542864441872e-03
9.560692706145346165e-04
8.915413636714220047e-04
8.792396401986479759e-04
8.720890618860721588e-04
8.658138103783130646e-04
8.595636463724076748e-04
8.533113286830484867e-04
8.470457396470010281e-04
8.407719433307647705e-04
8.528677863068878651e-04
8.457756484858691692e-04
8.236676803790032864e-04
8.165221661329269409e-04
8.103692671284079552e-04
8.040539687499403954e-04
7.979621877893805504e-04
7.918610353954136372e-04
7.857460877858102322e-04
7.796295685693621635e-04
8.101391722448170185e-04
7.977974601089954376e-04
7.761362357996404171e-04
7.577621727250516415e-04
7.504876703023910522e-04
7.446043891832232475e-04
7.387983496300876141e-04
7.330228108912706375e-04
7.272381917573511600e-04
7.214439683593809605e-04
7.156440406106412411e-04
7.098370697349309921e-04
7.919824565760791302e-04
1.214070362038910389e-03
7.695329841226339340e-04
6.988303503021597862e-04
6.851293728686869144e-04
6.804562290199100971e-04
6.758474046364426613e-04
6.712386966682970524e-04
6.666494300588965416e-04
6.620508502237498760e-04
6.574424332939088345e-04
6.528258672915399075e-04
6.481990567408502102e-04
6.435633404180407524e-04
6.389204063452780247e-04
6.342681008391082287e-04
6.296073552221059799e-04
6.249389844015240669e-04
6.202632212080061436e-04
6.155806477181613445e-04
6.108919624239206314e-04
6.061958847567439079e-04
6.014934042468667030e-04
5.967862089164555073e-04
5.920722032897174358e-04
5.873536574654281139e-04
5.826312699355185032e-04
5.779028870165348053e-04
5.732193239964544773e-04
5.712271668016910553e-04
5.638520815409719944e-04
5.592640955001115799e-04
5.545978201553225517e-04
5.499602411873638630e-04
5.453279591165482998e-04
5.406944546848535538e-04
5.360599025152623653e-04
5.314257577992975712e-04
5.267895176075398922e-04
5.229885573498904705e-04
5.193848628550767899e-04
5.130885401740670204e-04
5.085574812255799770e-04
5.040008691139519215e-04
4.995603812858462334e-04
6.842332659289240837e-04
4.966943524777889252e-04
4.885331145487725735e-04
4.820470931008458138e-04
4.774939443450421095e-04
4.731184162665158510e-04
4.687533946707844734e-04
4.643959109671413898e-04
4.600436077453196049e-04
4.556995118036866188e-04
4.648593312595039606e-04
4.489154962357133627e-04
4.600413085427135229e-04
4.391207185108214617e-04
4.351231618784368038e-04
4.309080541133880615e-04
4.268238553777337074e-04
4.227701865602284670e-04
4.187219892628490925e-04
4.146801657043397427e-04
4.106462292838841677e-04
4.066187539137899876e-04
4.027598770335316658e-04
1.086679403670132160e-03
3.991741978097707033e-04
3.929849190171808004e-04
3.877013514284044504e-04
3.839731216430664062e-04
3.802977153100073338e-04
3.766325535252690315e-04
3.729870659299194813e-04
3.693504258990287781e-04
3.657216439023613930e-04
3.621008363552391529e-04
3.584887308534234762e-04
3.548853856045752764e-04
3.512899857014417648e-04
3.477150166872888803e-04
8.474915521219372749e-04
3.631274739746004343e-04
3.391068312339484692e-04
3.352269122842699289e-04
3.309729800093919039e-04
3.275177150499075651e-04
3.242095990572124720e-04
3.209159476682543755e-04
3.176584141328930855e-04
3.156791499350219965e-04
3.115791769232600927e-04
3.080346505157649517e-04
3.047877398785203695e-04
3.016056434717029333e-04
2.984401944559067488e-04
2.993042580783367157e-04
4.488429112825542688e-04
2.899375103879719973e-04
2.878223313018679619e-04
2.836000057868659496e-04
2.803483803290873766e-04
2.773726009763777256e-04
2.744268276728689671e-04
2.714932779781520367e-04
2.685762883629649878e-04
2.690179389901459217e-04
4.327457863837480545e-04
2.845303097274154425e-04
2.605651388876140118e-04
2.551334328018128872e-04
2.518270921427756548e-04
2.491437480784952641e-04
2.488804457243531942e-04
2.438385708956047893e-04
2.522958966437727213e-04
2.409202425042167306e-04
2.360138023504987359e-04
2.333469019504263997e-04
2.307791583007201552e-04
2.283945359522476792e-04
2.299715415574610233e-04
2.954920637421309948e-04
2.218176960013806820e-04
2.201967290602624416e-04
2.162243763450533152e-04
2.135945396730676293e-04
2.112136571668088436e-04
2.091607020702213049e-04
5.239276215434074402e-04
2.074646181426942348e-04
2.021029067691415548e-04
2.002792462008073926e-04
1.975006889551877975e-04
1.995351340156048536e-04
1.933462772285565734e-04
1.908731355797499418e-04
1.889429549919441342e-04
5.440561799332499504e-04
2.021248365053907037e-04
1.826025982154533267e-04
1.805116917239502072e-04
1.784226187737658620e-04
1.764167245710268617e-04
1.757023565005511045e-04
1.723349851090461016e-04
1.704293390503153205e-04
1.865105441538617015e-04
2.248407981824129820e-04
1.658301189308986068e-04
1.638968824408948421e-04
1.609942119102925062e-04
1.589768071426078677e-04
1.580097596161067486e-04
1.554991467855870724e-04
4.721885197795927525e-04
1.522837992524728179e-04
1.503512030467391014e-04
1.483134838053956628e-04
1.466984103899449110e-04
1.448943949071690440e-04
1.432011777069419622e-04
1.415170700056478381e-04
1.400305627612397075e-04
1.391513505950570107e-04
3.934127744287252426e-04
1.532380119897425175e-04
1.383543130941689014e-04
1.327692443737760186e-04
1.306057529291138053e-04
1.289219362661242485e-04
1.274129463126882911e-04
1.259110285900533199e-04
1.244194427272304893e-04
1.229375193361192942e-04
1.221384591190144420e-04
1.352893159491941333e-04
1.929092541104182601e-04
1.262009318452328444e-04
1.168176022474654019e-04
1.145802016253583133e-04
1.131989993155002594e-04
1.118431391660124063e-04
1.105088012991473079e-04
1.091821468435227871e-04
1.078642744687385857e-04
1.068345882231369615e-04
2.305563248228281736e-04
1.473892043577507138e-04
1.071527658496052027e-04
1.018403781927190721e-04
1.004708828986622393e-04
9.923763718688860536e-05
9.804974251892417669e-05
9.686890552984550595e-05
9.569658141117542982e-05
9.470210352446883917e-05
4.328757058829069138e-04
1.038056216202676296e-04
3.433400997892022133e-04
1.137344661401584744e-04
9.452873928239569068e-05
8.836193592287600040e-05
8.729755791136994958e-05
8.632941899122670293e-05
8.536116365576162934e-05
8.439967496087774634e-05
8.344653178937733173e-05
8.249866368714720011e-05
8.155725663527846336e-05
8.062662527663633227e-05
8.075540972640737891e-05
7.918051414890214801e-05
7.794078555889427662e-05
7.697788532823324203e-05
7.608333544339984655e-05
7.519455539295449853e-05
7.431126869050785899e-05
7.343309698626399040e-05
7.256142998812720180e-05
7.169484888436272740e-05
7.083547097863629460e-05
7.735690451227128506e-05
6.949310045456513762e-05
6.848367047496140003e-05
6.751050386810675263e-05
6.681506056338548660e-05
1.343822659691795707e-04
7.000900222919881344e-05
6.449391366913914680e-05
6.346996087813749909e-05
6.339470564853399992e-05
1.985833368962630630e-04
7.193539931904524565e-05
6.230281724128872156e-05
5.974985106149688363e-05
5.893580964766442776e-05
5.849595981999300420e-05
1.781020109774544835e-04
8.096565579762682319e-05
5.840002268087118864e-05
5.545045860344544053e-05
5.477209924720227718e-05
5.406400669016875327e-05
5.340971256373450160e-05
5.536871321965008974e-05
7.600377284688875079e-05
5.165160473552532494e-05
5.187522037886083126e-05
5.044893987360410392e-05
4.965025800629518926e-05
4.900023850495927036e-05
5.800533108413219452e-05
4.791355240740813315e-05
5.557422991842031479e-05
1.359013840556144714e-04
4.674652154790237546e-05
4.701129728346131742e-05
4.505534525378607213e-05
4.446141974767670035e-05
4.388654269860126078e-05
4.335573612479493022e-05
4.526439079199917614e-05
7.101058872649446130e-05
4.338079088483937085e-05
4.205040750093758106e-05
4.119644654565490782e-05
4.032385913887992501e-05
4.530764272203668952e-05
3.944986383430659771e-05
3.889917570631951094e-05
3.839388227788731456e-05
3.824956002063117921e-05
1.927359553519636393e-04
3.809836925938725471e-05
4.753723987960256636e-05
3.618631308199837804e-05
3.597759859985671937e-05
3.534099596436135471e-05
3.516877768561244011e-05
3.560161712812259793e-05
3.417144762352108955e-05
3.371433922438882291e-05
3.330359322717413306e-05
3.290226231911219656e-05
3.250966256018728018e-05
3.212685624021105468e-05
1.334985863650217652e-04
1.525621773907914758e-04
3.925482451450079679e-05
3.302358163637109101e-05
3.037452734133694321e-05
3.005602957273367792e-05
3.208510315744206309e-05
2.947871871583629400e-05
2.895093894039746374e-05
2.862219298549462110e-05
2.828419746947474778e-05
2.795613363559823483e-05
2.763155680440831929e-05
2.872405639209318906e-05
9.160553599940612912e-05
3.418436608626507223e-05
2.918064274126663804e-05
2.649697853485122323e-05
2.583167770353611559e-05
2.553240665292833000e-05
2.523803414078429341e-05
2.495246008038520813e-05
2.466933074174448848e-05
2.438908086332958192e-05
2.415997187199536711e-05
4.421820922289043665e-04
3.888072751578874886e-05
3.265150589868426323e-04
2.495042463124264032e-05
2.851284625648986548e-05
2.330334064026828855e-05
2.251741716463584453e-05
2.230667450930923223e-05
2.208239857282023877e-05
2.186997880926355720e-05
2.165928162867203355e-05
2.145042344636749476e-05
2.124335878761485219e-05
2.103780389006715268e-05
2.083381696138530970e-05
2.063129250018391758e-05
2.043016320385504514e-05
2.033584860328119248e-05
2.099513585562817752e-05
2.034398676187265664e-05
1.964845978363882750e-05
1.946405791386496276e-05
1.926859113154932857e-05
1.907917976495809853e-05
1.889213490358088166e-05
1.870675623649731278e-05
1.852255809353664517e-05
1.833984060795046389e-05
1.815881296352017671e-05
1.804305975383613259e-05
2.025051435339264572e-05
1.804526982596144080e-05
1.749956754792947322e-05
1.728228380670771003e-05
1.711135337245650589e-05
1.694093589321710169e-05
1.688160045887343585e-05
2.235213469248265028e-04
1.730104486341588199e-05
1.892443833639845252e-05
1.616003828530665487e-05
1.598536800884176046e-05
1.583163248142227530e-05
1.567249273648485541e-05
1.551908462715800852e-05
1.536925265099853277e-05
3.133726931991986930e-05
1.767688081599771976e-04
3.309752355562523007e-05
1.648605393711477518e-05
1.496492768637835979e-05
1.459980103390989825e-05
2.174310066038742661e-05
1.433105262549361214e-05
1.427594906999729574e-05
1.404879913025069982e-05
1.392419198964489624e-05
1.380109733872814104e-05
1.367830373055767268e-05
1.355706535832723603e-05
1.382967911922605708e-05
1.493314484832808375e-04
4.571242243400774896e-05
1.357268956780899316e-05
1.310366224060999230e-05
1.287778741243528202e-05
1.278303989238338545e-05
1.266029630642151460e-05
1.255301049241097644e-05
1.692473961156792939e-05
5.047264130553230643e-05
3.551192276063375175e-05
1.442085340386256576e-05
1.207849618367617950e-05
1.200850510940654203e-05
1.188271562568843365e-05
1.178354614239651710e-05
1.170878749690018594e-05
1.597683331056032330e-05
1.211661219713278115e-05
1.142695600719889626e-05
1.134411741077201441e-05
1.128081839851802215e-05
1.626143057364970446e-04
3.651683073258027434e-05
1.112248992285458371e-05
1.117125611926894635e-05
1.084699943021405488e-05
1.077750948752509430e-05
1.071580663847271353e-05
1.119434364227345213e-05
1.098027769330656156e-05
1.053894902725005522e-05
1.042662825057050213e-05
1.529238652437925339e-04
5.979651541565544903e-05
1.263774265680694953e-05
1.024392440740484744e-05
1.011974291031947359e-05
9.984361895476467907e-06
9.906461855280213058e-06
9.837530342338141054e-06
1.128579879150493070e-05
1.255245206266408786e-05
3.894507608492858708e-05
4.836206426261924207e-05
1.362133116344921291e-05
1.037160927808145061e-05
9.471856174059212208e-06
9.464427421335130930e-06
2.642351864778902382e-05
6.972800474613904953e-05
9.718139153847005218e-06
1.011286076391115785e-05
9.176018465950619429e-06
9.029676220961846411e-06
8.983937732409685850e-06
1.654123661865014583e-05
2.716996532399207354e-04
4.729867941932752728e-05
4.961936429026536644e-05
1.312411677645286545e-05
9.240639883500989527e-06
8.679813618073239923e-06
8.566280484956223518e-06
8.518281902070157230e-06
8.470762622891925275e-06
8.423984581895638257e-06
8.377537596970796585e-06
8.393584721488878131e-06
2.404828701401129365e-04
1.602255179022904485e-05
2.219792622781824321e-05
9.011459951580036432e-06
8.580504982091952115e-06
8.122092367557343096e-06
8.054093086684588343e-06
8.007888936845120043e-06
7.967048986756708473e-06
7.926977559691295028e-06
7.887229912739712745e-06
7.847700544516555965e-06
7.817105142748914659e-06
5.210186645854264498e-05
2.881363034248352051e-04
5.910754553042352200e-04
1.335879205726087093e-04
3.021589691343251616e-05
1.108880587707972154e-05
8.267208613688126206e-06
7.858223398216068745e-06
7.778714461892377585e-06
7.732928679615724832e-06
7.693327461311127990e-06
7.658933100174181163e-06
7.628088042110903189e-06
7.599831860716221854e-06
7.573275070171803236e-06
7.548242138000205159e-06
7.524040938733378425e-06
7.500632818846497685e-06
7.477658982679713517e-06
7.455200830008834600e-06
7.433042355842189863e-06
7.411164460791042075e-06
7.389330221485579386e-06
7.367810212599579245e-06
7.346446182054933161e-06
7.324937087105354294e-06
7.303826805582502857e-06
7.282687874976545572e-06
7.261387509061023593e-06
7.240277682285523042e-06
7.219246981549076736e-06
7.198168532340787351e-06
7.177079623943427578e-06
7.156006176955997944e-06
7.135066425689728931e-06
7.114053005352616310e-06
7.093057320162188262e-06
7.072046628309180960e-06
7.052147338981740177e-06
1.296123446081764996e-05
7.261494829435832798e-06
7.120438112906413153e-06
6.986000698816496879e-06
6.948864211153704673e-06
6.926261903572594747e-06
6.905314876348711550e-06
6.884753020131029189e-06
6.863841463200515136e-06
6.843072696938179433e-06
6.822264822403667495e-06
6.803441010561073199e-06
1.024406628857832402e-05
7.688163350394461304e-06
6.824129741289652884e-06
6.734822363796411082e-06
6.701163329125847667e-06
6.678425052086822689e-06
6.657942321908194572e-06
6.637415026489179581e-06
6.616967311856569722e-06
6.596543244086205959e-06
6.576046416739700362e-06
6.555507752636913210e-06
6.535065949719864875e-06
6.514619599329307675e-06
6.494199169537751004e-06
6.473768735304474831e-06
6.453380592574831098e-06
1.382430855301208794e-05
9.849580237641930580e-06
6.988056156842503697e-06
6.431693691411055624e-06
6.360340194078162313e-06
6.334529189189197496e-06
6.313385711109731346e-06
6.293419119174359366e-06
6.273442977544618770e-06
6.253455012483755127e-06
6.233537988009629771e-06
6.213636424945434555e-06
6.193620720296166837e-06
6.173756446514744312e-06
6.153805315989302471e-06
6.133850092737702653e-06
6.113959443609928712e-06
6.094071068218909204e-06
6.074209068174241111e-06
6.054269761079922318e-06
6.034376838215393946e-06
6.018993190082255751e-06
2.826651143550407141e-05
2.269710239488631487e-05
8.161565347108989954e-06
5.960989255981985480e-06
5.961582701274892315e-06
6.075917099224170670e-06
5.390744627220556140e-05
7.936353540571872145e-06
9.313272130384575576e-06
5.947224508418003097e-06
5.854085429746191949e-06
5.806813078379491344e-06
5.782918833574512973e-06
5.763467015640344471e-06
6.345842393784550950e-06
6.390322141669457778e-06
3.288978041382506490e-05
5.950754712102934718e-06
5.895877620787359774e-06
5.710193818231346086e-06
5.654030701407464221e-06
5.636991318169748411e-06
5.618398972728755325e-06
5.601066277449717745e-06
5.634303761326009408e-06
1.256512587133329362e-05
2.268899334012530744e-05
1.351600349153159186e-05
5.871815119462553412e-06
6.332851626211777329e-06
4.049926064908504486e-05
3.568789907149039209e-05
1.018641069094883278e-05
5.579805474553722888e-06
5.460543889057589695e-06
6.615348866034764796e-06
1.649557962082326412e-04
9.772707016963977367e-06
5.732556928705889732e-06
1.026197151077212766e-05
6.203070824994938448e-06
5.497644906427012756e-06
6.144757207948714495e-06
1.868792605819180608e-04
9.312505426350980997e-06
7.223235570563701913e-06
5.271346708468627185e-06
5.260318630462279543e-06
5.819786110805580392e-06
7.430234745697816834e-06
1.429998610547045246e-05
3.626629040809348226e-05
1.342019913863623515e-05
6.358341579471016303e-06
5.165776656212983653e-06
5.142786903888918459e-06
5.197256996325450018e-06
9.328134910902008414e-05
5.057008092990145087e-05
9.250095899915322661e-06
5.108586719870800152e-06
5.171876637177774683e-06
5.069462076789932325e-06
5.039662482886342332e-06
5.026137387176277116e-06
5.013199825043557212e-06
5.973656698188278824e-06
9.354032226838171482e-05
2.218612098658923060e-05
6.312460754998028278e-06
5.356108886189758778e-06
5.000280907552223653e-06
4.943856765748932958e-06
4.923702363157644868e-06
4.913813882012618706e-06
1.274421811103820801e-05
5.192118351260432974e-06
5.042597877036314458e-06
1.978747968678362668e-05
5.534139563678763807e-05
1.289340798393823206e-05
4.958584668202092871e-06
4.849779543292243034e-06
4.815623469767160714e-06
4.800641818292206153e-06
4.794121196027845144e-06
6.240783477551303804e-06
1.445527595933526754e-05
1.607205012987833470e-05
6.662962277914630249e-06
4.865623850491829216e-06
4.774783974426100031e-06
4.723308848042506725e-06
4.706290383182931691e-06
4.695624738815240562e-06
4.808007815881865099e-06
2.875891514122486115e-04
1.058663929143222049e-05
6.296468200162053108e-06
4.671689566748682410e-06
4.722275662061292678e-06
4.631732736015692353e-06
4.619308128894772381e-06
4.606560196407372132e-06
4.596531198330922052e-06
4.710501343652140349e-06
3.509474045131355524e-04
3.344032302265986800e-05
9.248286914953496307e-06
5.213576514506712556e-06
4.588034244079608470e-06
4.545189767668489367e-06
4.525631993601564318e-06
4.514105967245995998e-06
4.503944182943087071e-06
4.494538643484702334e-06
5.625855465041240677e-06
1.329271908616647124e-04
1.540632729302160442e-05
6.293151272984687239e-06
4.843664555664872751e-06
4.494021140999393538e-06
4.444460500963032246e-06
4.428336524142650887e-06
4.418498974700924009e-06
4.408912900544237345e-06
4.399497356644133106e-06
4.389954028738429770e-06
4.387273747852304950e-06
1.436096936231479049e-04
2.270168988616205752e-05
4.748643732455093414e-06
5.102324848849093542e-06
4.438503765413770452e-06
4.413514488987857476e-06
4.335479843575740233e-06
4.695460575021570548e-06
4.354460543254390359e-06
4.312151304475264624e-06
4.295798589737387374e-06
4.285462182451738045e-06
4.276824256521649659e-06
4.393162271298933774e-06
3.431700170040130615e-04
3.149708209093660116e-05
6.567050149897113442e-06
4.529966645350214094e-06
4.263115897629177198e-06
4.231419552525039762e-06
4.218939011479960755e-06
4.210395672998856753e-06
4.201645424473099411e-06
4.198826900392305106e-06
2.952575414383318275e-05
2.044310531346127391e-05
6.994595878495601937e-06
4.270732461009174585e-06
4.276928393665002659e-06
4.153660484007559717e-06
4.145651473663747311e-06
4.137059022468747571e-06
4.128837190364720300e-06
4.127075499127386138e-06
4.285346221877261996e-05
