7.559227198362350464e-02
3.675902634859085083e-02
2.775252610445022583e-02
2.641153149306774139e-02
2.620328962802886963e-02
2.615905925631523132e-02
2.614196576178073883e-02
2.612786553800106049e-02
2.611430920660495758e-02
2.610091120004653931e-02
2.608762495219707489e-02
2.607448771595954895e-02
2.606154792010784149e-02
2.604885026812553406e-02
2.603643201291561127e-02
2.602431178092956543e-02
2.601251006126403809e-02
2.600103802978992462e-02
2.598990313708782196e-02
2.597910538315773010e-02
2.596864849328994751e-02
2.595851384103298187e-02
2.594869956374168396e-02
2.593917958438396454e-02
2.592994086444377899e-02
2.592094242572784424e-02
2.591215446591377258e-02
2.590351551771163940e-02
2.589497156441211700e-02
2.588641643524169922e-02
2.587772160768508911e-02
2.586868405342102051e-02
2.585899457335472107e-02
2.584815211594104767e-02
2.583536691963672638e-02
2.581942081451416016e-02
2.579861879348754883e-02
2.577101811766624451e-02
2.573510818183422089e-02
2.569065615534782410e-02
2.563901990652084351e-02
2.558260597288608551e-02
2.552394196391105652e-02
2.546497434377670288e-02
2.540690824389457703e-02
2.535030432045459747e-02
2.529530040919780731e-02
2.524182572960853577e-02
2.518968656659126282e-02
2.513867430388927460e-02
2.508858218789100647e-02
2.503919787704944611e-02
2.499034255743026733e-02
2.494188398122787476e-02
2.489378489553928375e-02
2.484609745442867279e-02
2.479878440499305725e-02
2.475152537226676941e-02
2.470390126109123230e-02
2.465554140508174896e-02
2.460613287985324860e-02
2.455532550811767578e-02
2.450273744761943817e-02
2.444795705378055573e-02
2.439054660499095917e-02
2.433007583022117615e-02
2.426614053547382355e-02
2.419840358197689056e-02
2.412666566669940948e-02
2.405099757015705109e-02
2.397182211279869080e-02
2.388989366590976715e-02
2.380622737109661102e-02
2.372201718389987946e-02
2.363848872482776642e-02
2.355680055916309357e-02
2.347793802618980408e-02
2.340269647538661957e-02
2.333163097500801086e-02
2.326507680118083954e-02
2.320318296551704407e-02
2.314592339098453522e-02
2.309316024184226990e-02
2.304464951157569885e-02
2.300008572638034821e-02
2.295911870896816254e-02
2.292138524353504181e-02
2.288651466369628906e-02
2.285414189100265503e-02
2.282391861081123352e-02
2.279550954699516296e-02
2.276862412691116333e-02
2.274297736585140228e-02
2.271833270788192749e-02
2.269446849822998047e-02
2.267118915915489197e-02
2.264834009110927582e-02
2.262576483190059662e-02
2.260335348546504974e-02
2.258100174367427826e-02
2.255862951278686523e-02
2.253616042435169220e-02
2.251353859901428223e-02
2.249071933329105377e-02
2.246765978634357452e-02
2.244433946907520294e-02
2.242138050496578217e-02
4.163834825158119202e-02
2.250046655535697937e-02
2.250406332314014435e-02
2.235489897429943085e-02
2.233359031379222870e-02
2.231360040605068207e-02
2.229542285203933716e-02
2.227696217596530914e-02
2.225815877318382263e-02
2.223900519311428070e-02
2.221948839724063873e-02
2.219960093498229980e-02
2.217933908104896545e-02
2.215868793427944183e-02
2.213764376938343048e-02
2.211620472371578217e-02
2.209435775876045227e-02
2.207210101187229156e-02
2.204943262040615082e-02
2.202634140849113464e-02
2.200283110141754150e-02
2.197889611124992371e-02
2.195453457534313202e-02
2.193182148039340973e-02
2.191948145627975464e-02
2.303218655288219452e-02
2.186652459204196930e-02
2.185779623687267303e-02
2.181782945990562439e-02
2.179498411715030670e-02
2.177159674465656281e-02
2.174789458513259888e-02
2.172380499541759491e-02
2.169930934906005859e-02
2.167438529431819916e-02
2.164902165532112122e-02
2.162321284413337708e-02
2.159694395959377289e-02
2.157019637525081635e-02
2.154296077787876129e-02
2.151521854102611542e-02
2.148695103824138641e-02
2.145813405513763428e-02
2.142875082790851593e-02
2.139876969158649445e-02
2.136817760765552521e-02
2.133693546056747437e-02
2.130501717329025269e-02
2.127238735556602478e-02
2.123901061713695526e-02
2.120485715568065643e-02
2.116988413035869598e-02
2.113406173884868622e-02
2.109733782708644867e-02
2.105968631803989410e-02
2.102214470505714417e-02
3.177025541663169861e-02
2.157875895500183105e-02
2.097059786319732666e-02
2.087386511266231537e-02
2.083137258887290955e-02
2.079092524945735931e-02
2.074974961578845978e-02
2.070767246186733246e-02
2.066458389163017273e-02
2.062043920159339905e-02
2.057522721588611603e-02
2.052893489599227905e-02
2.048156037926673889e-02
2.043309062719345093e-02
2.038352377712726593e-02
2.033284865319728851e-02
2.028106711804866791e-02
2.022818289697170258e-02
2.017418853938579559e-02
2.011908404529094696e-02
2.006288245320320129e-02
2.000558376312255859e-02
1.994719356298446655e-02
1.988772489130496979e-02
1.982718706130981445e-02
1.976559869945049286e-02
1.970298029482364655e-02
1.963937282562255859e-02
2.005266956984996796e-02
2.101467549800872803e-02
1.950287260115146637e-02
1.941370218992233276e-02
1.934203691780567169e-02
1.927959173917770386e-02
1.921848952770233154e-02
1.915707066655158997e-02
1.909526064991950989e-02
1.903313957154750824e-02
1.897075027227401733e-02
1.890814304351806641e-02
1.884536445140838623e-02
1.878244802355766296e-02
1.871942542493343353e-02
1.865631528198719025e-02
1.859313994646072388e-02
1.852989755570888519e-02
1.846660301089286804e-02
1.840325258672237396e-02
1.833984814584255219e-02
1.827638410031795502e-02
1.821284927427768707e-02
1.814923994243144989e-02
1.808553747832775116e-02
1.802172884345054626e-02
1.796016097068786621e-02
1.902456954121589661e-02
1.811104826629161835e-02
1.778408512473106384e-02
1.772914268076419830e-02
1.766898855566978455e-02
1.761028170585632324e-02
1.755228824913501740e-02
1.749419234693050385e-02
1.743597909808158875e-02
1.737764105200767517e-02
1.731917075812816620e-02
1.726056821644306183e-02
1.720182038843631744e-02
1.714292913675308228e-02
1.708389073610305786e-02
1.702468656003475189e-02
1.696531288325786591e-02
1.690576411783695221e-02
1.684602349996566772e-02
1.678607240319252014e-02
1.672589965164661407e-02
1.666548289358615875e-02
1.660480163991451263e-02
1.654383167624473572e-02
1.648254878818988800e-02
1.646158285439014435e-02
1.924038678407669067e-02
1.659984327852725983e-02
1.627443917095661163e-02
1.619971729815006256e-02
1.614394597709178925e-02
1.608771644532680511e-02
1.603116467595100403e-02
1.597422547638416290e-02
1.591684855520725250e-02
1.585901156067848206e-02
1.580068282783031464e-02
1.574181765317916870e-02
1.568238064646720886e-02
1.562231872230768204e-02
1.556157879531383514e-02
1.550009101629257202e-02
1.543779391795396805e-02
1.537460554391145706e-02
1.531044393777847290e-02
1.524521596729755402e-02
1.517881732434034348e-02
1.511114928871393204e-02
1.504208706319332123e-02
1.497151330113410950e-02
1.489928923547267914e-02
1.482527423650026321e-02
1.474932394921779633e-02
1.467129308730363846e-02
1.459104381501674652e-02
1.450844481587409973e-02
1.442611869424581528e-02
1.628785394132137299e-02
1.455780956894159317e-02
1.418353058397769928e-02
1.409845054149627686e-02
1.401327922940254211e-02
1.392690464854240417e-02
1.383970119059085846e-02
1.375132240355014801e-02
1.366198528558015823e-02
1.357193663716316223e-02
1.348141673952341080e-02
1.339066866785287857e-02
1.329991687089204788e-02
1.320935878902673721e-02
1.311917696148157120e-02
1.302951481193304062e-02
1.294049154967069626e-02
1.285219658166170120e-02
1.276469882577657700e-02
1.267803739756345749e-02
1.259224396198987961e-02
1.250732969492673874e-02
1.242330204695463181e-02
1.234014797955751419e-02
1.226288080215454102e-02
1.452679652720689774e-02
1.232165656983852386e-02
1.203339826315641403e-02
1.196217909455299377e-02
1.188686583191156387e-02
1.181547436863183975e-02
1.174473483115434647e-02
1.167456805706024170e-02
1.160495262593030930e-02
1.153587084263563156e-02
1.146730035543441772e-02
1.139923185110092163e-02
1.133164111524820328e-02
1.126451510936021805e-02
1.119784452021121979e-02
1.113160327076911926e-02
1.106578111648559570e-02
1.100036501884460449e-02
1.093533542007207870e-02
1.087068021297454834e-02
1.080639194697141647e-02
1.074245851486921310e-02
1.067887432873249054e-02
1.061563659459352493e-02
1.055512670427560806e-02
1.173637807369232178e-02
1.048085466027259827e-02
1.040254533290863037e-02
1.032001245766878128e-02
1.026395242661237717e-02
1.020760182291269302e-02
1.015176251530647278e-02
1.009625289589166641e-02
1.004104875028133392e-02
9.986145421862602234e-03
9.931550361216068268e-03
9.877274744212627411e-03
9.823318570852279663e-03
9.769690223038196564e-03
9.716400876641273499e-03
9.663454256951808929e-03
9.610857814550399780e-03
9.558617137372493744e-03
9.506740607321262360e-03
9.455234743654727936e-03
9.404101409018039703e-03
9.353350847959518433e-03
9.302984923124313354e-03
9.261894039809703827e-03
9.949665516614913940e-03
9.258213452994823456e-03
9.123089723289012909e-03
9.068544954061508179e-03
9.023298509418964386e-03
8.978765457868576050e-03
8.934604935348033905e-03
8.890840224921703339e-03
8.847458288073539734e-03
8.804464712738990784e-03
8.761866018176078796e-03
8.719668723642826080e-03
8.677886798977851868e-03
8.636526763439178467e-03
8.595610968768596649e-03
8.555149659514427185e-03
8.515150286257266998e-03
8.475643582642078400e-03
8.436943404376506805e-03
9.498293511569499969e-03
8.365330286324024200e-03
8.334176614880561829e-03
8.295826613903045654e-03
8.259641006588935852e-03
8.225650526583194733e-03
8.192398585379123688e-03
8.159628137946128845e-03
8.127329871058464050e-03
8.095511235296726227e-03
8.064169436693191528e-03
8.033302612602710724e-03
8.002914488315582275e-03
7.973004132509231567e-03
7.943567819893360138e-03
7.914606481790542603e-03
7.886116392910480499e-03
7.858094759285449982e-03
7.836764678359031677e-03
8.149597793817520142e-03
7.878964766860008240e-03
7.766205817461013794e-03
7.732166443020105362e-03
7.707918062806129456e-03
7.684663869440555573e-03
7.661771960556507111e-03
7.639279123395681381e-03
7.617168128490447998e-03
7.595435716211795807e-03
7.574079558253288269e-03
7.553093135356903076e-03
7.532476447522640228e-03
7.512229029089212418e-03
7.492350880056619644e-03
7.472838740795850754e-03
7.453697267919778824e-03
7.434970233589410782e-03
9.269419126212596893e-03
7.402095012366771698e-03
7.408489473164081573e-03
7.369369734078645706e-03
7.351248990744352341e-03
7.335172966122627258e-03
7.319641299545764923e-03
7.304411381483078003e-03
7.289479020982980728e-03
7.274826522916555405e-03
7.260448765009641647e-03
7.246339228004217148e-03
7.232491392642259598e-03
7.218900602310895920e-03
7.205559872090816498e-03
7.192470598965883255e-03
7.179706823080778122e-03
7.171545643359422684e-03
7.748353295028209686e-03
7.177560590207576752e-03
7.140658795833587646e-03
7.122310809791088104e-03
7.110380567610263824e-03
7.099626120179891586e-03
7.089084945619106293e-03
7.078723516315221786e-03
7.068524602800607681e-03
7.058483548462390900e-03
7.048594765365123749e-03
7.038854993879795074e-03
7.029249798506498337e-03
7.019777316600084305e-03
7.010435219854116440e-03
7.045133039355278015e-03
7.544617168605327606e-03
6.996055133640766144e-03
6.976353935897350311e-03
6.968680769205093384e-03
6.959898397326469421e-03
6.951928138732910156e-03
6.944038905203342438e-03
6.936231628060340881e-03
6.928491871803998947e-03
6.920807063579559326e-03
6.913172081112861633e-03
6.905581802129745483e-03
6.898028310388326645e-03
6.890508811920881271e-03
6.883025635033845901e-03
6.875581573694944382e-03
6.868191063404083252e-03
8.240229450166225433e-03
6.913290824741125107e-03
6.854308769106864929e-03
6.843622308224439621e-03
6.834390107542276382e-03
6.827414967119693756e-03
6.820645648986101151e-03
6.813948508352041245e-03
6.807300262153148651e-03
6.800692062824964523e-03
6.794121582061052322e-03
6.787585560232400894e-03
6.781081669032573700e-03
6.774608511477708817e-03
6.768204271793365479e-03
7.793467957526445389e-03
6.881195586174726486e-03
6.758667528629302979e-03
6.743868347257375717e-03
6.738155614584684372e-03
6.732061505317687988e-03
6.726263556629419327e-03
6.720560602843761444e-03
6.714936345815658569e-03
6.709387060254812241e-03
6.703912280499935150e-03
6.698505487293004990e-03
6.693182047456502914e-03
7.008688524365425110e-03
6.684912834316492081e-03
6.680732127279043198e-03
6.674249190837144852e-03
6.668742746114730835e-03
6.663659121841192245e-03
6.658980622887611389e-03
6.654342636466026306e-03
6.649745162576436996e-03
6.645185872912406921e-03
6.640654988586902618e-03
6.636158097535371780e-03
6.631683558225631714e-03
6.629470735788345337e-03
6.983507890254259109e-03
6.653958000242710114e-03
6.614967714995145798e-03
6.610999349504709244e-03
6.606686394661664963e-03
6.602617911994457245e-03
6.598587147891521454e-03
6.594554986804723740e-03
6.590519100427627563e-03
6.586476229131221771e-03
6.582426372915506363e-03
6.578360218554735184e-03
6.574278231710195541e-03
6.576248910278081894e-03
6.573325488716363907e-03
6.565337534993886948e-03
6.559477187693119049e-03
6.555203814059495926e-03
6.550801917910575867e-03
6.546745076775550842e-03
6.542672403156757355e-03
6.538574583828449249e-03
6.534441374242305756e-03
6.530273705720901489e-03
6.526065990328788757e-03
6.538357585668563843e-03
6.830739323049783707e-03
6.532391067594289780e-03
6.511232815682888031e-03
6.506636738777160645e-03
6.502135191112756729e-03
6.497893948107957840e-03
6.493647117167711258e-03
6.489364895969629288e-03
6.485045887529850006e-03
6.480683106929063797e-03
6.476283073425292969e-03
6.471893750131130219e-03
6.659319158643484116e-03
6.493147928267717361e-03
6.466424092650413513e-03
6.455983500927686691e-03
6.451409775763750076e-03
6.446866784244775772e-03
6.442402023822069168e-03
6.437913049012422562e-03
6.433381233364343643e-03
6.428805179893970490e-03
6.424178369343280792e-03
6.419500336050987244e-03
6.414767820388078690e-03
6.432242225855588913e-03
6.603423040360212326e-03
6.403505802154541016e-03
6.400266196578741074e-03
6.392480339854955673e-03
6.387350615113973618e-03
6.382414139807224274e-03
6.377412937581539154e-03
6.372322794049978256e-03
6.367123685777187347e-03
6.361796520650386810e-03
6.356324534863233566e-03
6.350679323077201843e-03
6.344851106405258179e-03
7.036049850285053253e-03
6.419261451810598373e-03
6.327900104224681854e-03
6.322066765278577805e-03
6.314054597169160843e-03
6.306909956037998199e-03
6.299349945038557053e-03
6.291245575994253159e-03
6.282459478825330734e-03
6.272803526371717453e-03
6.262564100325107574e-03
6.263560615479946136e-03
6.276780273765325546e-03
6.226156838238239288e-03
6.209773011505603790e-03
6.191696040332317352e-03
6.170705892145633698e-03
6.145816296339035034e-03
6.116400938481092453e-03
6.121593993157148361e-03
6.073546595871448517e-03
6.008587311953306198e-03
5.958538502454757690e-03
5.905148573219776154e-03
5.852205678820610046e-03
5.790798459202051163e-03
5.746400915086269379e-03
5.665652453899383545e-03
5.600938573479652405e-03
5.535954143851995468e-03
5.604995414614677429e-03
5.580150056630373001e-03
5.378808360546827316e-03
5.326014943420886993e-03
5.279028788208961487e-03
5.236965604126453400e-03
5.197136197239160538e-03
5.159057676792144775e-03
5.122411064803600311e-03
5.086982622742652893e-03
5.067379679530858994e-03
5.065480247139930725e-03
4.997570998966693878e-03
4.959386307746171951e-03
4.928362090140581131e-03
4.897598642855882645e-03
4.866816103458404541e-03
4.835841245949268341e-03
4.804596304893493652e-03
4.773038905113935471e-03
5.262698512524366379e-03
4.760820418596267700e-03
4.690283909440040588e-03
4.652148578315973282e-03
4.620465449988842010e-03
4.589478485286235809e-03
4.558143671602010727e-03
4.528030287474393845e-03
4.587506409734487534e-03
4.481696523725986481e-03
4.440268035978078842e-03
4.407543689012527466e-03
4.376798868179321289e-03
4.346079193055629730e-03
4.315840080380439758e-03
4.318749997764825821e-03
4.265668336302042007e-03
4.229771438986063004e-03
4.197068978101015091e-03
4.166507627815008163e-03
4.135810770094394684e-03
4.104900639504194260e-03
4.646309651434421539e-03
4.064090084284543991e-03
4.019847605377435684e-03
3.991077654063701630e-03
3.962274175137281418e-03
3.933175001293420792e-03
3.904030658304691315e-03
3.874731250107288361e-03
3.846234409138560295e-03
4.057555459439754486e-03
3.793777665123343468e-03
3.763228422030806541e-03
3.735060337930917740e-03
3.706363029778003693e-03
3.677818924188613892e-03
3.649155376479029655e-03
3.620376810431480408e-03
3.591503482311964035e-03
4.221070557832717896e-03
3.553485497832298279e-03
3.518285462632775307e-03
3.486950416117906570e-03
3.459275700151920319e-03
3.432260127738118172e-03
3.405168186873197556e-03
3.377967281267046928e-03
3.350662067532539368e-03
3.323278622701764107e-03
3.295847913250327110e-03
4.264866933226585388e-03
3.303712699562311172e-03
3.224742598831653595e-03
3.194002201780676842e-03
3.167782910168170929e-03
3.141884692013263702e-03
3.116231644526124001e-03
3.090629354119300842e-03
3.065078984946012497e-03
3.039566334336996078e-03
3.014083486050367355e-03
2.988632069900631905e-03
2.963208826258778572e-03
3.010323736816644669e-03
3.047030419111251831e-03
2.905913628637790680e-03
2.869270509108901024e-03
2.845183480530977249e-03
2.821772126480937004e-03
2.798569155856966972e-03
2.775393892079591751e-03
2.752249361947178841e-03
2.729129744693636894e-03
2.706038532778620720e-03
2.682972699403762817e-03
2.659935038536787033e-03
2.636924851685762405e-03
2.635199343785643578e-03
2.755773719400167465e-03
2.589549636468291283e-03
2.551583573222160339e-03
2.527877455577254295e-03
2.506182994693517685e-03
2.484697615727782249e-03
2.463271142914891243e-03
2.441889140754938126e-03
2.420555334538221359e-03
2.399266464635729790e-03
2.378026023507118225e-03
2.357018645852804184e-03
2.395390998572111130e-03
2.330622868612408638e-03
2.303711604326963425e-03
2.279217820614576340e-03
2.259357366710901260e-03
2.240101806819438934e-03
2.220957772806286812e-03
2.201853320002555847e-03
2.182781230658292770e-03
2.163742668926715851e-03
2.144736703485250473e-03
2.125760540366172791e-03
2.106817672029137611e-03
2.088006585836410522e-03
2.161524491384625435e-03
2.100887941196560860e-03
2.038235310465097427e-03
2.017853315919637680e-03
2.000733511522412300e-03
1.983542926609516144e-03
1.966482959687709808e-03
1.949451398104429245e-03
1.932446379214525223e-03
1.915467553772032261e-03
1.898516085930168629e-03
1.881592208519577980e-03
1.886565354652702808e-03
1.957983244210481644e-03
1.833366812206804752e-03
1.818010350689291954e-03
1.801187405362725258e-03
1.785253174602985382e-03
1.769440481439232826e-03
1.753687509335577488e-03
1.737962011247873306e-03
1.722261542454361916e-03
1.706584473140537739e-03
1.692563295364379883e-03
1.931501785293221474e-03
1.668378710746765137e-03
1.648288452997803688e-03
1.631908002309501171e-03
1.616747234947979450e-03
1.601991709321737289e-03
1.587298815138638020e-03
1.572626642882823944e-03
1.557979150675237179e-03
1.736974343657493591e-03
1.582066295668482780e-03
1.518489676527678967e-03
1.502176979556679726e-03
1.487894100137054920e-03
1.473910757340490818e-03
1.460031489841639996e-03
1.446211477741599083e-03
1.569324522279202938e-03
1.458504819311201572e-03
1.406315714120864868e-03
1.392818405292928219e-03
1.378986169584095478e-03
1.365627162158489227e-03
1.355927204713225365e-03
1.517669414170086384e-03
1.329683000221848488e-03
1.316285110078752041e-03
1.301583717577159405e-03
1.288573606871068478e-03
1.275959075428545475e-03
1.473316573537886143e-03
1.301284413784742355e-03
1.240187790244817734e-03
1.227479660883545876e-03
1.214487361721694469e-03
1.202190760523080826e-03
1.199353369884192944e-03
1.258708536624908447e-03
1.173023483715951443e-03
1.154778641648590565e-03
1.142512890510261059e-03
1.130458316765725613e-03
1.125078415498137474e-03
1.290169078856706619e-03
1.121019129641354084e-03
1.088155666366219521e-03
1.074402593076229095e-03
1.063091098330914974e-03
1.052148872986435890e-03
1.041267765685915947e-03
1.230282592587172985e-03
1.049205195158720016e-03
1.013415399938821793e-03
9.995021391659975052e-04
9.888865752145648003e-04
9.785579750314354897e-04
1.004475168883800507e-03
9.785674046725034714e-04
9.490865049883723259e-04
9.391885250806808472e-04
9.290991583839058876e-04
9.201672510243952274e-04
9.526299545541405678e-04
9.222834487445652485e-04
8.923521381802856922e-04
8.833248284645378590e-04
8.745490922592580318e-04
8.657465805299580097e-04
9.749149903655052185e-04
9.049862856045365334e-04
8.436149801127612591e-04
8.328951662406325340e-04
8.247623918578028679e-04
8.168418426066637039e-04
8.555766544304788113e-04
8.100359700620174408e-04
7.949383580125868320e-04
7.867076201364398003e-04
7.786656497046351433e-04
8.705009822733700275e-04
7.666518795304000378e-04
7.613972993567585945e-04
7.498820195905864239e-04
7.420963374897837639e-04
7.347954669967293739e-04
8.805181132629513741e-04
7.299513090401887894e-04
7.180084357969462872e-04
7.087209378369152546e-04
7.017119787633419037e-04
6.951128016225993633e-04
6.886491901241242886e-04
9.640359203331172466e-04
6.850679637864232063e-04
6.753865745849907398e-04
6.637764163315296173e-04
6.575880106538534164e-04
6.515827262774109840e-04
7.675902452319860458e-04
6.501686875708401203e-04
6.332178600132465363e-04
6.271736929193139076e-04
6.288131698966026306e-04
6.605063681490719318e-04
6.213358719833195210e-04
6.054957048036158085e-04
5.982285365462303162e-04
5.925107398070394993e-04
7.620900287292897701e-04
6.000393768772482872e-04
5.786578403785824776e-04
5.700759938918054104e-04
5.645509227178990841e-04
5.592418019659817219e-04
8.945713052526116371e-04
5.841448437422513962e-04
5.474908975884318352e-04
5.384530522860586643e-04
5.330534768290817738e-04
5.279234028421342373e-04
5.228056688793003559e-04
5.177815328352153301e-04
7.155778585001826286e-04
5.376968183554708958e-04
5.071050254628062248e-04
4.986284184269607067e-04
4.937902558594942093e-04
4.889965639449656010e-04
4.843797942157834768e-04
6.720987148582935333e-04
5.294687580317258835e-04
4.728659987449645996e-04
4.665106825996190310e-04
4.617548838723450899e-04
4.571928293444216251e-04
4.527497221715748310e-04
4.503923701122403145e-04
4.478676710277795792e-04
4.477364709600806236e-04
4.378415760584175587e-04
4.313580575399100780e-04
4.269512428436428308e-04
4.226264136377722025e-04
4.245059099048376083e-04
6.735498318448662758e-04
4.398008459247648716e-04
4.093915631528943777e-04
4.050312272738665342e-04
3.996129962615668774e-04
3.955393913201987743e-04
3.917615686077624559e-04
3.880294680129736662e-04
3.843080194201320410e-04
3.805960004683583975e-04
3.768917522393167019e-04
3.731971373781561852e-04
3.695114864967763424e-04
3.658341011032462120e-04
3.621955402195453644e-04
3.736980725079774857e-04
3.578893665689975023e-04
3.566847881302237511e-04
3.495230921544134617e-04
3.450418589636683464e-04
3.414983220864087343e-04
3.380797570571303368e-04
3.346980956848710775e-04
3.313371853437274694e-04
3.621843061409890652e-04
3.352909116074442863e-04
3.317403316032141447e-04
3.184561792295426130e-04
3.151033015456050634e-04
3.119414905086159706e-04
3.109997778665274382e-04
3.076379070989787579e-04
3.879202122334390879e-04
3.030096413567662239e-04
2.994929964188486338e-04
2.939844853244721889e-04
2.905704313889145851e-04
2.876298676710575819e-04
2.874362980946898460e-04
2.834954357240349054e-04
2.978380362037569284e-04
2.761637442745268345e-04
2.735007146839052439e-04
2.706590748857706785e-04
2.677369338925927877e-04
2.650056558195501566e-04
3.220896760467439890e-04
4.051842261105775833e-04
2.594213874544948339e-04
2.674989227671176195e-04
2.522160939406603575e-04
2.501771668903529644e-04
2.471912594046443701e-04
2.446527068968862295e-04
2.421967947157099843e-04
2.397852804278954864e-04
2.396497729932889342e-04
2.354491152800619602e-04
2.326056419406086206e-04
2.301873319083824754e-04
2.278331958223134279e-04
2.869005547836422920e-04
2.320173225598409772e-04
2.241616894025355577e-04
2.192787651438266039e-04
2.164127945434302092e-04
3.023008175659924746e-04
2.236817672383040190e-04
2.141079894499853253e-04
2.075449738185852766e-04
2.059052203549072146e-04
2.042133273789659142e-04
2.011651376960799098e-04
2.122609439538791776e-04
2.882250119000673294e-04
1.951851008925586939e-04
1.934608735609799623e-04
1.907820696942508221e-04
1.890951971290633082e-04
1.875951129477471113e-04
2.686114166863262653e-04
1.839122269302606583e-04
1.823331986088305712e-04
1.791111862985417247e-04
1.773818803485482931e-04
1.753252581693232059e-04
1.755992270773276687e-04
1.810020185075700283e-04
2.389071305515244603e-04
1.705665927147492766e-04
1.669365883572027087e-04
1.660099806031212211e-04
1.633769861655309796e-04
1.612691994523629546e-04
1.594421773916110396e-04
1.577823713887482882e-04
2.735582820605486631e-04
1.699793501757085323e-04
1.581489341333508492e-04
1.519351062597706914e-04
1.496101322118192911e-04
1.479963830206543207e-04
1.464209344703704119e-04
3.244344261474907398e-04
2.202617324655875564e-04
1.558837684569880366e-04
1.427038369001820683e-04
1.392443518852815032e-04
1.375217543682083488e-04
1.360558089800179005e-04
1.346068893326446414e-04
1.331677631242200732e-04
1.317380374530330300e-04
1.534929760964587331e-04
1.599074021214619279e-04
1.287419145228341222e-04
1.264076854567974806e-04
1.250757632078602910e-04
1.235600211657583714e-04
1.285313919652253389e-04
1.643131836317479610e-04
1.323152391705662012e-04
1.198668105644173920e-04
1.173206037492491305e-04
1.159011808340437710e-04
1.161871332442387938e-04
2.599992440082132816e-04
1.216828823089599609e-04
1.118982836487703025e-04
1.102625392377376556e-04
1.087319396901875734e-04
1.084488176275044680e-04
2.724662772379815578e-04
1.224833540618419647e-04
1.066197437467053533e-04
1.032061627483926713e-04
1.018808543449267745e-04
1.047527184709906578e-04
1.091932717827148736e-04
1.065502146957442164e-04
9.835450327955186367e-05
9.688449790701270103e-05
9.626799874240532517e-05
2.672345726750791073e-04
1.057642439263872802e-04
9.283484541811048985e-05
9.201009379466995597e-05
9.054088150151073933e-05
9.103309275815263391e-05
1.798188604880124331e-04
4.068020265549421310e-03
4.378769081085920334e-04
1.411067351000383496e-04
9.129114914685487747e-05
8.651775715406984091e-05
8.560696733184158802e-05
8.497337694279849529e-05
8.438618533546105027e-05
8.381556108361110091e-05
8.325365342898294330e-05
8.269818499684333801e-05
8.214757690439000726e-05
8.159989374689757824e-05
8.105435699690133333e-05
8.051109034568071365e-05
7.996946078492328525e-05
7.942853699205443263e-05
7.888900290708988905e-05
7.834970165276899934e-05
7.781154999975115061e-05
7.727326737949624658e-05
7.673558138776570559e-05
7.619812822667881846e-05
7.566092244815081358e-05
7.512387674069032073e-05
7.458740583388134837e-05
7.405072392430156469e-05
7.351451495196670294e-05
7.297874253708869219e-05
7.244236621772870421e-05
7.190684118540957570e-05
7.145119889173656702e-05
7.287264452315866947e-05
7.056458707666024566e-05
6.981408660067245364e-05
6.925562774995341897e-05
6.872873927932232618e-05
6.820120324846357107e-05
6.767447484889999032e-05
6.714860501233488321e-05
6.664058309979736805e-05
6.638612831011414528e-05
6.576463783858343959e-05
6.510991806862875819e-05
6.454656977439299226e-05
6.402788130799308419e-05
6.351042975438758731e-05
6.299437518464401364e-05
6.247906276257708669e-05
6.196929462021216750e-05
6.608047260669991374e-05
6.126547668827697635e-05
6.044056863174773753e-05
5.993543527438305318e-05
5.943287033005617559e-05
5.892869376111775637e-05
5.842609607498161495e-05
5.792480442323721945e-05
5.742456414736807346e-05
5.692521881428547204e-05
5.724802394979633391e-05
5.740379856433719397e-05
5.564288949244655669e-05
5.497308302437886596e-05
5.447248258860781789e-05
5.398187931859865785e-05
5.349629645934328437e-05
5.301215060171671212e-05
5.252908158581703901e-05
5.204708941164426506e-05
5.167150084162130952e-05
5.397300992626696825e-05
5.097317261970601976e-05
5.018428055336698890e-05
4.967685526935383677e-05
4.920902210869826376e-05
4.874172736890614033e-05
4.827584052691236138e-05
4.781183451996184886e-05
4.734961839858442545e-05
4.899501800537109375e-05
4.739989162771962583e-05
4.610424366546794772e-05
4.556876956485211849e-05
4.509255450102500618e-05
4.464387166080996394e-05
4.419961987878195941e-05
4.375755088403820992e-05
4.331739910412579775e-05
4.287928459234535694e-05
4.244282172294333577e-05
4.206853191135451198e-05
4.538255598163232207e-05
1.530643494334071875e-04
7.094545435393229127e-05
4.073008676641620696e-05
4.056492252857424319e-05
3.963314520660787821e-05
3.917144931619986892e-05
3.876044866046868265e-05
3.836447649518959224e-05
4.414054274093359709e-05
2.011478209169581532e-04
4.241332862875424325e-05
3.696896601468324661e-05
3.651840961538255215e-05
3.616684625740163028e-05
4.195165092824026942e-05
3.569995169527828693e-05
3.517749428283423185e-05
3.469104558462277055e-05
3.433848542044870555e-05
4.148407606407999992e-05
1.238945114891976118e-04
4.091882874490693212e-05
3.558881508070044219e-05
3.284831109340302646e-05
3.241388913011178374e-05
3.206532346666790545e-05
3.903378092218190432e-05
3.158447361784055829e-05
3.125554940197616816e-05
3.081301838392391801e-05
3.049172664759680629e-05
8.519855327904224396e-05
1.479609054513275623e-04
2.969376691908109933e-05
3.116825973847880960e-05
2.929702168330550194e-05
2.882035551010631025e-05
2.850302917067892849e-05
2.821991256496403366e-05
2.805792610161006451e-05
3.114406717941164970e-05
2.780046088446397334e-05
2.754323031695093960e-05
4.129229928366839886e-04
6.896997365402057767e-05
3.126751835225149989e-05
2.687355299713090062e-05
2.589325595181435347e-05
2.563915222708601505e-05
2.537620639486704022e-05
2.512581704650074244e-05
2.532410508138127625e-05
2.504108670109417289e-05
4.098688659723848104e-04
6.535892316605895758e-05
2.690338078537024558e-05
2.425659477012231946e-05
2.362872328376397491e-05
2.332642725377809256e-05
2.309443516423925757e-05
2.287009010615292937e-05
2.264891736558638513e-05
2.243431845272425562e-05
5.705766307073645294e-05
1.538529177196323872e-04
2.278684587508905679e-05
2.358727397222537547e-05
2.149573811038862914e-05
2.718351970543153584e-05
2.144734207831788808e-05
2.089744157274253666e-05
2.068499998131301254e-05
2.048395617748610675e-05
2.029053575824946165e-05
2.011742981267161667e-05
1.021057832986116409e-04
1.030845814966596663e-04
2.269907417939975858e-05
1.953085666173137724e-05
1.932526902237441391e-05
1.912492189148906618e-05
1.893212720460724086e-05
1.875583438959438354e-05
1.858466930571012199e-05
1.841628909460268915e-05
2.126465005858335644e-05
2.228488301625475287e-04
1.952766979229636490e-05
1.982503999897744507e-05
1.807435182854533195e-05
1.754775439621880651e-05
1.737485945341177285e-05
1.721351145533844829e-05
1.705880094959866256e-05
1.690614408289548010e-05
1.676213832979556173e-05
3.165536327287554741e-05
9.596526797395199537e-05
2.488387872290331870e-05
1.892822365334723145e-05
1.642939241719432175e-05
1.603782584425061941e-05
1.585452446306589991e-05
1.571628672536462545e-05
1.558135954837780446e-05
1.544781298434827477e-05
1.532114401925355196e-05
7.315765105886384845e-05
1.076957632903940976e-04
1.816751318983733654e-05
1.491584407631307840e-05
1.481862454966176301e-05
1.465232799091609195e-05
1.450978561479132622e-05
1.438298659195424989e-05
1.426254220859846100e-05
2.774307176878210157e-05
3.148221876472234726e-04
1.920440809044521302e-05
1.531871930637862533e-05
1.409548258379800245e-05
1.368994071526685730e-05
1.353874813503352925e-05
1.342446375929284841e-05
1.572185647091828287e-05
4.876072489423677325e-05
1.562886245665140450e-05
1.561228600621689111e-05
1.307892853219527751e-05
1.289083320443751290e-05
1.273764519282849506e-05
1.262538899027276784e-05
1.252552647201810032e-05
1.011278873193077743e-04
1.376798991259420291e-05
1.501376482337946072e-05
1.337324920314131305e-05
1.244726354343583807e-05
1.207789409818360582e-05
1.197354959003860131e-05
1.184283792099449784e-05
1.176204568764660507e-05
1.326920119026908651e-05
1.207239256473258138e-05
1.157210772362304851e-05
1.583778066560626030e-05
1.256952091353014112e-04
1.520851128589129075e-05
1.184973552881274372e-05
1.128229450841899961e-05
1.109443292079959065e-05
1.099123801395762712e-05
1.596623042132705450e-05
7.154582272050902247e-05
2.013085031649097800e-05
1.189749582408694550e-05
1.062829778675222769e-05
1.069700374500826001e-05
4.025289672426879406e-05
4.485963290790095925e-05
1.042976236931281164e-05
1.029524446494178846e-05
1.044178679876495153e-05
1.013522978610126302e-05
1.414339476468740031e-05
1.080812144209630787e-04
1.077988872566493228e-05
1.166507809102768078e-05
1.135528327722568065e-05
1.036839057633187622e-05
9.834259799390565604e-06
1.032225827657384798e-05
1.326972560491412878e-04
1.058836187439737841e-05
9.911965207720641047e-06
1.324050390394404531e-05
9.482333553023636341e-06
9.682644304120913148e-06
2.480787516105920076e-04
1.264310685655800626e-05
1.146295198850566521e-05
9.420713467989116907e-06
9.084277735382784158e-06
1.182698997581610456e-05
1.463542776036774740e-05
6.300216045929118991e-05
2.234429302916396409e-05
9.340747965325135738e-06
8.921424523578025401e-06
8.641576641821302474e-06
8.744804290472529829e-06
1.593227789271622896e-04
2.781442708510439843e-05
1.264291313418652862e-05
8.539968803233932704e-06
8.383882232010364532e-06
1.271787004952784628e-05
9.437913831789046526e-06
9.342636985820718110e-06
8.351030373887624592e-06
8.179154974641278386e-06
1.222073933604406193e-05
9.661962394602596760e-05
2.283917456225026399e-05
9.221743312082253397e-06
8.361230356968007982e-06
1.804699968488421291e-05
1.235765648743836209e-05
9.741731446410994977e-06
8.279035682789981365e-06
9.281618986278772354e-06
1.436413585906848311e-04
1.027572398015763611e-05
1.068394158210139722e-05
8.302533387904986739e-06
9.010719622892793268e-06
9.121314360527321696e-05
3.134066719212569296e-05
9.271299859392456710e-06
7.915608875919133425e-06
7.450034445355413482e-06
8.328860531037207693e-06
1.146101421909406781e-04
2.156609116354957223e-05
1.003733177640242502e-05
7.555847787443781272e-06
7.486190042982343584e-06
1.595801440998911858e-04
2.258594395243562758e-05
1.064224761648802087e-05
6.980197213124483824e-06
7.173459380283020437e-06
1.197209985548397526e-05
1.917601912282407284e-05
7.666302735742647201e-06
8.056478691287338734e-06
6.796367870265385136e-06
8.229101695178542286e-06
1.168742019217461348e-04
2.289970689162146300e-05
7.346400252572493628e-06
6.947479050722904503e-06
2.139135540346615016e-05
1.173433520307298750e-05
1.469317430746741593e-05
8.518934009771328419e-06
1.204794716613832861e-05
2.926436900452245027e-05
1.704635906207840890e-05
6.411075901269214228e-06
8.204088771890383214e-06
9.976361616281792521e-05
1.403445912728784606e-05
7.423072929668705910e-06
6.862993814138462767e-06
4.227932731737382710e-05
2.407306601526215672e-05
3.774472497752867639e-05
5.299750773701816797e-05
5.386214252212084830e-05
8.532901410944759846e-04
3.315894864499568939e-04
6.700705125695094466e-05
7.362906217167619616e-06
6.740485332557000220e-06
6.187022790982155129e-06
6.057097380107734352e-06
6.029335054336115718e-06
6.003337603033287451e-06
5.980391961202258244e-06
5.958484962320653722e-06
5.937180958426324651e-06
5.916246664128266275e-06
5.895836693525779992e-06
5.875718215975211933e-06
5.855940344190457836e-06
5.836393484059954062e-06
5.817068085889331996e-06
5.797732683276990429e-06
5.778769263997673988e-06
5.759970463259378448e-06
5.741294899053173140e-06
5.722599325963528827e-06
5.704125214833766222e-06
5.685673386324197054e-06
5.676663022313732654e-06
8.577845619583968073e-06
5.787407189927762374e-06
5.613666871795430779e-06
5.595831680693663657e-06
5.579360276897205040e-06
5.560064892051741481e-06
5.542367944144643843e-06
5.524850621441146359e-06
5.507203240995295346e-06
5.489738214237149805e-06
5.618728209810797125e-06
7.433031441905768588e-06
5.439007054519606754e-06
5.439823780761798844e-06
5.404838702816050500e-06
5.386335487855831161e-06
5.369063728721812367e-06
5.358318048820365220e-06
2.673581002454739064e-05
6.626969843637198210e-05
1.037608762999298051e-05
5.442084784590406343e-06
5.348734703147783875e-06
5.307378160068765283e-06
5.323736331774853170e-06
5.602713827101979405e-06
5.321961907611694187e-06
5.271343979984521866e-06
5.325997790350811556e-06
3.583668149076402187e-04
1.726583832351025194e-05
7.936701877042651176e-06
5.216279987507732585e-06
5.226748726272489876e-06
5.114517080073710531e-06
5.380496986617799848e-06
7.137871762097347528e-06
5.393768788053421304e-06
5.272088856145273894e-06
3.335080982651561499e-04
9.911221241054590791e-06
8.988298759504687041e-06
5.783924734714673832e-06
5.085751581646036357e-06
4.965549578628269956e-06
4.948284185957163572e-06
4.929953320242930204e-06
5.599846645054640248e-06
5.544380655919667333e-06
1.139665255323052406e-05
1.029507693601772189e-04
5.094751031720079482e-06
6.860245775897055864e-06
5.015341685066232458e-06
4.880874257651157677e-06
4.824887128052068874e-06
4.799139787792228162e-06
5.098637757328106090e-06
1.978566724574193358e-04
4.976146101398626342e-06
9.826541827351320535e-06
5.433978003566153347e-06
5.022267941967584193e-06
7.477357485186075792e-06
5.010822860640473664e-06
4.737946255772840232e-06
4.678963705373462290e-06
4.662683750211726874e-06
4.683415681938640773e-06
3.421047586016356945e-04
3.579512485885061324e-05
1.097604854294331744e-05
4.690032710641389713e-06
4.625134806701680645e-06
4.614069894159911200e-06
4.578829702950315550e-06
1.890646126412320882e-05
5.324023277353262529e-06
4.682548478740500286e-06
4.562556114251492545e-06
5.230482656770618632e-06
2.057310484815388918e-04
5.431922545540146530e-06
8.275104846688918769e-06
4.577650997816817835e-06
4.541979251371230930e-06
4.472429736779304221e-06
4.453761903278063983e-06
4.441717010195134208e-06
4.430260105436900631e-06
4.419345259520923719e-06
4.408781478559831157e-06
4.461326625460060313e-06
3.820661513600498438e-04
2.223814226454123855e-05
9.842957297223620117e-06
4.827270004170713946e-06
4.427643034432549030e-06
4.557652573566883802e-06
4.732286015496356413e-06
4.495352641242789105e-06
4.332695880293613300e-06
6.114598363637924194e-06
5.505796798388473690e-05
6.027815743436804041e-06
5.552166840061545372e-06
4.480723873712122440e-06
4.375218395580304787e-06
4.560938123177038506e-06
4.694708877650555223e-06
4.360607817943673581e-06
1.542899408377707005e-04
4.661644561565481126e-05
8.227086254919413477e-06
4.256946795067051426e-06
4.233140316500794142e-06
4.221115887048654258e-06
4.196858299110317603e-06
7.712607839494012296e-06
3.408874908927828074e-04
5.779934326710645109e-06
4.560649813356576487e-06
4.928560429107164964e-06
4.156097475060960278e-06
4.141153567616129294e-06
4.125078703509643674e-06
4.117465323361102492e-06
5.015213901060633361e-06
1.634612817724701017e-05
2.469324681442230940e-05
5.809275535284541547e-06
4.540330792224267498e-06
4.842002908844733611e-06
5.357062491384567693e-06
4.055922545376233757e-06
4.114714556635590270e-06
3.878353454638272524e-04
1.408442949468735605e-05
5.759362920798594132e-06
4.058471859025303274e-06
4.134669325139839202e-06
4.031011940242024139e-06
6.533990472235018387e-06
4.673940566135570407e-06
4.054787041241070256e-06
4.236424865666776896e-05
1.476498982810880989e-05
6.664687134616542608e-06
5.233426236372906715e-06
4.115628144063521177e-06
3.979577286372659728e-06
3.945098342228448018e-06
3.996020950580714270e-06
4.871242708759382367e-06
4.044492961838841438e-04
1.502773011452518404e-05
6.137470791145460680e-06
4.016219463665038347e-06
3.994585313193965703e-06
3.894672772730700672e-06
3.884831585310166702e-06
3.874176854878896847e-06
3.868244675686582923e-06
1.016062014969065785e-05
1.157844599219970405e-04
2.240222602267749608e-05
4.218446065351599827e-06
4.039807663502870128e-06
3.859025582642061636e-06
6.485235644504427910e-06
5.526133918465347961e-06
7.741866284050047398e-05
5.210464223637245595e-06
5.427138148661470041e-06
7.760134394629858434e-06
1.009988409350626171e-04
5.615206191578181460e-06
6.276196018006885424e-06
4.167544830124825239e-06
4.280299253878183663e-05
3.681062298710457981e-05
4.036635345983086154e-06
3.842279056698316708e-06
3.931642822863068432e-06
3.745048161363229156e-06
4.022735993203241378e-06
3.043285396415740252e-04
8.734878065297380090e-06
7.721330803178716451e-06
4.476774847717024386e-06
3.836828000203240663e-06
3.727229568539769389e-06
3.701640025610686280e-06
5.085377324576256797e-06
6.027360086591215804e-06
3.617404727265238762e-04
1.070531579898670316e-04
2.776373366941697896e-05
2.525806485209614038e-04
7.258769619511440396e-05
1.517395430710166693e-04
2.260447945445775986e-05
5.391969807533314452e-06
3.825031853921245784e-06
3.698197360790800303e-06
3.664523319457657635e-06
3.651018460004706867e-06
3.643093805294483900e-06
3.636194151113159023e-06
3.629865204857196659e-06
3.623982138378778473e-06
3.618295295382267796e-06
3.612923137552570552e-06
3.607627149904146791e-06
3.602513743317103945e-06
3.597570184865617193e-06
3.592603434299235232e-06
3.587859282561112195e-06
3.583066245482768863e-06
3.578384166758041829e-06
3.575859636839595623e-06
1.042877738655079156e-05
3.640412842287332751e-06
3.611001147874048911e-06
3.557736135917366482e-06
3.552200496415025555e-06
3.546232164808316156e-06
3.541720161592820659e-06
3.537191105351666920e-06
3.532647724568960257e-06
3.528188244672492146e-06
3.602489641707506962e-06
7.923658813524525613e-06
3.523783107084454969e-06
3.559092647265060805e-06
3.514642912705312483e-06
3.501929995763930492e-06
3.496489625831600279e-06
3.491882807793444954e-06
3.487355797915370204e-06
3.482944521238096058e-06
3.517326604196568951e-06
1.867048849817365408e-04
4.978318884241161868e-06
3.762548658414743841e-06
3.702789399540051818e-06
4.521032678894698620e-06
3.506842631395556964e-06
3.892495442414656281e-06
3.906123311026021838e-06
3.519516212691087276e-06
8.392634299525525421e-06
7.476871360267978162e-06
2.062904604827053845e-05
4.160307071288116276e-06
3.499635113257681951e-06
3.485766910671372898e-06
3.435577355048735626e-06
3.646425284387078136e-06
1.386856747558340430e-04
6.089099042583256960e-05
9.038833013619296253e-06
3.468693876129691489e-06
3.445943548285868019e-06
3.390080564713571221e-06
3.387281822142540477e-06
3.377127086423570290e-06
3.375886080903001130e-06
3.243333048885688186e-05
1.230719499289989471e-04
3.421635483391582966e-06
5.561694251809967682e-06
3.448256620686152019e-06
3.362801862749620341e-06
3.352432486281031743e-06
3.397068212507292628e-06
8.830305887386202812e-06
3.800083050009561703e-06
3.330094386910786852e-06
3.334647999508888461e-06
5.257918019196949899e-06
1.571968314237892628e-04
2.747711369011085480e-05
4.011123564851004630e-06
3.396552756385062821e-06
3.364805252203950658e-06
3.299453965155407786e-06
3.293848067187354900e-06
3.289072310508345254e-06
3.283970272605074570e-06
3.280325017840368673e-06
5.732665613322751597e-06
2.185693156206980348e-04
7.297296633623773232e-06
4.562973117572255433e-06
3.603958248277194798e-06
3.509069074425497092e-06
4.202979653200600296e-06
3.499285639918525703e-06
3.279769089203909971e-06
3.243735818614368327e-06
3.244794015699881129e-06
8.325649105245247483e-06
1.328252110397443175e-04
4.209535291010979563e-06
4.324912424635840580e-06
3.278273879914195277e-06
3.224010242774966173e-06
3.222783334422274493e-06
3.211216608178801835e-06
3.248658003940363415e-06
1.866464881459251046e-04
6.670175935141742229e-05
1.068693836714373901e-05
4.040660769533133134e-06
3.247040922360611148e-06
3.192239319105283357e-06
3.188042455803952180e-06
3.209780516044702381e-06
8.059734682319685817e-06
2.090774978569243103e-05
1.000612883217399940e-05
4.686584816226968542e-06
3.597076556616229936e-06
7.959431968629360199e-06
2.251496516691986471e-05
6.050264346413314342e-06
5.068846348876832053e-06
3.333910171932075173e-06
3.382279146535438485e-06
9.408975165570154786e-05
9.767118172021582723e-06
9.526948815619107336e-06
4.145435468672076240e-06
3.930009825126035139e-06
3.481081193967838772e-06
4.631285264622420073e-06
1.301183219766244292e-04
6.004140232107602060e-06
3.132158553853514604e-06
3.429414164202171378e-06
3.154930936943856068e-06
3.116580728601547889e-06
2.380280602665152401e-05
3.502943582134321332e-05
8.520498340658377856e-06
4.271606485417578369e-06
3.174906169078894891e-06
3.089784740950562991e-06
3.087415507252444513e-06
3.075809672736795619e-06
3.524170779201085679e-06
1.668277691351249814e-04
4.061797881149686873e-06
4.203747266728896648e-06
3.095920646956074052e-06
3.153030547764501534e-06
3.050883151445304975e-06
3.049089627893408760e-06
4.646291927201673388e-05
9.599677287042140961e-05
3.333263884996995330e-05
3.087335016971337609e-06
3.513892579576349817e-06
3.081472641497384757e-06
3.036549514945363626e-06
3.025620344487833790e-06
3.035881945834262297e-06
9.139867870544549078e-06
3.877200015267590061e-06
3.134803137072594836e-06
2.151764965674374253e-05
2.857425351976417005e-05
3.763088216146570630e-06
3.108967348453006707e-06
5.177065304451389238e-06
1.111011079046875238e-04
1.402750513079809025e-05
5.455740847537526861e-06
2.997237743329606019e-06
3.354017280798871070e-06
4.132046888116747141e-05
4.176602669758722186e-05
1.097085896617500111e-05
3.770652483581216075e-06
3.153284751533647068e-06
8.816028639557771385e-06
9.722313734528142959e-06
1.016518308460945264e-05
3.847094376396853477e-06
3.029252638953039423e-06
8.840560440148692578e-06
3.245226253056898713e-06
4.485032604861771688e-06
4.712799182016169652e-06
3.775330242206109688e-06
3.258976676079328172e-06
1.063279778463765979e-04
3.565355655155144632e-05
7.652397471247240901e-06
8.002888534974772483e-06
3.523163513818872161e-06
2.932359166152309626e-06
2.926807155745336786e-06
2.912038326030597091e-06
2.914785000029951334e-06
1.728218558127991855e-05
7.170430035330355167e-05
1.244448321813251823e-05
4.411703230289276689e-06
2.901725565607193857e-06
4.305471065890742466e-06
2.477367706887889653e-05
3.201330764568410814e-05
2.955845729957218282e-06
3.424367605475708842e-06
4.807659479411086068e-06
1.259096316061913967e-04
2.959040784844546579e-06
6.171141649247147143e-06
4.000105946033727378e-06
1.735567821015138179e-05
9.041989869729150087e-06
9.227168447978328913e-06
4.280862412997521460e-06
3.239780880903708749e-06
1.707485935185104609e-04
1.679610228165984154e-03
1.779340527718886733e-04
8.625018381280824542e-05
1.456892550777411088e-05
4.666731001634616405e-06
3.189210929122054949e-06
2.952741624540067278e-06
2.914345259341644123e-06
2.900908157243975438e-06
2.890672249122872017e-06
2.882481794586055912e-06
2.875536438295966946e-06
2.869380978154367767e-06
2.863847612388781272e-06
2.858578000086708926e-06
2.853708792827092111e-06
2.849077418431988917e-06
2.844554501280072145e-06
2.840249180735554546e-06
2.835967734426958486e-06
2.831702659022994339e-06
2.827507159963715822e-06
2.823490831360686570e-06
2.819662313413573429e-06
2.816075038936105557e-06
2.812860657286364585e-06
2.809878878906602040e-06
2.807109240166028030e-06
2.804529685818124563e-06
1.347882516711251810e-05
2.840498154910164885e-06
3.005352482432499528e-06
2.860210088329040445e-06
2.796424723783275113e-06
2.790633288896060549e-06
2.787937091852654703e-06
2.785589231280027889e-06
2.783348691082210280e-06
2.781080866043339483e-06
2.778830776151153259e-06
2.776563405859633349e-06
2.774368567770579830e-06
2.772143488982692361e-06
2.769854290818329901e-06
2.767600108199985698e-06
2.765356157397036441e-06
2.763081738521577790e-06
2.760910092547419481e-06
2.758586106210714206e-06
2.756335334197501652e-06
2.753978833425207995e-06
2.751756028374074958e-06
2.749441819105413742e-06
2.747232656474807300e-06
2.744887524386285804e-06
2.746038035184028558e-06
1.033713306242134422e-05
2.815007974277250469e-06
2.844041773641947657e-06
2.734341478571877815e-06
2.732110260694753379e-06
2.728549588937312365e-06
2.726077127590542659e-06
2.723746774790924974e-06
2.721243617997970432e-06
2.718897121667396277e-06
2.716486505960347131e-06
2.714025413297349587e-06
2.723898433032445610e-06
3.197109435859601945e-06
3.594168902054661885e-06
2.761114501481642947e-06
2.714741185627644882e-06
2.741137450357200578e-06
1.321978343185037374e-04
5.314072041073814034e-06
1.023460845317458734e-05
2.799973572109593078e-06
2.718242058108444326e-06
2.702548499655677006e-06
2.699118795135291293e-06
2.691923327802214772e-06
2.687438382054097019e-06
2.683459342733840458e-06
2.679693125173798762e-06
2.694042450457345694e-06
1.228623023052932695e-05
5.194578625378198922e-05
2.278023021062836051e-05
2.812660341078299098e-06
2.866703198378672823e-06
2.708771035031531937e-06
2.670374669833108783e-06
2.665688953129574656e-06
2.660471182025503367e-06
2.656255674082785845e-06
2.652428747751400806e-06
2.648934923854540102e-06
2.647101382535765879e-06
2.809857687680050731e-05
1.642602728679776192e-04
2.186262827308382839e-05
5.249984496913384646e-06
2.883451088564470410e-06
2.655519665495376103e-06
2.642442041178583167e-06
2.636749968587537296e-06
2.632261384860612452e-06
2.628449010444455780e-06
2.624833769004908390e-06
2.621440671646269038e-06
2.618445705593330786e-06
2.761685891528031789e-06
4.346534751675790176e-06
3.142882633255794644e-05
1.737217826303094625e-05
5.982301445328630507e-06
2.992829649883788079e-06
2.612563548609614372e-06
2.612868911455734633e-06
2.603115717647597194e-06
2.599285380711080506e-06
2.595476644273730926e-06
2.592204054963076487e-06
2.846147026502876543e-06
1.356348639092175290e-05
3.106020812992937863e-05
7.274407380464253947e-06
3.386744083400117233e-06
2.589857786006177776e-06
2.594263833088916726e-06
2.582013848950737156e-06
2.613350943647674285e-06
5.724505172111093998e-06
3.303301355117582716e-06
2.602937684059725143e-06
2.567403498687781394e-06
2.562879217293811962e-06
2.691479949135100469e-06
4.954256583005189896e-04
3.504682536004111171e-05
4.396350050228647888e-06
3.418819233047543094e-06
2.672698428796138614e-06
2.557419747972744517e-06
2.550800218159565702e-06
2.554858610892551951e-06
1.117274769057985395e-05
3.370369086042046547e-06
2.558948153819073923e-06
6.265884167078183964e-06
1.845268998295068741e-04
1.558424082759302109e-05
2.772950210783164948e-06
2.614953700685873628e-06
2.581926082712016068e-06
2.528371851440169849e-06
2.522961722206673585e-06
2.536014562792843208e-06
1.203596366394776851e-05
6.482714979938464239e-06
3.441341505094897002e-06
1.365642492601182312e-05
4.686009106080746278e-06
2.749855184447369538e-06
2.567797992014675401e-06
2.509208115952787921e-06
4.064089807798154652e-06
5.518839770957129076e-06
1.558369876875076443e-05
4.803054252988658845e-06
2.640338834680733271e-06
2.502787992852972820e-06
2.499508809705730528e-06
2.495909939170815051e-06
9.178083928418345749e-06
3.313846173114143312e-05
6.831297014286974445e-06
4.133430593356024474e-06
2.483806611053296365e-06
2.749046188910142519e-06
2.721053169807419181e-05
6.198683695401996374e-05
3.832931724900845438e-06
2.638987552927574143e-06
2.682290187294711359e-06
2.521452188375405967e-06
4.180050837021553889e-06
1.995479251490905881e-04
6.914126970514189452e-06
3.294292810096521862e-06
2.543723894632421434e-06
2.532065536797745153e-06
2.475418796166195534e-06
3.969374120060820132e-06
6.607551040360704064e-05
2.016012513195164502e-05
3.094089152000378817e-06
2.442149479975341819e-06
2.472556843713391572e-06
2.434307361909304745e-06
2.458626113366335630e-06
1.778710611688438803e-05
6.570366531377658248e-05
1.536287891212850809e-05
2.775064103843760677e-06
2.604499059088993818e-06
4.384063231555046514e-06
2.831018719007261097e-06
2.478384885762352496e-06
2.566623834354686551e-06
3.787012246903032064e-04
6.181780463521135971e-06
5.479198534885654226e-06
2.997839146701153368e-06
2.442602180963149294e-06
2.411353307252284139e-06
2.403273356321733445e-06
3.263697180955205113e-06
8.752393114264123142e-06
2.831505980793735944e-06
7.899690899648703635e-06
2.409082981102983467e-06
3.550465407897718251e-06
7.435955194523558021e-05
1.554199297970626503e-05
6.903484518261393532e-06
2.472040932843810879e-06
3.159532980134827085e-06
6.960820610402151942e-05
1.745138615660835057e-05
5.736190360039472580e-06
2.852637180694728158e-06
2.428519792374572717e-06
4.140613327763276175e-06
8.302763308165594935e-05
8.098359103314578533e-06
5.289661203278228641e-06
2.804723635563277639e-06
2.358051233386504464e-06
2.370741640334017575e-06
1.173020336864283308e-05
3.851853307423880324e-06
1.682406218606047332e-05
4.185297711956081912e-06
2.683800175873329863e-06
2.376731572439894080e-06
2.389325800322694704e-06
1.876785609056241810e-05
7.693887891946360469e-05
2.478312808307236992e-06
3.136020950478268787e-06
2.350048816879279912e-06
2.368520199524937198e-06
2.360038479309878312e-06
1.572923792991787195e-05
9.756671352079138160e-05
1.106980107579147443e-05
3.046754500246606767e-06
2.538780790928285569e-06
2.329710468984558247e-06
2.375946905885939486e-06
3.138529064017347991e-05
4.698954580817371607e-05
5.896592028875602409e-06
3.341953970448230393e-06
2.308033117515151389e-06
2.524424189687124453e-06
3.576160452212207019e-05
4.550681114778853953e-05
6.766259957657894120e-06
3.417613697820343077e-06
2.518318524380447343e-06
2.300792402820661664e-06
8.386415174754802138e-06
5.593870810116641223e-06
6.421744910767301917e-05
1.457216967537533492e-05
3.635744860730483197e-06
2.635567398101557046e-06
2.324187789781717584e-06
2.289606754857231863e-06
2.281179831697954796e-06
2.283451749462983571e-06
1.005175727186724544e-05
2.280342869198648259e-06
2.332259555259952322e-06
2.278012289025355130e-06
2.377485543547663838e-06
8.047327719395980239e-05
2.563269617894547991e-06
3.486434934529825114e-06
3.683402610477060080e-06
9.164552466245368123e-05
8.143080776790156960e-06
6.377675617841305211e-06
2.707999328777077608e-06
3.926763383788056672e-06
6.132332055130973458e-05
5.639380106003955007e-06
5.158786279935156927e-06
2.753407898126170039e-06
2.315103756700409576e-06
2.306814849362126552e-06
4.210383394820382819e-06
4.610222822520881891e-05
2.254546188851236366e-06
2.353169975322089158e-06
7.782276952639222145e-06
2.962304733955534175e-06
2.690665496629662812e-06
2.021120890276506543e-04
3.044535333174280822e-05
6.569790457433555275e-06
2.801732534862821922e-06
2.350583827137597837e-06
2.370716401856043376e-06
6.855380888737272471e-06
5.624096374958753586e-04
3.887145139742642641e-04
2.253653219668194652e-04
1.251467892871005461e-05
3.112426611551200040e-06
2.790477083181031048e-06
2.495547960279509425e-06
2.418869371467735618e-06
2.389311021033790894e-06
2.366447461099596694e-06
2.349234137000166811e-06
2.335410272280569188e-06
2.324036813661223277e-06
2.314515541002037935e-06
2.306439910171320662e-06
2.299301741004455835e-06
2.292979388585081324e-06
2.287357119712396525e-06
2.282161631228518672e-06
2.277289695484796539e-06
2.272777010148274712e-06
2.268572416141978465e-06
2.264533350171404891e-06
2.260645032947650179e-06
2.256928155475179665e-06
2.253335196655825712e-06
2.249841372758965008e-06
2.246674057460040785e-06
2.243494236608967185e-06
2.240548155896249227e-06
2.237712351416121237e-06
2.235144847873016261e-06
2.232707174698589370e-06
2.230213794973678887e-06
2.227877757832175121e-06
2.225530806754250079e-06
2.223329147454933263e-06
2.221047452621860430e-06
2.218796453234972432e-06
2.218103190898546018e-06
7.504014320147689432e-06
2.261573172290809453e-06
2.266191131639061496e-06
2.213775815107510425e-06
2.206327735621016473e-06
2.204147676820866764e-06
2.201970346504822373e-06
2.199827804361120798e-06
2.197794628955307417e-06
2.195906290580751374e-06
2.368358309468021616e-06
3.578838231987901963e-06
2.254188075312413275e-06
2.194738499383674935e-06
2.190623490605503321e-06
2.183468723160331137e-06
2.181418039981508628e-06
2.179378725486458279e-06
2.177363285227329470e-06
2.175298732254304923e-06
2.205216333095449954e-06
2.832062591551220976e-06
2.332312988073681481e-06
2.197886487920186482e-06
2.165066462112008594e-06
2.164217676181579009e-06
2.160899839509511366e-06
2.158791630790801719e-06
2.156737309633172117e-06
2.154768480977509171e-06
2.201543566116015427e-06
2.571371396697941236e-06
2.159315727112698369e-06
2.179810053348774090e-06
2.149773308701696806e-06
2.143404344678856432e-06
2.140023752872366458e-06
2.137895080522866920e-06
2.135775048373034224e-06
2.150487716789939441e-06
5.467370556289097294e-06
2.793450448734802194e-06
2.227625827799784020e-06
2.130323537130607292e-06
2.125109176631667651e-06
2.121643774444237351e-06
2.119331384164979681e-06
2.121002808053162880e-06
2.592963392089586705e-05
1.220227568410336971e-04
1.192225408885860816e-05
2.167782668038853444e-06
2.475922656230977736e-06
2.698728621908230707e-06
2.402083509878139012e-06
2.122751993738347664e-06
2.115188408424728550e-06
2.108825128743774258e-06
2.105641215166542679e-06
2.102780626955791377e-06
2.108641638187691569e-06
1.025104211294092238e-05
4.338959843153133988e-05
1.578858609718736261e-05
4.895214260614011437e-06
2.323161425010766834e-06
2.114483322657179087e-06
2.094880983349867165e-06
2.091146370730712079e-06
2.088062728944350965e-06
2.085446567434701137e-06
2.121196985171991400e-06
2.047386515187099576e-04
2.172111180698266253e-06
1.113971484301146120e-05
2.853342039088602178e-06
2.166915237467037514e-06
2.104098939526011236e-06
2.493600277375662699e-06
2.312336619070265442e-06
2.070855543934158050e-06
2.069077481792191975e-06
2.071153858196339570e-06
2.452033641020534560e-06
1.648276520427316427e-04
4.124949100514641032e-06
7.276777068909723312e-06
2.399278855591546744e-06
2.112826223310548812e-06
2.072428969768225215e-06
2.057429128399235196e-06
2.132929012077511288e-06
4.918801550957141444e-06
2.362282884860178456e-06
2.070471964543685317e-06
4.831641035707434639e-06
1.982658286578953266e-04
1.103686190617736429e-05
2.730888809310272336e-06
2.307823478986392729e-06
2.055346612905850634e-06
2.045899918812210672e-06
2.037643980656866916e-06
2.034944145634653978e-06
2.172407903344719671e-06
6.126513198978500441e-06
6.624300567636964843e-06
4.393433118821121752e-05
4.488653758016880602e-06
4.353796157374745235e-06
2.190541181334992871e-06
2.065063654299592599e-06
2.021329464696464129e-06
2.020570263994159177e-06
2.141525101251318119e-06
3.213452873751521111e-04
5.858595613972283900e-06
5.164653885003644973e-06
2.290888232892029919e-06
2.122855676134349778e-06
2.429957248750724830e-06
2.360239250265294686e-06
2.023276920226635411e-06
2.009663376156822778e-06
2.005412852668086998e-06
1.365590742352651432e-05
1.156068537966348231e-05
1.394792070641415194e-05
4.185767465969547629e-06
2.262526095364592038e-06
2.010405296459794044e-06
3.607438657127204351e-06
2.250141506010550074e-06
2.042754886133479886e-06
1.990457576539483853e-06
2.045987685050931759e-06
5.675793363479897380e-05
4.926562178297899663e-05
9.727039468998555094e-06
2.876360213122097775e-06
2.079574414892704226e-06
1.993527803278993815e-06
1.980424940484226681e-06
1.975972736545372754e-06
1.975789700736640953e-06
6.687535460514482111e-06
1.423472422175109386e-04
1.876185706350952387e-05
4.139683824178064242e-06
1.996960008909809403e-06
2.009217496379278600e-06
2.058797008430701680e-06
3.857151114061707631e-06
2.151821718143764883e-06
9.529105227557010949e-06
2.264702743559610099e-05
1.215733118442585692e-05
3.529313062244909815e-06
1.955844936674111523e-06
1.955548896148684435e-06
2.083840627165045589e-06
1.446961687179282308e-04
5.554432937060482800e-05
6.679292710032314062e-06
2.114371454808861017e-06
2.043179847532883286e-06
1.971009851331473328e-06
2.368214836678816937e-06
1.973448661374277435e-06
2.563441739766858518e-06
1.596566144144162536e-04
2.801631126203574240e-05
5.655376753566088155e-06
2.341020945095806383e-06
1.980203023776994087e-06
1.936226681209518574e-06
1.928762230818392709e-06
1.198810878122458234e-05
6.522279363707639277e-06
9.528649388812482357e-05
7.652281965420115739e-06
2.928733465523691848e-06
2.234558451164048165e-06
1.970331368283950724e-06
3.811751639659632929e-06
9.334058995591476560e-05
2.928764615717227571e-06
3.965144060202874243e-06
2.075521479127928615e-06
1.983765514523838647e-06
1.928624214997398667e-06
4.134379651077324525e-06
2.912712716351961717e-06
1.940233960340265185e-05
2.684955688891932368e-06
5.050171239417977631e-06
2.019164639932569116e-06
1.973922508113901131e-06
1.900211032079823781e-06
2.624164608278078958e-06
1.315117842750623822e-04
2.981856414407957345e-05
5.245035936241038144e-06
1.914884023790364154e-06
5.796841378469252959e-06
2.697315721889026463e-06
2.057084429907263257e-06
1.908211288537131622e-06
2.104918166878633201e-06
3.703907423187047243e-04
3.992404163000173867e-05
6.763576493540313095e-06
2.213912239312776364e-06
1.921329385368153453e-06
1.895845571198151447e-06
9.415918611921370029e-06
2.575260623416397721e-06
1.894494857879180927e-06
2.187404334108578041e-06
2.158106508431956172e-04
2.458047129039186984e-05
2.334052851438173093e-06
2.213389961980283260e-06
1.954690105776535347e-06
1.878846205727313645e-06
1.866704224084969610e-06
1.864015189312340226e-06
7.444863513228483498e-06
7.629598258063197136e-06
5.814514224766753614e-06
1.883291702142741997e-06
3.137570047329063527e-06
2.145412963727721944e-06
1.942742528626695275e-06
7.172121695475652814e-05
2.060263614112045616e-05
2.897758804465411231e-06
2.754452452791156247e-06
2.012111735893995501e-06
1.852340574259869754e-06
7.622284101671539247e-06
2.536601868996513076e-06
9.474226681049913168e-05
1.534203875053208321e-05
7.250169801409356296e-06
2.143840902135707438e-06
1.982299409064580686e-06
1.851704610089655034e-06
1.842184815359360073e-06
8.635400263301562518e-06
1.217366370838135481e-04
7.148655640776269138e-06
2.260070004922454245e-06
1.972921836568275467e-06
1.978774434974184260e-06
3.456194690443226136e-06
2.327363517906633206e-06
1.880821855593239889e-06
8.118567347992211580e-05
2.268544631078839302e-05
2.431788288959069178e-06
3.215398692191229202e-06
1.830726318985398393e-06
1.825662138799089007e-06
1.816025132939103059e-06
1.812019036151468754e-06
1.808980755413358565e-06
1.989387101275497116e-06
3.524661296978592873e-04
1.055084052495658398e-03
4.196994268568232656e-05
1.803479062800761312e-05
2.679759745660703629e-06
2.236747832284891047e-06
2.001684151764493436e-06
1.974736051124637015e-06
1.953325408976525068e-06
1.938494733622064814e-06
1.926425284182187170e-06
1.916214614539057948e-06
1.907388650579378009e-06
1.899597350529802497e-06
1.892633463285164908e-06
1.886329982880852185e-06
1.880561740108532831e-06
1.875108409876702353e-06
1.870016490101988893e-06
1.865231070041772909e-06
1.860740212578093633e-06
1.856312110248836689e-06
1.852187210715783294e-06
1.848395413617254235e-06
1.988649955819710158e-06
3.641696366685209796e-06
1.981337845791131258e-06
1.854497099884611089e-06
1.836251499298668932e-06
1.827865958148322534e-06
1.824930450311512686e-06
1.822322929001529701e-06
1.819763383537065238e-06
1.817892439248680603e-06
2.385777406743727624e-06
1.836642809394106735e-06
1.892876639431051444e-06
1.836182832448685076e-06
1.807293756428407505e-06
1.804047315090429038e-06
1.801676830837095622e-06
1.799684696379699744e-06
1.797873323994281236e-06
2.134153646693448536e-06
1.911788331199204549e-06
1.804233647817454766e-06
1.792510488485277165e-06
1.789884890968096443e-06
1.787055452950880863e-06
1.784983055586053524e-06
1.783134052857349161e-06
1.781401124389958568e-06
1.780278580554295331e-06
2.077886392726213671e-06
3.546352672856301069e-06
2.093293915095273405e-06
1.792150328583375085e-06
1.776351496118877549e-06
1.770339054019132163e-06
1.768210950103821233e-06
1.766694140314939432e-06
1.767358867255097721e-06
3.670696742119616829e-06
2.448108716635033488e-06
1.768223683029646054e-06
1.785092649697617162e-06
1.761039015946153086e-06
1.756161282173707150e-06
1.764356511557707563e-06
8.852190512698143721e-05
1.525812058389419690e-05
1.281410550291184336e-05
1.955616426130291075e-06
1.953282890099217184e-06
1.929261998157016933e-06
2.859682126654661261e-06
2.009999889196478762e-06
1.758288135533803143e-06
1.750477395034977235e-06
1.747463329593301751e-06
1.744609903653326910e-06
1.766163563843292650e-06
1.626083103474229574e-04
1.096544747269945219e-05
1.089373472495935857e-05
2.471477273502387106e-06
1.775774194356927183e-06
1.758987423272628803e-06
1.740790708026906941e-06
1.737702973514387850e-06
1.735212549647258129e-06
1.733335693643311970e-06
1.731585484776587691e-06
1.828824906624504365e-06
4.407586820889264345e-04
5.538951154449023306e-05
3.474378445389447734e-06
1.782651906978571787e-06
1.736684566822077613e-06
1.738286528052412905e-06
1.728253096189291682e-06
1.725621586956549436e-06
1.723362402117345482e-06
1.721239527796569746e-06
1.722745651022705715e-06
1.428715950169134885e-05
1.602847914909943938e-04
2.125053106283303350e-05
1.905391741274797823e-06
1.901899054246314336e-06
1.726434902593609877e-06
1.723247919471759815e-06
1.715230837362469174e-06
1.713016104076814372e-06
1.710884589556371793e-06
1.709121306703309529e-06
1.738129412842681631e-06
1.312966778641566634e-04
3.685613773996010423e-05
3.159436573696439154e-06
2.668098204594571143e-06
1.808956994864274748e-06
1.708722948023932986e-06
1.889784812192374375e-06
4.949788035446545109e-06
2.029321649388293736e-06
1.747917053762648720e-06
1.731524776005244348e-06
5.598144707619212568e-05
6.647879490628838539e-05
1.271772362088086084e-05
3.167946942994603887e-06
1.774522729647287633e-06
1.719964302537846379e-06
1.696087451819039416e-06
1.691631837275053840e-06
1.812340201468032319e-06
6.217321697477018461e-06
9.605280865798704326e-06
1.207809909828938544e-04
1.086004522221628577e-05
2.741759317359537818e-06
1.998034576899954118e-06
1.686187260929727927e-06
1.683786990724911448e-06
1.681773369455186184e-06
1.679163460721611045e-06
1.677601744631829206e-06
2.151817398043931462e-06
6.779518298571929336e-05
9.687238161859568208e-06
6.273869530559750274e-06
2.016465487031382509e-06
1.922596538861398585e-06
5.024922302254708484e-06
1.888827227958245203e-06
1.681273943177075125e-06
1.671303493822051678e-06
1.666791149546043016e-06
1.667310357333917636e-06
8.616440027253702283e-06
6.448506610468029976e-05
1.084916220861487091e-05
4.059491857333341613e-06
1.878496277640806511e-06
1.704764258647628594e-06
1.868140884653257672e-06
4.193634140392532572e-06
1.736161038934369572e-06
1.671766540312091820e-06
1.655920186749426648e-06
1.654973743825394195e-06
8.131793038046453148e-06
1.374134735669940710e-04
1.424135552952066064e-05
3.828941771644167602e-06
1.960559075087076053e-06
1.701326596048602369e-06
1.660523366808774881e-06
1.653449089644709602e-06
1.649996988817292731e-06
1.647606836741033476e-06
1.645260567784134764e-06
1.643266614337335341e-06
1.641856329115398694e-06
3.113475486316019669e-06
4.746435661218129098e-05
9.811389645619783551e-06
3.021646989509463310e-06
1.670070560066960752e-06
1.698071855571470223e-06
1.647239628255192656e-06
1.637976538404473104e-06
1.635223725315881893e-06
1.633258534639026038e-06
1.673029601079178974e-06
4.736839327961206436e-04
6.961822509765625000e-05
2.421020553811104037e-06
2.704563939914805815e-06
1.701806468190625310e-06
1.644931330702092964e-06
1.632000248719123192e-06
1.627805772841384169e-06
1.670388769525743555e-06
3.289289907115744427e-06
2.050853026958066039e-06
5.677899480360792950e-06
2.072642701023141854e-06
9.155257430393248796e-06
3.124441718682646751e-06
1.621424303266394418e-06
1.618602368580468465e-06
1.858851760516699869e-06
1.549854350741952658e-04
4.119919321965426207e-05
1.781113837751036044e-06
1.860028874034469482e-06
1.632060616429953370e-06
3.883829776896163821e-06
1.906675493046350311e-06
1.957037966349162161e-06
3.212703741155564785e-04
3.393579390831291676e-05
5.547366527025587857e-06
1.665679405959963333e-06
1.700453026387549471e-06
1.619110889805597253e-06
1.603382202119973954e-06
1.601062081135751214e-06
1.599112579242500942e-06
1.852339437391492538e-06
9.907127241604030132e-05
3.689501681947149336e-05
9.995424079534132034e-06
2.671986521818325855e-06
1.614130951566039585e-06
1.622666445655340794e-06
1.602930296940030530e-06
1.598317226125800516e-06
1.595674120835610665e-06
1.593484853401605505e-06
1.591407340129080694e-06
1.589599037288280670e-06
1.587841779837617651e-06
1.720732598187169060e-06
3.119072935078293085e-04
2.672883238119538873e-05
2.964806526506436057e-06
1.705673867036239244e-06
1.646355144657718483e-06
1.595739945514651481e-06
1.583476773703296203e-06
1.581337073730537668e-06
1.601950543772545643e-06
1.016742771753342822e-05
1.807231892598792911e-04
4.938287020195275545e-05
1.136745268013328314e-04
1.500030884926673025e-05
2.150010686818859540e-06
2.265877810714300722e-06
1.642676238589046989e-06
1.589510702615370974e-06
1.581959054419712629e-06
1.578167371008021291e-06
1.575715714352554642e-06
1.573415374878095463e-06
1.571314214743324555e-06
1.569311393723182846e-06
1.567443405292578973e-06
1.565643174217257183e-06
1.563898194945068099e-06
1.562431521051621530e-06
1.823867251005140133e-06
1.100557201425544918e-04
2.761821269814390689e-05
1.679231218076893128e-06
2.146152837667614222e-06
1.647994622544501908e-06
1.768794959389197174e-06
3.042006937903352082e-06
3.127137688352377154e-06
1.401666959282010794e-04
7.246623226819792762e-06
1.924695880006765947e-06
1.610587105460581370e-06
2.814901108649792150e-06
1.408975513186305761e-04
7.206734153442084789e-06
1.562732791171583813e-06
2.273569862154545262e-06
1.785894937711418606e-06
8.550671736884396523e-06
4.368176814750768244e-05
1.245007115358021110e-05
2.027727987297112122e-06
1.773622784639883321e-06
1.550467004562960938e-06
1.617728457858902402e-06
2.085156120301689953e-05
7.379726594081148505e-05
1.359937232336960733e-05
2.897827016568044201e-06
1.688752604422916193e-06
1.589676685398444533e-06
1.735304863359488081e-06
9.029922512127086520e-05
1.624208039174845908e-06
1.693702870397828519e-06
1.929594873217865825e-06
1.555642938910750672e-06
1.804820158213260584e-06
1.187600282719358802e-04
7.111351351340999827e-06
5.572194822889287025e-06
2.055832283076597378e-06
2.018313807639060542e-06
2.968395847346982919e-06
1.843565223680343479e-05
9.533642696624156088e-06
5.630763553199358284e-06
2.000631411647191271e-06
2.500273922123597004e-06
1.746061461744830012e-04
2.357687844778411090e-05
4.509710834099678323e-06
1.584228016326960642e-06
1.587632254995696712e-06
2.562234385550254956e-06
1.837633462855592370e-04
3.570009721443057060e-03
3.093984851147979498e-04
5.671755934599786997e-05
3.224799002055078745e-06
3.033945404240512289e-06
2.160854364774422720e-06
1.983004267458454706e-06
1.920622025863849558e-06
1.875473230938951019e-06
1.841037487793073524e-06
1.813676590245449916e-06
1.791222871361242142e-06
1.772187943060998805e-06
1.755855237206560560e-06
1.741329811011382844e-06
1.728469101180962753e-06
1.716793462946952786e-06
1.706233433651505038e-06
1.696491722213977482e-06
1.687428039076621644e-06
1.679075921856565401e-06
1.671256200097559486e-06
1.663941247898037545e-06
1.657073653404950164e-06
1.650583612899936270e-06
1.644466351535811555e-06
1.638699473005544860e-06
1.633189413041691296e-06
1.627996653041918762e-06
1.622941226742113940e-06
1.618240617062838282e-06
1.613662902855139691e-06
1.609270157132414170e-06
1.605097281753842253e-06
1.601011149432451930e-06
1.597107939232955687e-06
1.593306251379544847e-06
1.589625185260956641e-06
1.586046209922642447e-06
1.582532149768667296e-06
1.579106310600764118e-06
1.575807004883245099e-06
1.597569848854618613e-06
1.965097681022598408e-06
1.647716885599948000e-06
1.576967747496382799e-06
1.561036128805426415e-06
1.559143470331036951e-06
1.555988092150073498e-06
1.553525066810834687e-06
1.551339778416149784e-06
1.549273747514234856e-06
1.565100205880298745e-06
1.599392021489620674e-06
1.546148496345267631e-06
1.541369101687450893e-06
1.543059056530182716e-06
1.538335141049174126e-06
1.536006152491609100e-06
1.534087687105056830e-06
1.532384771962824743e-06
1.531708790025732014e-06
1.888202632471802644e-06
2.629645678098313510e-06
1.690012140898033977e-06
1.535092565063678194e-06
1.522793695585278329e-06
1.521785634395200759e-06
1.519597844890085980e-06
1.518236899755720515e-06
1.606491196071146987e-06
3.983151145803276449e-06
1.688213160377927125e-06
1.512568928774271626e-06
1.517651185167778749e-06
1.509835783508606255e-06
1.508040440967306495e-06
1.506515673099784181e-06
1.505343789176549762e-06
1.529617520645842887e-06
1.990080136238248087e-06
1.799207780095457565e-06
1.572154928908275906e-06
1.501845645179855637e-06
1.498705501035146881e-06
1.495919491389940958e-06
1.494529783485631924e-06
1.493193963142402936e-06
1.491935336161986925e-06
1.491473312853486277e-06
1.891609281301498413e-05
1.514899622634402476e-06
1.493770696470164694e-06
1.500228904660616536e-06
1.487200506744557060e-06
1.483433266002975870e-06
1.481840627093333751e-06
1.482264565311197657e-06
7.100052243913523853e-06
3.994759390479885042e-05
2.049666727543808520e-05
2.664059593371348456e-06
1.711335357867938001e-06
1.491075863668811508e-06
1.486949486206867732e-06
1.484877770963066723e-06
1.482137690800300334e-06
1.480259697927976958e-06
1.493282184128474910e-06
4.301585704524768516e-06
1.174832505057565868e-05
4.223146788717713207e-06
1.500210601079743356e-06
2.573048277554335073e-06
1.611437937754089944e-06
1.579448621669143904e-06
5.490133480634540319e-05
4.918655122310156003e-06
4.960756541549926624e-06
2.150445197912631556e-06
1.634615273360395804e-06
1.479098614254326094e-06
1.521919557490036823e-06
1.483856181039300282e-06
6.482516710093477741e-06
9.705882985144853592e-05
5.736952971346909180e-06
1.582612071615585592e-06
1.776147996679355856e-06
1.510278934802045114e-06
1.467220272388658486e-06
1.461995225326973014e-06
1.460316639168013353e-06
2.104181248796521686e-06
6.991934060351923108e-05
1.517430746389436536e-06
3.819507583102677017e-06
1.837743297983251978e-06
1.461871079300181009e-06
1.469072685722494498e-06
3.107926886514178477e-06
3.171563321302528493e-06
1.700794655334902927e-06
1.576954105075856205e-06
6.217668851604685187e-05
1.032439286063890904e-05
3.867200575768947601e-06
2.204002839789609425e-06
1.612555251995217986e-06
1.455161509511526674e-06
1.451140633434988558e-06
1.450413947168271989e-06
3.631804247561376542e-06
5.487272574100643396e-05
1.307049660681514069e-05
3.507476094455341808e-06
1.495339006396534387e-06
2.891395524784456939e-06
2.939343630714574829e-06
1.668566710577579215e-06
1.455544520467810798e-06
1.439291850147128571e-06
1.610343701941019390e-06
4.601667460519820452e-04
4.613641795003786683e-05
1.591793648003658745e-06
1.549321268612402491e-06
1.440502387595188338e-06
1.450844820283236913e-06
1.435645117453532293e-06
1.433739157619129401e-06
1.438151002730592154e-06
1.079169669537805021e-05
1.488443649577675387e-05
4.999711381969973445e-05
1.129962583945598453e-05
2.879358362406492233e-06
1.433111378901230637e-06
1.456033260183176026e-06
1.496989398219739087e-06
1.242479193024337292e-04
6.359783583320677280e-05
8.789253115537576377e-06
2.562832150942995213e-06
1.429517510587174911e-06
1.437464788978104480e-06
1.427418396815482993e-06
7.983385330589953810e-06
2.024994046223582700e-06
2.013080347751383670e-06
3.170069830957800150e-04
3.715366983669809997e-05
6.123602815932827070e-06
1.740817765494284686e-06
1.474296254855289590e-06
1.422151967744866852e-06
1.418807869413285516e-06
1.415640440427523572e-06
1.413868858435307629e-06
3.218554184059030376e-06
3.439505235292017460e-04
