2.896019257605075836e-02
2.652295492589473724e-02
2.630775608122348785e-02
2.626702561974525452e-02
2.625001594424247742e-02
2.624080702662467957e-02
2.623179927468299866e-02
2.622237987816333771e-02
2.621233649551868439e-02
2.620149776339530945e-02
2.618966065347194672e-02
2.617658115923404694e-02
2.616194076836109161e-02
2.614533714950084686e-02
2.612622268497943878e-02
2.610383369028568268e-02
2.607712149620056152e-02
2.604461088776588440e-02
2.600435726344585419e-02
2.595397457480430603e-02
2.589090727269649506e-02
2.581302076578140259e-02
2.571997977793216705e-02
2.561520040035247803e-02
2.550552599132061005e-02
2.539476566016674042e-02
2.527803741395473480e-02
2.514359354972839355e-02
2.497727796435356140e-02
2.477191574871540070e-02
2.453146874904632568e-02
2.427645958960056305e-02
2.402530796825885773e-02
2.379047125577926636e-02
2.360085397958755493e-02
2.348621189594268799e-02
2.342051267623901367e-02
2.336028777062892914e-02
2.329036034643650055e-02
2.319820225238800049e-02
2.306738309562206268e-02
2.287356182932853699e-02
2.258437499403953552e-02
2.216820605099201202e-02
2.161453478038311005e-02
2.094652689993381500e-02
2.020789869129657745e-02
1.944492012262344360e-02
1.875781267881393433e-02
1.808573678135871887e-02
1.753586344420909882e-02
1.708564162254333496e-02
1.674733124673366547e-02
1.649061590433120728e-02
1.630734279751777649e-02
1.617847569286823273e-02
1.611044444143772125e-02
1.603022031486034393e-02
1.597780361771583557e-02
1.593874022364616394e-02
1.590448431670665741e-02
1.587231457233428955e-02
1.583967357873916626e-02
1.580205932259559631e-02
1.575911417603492737e-02
1.570963114500045776e-02
1.565060392022132874e-02
1.557922642678022385e-02
1.549248676747083664e-02
1.544121094048023224e-02
1.526422891765832901e-02
1.510935835540294647e-02
1.492846757173538208e-02
1.471520774066448212e-02
1.446479745209217072e-02
1.417261920869350433e-02
1.383858639746904373e-02
1.345539744943380356e-02
1.301483344286680222e-02
1.252281479537487030e-02
1.208320725709199905e-02
1.140530686825513840e-02
1.080505270510911942e-02
1.031158398836851120e-02
9.662743657827377319e-03
9.174486622214317322e-03
8.711816743016242981e-03
8.371269330382347107e-03
8.027445524930953979e-03
7.792595773935317993e-03
7.656502537429332733e-03
7.533783093094825745e-03
7.348161656409502029e-03
7.251404225826263428e-03
7.190583739429712296e-03
7.123790681362152100e-03
7.079755887389183044e-03
7.031870074570178986e-03
6.999873090535402298e-03
6.972117815166711807e-03
7.059559691697359085e-03
6.943636108189821243e-03
6.914517842233181000e-03
6.900313775986433029e-03
6.886772345751523972e-03
6.874929647892713547e-03
6.867042742669582367e-03
6.910032592713832855e-03
6.862095091491937637e-03
6.838253699243068695e-03
6.830400321632623672e-03
6.822697818279266357e-03
6.815476808696985245e-03
6.808531004935503006e-03
6.801998242735862732e-03
6.841282360255718231e-03
6.795270368456840515e-03
6.785670761018991470e-03
6.777484435588121414e-03
6.771840620785951614e-03
6.913709919899702072e-03
6.770291831344366074e-03
6.755557842552661896e-03
6.750074680894613266e-03
6.744798272848129272e-03
6.757564842700958252e-03
6.762912962585687637e-03
6.736855022609233856e-03
6.726417224854230881e-03
6.721348036080598831e-03
6.716809701174497604e-03
6.712490692734718323e-03
6.820657756179571152e-03
6.724087521433830261e-03
6.706435699015855789e-03
6.696972995996475220e-03
6.693173665553331375e-03
6.689446512609720230e-03
6.685827393084764481e-03
6.682266481220722198e-03
6.678759586066007614e-03
6.676030345261096954e-03
6.818585563451051712e-03
6.673042662441730499e-03
6.667227018624544144e-03
6.662988103926181793e-03
6.659442093223333359e-03
6.656189449131488800e-03
6.652969866991043091e-03
6.649746559560298920e-03
6.646504160016775131e-03
6.643237080425024033e-03
6.639959756284952164e-03
7.180630229413509369e-03
6.671092472970485687e-03
6.635207682847976685e-03
6.627822294831275940e-03
6.623862776905298233e-03
6.620313040912151337e-03
6.616779603064060211e-03
6.613164208829402924e-03
6.609450560063123703e-03
6.605626083910465240e-03
6.601677276194095612e-03
6.597639527171850204e-03
7.100347895175218582e-03
6.606210954487323761e-03
6.588693708181381226e-03
6.581062451004981995e-03
6.575601641088724136e-03
6.570511031895875931e-03
6.565132178366184235e-03
6.559435743838548660e-03
6.553373765200376511e-03
6.546895485371351242e-03
6.539941299706697464e-03
6.532632745802402496e-03
6.756562739610671997e-03
6.543887313455343246e-03
6.508011370897293091e-03
6.497771479189395905e-03
6.486462894827127457e-03
6.474121473729610443e-03
6.460388191044330597e-03
6.444933358579874039e-03
6.427394226193428040e-03
6.407308857887983322e-03
6.384093780070543289e-03
6.357005797326564789e-03
6.547072902321815491e-03
6.351177580654621124e-03
6.248971447348594666e-03
6.194413639605045319e-03
6.131529342383146286e-03
6.055900827050209045e-03
5.964894779026508331e-03
5.856328178197145462e-03
5.768185015767812729e-03
5.645746830850839615e-03
5.446887109428644180e-03
5.286061204969882965e-03
5.120979622006416321e-03
4.986219573765993118e-03
4.841270856559276581e-03
4.650417715311050415e-03
5.122923292219638824e-03
4.408192355185747147e-03
4.308013245463371277e-03
4.345197696238756180e-03
4.138025920838117599e-03
4.072197247296571732e-03
4.028593655675649643e-03
4.003603477030992508e-03
3.941152710467576981e-03
3.924353513866662979e-03
3.915545996278524399e-03
3.891171654686331749e-03
3.863238031044602394e-03
3.848750609904527664e-03
3.845650237053632736e-03
3.909576684236526489e-03
3.826539963483810425e-03
3.825083607807755470e-03
3.817026037722826004e-03
3.806043881922960281e-03
3.893637564033269882e-03
3.807468106970191002e-03
3.798884572461247444e-03
3.792400239035487175e-03
3.793816082179546356e-03
3.802282037213444710e-03
3.787314053624868393e-03
3.787957131862640381e-03
3.780937753617763519e-03
3.779546124860644341e-03
4.038825631141662598e-03
3.781408537179231644e-03
3.773998236283659935e-03
3.770945826545357704e-03
3.769392846152186394e-03
3.893710207194089890e-03
3.770837327465415001e-03
3.786181798204779625e-03
3.765512024983763695e-03
3.761691972613334656e-03
3.773372620344161987e-03
3.775230376049876213e-03
3.755735466256737709e-03
3.754467470571398735e-03
3.787277499213814735e-03
3.774794982746243477e-03
3.747779177501797676e-03
3.746532136574387550e-03
3.747331444174051285e-03
3.843026934191584587e-03
3.745261579751968384e-03
3.738929983228445053e-03
3.736627288162708282e-03
3.734488040208816528e-03
4.051994066685438156e-03
3.781967097893357277e-03
3.732304088771343231e-03
3.727820469066500664e-03
3.725738264620304108e-03
3.762210952118039131e-03
3.729223273694515228e-03
3.721970366314053535e-03
3.717522136867046356e-03
3.751975251361727715e-03
3.804428037256002426e-03
3.732303157448768616e-03
3.714933060109615326e-03
3.735057311132550240e-03
3.710773773491382599e-03
3.714067628607153893e-03
3.712278790771961212e-03
3.700339468196034431e-03
3.774951677769422531e-03
3.789318026974797249e-03
3.709541168063879013e-03
3.691987833008170128e-03
3.689589211717247963e-03
3.692209953442215919e-03
3.720751032233238220e-03
3.698910586535930634e-03
3.682155162096023560e-03
3.955453168600797653e-03
3.702530404552817345e-03
3.678349545225501060e-03
3.686269046738743782e-03
3.706421004608273506e-03
3.669681726023554802e-03
3.665928263217210770e-03
3.663100302219390869e-03
4.053240641951560974e-03
3.678574226796627045e-03
3.658271394670009613e-03
3.754355479031801224e-03
3.662282135337591171e-03
3.651386359706521034e-03
3.647393546998500824e-03
3.644763724878430367e-03
3.642858238890767097e-03
3.747942158952355385e-03
3.641573479399085045e-03
3.634242340922355652e-03
3.770010545849800110e-03
3.636827226728200912e-03
3.627449739724397659e-03
3.624823410063982010e-03
3.621301148086786270e-03
3.700340166687965393e-03
3.617172362282872200e-03
3.612478962168097496e-03
3.608239348977804184e-03
3.604386467486619949e-03
3.652437590062618256e-03
3.693885169923305511e-03
3.602228825911879539e-03
3.590734442695975304e-03
3.586197039112448692e-03
3.582408651709556580e-03
3.702796297147870064e-03
3.575757145881652832e-03
3.570408793166279793e-03
3.563656006008386612e-03
3.612070111557841301e-03
3.593210363760590553e-03
3.552286420017480850e-03
3.543632104992866516e-03
3.537778742611408234e-03
3.532511414960026741e-03
3.554174443706870079e-03
3.520458238199353218e-03
3.511830000206828117e-03
3.504479769617319107e-03
3.496594028547406197e-03
3.806456457823514938e-03
3.503757994621992111e-03
3.478667000308632851e-03
3.462365595623850822e-03
3.451263299211859703e-03
3.440098604187369347e-03
3.431357443332672119e-03
3.549212124198675156e-03
3.403622657060623169e-03
3.390459343791007996e-03
3.381381276994943619e-03
3.416058840230107307e-03
3.342877374961972237e-03
3.322720993310213089e-03
3.300810232758522034e-03
3.284694161266088486e-03
3.294126596301794052e-03
3.248346969485282898e-03
3.258002921938896179e-03
3.192050615325570107e-03
3.156519960612058640e-03
3.192075295373797417e-03
3.138241125270724297e-03
3.072135150432586670e-03
3.041920950636267662e-03
3.020043252035975456e-03
2.977275755256414413e-03
2.943333005532622337e-03
3.310540225356817245e-03
2.973848488181829453e-03
2.870650263503193855e-03
2.826560055837035179e-03
2.899303799495100975e-03
2.767524914816021919e-03
2.735920716077089310e-03
2.707571024075150490e-03
2.678814809769392014e-03
2.682576887309551239e-03
2.628954127430915833e-03
2.601568354293704033e-03
2.572973957285284996e-03
2.566749462857842445e-03
2.590761054307222366e-03
2.513657556846737862e-03
2.480609342455863953e-03
2.459832932800054550e-03
2.574745332822203636e-03
2.437705406919121742e-03
2.441965509206056595e-03
2.398629207164049149e-03
2.371452050283551216e-03
2.379984594881534576e-03
2.491069491952657700e-03
2.349154092371463776e-03
2.320261439308524132e-03
2.307625487446784973e-03
2.404944039881229401e-03
2.296606777235865593e-03
2.277812222018837929e-03
2.301665488630533218e-03
2.268837299197912216e-03
2.258332213386893272e-03
2.247259020805358887e-03
2.370610600337386131e-03
2.239123918116092682e-03
2.229372970759868622e-03
2.222713315859436989e-03
2.220215043053030968e-03
2.292840508744120598e-03
2.216531429439783096e-03
2.206025412306189537e-03
2.200213959440588951e-03
2.196158282458782196e-03
2.194794360548257828e-03
2.238382585346698761e-03
2.198379021137952805e-03
2.185418736189603806e-03
2.298007486388087273e-03
2.190049039199948311e-03
2.178017981350421906e-03
2.176119014620780945e-03
2.234681742265820503e-03
2.181588904932141304e-03
2.166112652048468590e-03
2.249721670523285866e-03
2.201666822656989098e-03
2.163862576708197594e-03
2.159416209906339645e-03
2.157412003725767136e-03
2.176484558731317520e-03
2.184895798563957214e-03
2.162703778594732285e-03
2.222469775006175041e-03
2.158725867047905922e-03
2.148672007024288177e-03
2.151361666619777679e-03
2.523941220715641975e-03
2.187862526625394821e-03
2.144928323104977608e-03
2.143773483112454414e-03
2.142472891137003899e-03
2.177015179768204689e-03
2.148099243640899658e-03
2.141161588951945305e-03
2.138879382982850075e-03
2.137771341949701309e-03
2.140235388651490211e-03
2.160893520340323448e-03
2.139159012585878372e-03
2.136152703315019608e-03
2.134180394932627678e-03
2.133287489414215088e-03
2.132498892024159431e-03
2.131962450221180916e-03
2.347171772271394730e-03
2.172743203118443489e-03
2.137108473107218742e-03
2.146917162463068962e-03
2.129535889253020287e-03
2.129649976268410683e-03
2.128267427906394005e-03
2.184594282880425453e-03
2.128007356077432632e-03
2.134070266038179398e-03
2.126258797943592072e-03
2.144505036994814873e-03
2.139366697520017624e-03
2.131638349965214729e-03
2.212611958384513855e-03
2.128925872966647148e-03
2.124282531440258026e-03
2.193861175328493118e-03
2.120677148923277855e-03
2.124330727383494377e-03
2.118760952726006508e-03
2.119550714269280434e-03
2.284056274220347404e-03
2.147823572158813477e-03
2.117393771186470985e-03
2.117063617333769798e-03
2.232987899333238602e-03
2.118374919518828392e-03
2.114554634317755699e-03
2.120535820722579956e-03
2.152917673811316490e-03
2.122385194525122643e-03
2.111001638695597649e-03
2.110166708007454872e-03
2.110763452947139740e-03
2.413087058812379837e-03
2.107717329636216164e-03
2.110095228999853134e-03
2.106069587171077728e-03
2.105178777128458023e-03
2.104369923472404480e-03
2.145178150385618210e-03
2.128632273524999619e-03
2.112007467076182365e-03
2.100888406857848167e-03
2.099906327202916145e-03
2.101507969200611115e-03
2.117094118148088455e-03
2.113529480993747711e-03
2.160805976018309593e-03
2.098154043778777122e-03
2.096746116876602173e-03
2.093488583341240883e-03
2.092168433591723442e-03
2.298970473930239677e-03
2.141457283869385719e-03
2.095555653795599937e-03
2.088771434500813484e-03
2.086797961965203285e-03
2.088534412905573845e-03
2.102131955325603485e-03
2.087465487420558929e-03
2.084853826090693474e-03
2.168344333767890930e-03
2.083342988044023514e-03
2.080195816233754158e-03
2.088789828121662140e-03
2.095423638820648193e-03
2.079574856907129288e-03
2.197091700509190559e-03
2.088519977405667305e-03
2.077011158689856529e-03
2.176211914047598839e-03
2.085729734972119331e-03
2.085355808958411217e-03
2.107565524056553841e-03
2.077062148600816727e-03
2.070512389764189720e-03
2.191438339650630951e-03
2.082312013953924179e-03
2.068962436169385910e-03
2.201649593189358711e-03
2.103650942444801331e-03
2.069738460704684258e-03
2.064434578642249107e-03
2.290086820721626282e-03
2.063224557787179947e-03
2.063368912786245346e-03
2.062215236946940422e-03
2.061177510768175125e-03
2.070804592221975327e-03
2.087566303089261055e-03
2.066348912194371223e-03
2.060227096080780029e-03
2.089137909933924675e-03
2.068499103188514709e-03
2.057089004665613174e-03
2.056667581200599670e-03
2.055630553513765335e-03
2.055151388049125671e-03
2.078816061839461327e-03
2.114022849127650261e-03
2.058773534372448921e-03
2.052589319646358490e-03
2.063570078462362289e-03
2.081606304273009300e-03
2.057619392871856689e-03
2.060517203062772751e-03
2.103622304275631905e-03
2.048558089882135391e-03
2.047991845756769180e-03
2.049260539934039116e-03
2.052878728136420250e-03
2.045883098617196083e-03
2.044914755970239639e-03
2.069841371849179268e-03
2.047270769253373146e-03
2.047265646979212761e-03
2.042544772848486900e-03
2.040997147560119629e-03
2.040076069533824921e-03
2.039207378402352333e-03
2.167851664125919342e-03
2.044263528659939766e-03
2.042428357526659966e-03
2.037419239059090614e-03
2.034918405115604401e-03
2.036575460806488991e-03
2.048489637672901154e-03
2.036560093984007835e-03
2.031964249908924103e-03
2.030014758929610252e-03
2.029339084401726723e-03
2.151544205844402313e-03
2.040606923401355743e-03
2.027381677180528641e-03
2.220388501882553101e-03
2.031441545113921165e-03
2.021296648308634758e-03
2.023263834416866302e-03
2.032455988228321075e-03
2.026923000812530518e-03
2.016774378716945648e-03
2.014169236645102501e-03
2.012406475841999054e-03
2.039082115516066551e-03
2.098522847518324852e-03
2.042082836851477623e-03
2.009447431191802025e-03
2.006877912208437920e-03
2.047900343313813210e-03
2.008300973102450371e-03
2.000182634219527245e-03
2.024400746449828148e-03
1.999540487304329872e-03
1.990920631214976311e-03
2.008025301620364189e-03
2.006269991397857666e-03
2.001698128879070282e-03
1.982574583962559700e-03
1.977873267605900764e-03
2.062817569822072983e-03
1.973438076674938202e-03
2.072580857202410698e-03
1.968468772247433662e-03
1.959781395271420479e-03
1.956433756276965141e-03
2.006890019401907921e-03
1.957610249519348145e-03
1.943362294696271420e-03
1.951259328052401543e-03
1.938181812874972820e-03
1.927837496623396873e-03
1.920428825542330742e-03
1.922157127410173416e-03
1.998792402446269989e-03
1.906259101815521717e-03
1.893184613436460495e-03
1.886636251583695412e-03
1.942193019203841686e-03
1.894903485663235188e-03
1.859248965047299862e-03
1.873318804427981377e-03
1.871856045909225941e-03
1.828861655667424202e-03
1.854289672337472439e-03
1.877813949249684811e-03
1.793255563825368881e-03
1.774348202161490917e-03
1.920635346323251724e-03
1.751871430315077305e-03
1.721596345305442810e-03
1.761912601068615913e-03
1.743982429616153240e-03
1.669968245550990105e-03
1.641533803194761276e-03
1.620296272449195385e-03
1.624394324608147144e-03
1.611730200238525867e-03
1.551453606225550175e-03
1.518619596026837826e-03
1.669495366513729095e-03
1.463346765376627445e-03
1.419424545019865036e-03
1.409827498719096184e-03
1.360283116810023785e-03
1.309138024225831032e-03
1.269428525120019913e-03
1.247361535206437111e-03
1.171389012597501278e-03
1.124912058003246784e-03
1.173110562376677990e-03
1.057459739968180656e-03
9.912620298564434052e-04
9.405511082150042057e-04
8.952002390287816525e-04
1.069862279109656811e-03
8.151025394909083843e-04
7.743653259240090847e-04
7.308918866328895092e-04
6.922893226146697998e-04
6.609506090171635151e-04
6.379018304869532585e-04
6.007613264955580235e-04
6.500550662167370319e-04
5.587220657616853714e-04
5.120933637954294682e-04
4.834489664062857628e-04
5.904310964979231358e-04
4.569269367493689060e-04
4.152692272327840328e-04
3.960600297432392836e-04
4.271169018466025591e-04
4.065237590111792088e-04
3.444314643274992704e-04
3.243770333938300610e-04
5.358425551094114780e-04
3.231603186577558517e-04
2.810966980177909136e-04
2.690216642804443836e-04
3.487720387056469917e-04
2.593012177385389805e-04
2.335334866074845195e-04
3.648452111519873142e-04
2.152497618226334453e-04
2.074096410069614649e-04
1.936579647008329630e-04
4.324484616518020630e-04
1.856589806266129017e-04
1.684676681179553270e-04
1.621157862246036530e-04
1.546739222249016166e-04
6.503440090455114841e-04
1.502918021287769079e-04
1.436432212358340621e-04
1.315955450991168618e-04
1.264109887415543199e-04
1.214003859786316752e-04
1.192702475236728787e-04
1.830936962505802512e-04
1.087604978238232434e-04
1.059818459907546639e-04
1.013067303574644029e-04
4.131552705075591803e-04
1.049891870934516191e-04
9.375238005304709077e-05
8.847222488839179277e-05
8.513205830240622163e-05
1.641350827412679791e-04
1.078594141290523112e-04
7.804493361618369818e-05
7.649451436009258032e-05
1.768552465364336967e-04
8.212484681280329823e-05
7.190847099991515279e-05
6.707636930514127016e-05
6.512141408165916800e-05
2.166309277527034283e-04
8.913274359656497836e-05
6.442290032282471657e-05
6.633391603827476501e-05
8.547642937628552318e-05
6.495360139524564147e-05
5.638206494040787220e-05
5.304580190568231046e-05
6.250967999221757054e-05
1.201080012833699584e-04
6.694510375382378697e-05
4.943131716572679579e-05
4.751298547489568591e-05
4.654276563087478280e-05
4.569743032334372401e-05
2.899661485571414232e-04
1.094574399758130312e-04
4.960162550560198724e-05
4.348046786617487669e-05
4.150506720179691911e-05
4.069777060067281127e-05
4.002173591288737953e-05
2.040131366811692715e-04
7.474459562217816710e-05
3.899651346728205681e-05
3.845533137791790068e-05
2.661230100784450769e-04
5.078093090560287237e-05
3.876592018059454858e-05
3.521305916365236044e-05
3.439190550125204027e-05
3.814887531916610897e-05
7.396667206194251776e-05
4.572798934532329440e-05
3.323145574540831149e-05
3.203629603376612067e-05
3.211345028830692172e-05
4.125120176468044519e-04
4.450535925570875406e-05
3.481364910840056837e-05
2.968421722471248358e-05
2.919185499195009470e-05
2.871573633456137031e-05
5.060566400061361492e-05
2.911985393438953906e-05
3.423883754294365644e-05
2.884701461880467832e-05
2.241555921500548720e-04
3.875890979543328285e-05
2.633439544297289103e-05
2.605253212095703930e-05
2.542922084103338420e-05
2.861338907678145915e-05
8.660184539621695876e-05
3.143765570712275803e-05
2.422272336843889207e-05
2.383021455898415297e-05
2.353827039769385010e-05
2.318237602594308555e-05
2.322416548850014806e-05
2.833948237821459770e-04
3.115307481493800879e-05
3.781345367315225303e-05
2.262946145492605865e-05
2.164179022656753659e-05
2.127132029272615910e-05
2.097033939207904041e-05
2.071847484330646694e-05
2.713620233407709748e-05
1.903397351270541549e-04
4.109610381419770420e-05
2.221182148787193000e-05
1.982128014788031578e-05
1.926172080857213587e-05
1.904471173475030810e-05
2.471315929142292589e-05
8.872125908965244889e-05
2.247612064820714295e-05
1.820003126340452582e-05
1.844331927713938057e-05
2.989102795254439116e-04
2.013992161664646119e-05
1.785768290574196726e-05
1.799269739422015846e-05
3.404962262720800936e-05
5.613475514110177755e-05
1.784348933142609894e-05
1.746177076711319387e-05
1.642912320676259696e-05
3.639519854914397001e-05
9.620556375011801720e-05
2.334576856810599566e-05
1.671542668191250414e-05
1.547021929582115263e-05
1.522725142422132194e-05
2.042384585365653038e-05
1.011096173897385597e-04
2.328744267288129777e-05
1.633394822420086712e-05
5.090318154543638229e-05
4.691531648859381676e-05
1.474974305892828852e-05
1.428028645023005083e-05
1.808664092095568776e-05
1.291631924686953425e-04
2.102148209814913571e-05
1.568624065839685500e-05
1.403844999003922567e-05
5.514188160304911435e-05
5.951941420789808035e-05
2.304658846696838737e-05
1.288897965423529968e-05
1.279867501580156386e-05
4.852282290812581778e-05
8.622760651633143425e-05
1.818724012991879135e-05
1.398981021338840947e-05
1.441822860215324908e-05
5.999657514621503651e-05
1.829538450692780316e-05
1.295778656640322879e-05
1.426464586984366179e-05
1.789814268704503775e-04
2.759541348495986313e-05
1.408843036188045517e-05
2.810835212585516274e-05
1.395674644300015643e-05
1.478566082369070500e-05
1.186324698210228235e-05
2.196842251578345895e-04
2.475347901054192334e-05
1.236501066159689799e-05
1.171101484942482784e-05
4.928940688841976225e-05
3.493604162940755486e-05
1.104705825127894059e-05
1.085501025954727083e-05
1.728654315229505301e-04
3.682838359964080155e-05
1.461582360207103193e-05
1.996042374230455607e-05
1.192979198094690219e-05
1.116472594731021672e-05
1.059908663592068478e-05
9.464565664529800415e-05
1.517057899036444724e-05
9.003685590869281441e-06
2.025760659307707101e-05
8.942200111050624400e-06
1.405228431394789368e-05
9.098679583985358477e-06
5.815581607748754323e-05
2.284877518832217902e-05
1.595442154211923480e-05
4.863947833655402064e-05
2.794376814563293010e-05
1.300967960560228676e-05
7.869009095884393901e-06
1.010838514048373327e-05
5.401004455052316189e-05
1.815010182326659560e-05
7.891041605034843087e-06
7.515266588598024100e-06
7.389513029920635745e-06
7.341873242694418877e-06
1.896562207548413426e-05
1.147161528933793306e-04
1.870302367024123669e-05
8.951777999754995108e-06
1.275812883250182495e-05
2.604796827654354274e-05
1.035076729749562219e-05
7.370434104814194143e-06
1.895402056106831878e-05
2.309954470547381788e-05
1.389075532642891631e-05
3.452466626185923815e-05
2.763377415249124169e-05
9.930638952937442809e-06
8.369946590391919017e-05
7.234620170493144542e-06
1.335062006546650082e-05
2.690216751943808049e-05
1.327070458501111716e-05
1.392392641719197854e-05
4.456583701539784670e-05
1.501668339187745005e-05
6.814214884798275307e-06
6.026183655194472522e-06
5.616096314042806625e-05
2.078718716802541167e-05
8.560346941521856934e-06
9.926362508849706501e-06
3.617754919105209410e-05
1.546606108604464680e-05
6.456615665229037404e-06
6.440542165364604443e-06
7.310139335459098220e-05
1.712749508442357183e-05
8.273419553006533533e-06
9.262090316042304039e-06
1.043226511683315039e-04
1.665280069573782384e-05
1.149745639850152656e-05
1.015556881611701101e-05
1.289155898120952770e-05
5.909459105168934911e-06
1.077921624528244138e-04
2.061903251160401851e-05
7.845857908250764012e-06
1.318215527135180309e-05
8.398913632845506072e-05
5.019411219109315425e-06
5.728040378016885370e-06
4.643301508622244000e-06
9.892158232105430216e-06
8.510649786330759525e-05
4.824530606128973886e-06
6.115064024925231934e-06
3.033446591871324927e-05
3.874401227221824229e-05
6.670793936791596934e-06
5.277597665553912520e-06
4.207449364912463352e-06
1.154259462055051699e-05
5.970159327262081206e-05
1.271917335543548688e-05
6.412575203285086900e-06
6.456698611145839095e-05
6.362908607115969062e-06
4.288847776479087770e-06
4.376112428872147575e-06
8.167912892531603575e-05
4.628285023500211537e-05
4.486493253352819011e-06
7.678862857574131340e-06
7.399549213005229831e-05
1.088783028535544872e-05
4.971140242560068145e-06
3.917074081982718781e-06
1.360022542939987034e-05
5.991540092509239912e-05
1.615745350136421621e-05
5.366510777093935758e-06
3.575920572984614410e-06
5.162024081073468551e-06
6.093155752751044929e-05
4.220808477839455009e-05
2.837630381691269577e-05
3.752174734472646378e-06
4.303185505705187097e-06
9.698888788989279419e-06
1.400148539687506855e-05
5.961807801213581115e-06
3.452149030636064708e-05
1.871924177976325154e-05
6.877345640532439575e-06
8.113868534564971924e-05
4.234041171002900228e-06
1.972081372514367104e-05
3.716403080034069717e-05
5.199390670895809308e-06
3.086151991738006473e-05
3.826280953944660723e-05
7.889901098678819835e-06
5.397825589170679450e-06
1.947853525052778423e-05
1.663618968450464308e-05
2.112213223881553859e-05
4.306712526158662513e-06
3.745245976460864767e-06
1.288940075028222054e-05
2.259004395455121994e-05
8.922038432501722127e-06
6.638914783252403140e-05
2.585748916317243129e-05
1.165942012448795140e-05
2.618819235067348927e-05
3.872254183079348877e-06
1.367621189274359494e-05
5.964510273770429194e-05
4.108880602871067822e-06
3.978550466854358092e-06
3.256713625887641683e-06
9.455852705286815763e-05
6.562515409314073622e-06
4.512388841249048710e-06
1.274744863621890545e-05
2.491935629223007709e-05
3.468649538262980059e-06
5.670193422702141106e-05
1.771689494489692152e-05
3.307096449134405702e-06
5.137332209415035322e-06
1.142857508966699243e-04
6.263187515287427232e-06
5.665457592840539292e-06
3.265136001573409885e-06
1.539616823720280081e-05
1.773183430486824363e-05
8.436757525487337261e-06
2.509444584575248882e-06
3.842305886792019010e-06
9.447031334275379777e-05
1.628320387681014836e-05
5.495120149134891108e-06
3.325265424791723490e-06
4.853783138969447464e-06
1.556348579470068216e-04
1.465081459173234180e-05
4.864136826654430479e-06
6.150206172605976462e-05
4.577313575282460079e-06
4.388631168694701046e-06
1.003670331556349993e-04
1.140935910370899364e-05
5.076559318695217371e-06
9.130522812483832240e-05
1.836757110140752047e-05
4.195680958218872547e-06
1.071291262633167207e-05
3.397912223590537906e-05
6.300537734205136076e-06
2.431422217341605574e-06
2.228962785011390224e-06
2.484284550519078039e-06
1.739228318911045790e-04
4.145054117543622851e-05
5.838243396283360198e-06
2.672317805263446644e-06
2.240322601210209541e-06
3.278840495113399811e-06
4.299030479160137475e-05
1.121041805163258687e-05
4.478201844904106110e-06
6.359574035741388798e-05
1.484261883888393641e-05
2.091714350171969272e-06
3.835516963590634987e-06
4.942640953231602907e-05
2.162911732739303261e-05
2.778653652057982981e-06
8.347701623279135674e-06
1.902259282360319048e-05
1.226818130817264318e-05
7.093585281836567447e-06
2.456837819408974610e-06
1.157570932264206931e-05
5.256352596916258335e-05
1.153607172454940155e-05
1.273008911084616557e-05
1.071270708052907139e-05
2.221801878476981074e-06
2.547101985328481533e-06
2.568650234024971724e-05
8.514605724485591054e-06
1.189140130009036511e-05
2.609435978229157627e-05
1.733680983306840062e-05
2.126180788764031604e-06
2.106315378114231862e-06
2.146328370145056397e-06
1.012086504488252103e-04
7.479474152205511928e-05
1.306353624386247247e-05
3.314796003905939870e-06
2.021469526880537160e-06
1.959731434908462688e-06
1.316716316068777815e-05
5.061910633230581880e-05
1.013262408378068358e-05
2.575695361883845180e-06
2.926553406723542139e-06
5.675021748174913228e-05
1.478244939789874479e-05
8.219132723752409220e-06
5.528413385036401451e-05
8.715479452803265303e-06
5.764331945101730525e-06
5.111849168315529823e-05
1.213386894960422069e-05
2.608421937111415900e-06
1.737348429742269218e-05
1.202375133289024234e-04
7.265025033120764419e-06
3.289460664746002294e-06
1.846255372583982535e-06
2.068289177259430289e-06
3.924528573406860232e-05
2.955323725473135710e-05
6.919333827681839466e-06
3.148226142002386041e-06
5.131219950271770358e-06
7.955018190841656178e-06
1.999301048272172920e-06
1.138990992330946028e-04
4.245216405251994729e-05
1.954450908669969067e-06
2.339324055355973542e-06
1.813149992813123390e-06
1.319585226156050339e-05
1.636020533624105155e-05
4.928494945488637313e-06
4.024389272672124207e-05
2.268357820867095143e-05
3.192724761902354658e-06
3.929492322640726343e-06
5.372015584725886583e-05
1.750096453179139644e-05
4.722157427750062197e-06
2.217627979916869663e-06
1.601348340045660734e-04
2.947209941339679062e-05
2.639100330270593986e-06
2.795821046674973331e-06
2.315115125384181738e-05
3.179151826770976186e-05
1.810292019399639685e-06
2.107717591570690274e-06
3.823907263722503558e-06
1.009152692859061062e-04
1.030897601594915614e-05
1.083143251889850944e-05
2.296688580827321857e-05
1.141364464274374768e-05
3.374195512151345611e-05
1.092438287741970271e-05
2.287424103997182101e-05
1.805668034648988396e-05
1.617105954210273921e-05
9.384482837049290538e-06
7.641631782462354749e-06
5.732591671403497458e-05
1.230710404342971742e-05
2.827971911756321788e-06
2.692269845283590257e-06
1.369096135022118688e-04
8.846641321724746376e-06
2.334826376682030968e-06
1.094014896807493642e-05
3.651039514807052910e-05
4.805445769306970760e-06
7.078233011270640418e-06
2.391789166722446680e-06
5.552354650717461482e-06
2.202206587753607891e-06
4.056445959577104077e-06
4.931220610160380602e-05
1.640058144403155893e-05
6.261410362640162930e-06
5.707294803869444877e-06
5.911578409723006189e-05
2.366369926676270552e-06
1.925169954120065086e-06
4.686545071308501065e-05
2.293383431606343947e-06
1.397921878378838301e-04
7.981023372849449515e-06
2.483493744875886478e-06
1.807611056392488535e-06
1.604823751222284045e-06
2.586093387435539626e-06
1.647324534133076668e-04
1.086954853235511109e-05
3.825832664006156847e-06
2.428469315418624319e-06
9.910762855724897236e-06
3.455504383964580484e-06
6.327203664113767445e-06
1.786919142432452645e-06
6.440456672862637788e-06
3.632334482972510159e-06
1.619622926227748394e-04
2.133053749275859445e-05
4.608934432326350361e-06
1.571798975419369526e-06
1.566347350490104873e-06
1.580258526701072697e-06
6.632702570641413331e-05
3.347248275531455874e-05
2.304388317497796379e-06
2.417571522528305650e-06
1.563160935802443419e-06
1.542175937174761202e-06
1.646113105380209163e-06
3.442718880251049995e-04
1.729560426610987633e-05
2.452156195431598462e-06
1.737200136631145142e-06
1.567663844070921186e-06
1.526581968391838018e-06
1.606768250894674566e-06
1.708234631223604083e-04
1.026785776048200205e-05
4.597466613631695509e-06
6.784670404158532619e-06
2.214279084000736475e-05
4.681707650888711214e-06
2.104637133015785366e-06
1.330715258518466726e-05
2.154520871044951491e-06
6.542355095007224008e-06
5.327272901922697201e-06
2.864462658180855215e-05
7.848043424019124359e-06
1.289515148528153077e-05
2.295860758749768138e-05
1.630065753488452174e-06
4.729280772153288126e-05
2.148413659597281367e-05
2.949810368590988219e-05
1.543460894026793540e-05
4.100406385987298563e-06
3.066139925067545846e-06
5.376563785830512643e-05
4.791379978996701539e-06
1.146682552644051611e-05
1.222808168677147478e-05
2.016341341004590504e-06
2.806156089718570001e-06
1.272244408028200269e-04
1.707408227957785130e-05
2.710611624934244901e-06
1.519425277365371585e-04
4.011837972939247265e-06
2.854489821402239613e-06
1.111078454414382577e-04
6.896565082570305094e-06
2.660809741428238340e-06
1.855701725617109332e-06
1.708986474113771692e-06
1.516864140285179019e-04
3.738687155419029295e-05
6.015056897012982517e-06
3.131177436443977058e-05
9.747570402396377176e-06
2.394888269918737933e-06
4.104763775103492662e-06
3.062499672523699701e-05
8.594471728429198265e-05
1.008221079246141016e-05
3.249414930905913934e-06
1.516955535407760181e-06
5.932888143433956429e-06
2.834583574440330267e-05
2.070941263809800148e-06
1.907942305479082279e-06
3.529371042532147840e-06
3.582204590202309191e-05
4.753432585857808590e-05
1.535320734546985477e-05
4.786713816429255530e-06
1.604958379175513983e-05
9.924228834279347211e-06
5.653779680869774893e-06
1.341353618045104668e-05
4.677804099628701806e-05
1.567220715514849871e-05
3.831687990896170959e-06
6.713179755024611950e-05
2.349713440708001144e-06
2.027334176091244444e-06
2.844215487129986286e-06
4.855430961470119655e-05
1.184126995212864131e-05
4.416177034727297723e-06
5.765668447565985844e-06
7.422055205097422004e-06
2.035809529843390919e-06
1.628409108889172785e-06
1.507379806753306184e-06
5.970359325147001073e-06
8.538640031474642456e-06
8.750358574616257101e-06
2.466715159243904054e-06
1.678335138421971351e-06
4.323239772929809988e-05
2.274031430715695024e-05
3.282550324001931585e-06
1.949456191141507588e-06
3.593673227442195639e-06
7.954024476930499077e-05
7.323913450818508863e-06
3.814490582954022102e-06
7.966098928591236472e-05
1.462816726416349411e-05
8.609700307715684175e-05
1.502933855590526946e-06
2.551162197050871328e-06
2.354601974730030634e-06
5.843264443683438003e-05
1.383658491249661893e-05
3.916650257451692596e-06
2.481431465639616363e-06
1.283651654375717044e-04
2.763039447017945349e-05
7.557846856798278168e-06
5.398367648012936115e-05
1.143124518421245739e-05
3.761995003515039571e-06
5.378608693717978895e-05
1.420308490196475759e-05
4.653109954233514145e-06
2.969876004499383271e-05
2.509989099053200334e-05
8.806385267234873027e-06
2.503163841538480483e-06
6.497102003777399659e-05
2.503220821381546557e-05
1.799565097826416604e-06
1.526687015029892791e-06
4.033840468764537945e-06
6.770453910576179624e-05
7.898865078459493816e-06
6.030581425875425339e-05
1.559897441438806709e-06
2.427408617222681642e-06
8.909821917768567801e-05
1.627323399588931352e-05
5.888697160116862506e-06
2.007431476158672012e-06
1.613780113984830678e-06
1.344489719485864043e-04
5.243309260549722239e-06
9.297395990870427340e-06
3.090711061304318719e-06
8.292689926747698337e-06
3.154443675157381222e-06
4.313685167289804667e-06
5.625806079478934407e-05
9.433189006813336164e-06
6.634623332502087578e-06
1.675076055107638240e-05
6.889069936732994393e-06
1.280073629459366202e-04
1.623122443561442196e-05
2.208269052061950788e-06
1.694625439085939433e-06
2.014017354667885229e-06
1.202318890136666596e-04
2.736638452915940434e-05
2.248776809210539795e-06
2.099010316669591703e-06
2.093401963065844029e-05
3.407506301300600171e-05
2.610761384858051315e-06
2.572508492448832840e-06
1.078915884136222303e-04
1.696822801022790372e-05
1.209936908708186820e-05
3.874763933708891273e-06
1.363989440505974926e-06
1.042967323883203790e-05
1.246039028046652675e-05
1.846459781518206000e-06
2.086597532979794778e-06
3.535378709784708917e-06
7.110301521606743336e-05
1.421475826646201313e-05
5.052678716310765594e-06
1.485582060922752135e-06
2.612078969832509756e-05
1.092799084290163592e-05
5.896081347600556910e-06
2.222097009507706389e-06
1.371888743051385973e-06
1.337421849711972754e-06
1.639525521568430122e-06
1.236723328474909067e-04
1.507441993453539908e-05
3.678415168906212784e-06
2.001010443564155139e-06
1.341772758678416722e-06
1.746775524225085974e-06
6.445634789997711778e-05
5.638249149342300370e-06
4.300340606278041378e-06
1.351816536043770611e-06
6.308330739557277411e-06
7.866197847761213779e-05
9.809165931073948741e-06
3.873356490657897666e-06
4.447753963177092373e-05
1.919751048262696713e-05
3.539386398188071325e-06
2.963538008771138266e-06
8.821835217531770468e-05
4.296493898436892778e-06
3.817412289208732545e-05
1.892427462735213339e-06
5.141564997757086530e-06
4.127977263124193996e-06
5.283533482725033537e-06
2.258157473988831043e-05
2.267595391458598897e-06
1.582955405865504872e-06
6.896797276567667723e-05
4.337477002991363406e-05
2.431632310617715120e-06
2.600420657472568564e-06
1.399914140165492427e-06
2.442668801450054161e-06
1.637120731174945831e-04
8.953245014708954841e-06
2.678341388673288748e-06
1.497445737186353654e-06
1.507958359070471488e-06
3.369408295839093626e-05
2.532595135562587529e-05
3.846766503556864336e-06
1.894213824016333092e-06
2.212088475062046200e-06
7.937301415950059891e-05
5.700533074559643865e-05
4.856720806856174022e-06
5.174569196242373437e-06
3.820206984528340399e-05
9.792772289074491709e-06
1.440934170204855036e-06
4.951204755343496799e-05
4.436351446202024817e-06
8.593816346547100693e-06
2.097060678352136165e-05
2.332425992790376768e-06
1.462160412302182522e-06
8.575806532462593168e-06
5.689826139132492244e-06
6.570145615114597604e-06
6.129356279416242614e-06
2.910815965151414275e-05
2.163962562917731702e-05
1.122531921282643452e-05
5.920412604609737173e-06
1.876904320852190722e-06
4.957602868671528995e-05
2.009885065490379930e-05
2.218966528744203970e-06
7.291021029232069850e-05
1.954284743987955153e-05
3.374410152900964022e-05
4.524633368419017643e-06
1.755507400957867503e-05
6.854734692751662806e-06
1.365070033898518886e-06
5.858131044078618288e-05
2.061713166767731309e-05
9.030053661263082176e-06
1.958730535989161581e-06
9.769214557309169322e-06
2.513620529498439282e-05
3.017304607055848464e-06
2.137106775990105234e-06
1.196150478790514171e-04
3.721184384630760178e-06
3.757982540264492854e-06
1.616562030903878622e-06
1.260332624042348471e-06
9.441372640139888972e-06
1.015237558021908626e-05
2.259095526824239641e-05
2.534675559218158014e-06
7.010832632659003139e-05
6.638234026468126103e-06
1.297154085477814078e-06
3.574375341486302204e-06
6.895254773553460836e-05
9.092446816794108599e-06
2.601498863441520371e-06
1.124443315347889438e-05
1.472476924391230568e-05
4.973465183866210282e-05
8.399068974540568888e-06
2.295889544257079251e-06
1.493720446887891740e-06
3.309296880615875125e-05
4.621376137947663665e-05
1.132646775658940896e-05
1.343260805697354954e-06
1.798893936211243272e-05
4.137637006351724267e-05
7.126032869564369321e-06
1.406949536431056913e-06
1.292540218855720013e-06
2.612233220133930445e-05
4.248807817930355668e-05
5.748046987719135359e-06
5.269565008347854018e-06
5.241912731435149908e-05
1.189424710901221260e-05
4.118239303352311254e-06
3.838881457340903580e-05
9.750756362336687744e-06
1.289872102461231407e-06
2.145349935744889081e-05
3.762745109270326793e-05
1.786313305274234153e-06
2.162159944418817759e-06
3.969773842982249334e-06
1.261240959138376638e-05
6.316309281828580424e-06
1.537412913421576377e-06
1.693836907179502305e-06
1.271896849175391253e-06
1.558209532959153876e-06
5.049454193795099854e-05
1.524304479971760884e-05
4.107228050997946411e-06
1.630818587727844715e-06
1.360596115773660131e-06
1.219940486407722346e-06
1.274931037187343463e-06
1.830521796364337206e-04
5.470578616950660944e-05
2.391784255451057106e-05
3.975377694587223232e-06
1.393926822856883518e-06
1.254103722203581128e-06
1.212277993545285426e-06
1.216281930283003021e-06
1.540364064567256719e-05
2.035709803749341518e-05
8.420031917921733111e-06
3.276656570960767567e-06
4.492049629334360361e-05
3.438001840549986809e-06
1.486598307565145660e-06
1.255265829058771487e-06
2.400978246441809461e-06
7.874226139392703772e-05
4.932663614454213530e-06
1.825137815103516914e-06
1.971524625332676806e-06
4.441530109033919871e-05
1.740666448313277215e-06
1.232603608514182270e-06
1.385976361234497745e-06
1.266152139578480273e-06
1.033126172842457891e-04
3.466389534878544509e-05
1.445708039682358503e-05
1.994164904317585751e-06
1.309537537963478826e-06
4.568597887555370107e-06
2.203884605478378944e-06
1.509135927335591987e-06
1.366811488878738601e-06
7.900698983576148748e-05
1.342225004918873310e-05
5.641755251417635009e-06
1.717389750410802662e-05
4.082326086063403636e-06
3.820284746325341985e-06
2.032314114330802113e-06
1.251955982297658920e-04
1.377022272208705544e-05
1.632859039091272280e-06
1.691437432782549877e-06
1.608804950592457317e-06
1.886699101305566728e-05
1.423461071681231260e-05
9.165637493424583226e-06
2.249745648441603407e-06
1.791973204490204807e-06
8.527295722160488367e-05
1.760796180860779714e-06
3.973134425905300304e-06
1.933340399773442186e-06
2.725386821111897007e-06
1.087310520233586431e-04
1.586624239280354232e-05
3.290246922915684991e-06
1.116906241804827005e-05
2.748169208643957973e-05
4.110440386284608394e-06
7.450865086866542697e-05
4.138919393881224096e-06
3.745952653844142333e-06
1.757631252985447645e-06
2.022348417085595429e-05
2.503176074242219329e-05
4.052042186231119558e-06
1.927899575093761086e-06
1.512705348432064056e-04
1.334002990915905684e-05
2.163142198696732521e-06
1.564386820973595604e-06
1.340794710813497659e-06
1.946212432812899351e-05
2.047742600552737713e-05
4.566793450067052618e-06
1.502650889051437844e-06
9.677039088273886591e-06
5.997153493808582425e-06
4.535277639661217108e-06
1.302310806750028860e-06
2.855425009329337627e-06
9.526266512693837285e-05
1.559110023663379252e-05
1.852370701271865983e-06
1.199695589093607850e-06
2.617539394123014063e-06
9.549121750751510262e-05
9.562369996274355799e-06
6.564489012816920877e-06
1.804188173082366120e-06
5.149154276296030730e-06
5.501541454577818513e-05
8.633811376057565212e-06
3.098387878708308563e-06
6.028707502991892397e-05
4.368278678157366812e-05
1.147718830907251686e-05
1.899801532090350520e-06
3.057764843106269836e-05
1.671210338827222586e-05
5.260079433355713263e-06
3.503778134472668171e-05
4.354423435870558023e-05
1.131007229560054839e-05
1.473879478908202145e-06
3.563408608897589147e-05
2.344870335946325213e-05
1.678413582339999266e-06
1.456869631510926411e-05
1.043060092342784628e-05
6.903170287841930985e-05
6.191527972987387329e-06
3.625543286034371704e-06
1.635577973502222449e-06
1.246936335519421846e-05
9.857709301286377013e-06
1.770516610122285783e-05
3.548413360476843081e-06
2.454328296153107658e-06
9.721099195303395391e-05
1.600514769961591810e-05
4.366288067103596404e-06
1.056259588949615136e-05
1.248526223207591102e-05
4.708776486950227991e-06
2.374106770730577409e-06
6.188998213474405929e-06
4.937693665851838887e-05
5.749424235546030104e-05
5.418109140009619296e-06
1.628109885132289492e-06
7.034523878246545792e-05
8.520203664375003427e-06
3.605593974498333409e-06
1.232565750797220971e-06
1.286824044655077159e-06
4.447169703780673444e-05
4.330506271799094975e-05
5.341792530089151114e-06
3.755477337108459324e-06
6.624217348871752620e-05
1.740329935273621231e-06
1.181933271254820284e-06
5.992252681608079001e-06
1.259779492102097720e-05
1.351991159026511014e-05
1.126066490542143583e-05
3.748150902538327500e-06
4.416189403855241835e-05
1.525999323348514736e-05
4.545063802652293816e-06
3.525495230860542506e-06
6.110149115556851029e-05
1.124725167755968869e-05
3.120432666037231684e-06
1.252015749741985928e-06
4.412543057696893811e-05
6.834228770458139479e-06
4.736924438475398347e-06
1.615350697647954803e-06
3.189262997693731450e-06
5.844331553817028180e-06
4.960427304467884824e-06
2.250471516163088381e-05
3.130077675450593233e-05
5.081949893792625517e-06
1.772670430000289343e-06
1.302077521359024104e-06
7.996429303602781147e-06
5.807189518236555159e-05
1.486124347138684243e-05
1.299357336392858997e-06
3.601909384087775834e-06
6.276989006437361240e-05
6.317596216831589118e-06
3.088614676016732119e-06
2.032316160693881102e-06
1.380037429044023156e-04
1.849173531809356064e-05
3.851967903756303713e-06
2.040703975580981933e-06
4.041171632707118988e-05
1.122267440223367885e-05
1.786884422472212464e-05
4.470986368687590584e-06
1.524764684290857986e-06
1.596399088157340884e-04
2.121862598869483918e-05
4.363998868939233944e-06
3.472913886071182787e-05
1.310637003371084575e-06
1.919469696076703258e-06
1.138439620262943208e-05
4.388088927953504026e-05
1.592704211361706257e-05
1.499010704719694331e-05
2.291867758685839362e-06
1.434675482414604630e-06
7.019823897280730307e-06
2.996290277224034071e-05
6.242118161026155576e-06
1.832195812312420458e-05
4.076004188391380012e-06
1.597483446857950184e-06
3.090881364187225699e-06
4.981672645953949541e-06
4.806878678209614009e-06
1.292078195547219366e-06
1.426818698746501468e-06
6.574024155270308256e-05
1.761375824571587145e-05
2.230331847385969013e-05
1.782011963769036811e-06
5.964376214251387864e-06
4.283929956727661192e-05
9.818279067985713482e-06
1.187275529446196742e-06
2.110160039592301473e-06
1.091174908651737496e-05
1.943536517501343042e-05
1.756240976646950003e-06
3.852670124615542591e-05
3.878497864207020029e-06
2.376042402829625644e-06
1.240405026692315005e-06
3.778294740186538547e-06
4.861050183535553515e-05
3.096935188295901753e-06
2.699168589970213361e-06
2.016370217461371794e-06
4.199091563350521028e-06
1.816877329474664293e-06
1.421985530214442406e-06
1.563289260957390070e-04
1.838142816268373281e-05
3.199996399416704662e-06
1.472373469368903898e-06
1.550203251099446788e-06
5.878533920622430742e-05
4.277261177776381373e-05
9.071423846762627363e-06
1.214475332744768821e-06
1.408838784300314728e-06
1.361908798571676016e-04
1.493458148615900427e-05
2.097220431096502580e-06
1.169626898445130792e-06
1.103319050343998242e-06
2.402228528808336705e-05
2.376554948568809777e-05
2.809697434713598341e-06
8.078794780885800719e-05
6.176459010021062568e-06
2.126110757671995088e-06
1.291495323130220640e-06
1.145613623521057889e-06
1.077308979802182876e-06
2.910799594246782362e-06
8.113934745779260993e-05
6.149380624265177175e-06
1.629759026400279254e-06
1.196456878460594453e-06
1.384513666380371433e-06
3.165041562169790268e-06
1.847278213062963914e-06
1.765016691024356987e-06
9.596821655577514321e-06
4.488398917601443827e-05
6.950603619770845398e-06
1.570192694089200813e-06
1.305353180214297026e-06
1.166377501249371562e-06
2.537336695240810513e-05
2.150189902749843895e-05
3.690838411785080098e-06
6.121362093836069107e-05
8.744890692469198257e-06
1.701898440842342097e-06
4.642411568056559190e-06
8.639018233225215226e-06
4.655756129068322480e-06
1.595360572537174448e-06
1.074578676707460545e-06
6.251777449506334960e-06
4.772324609803035855e-05
1.486585642851423472e-05
5.742293069488368928e-06
1.877512545434001368e-06
1.606474688742309809e-05
6.525017852254677564e-06
5.220787897997070104e-06
1.067903440343798138e-06
8.190133485186379403e-06
4.212201383779756725e-05
7.310789897019276395e-06
2.226600145149859600e-06
1.130785790337540675e-06
1.566223431836988311e-06
9.854137897491455078e-05
1.654401785344816744e-05
2.250768829981097952e-06
3.035646159332827665e-06
7.112471212167292833e-05
1.441677909497229848e-06
1.354124151475843973e-06
9.083752229344099760e-05
2.927127388829831034e-05
3.866386578010860831e-06
1.390628040098818019e-05
8.805124707578215748e-06
1.151246806330163963e-06
6.321613182080909610e-05
4.453911969903856516e-06
1.726534947010804899e-06
1.327306222265178803e-06
9.699964721221476793e-06
2.351817965973168612e-05
1.452634296583710238e-05
7.094982265698490664e-06
3.169086994603276253e-05
5.176720605959417298e-06
4.391683432913850993e-06
3.353590727783739567e-05
4.051326322951354086e-05
8.079092367552220821e-06
3.057272806472610682e-06
3.533299241098575294e-05
1.547787178424187005e-05
3.516309152473695576e-05
1.876528244793007616e-06
3.414186357986181974e-05
1.742646963975857943e-05
3.857236151816323400e-06
1.302298869632068090e-06
4.350084418547339737e-05
3.211563671356998384e-05
2.088864312099758536e-05
3.065949385927524418e-06
2.509041451048688032e-06
1.861666169133968651e-05
1.414901998941786587e-05
4.160926437180023640e-06
2.791089173115324229e-06
4.642933708964847028e-05
1.016444366541691124e-05
2.407520696579013020e-06
1.712301127554383129e-05
2.795482942019589245e-05
1.697245238574396353e-06
1.106645868276245892e-06
1.226647327712271363e-06
1.908390004246030003e-05
1.359720590698998421e-05
1.420875105395680293e-05
5.827893801324535161e-06
1.570289214214426465e-06
1.084460091078653932e-04
1.125128801504615694e-05
1.506262378825340420e-06
6.633776138187386096e-06
9.213230441673658788e-06
1.188494479720247909e-05
7.119261226762318984e-06
6.810565082560060546e-06
1.140397762355860323e-05
7.637235285073984414e-06
4.017064838990336284e-06
1.273097041121218354e-06
1.148155861301347613e-04
2.583690547908190638e-05
4.355467808636603877e-06
1.796274659682239871e-06
1.889398299681488425e-05
4.033777258882764727e-06
1.298795950788189657e-06
9.952756954589858651e-05
1.467974834667984396e-05
3.326700607431121171e-06
1.064622779267665464e-06
1.838009120547212660e-05
9.409247468283865601e-06
2.158329880330711603e-05
1.430745101060892921e-06
1.798920675355475396e-05
3.086629476456437260e-06
1.430871975571790244e-06
1.383344260830199346e-05
2.317553025932284072e-06
1.105694627767661586e-05
1.246766260010190308e-05
2.735965426836628467e-05
6.906719590915599838e-06
1.036285630107158795e-05
7.160223321989178658e-05
4.042671207571402192e-06
1.446584292352781631e-06
3.226307171644293703e-06
4.394249117467552423e-05
3.098582237726077437e-05
3.067808165724272840e-06
1.989113570743938908e-06
1.352890876660239883e-06
1.728356437524780631e-05
3.158151230309158564e-05
3.311512273285188712e-06
2.613992137412424199e-06
1.825872004701523110e-06
7.171672768890857697e-05
5.816167686134576797e-06
1.705593263068294618e-06
2.785453261822112836e-06
9.273812611354514956e-05
2.053597881968016736e-06
3.740915417438372970e-06
3.194469627487706020e-06
9.013759154186118394e-06
8.967298344941809773e-05
4.007591087429318577e-06
2.874415031328680925e-06
2.172789208998437971e-06
5.603269164566881955e-05
6.684150775981834158e-06
2.437333705529454164e-06
4.844455361308064312e-06
1.537318894406780601e-05
7.482793535018572584e-06
1.543604071230220143e-06
3.126903493466670625e-06
1.398490439896704629e-06
1.492299816163722426e-06
2.577272607595659792e-05
7.661999916308559477e-06
3.300328899058513343e-06
1.502668055763933808e-06
1.319890202466922347e-06
6.127298547653481364e-05
6.926202331669628620e-06
1.204163368129229639e-06
4.074884418514557183e-05
5.951354523858753964e-06
1.341342908744991291e-06
1.701129008324642200e-06
1.179151126962096896e-06
1.357828182335651945e-06
1.330880331806838512e-04
5.038760718889534473e-05
4.048894879815634340e-06
1.493300260335672647e-06
1.030966927828558255e-06
1.893417220344417728e-06
9.839740960160270333e-05
2.631841016409453005e-05
1.574897214595694095e-05
3.866443421429721639e-06
1.435279159522906411e-06
5.118251920066541061e-06
7.762064342387020588e-06
2.392507212789496407e-06
1.659314307289605495e-06
1.151135279542359058e-06
9.892384014165145345e-07
5.437550498754717410e-06
8.069328760029748082e-05
2.983395233968622051e-06
2.426769697194686159e-06
1.026381869451142848e-05
9.781477274373173714e-06
1.455659116800234187e-06
1.030218186315323692e-06
3.464064320723991841e-06
2.345295797567814589e-05
1.035986497299745679e-05
2.504333906472311355e-06
4.137147698202170432e-05
4.536043888947460800e-06
1.342405539617175236e-06
1.030571365845389664e-05
4.655192242353223264e-05
4.920773335470585153e-06
2.666174168552970514e-06
5.547746695810928941e-06
2.323668923054356128e-06
7.634472240169998258e-06
7.801994797773659229e-06
1.767781213857233524e-06
1.932357463374501094e-06
1.089597276404674631e-06
1.030035218718694523e-05
3.286420906079001725e-05
1.380523008265299723e-05
1.932387931447010487e-06
1.433387751603731886e-06
9.919544936565216631e-07
1.547427473269635811e-06
2.524141928006429225e-05
3.985590592492371798e-05
4.254346094967331737e-06
1.927591938510886393e-06
1.110921857616631314e-06
1.079594426300900523e-06
9.331489127362146974e-05
1.777256329660303891e-05
6.133524038887117058e-06
1.191539467981783673e-06
1.115402028517564759e-06
1.280519768442900386e-06
5.519507249118760228e-05
3.938564077543560416e-06
2.893128112191334367e-06
1.538671426715154666e-06
4.271898069418966770e-05
2.757754737103823572e-05
1.526010578345449176e-06
1.569278356328140944e-05
5.009294000046793371e-06
8.216157766582909971e-06
1.300474286836106330e-05
5.145334580447524786e-05
9.596871677786111832e-06
8.210711712308693677e-06
1.421837737325404305e-06
6.522257990582147613e-06
1.980334445761400275e-06
1.054934841704380233e-06
2.325735476915724576e-05
3.377407847438007593e-05
1.821500745791126974e-06
1.043107431542011909e-06
1.125343601415806916e-06
1.032082536767120473e-06
2.185268022003583610e-05
1.129065640270709991e-05
3.966217263950966299e-06
1.586230496286589187e-06
1.039058702190231998e-06
9.938448783941566944e-07
1.694692173259682022e-06
1.025700767058879137e-04
5.699824214389082044e-06
1.596940023773640860e-06
1.272035547117411625e-06
1.059879309650568757e-06
6.146922532934695482e-05
1.424080983269959688e-05
4.912571239401586354e-05
2.532633516239002347e-06
1.619723320800403599e-06
1.005362946671084501e-06
9.740227824295288883e-07
9.606199000700144097e-07
3.981021291110664606e-05
5.396808774094097316e-06
5.457356110127875581e-06
1.350275965705804992e-06
1.017128397506894544e-06
9.818647868087282404e-07
1.282233142774202861e-06
1.195627919514663517e-04
1.140987296821549535e-05
3.496888666632003151e-06
1.239907192029932048e-06
1.242591110894863959e-06
7.182242552516981959e-05
1.473530915063747671e-06
1.372845190417137928e-06
1.284466975448594894e-06
9.800924090086482465e-07
1.713420942905941047e-06
5.859961311216466129e-05
1.550377237435895950e-05
2.871786591640557162e-06
1.241681502506253310e-06
1.820418106035504024e-06
1.582136974320746958e-05
1.735990053930436261e-06
5.533380317501723766e-05
6.895355454616947100e-06
3.636016572272637859e-06
1.274795863537292462e-06
9.727456244945642538e-07
1.150924163084710017e-05
1.462443196942331269e-05
1.363253395538777113e-04
1.967785647138953209e-05
3.679136852952069603e-06
1.109379354602424428e-06
9.877815045911120251e-07
1.660153657212504186e-06
1.203516949317418039e-04
1.530435292806942016e-05
2.200979679400916211e-06
1.383614630867668893e-06
5.816551038151374087e-06
2.891666190407704562e-05
9.093487278732936829e-06
4.928665475745219737e-06
1.025265419229981489e-06
1.291226180910598487e-05
4.060443097841925919e-05
6.819936970714479685e-06
1.420742933078145143e-06
1.844516077653679531e-06
4.744961188407614827e-06
4.551285746856592596e-05
1.473799511586548761e-05
1.345808868791209534e-06
1.723441414469562005e-06
3.522431870806030929e-05
1.545905615785159171e-05
3.078106601606123149e-06
1.623967591513064690e-06
2.540306923037860543e-06
6.246974953683093190e-05
9.300995770900044590e-06
3.264908627897966653e-06
3.758474485948681831e-05
2.070428081424324773e-06
1.997611980186775327e-05
1.812413211155217141e-05
2.777489044092362747e-06
2.060540055026649497e-06
2.310713534825481474e-05
1.445219186280155554e-05
3.615331024775514379e-06
1.706622356323350687e-06
9.748937736731022596e-05
4.344924036558950320e-06
1.325479274782992434e-06
1.152212576016609091e-06
1.500879534432897344e-06
1.256004616152495146e-04
8.985058229882270098e-06
2.298871550010517240e-06
1.277316641790093854e-06
1.433787292626220733e-05
2.412878529867157340e-05
2.270433242301805876e-06
1.907457090055686422e-06
3.148437372146872804e-06
9.505756679573096335e-06
2.491345367161557078e-05
3.198287686245748773e-06
1.516873794571438339e-06
1.316240513915545307e-06
1.588200757396407425e-05
9.438893175683915615e-05
1.377399985358351842e-05
5.772370514023350552e-06
7.219174221972934902e-06
9.954140978152281605e-07
7.078130238369340077e-06
4.420662662596441805e-05
5.909352694288827479e-06
9.977051149689941667e-07
1.028487986332038417e-06
1.300541953241918236e-06
7.809880480635911226e-05
4.037392500322312117e-05
4.774475655722199008e-06
1.179408059215347748e-06
1.001541136247396935e-06
1.006364414024574216e-06
8.106973837129771709e-05
2.046408189926296473e-05
3.377124130565789528e-06
1.180857566396298353e-06
9.974506838261731900e-07
8.142821570800151676e-06
2.755473360593896359e-05
7.621539225510787219e-06
3.179202849423745647e-06
6.494851550087332726e-05
5.374010470404755324e-06
2.920472979894839227e-06
4.524910764303058386e-06
2.925105582107789814e-05
2.218500594608485699e-05
1.341721372227766551e-06
1.769759364833589643e-06
1.016849728330271319e-05
2.147332997992634773e-05
6.813290838181274012e-06
1.805392912501702085e-06
2.405638770142104477e-05
2.661162397998850793e-05
2.455373987686471082e-06
1.592605485711828806e-06
1.572468136146198958e-06
9.949237573891878128e-05
5.892072749702492729e-06
2.305961743331863545e-06
1.995485945371910930e-06
4.456497117644175887e-05
1.001662440103245899e-05
1.335494403065240476e-06
1.833425812947098166e-05
2.164193210774101317e-05
1.086201905309280846e-06
1.373625036649173126e-05
1.065885044226888567e-05
1.689434429863467813e-05
7.886295861680991948e-06
2.113046139129437506e-05
1.045322051140828989e-06
9.691520062915515155e-06
3.360512710059992969e-05
4.768311100633582100e-06
1.493093350291019306e-06
4.818140041606966406e-06
2.097072319884318858e-05
2.541070534789469093e-05
1.747520400385838002e-06
1.768679453562072013e-06
3.747918299268349074e-06
8.460709796054288745e-05
9.114671229326631874e-06
2.630441940709715709e-06
2.537968612159602344e-06
1.183847962238360196e-05
4.835949312109733000e-06
1.505479121988173574e-05
6.985039817664073780e-06
1.526281039332388900e-06
1.324245317846362013e-06
1.970204721146728843e-05
7.810466740920674056e-06
4.275869741832138970e-06
3.984391241829143837e-06
1.481255026192229707e-06
1.600550967850722373e-05
3.541746264090761542e-05
5.455425252876011655e-06
1.332897682004841045e-06
1.918788257171399891e-06
2.045891278612543829e-06
6.931237294338643551e-05
3.358766662131529301e-06
9.516652426100336015e-07
5.186243015486979857e-06
2.791009319480508566e-05
1.349383865090203471e-06
9.609592552806134336e-07
4.865878509008325636e-06
4.139741577091626823e-05
9.850185051618609577e-06
2.378232920818845741e-06
1.826691345740982797e-06
1.006479578791186213e-04
1.059645637724315748e-05
9.779195124792749994e-07
9.024833502735418733e-07
2.492875864845700562e-06
6.388295150827616453e-05
1.227039319928735495e-05
2.830041239576530643e-06
1.043544398271478713e-05
4.663123945647384971e-06
5.749734191340394318e-05
1.076696662494214252e-05
1.426243557034467813e-06
1.181977677333634347e-05
1.287358190893428400e-05
8.517276910424698144e-06
6.228089659998659045e-06
1.426178982910641935e-06
3.927970283257309347e-06
9.152961138170212507e-05
3.189293784089386463e-05
1.564903186590527184e-06
1.632665316719794646e-06
2.061543909803731367e-06
9.524946653982624412e-05
1.018862803903175518e-05
1.887354301288723946e-06
2.611301169963553548e-05
3.194920736859785393e-06
1.822162812459282577e-05
1.116803559852996841e-05
4.980250650987727568e-06
1.732533178255835082e-06
2.299391962878871709e-05
1.090482328436337411e-05
1.951504600583575666e-06
7.588559674331918359e-05
1.065683477463608142e-06
3.321916892673471011e-06
1.546246039652032778e-06
1.576571412442717701e-05
1.358123790851095691e-05
3.421569772399379872e-06
1.852194031926046591e-06
6.906029011588543653e-05
7.950533472467213869e-06
4.519273261394118890e-06
1.502768554928479716e-05
5.779567345598479733e-06
4.620393156073987484e-06
8.630250363239611033e-07
8.160535799106582999e-06
4.144034028286114335e-05
7.459494554495904595e-06
2.602172116894507781e-06
8.069617251749150455e-06
3.022607415914535522e-06
9.627025974623393267e-06
1.337004505330696702e-05
1.573758595441177022e-06
2.610323690532823093e-06
6.453901733038946986e-06
2.225846583314705640e-05
2.429774212941993028e-05
1.506129365225206129e-06
1.064721573129645549e-06
3.559323204171960242e-06
3.809599729720503092e-05
7.247949270094977692e-06
3.174418225171393715e-06
4.909541530651040375e-06
2.589512405393179506e-05
2.065095259240479209e-06
2.212308390880934894e-05
1.409890160175564233e-06
1.051989784173201770e-05
1.783932384569197893e-05
7.568175533378962427e-06
3.367071985849179327e-05
7.326832474063849077e-06
4.431725301401456818e-06
3.201252548024058342e-05
1.742922177072614431e-05
1.168207472801441327e-05
1.396419065713416785e-06
7.893590009189210832e-06
2.263567694171797484e-05
2.550837234593927860e-05
2.149039119103690609e-06
1.482749894421431236e-06
1.471213181503117085e-06
3.437144550844095647e-05
2.235271531390026212e-04
1.649473597353789955e-05
1.711787717795232311e-06
1.138249899668153375e-06
8.447008781331533100e-07
8.452728934571496211e-07
1.949574880200088955e-06
4.852616257267072797e-05
6.185457550600403920e-06
7.117623681551776826e-06
3.163273868267424405e-05
6.252656476135598496e-06
1.064403750206110999e-05
1.642301867832429707e-05
1.727159201436734293e-06
7.093656313372775912e-05
2.257658707094378769e-06
2.800707079586572945e-06
1.949588113347999752e-05
1.620597504370380193e-05
1.060631916516285855e-06
1.304184593209356535e-06
7.636586815351620317e-06
6.729885171807836741e-06
3.048360667889937758e-06
4.843505394092062488e-06
3.569942055037245154e-05
3.180389512635883875e-06
2.171188680222257972e-05
9.359099749417509884e-06
2.142053199349902570e-05
2.467415015416918322e-06
5.155618509888881817e-06
4.092409653821960092e-05
5.189115654502529651e-06
3.788238473134697415e-06
1.334479475190164521e-05
1.695599894446786493e-05
7.090083272487390786e-06
2.283903768329764716e-06
1.114330734708346426e-05
1.566466016811318696e-05
5.925475761614507064e-06
1.710695528345240746e-06
2.888749259000178427e-05
1.841913217504043132e-05
3.197449359504389577e-06
1.178270736090780701e-06
9.230114983438397758e-07
2.355481228732969612e-06
5.352181324269622564e-05
7.137874490581452847e-06
2.821105681505287066e-06
3.499666036077542230e-06
7.845334948797244579e-06
5.644745397148653865e-05
6.683712854282930493e-06
1.655311507420265116e-06
1.356541451968951151e-05
3.679305154946632683e-05
1.576030081196222454e-05
3.960833964811172336e-06
1.455634787816961762e-06
1.522650109109235927e-06
6.104346539359539747e-05
1.089358556782826781e-05
4.181463737040758133e-06
9.075179718820436392e-07
1.372562678625399712e-06
5.528671681531704962e-05
1.068389065039809793e-05
5.003390015190234408e-06
4.354214979684911668e-06
3.867717623506905511e-06
6.792465865146368742e-05
1.966617446669260971e-06
1.522089746686106082e-06
1.354725554847391322e-05
3.530734829837456346e-06
3.653197927633300424e-05
1.344159954896895215e-05
4.057117621414363384e-06
5.029512976761907339e-06
2.835838677128776908e-05
6.162996669445419684e-06
1.242689995706314221e-05
1.239012635778635740e-05
9.633437002776190639e-06
5.732121735491091385e-06
4.097096734767546877e-06
1.620213697606232017e-05
5.176626018510432914e-06
3.805774213105905801e-06
5.035598951508291066e-05
9.903794307319913059e-06
2.569877324276603758e-06
7.901184289949014783e-06
5.462681656354106963e-05
9.698086614662315696e-06
3.283789737906772643e-06
3.146091103189974092e-06
3.547745654941536486e-05
8.956074452726170421e-06
1.934005376824643463e-05
3.718465677593485452e-06
1.387132670060964301e-06
1.075626059900969267e-04
1.704227179288864136e-05
3.103931703662965447e-06
9.790925332708866335e-07
8.118389587252750061e-07
8.975075047601421829e-07
5.955288725090213120e-05
2.225265689048683271e-06
2.953030389107880183e-06
2.668963679752778262e-05
2.995869863298139535e-06
1.583766788826324046e-06
8.743084549678314943e-07
3.908749204128980637e-05
2.867399780370760709e-05
2.019858584390021861e-06
1.635247258491290268e-06
3.300203388789668679e-05
3.345752929817535914e-06
9.240819167644076515e-07
8.311821488860005047e-07
1.069191739588859491e-06
1.060080830939114094e-04
1.521250487712677568e-05
1.019289811665657908e-06
8.650406471133464947e-07
1.046481315825076308e-06
1.842252459027804434e-06
2.297290393471485004e-06
1.384991719532990828e-06
1.272466124646598473e-05
8.322132089233491570e-06
7.148481017793528736e-06
8.730012268642894924e-07
8.408933922510186676e-07
1.384009920002426952e-06
9.772795237950049341e-06
3.963465132983401418e-06
2.786059849313460290e-05
1.444593272026395425e-05
3.201466142854769714e-06
2.210800812463276088e-05
1.639107358641922474e-05
1.315586132477619685e-06
8.272691775346174836e-05
1.913413825604948215e-06
2.661800863279495388e-06
6.762400516890920699e-06
1.097553194995271042e-05
6.992803537286818027e-05
1.306332364947593305e-06
2.070526306852116250e-06
2.834452516253804788e-06
5.137459083925932646e-05
7.520703093177871779e-06
2.318227416253648698e-06
9.508050879958318546e-07
2.842191679519601166e-05
9.119777132582385093e-06
4.803496722161071375e-06
9.921776609189691953e-07
8.038885539463080931e-07
1.832042130445188377e-06
4.613107012119144201e-05
5.076055003883084282e-06
1.715852931738481857e-06
8.411430485466553364e-07
8.258450634457403794e-07
8.269797717730398290e-07
1.590210194990504533e-05
1.677223481237888336e-04
8.368786438950337470e-06
1.943848019436700270e-06
8.504077868565218523e-07
8.270208127214573324e-07
7.846227845220710151e-07
7.971892159730487037e-07
3.995641691290074959e-06
5.093831350677646697e-05
5.274125669529894367e-06
1.324112304246227723e-06
1.543392272651544772e-06
2.166320882679428905e-05
3.241277454435476102e-06
5.098236215417273343e-06
1.669495213718619198e-05
5.989697910990798846e-06
1.093647142624831758e-06
1.004704813567514066e-06
2.855985076166689396e-05
7.549053407274186611e-06
2.690761903068050742e-06
2.810136493280879222e-06
1.394688410982780624e-06
8.197064857995428611e-07
8.051179065660107881e-07
7.752839155727997422e-05
3.697627107612788677e-05
2.071831886496511288e-06
1.474698819947661832e-06
8.820470043247041758e-07
7.760511380183743313e-07
1.038535742736712564e-06
4.300291402614675462e-05
7.255922810145420954e-06
1.062962041942228097e-06
1.100306981243193150e-04
1.762512147251982242e-05
3.296869635960320011e-06
9.908096672006649897e-07
8.419778509960451629e-07
1.208488924930861685e-06
4.943841850035823882e-05
1.688686279521789402e-05
3.971717433159938082e-06
1.532407623017206788e-06
8.147127914526208770e-07
1.014070221572183073e-05
4.377881850814446807e-05
1.612410642337636091e-06
1.127781433751806617e-05
2.919392272815457545e-06
8.813937029117369093e-07
7.963053008097631391e-07
1.197697747556958348e-05
3.006877159350551665e-05
3.366771807122859173e-06
1.612123924132902175e-06
6.058199232938932255e-06
1.874345457508752588e-06
1.635620606066368055e-06
4.768648523167939857e-06
1.548935688333585858e-05
5.180067091714590788e-06
1.176049977402726654e-06
9.457227747589058708e-07
8.164167866198113188e-07
2.189293445553630590e-05
3.398246553842909634e-05
6.979830686759669334e-06
1.115672830565017648e-06
8.719524657863075845e-07
1.783012976375175640e-06
5.508453250513412058e-05
1.403925762133440003e-05
1.763722480063734110e-06
3.399808974791085348e-06
4.808681114809587598e-05
1.241640916305186693e-06
1.256723180631524883e-06
1.064244656845403370e-06
1.356032880721613765e-04
1.614512984815519303e-05
2.407995680187013932e-06
3.121502231806516647e-05
5.162172328709857538e-06
1.538040351078961976e-06
2.271827042932272889e-06
7.392372481263009831e-06
1.150771822722163051e-05
1.011698373076796997e-06
9.615214366931468248e-07
5.249531750450842083e-05
1.946184966072905809e-06
1.521474814580869861e-06
9.084320140573254321e-07
1.821054611355066299e-04
2.044703978754114360e-05
2.356222921662265435e-06
1.154716869677940849e-06
7.820098062438773923e-07
7.599563218718685675e-07
7.561303050351853017e-07
1.739819822432764340e-06
3.920416929759085178e-05
2.773699861791101284e-06
9.039560609380714595e-06
2.034830686170607805e-06
1.211612129736749921e-06
4.535012976703001186e-06
3.881222073687240481e-05
7.947925951157230884e-06
1.934979536599712446e-06
5.998765846015885472e-05
4.037773123855004087e-06
2.149738065782003105e-06
2.254717173855169676e-06
5.365887773223221302e-06
1.648369106987956911e-05
6.012775429553585127e-06
1.209923425449233036e-06
8.934543416216911282e-07
8.119113772409036756e-06
2.129521089955233037e-05
9.320438039139844477e-06
4.131198693357873708e-06
3.040803676412906498e-06
5.818330828333273530e-05
3.431058757996652275e-06
2.878685108953504823e-06
2.501170001778518781e-06
6.850538193248212337e-05
1.210701498166599777e-06
1.995265165533055551e-06
2.779518763418309391e-05
2.983197919093072414e-05
1.628195968805812299e-05
2.183576953029842116e-06
1.834007207435206510e-06
4.230360718793235719e-05
1.161645559477619827e-05
5.260039870336186141e-06
1.353633933831588365e-06
2.455346839269623160e-05
3.752053999050986022e-06
1.804601765797997359e-06
3.259669938415754586e-06
4.634926517610438168e-05
8.829344551486428827e-06
4.986140083929058164e-06
2.059699181700125337e-05
3.595998714445158839e-05
7.610064585605869070e-06
1.948116050698445179e-06
1.357210180685797241e-06
8.731385605642572045e-07
2.798197101583355106e-06
2.112873335136100650e-05
6.745225164195289835e-06
1.488180828346230555e-06
9.025064855450182222e-07
8.635151402813789900e-07
1.634748768992722034e-04
1.180167146230814978e-05
2.955322770503698848e-06
1.490582917540450580e-06
1.752474963723216206e-05
1.406089950251043774e-06
1.445294287805154454e-06
1.689205237198621035e-05
2.895910620281938463e-05
4.966794676874997094e-06
1.676409169704129454e-06
5.615124337055021897e-06
5.302002136886585504e-06
9.599490113032516092e-06
5.800830422231229022e-06
1.742330709930683952e-06
9.789607247512321919e-06
7.712538717896677554e-06
3.529721425366005860e-06
2.513683830329682678e-05
8.782854820310603827e-06
3.204555923730367795e-06
4.012568297184770927e-06
1.072445002137101255e-06
4.319928393670124933e-06
3.226840999559499323e-05
2.298766958119813353e-05
2.312238393642473966e-06
1.480530954722780734e-06
5.659765520249493420e-06
7.820973223715554923e-06
6.313637186394771561e-06
9.159071851172484457e-06
2.136953071385505609e-06
8.837598670652369037e-07
4.448995241546072066e-05
3.286258561274735257e-06
3.746345100807957351e-05
4.689567049354081973e-06
1.594629225110111292e-06
1.144344537351571489e-06
9.425141911378887016e-07
7.166720479290233925e-06
9.612076610210351646e-06
6.632144049945054576e-06
8.458201250505226199e-07
2.268247499159770086e-06
2.006203067139722407e-05
2.943271283584181219e-06
2.055463028227677569e-06
9.368170026391453575e-07
1.346220669802278280e-04
1.809180321288295090e-05
1.641193648538319394e-06
1.063749891727638897e-06
7.461824225174495950e-07
7.754812827442947309e-07
1.069742847903398797e-05
5.161135050002485514e-05
6.106828550400678068e-06
3.853339876513928175e-06
9.957897191270603798e-07
8.302030778395419475e-07
9.530353395348356571e-07
1.518656972621101886e-05
1.503681687609059736e-05
1.261382635675545316e-06
1.598322455720335711e-06
7.544887807853228878e-07
1.284221752939629368e-06
5.103921284899115562e-05
6.997823675192194059e-06
4.205231562082190067e-06
4.487063961278181523e-06
8.495372298966685776e-07
1.372749011352425441e-06
2.505244992789812386e-05
1.384356346534332260e-05
2.256864263472380117e-06
1.096051960303157102e-06
1.857716256381536368e-06
6.751114142389269546e-06
1.189677277579903603e-05
1.449503542971797287e-06
8.842822012411488686e-07
1.832681050473183859e-06
4.039584382553584874e-06
6.164917067508213222e-06
2.577992381702642888e-05
2.720394604693865404e-06
1.144882844528183341e-06
1.174236604128964245e-05
3.339168870297726244e-06
9.991408660425804555e-06
5.846507974638370797e-06
2.777728514047339559e-05
1.778861224011052400e-05
3.469469902483979240e-06
4.578018888423684984e-06
1.887615144369192421e-05
4.898834049527067691e-06
3.538213422871194780e-05
1.126438178289390635e-06
4.070137492817593738e-06
2.488768359398818575e-06
5.013565896661020815e-05
9.186597708321642131e-06
8.694347570781246759e-07
7.537771580246044323e-07
2.197922549385111779e-05
8.193913527065888047e-05
2.661407279447303154e-06
3.288866764705744572e-06
1.433366378478240222e-06
1.355994118057424203e-05
9.117569788941182196e-06
4.371682734927162528e-06
2.266503543069120497e-06
3.387072138139046729e-05
1.824247556214686483e-05
2.806869133564759977e-06
4.628605438483646140e-06
3.580450356821529567e-05
8.580836038163397461e-06
1.396318452862033155e-06
2.969737806779448874e-06
2.588716051832307130e-05
1.040693587128771469e-05
2.545274355725268833e-06
1.840086588345002383e-05
3.573563162717618980e-06
1.116778548748698086e-06
2.345096982026007026e-05
4.176858419668860734e-05
2.305957650605705567e-06
3.091075313932378776e-06
1.287725444854004309e-05
7.924261808511801064e-06
3.352597195771522820e-05
7.783504770486615598e-06
9.244537864105950575e-07
5.374294232751708478e-06
8.692249139130581170e-06
7.318246844079112634e-07
9.597406460670754313e-07
1.154966375906951725e-04
1.180258914246223867e-05
1.942747076100204140e-06
1.115331428991339635e-06
7.987407570908544585e-07
8.928805982577614486e-06
5.204670014791190624e-05
5.976901775284204632e-06
1.756629558258282486e-06
7.576352913929440547e-07
7.735309281997615471e-07
1.867696846602484584e-04
4.699509645433863625e-06
1.863211764430161566e-06
9.814822305997950025e-07
7.500256060666288249e-07
7.243397703859955072e-07
2.859586675185710192e-05
1.234260435012402013e-05
2.272395022373530082e-06
1.128857820731354877e-05
5.443804639071458951e-06
4.059536422573728487e-06
3.656122544271056540e-06
1.214720123243751004e-05
1.072171944542787969e-04
6.232221949176164344e-06
1.426684889338503126e-06
9.341331406176323071e-07
7.293497787941305432e-07
1.628704353606735822e-06
8.878509106580168009e-05
5.735553259000880644e-06
2.032212250924203545e-06
7.874636480664776172e-07
1.284357767872279510e-05
3.621099040174158290e-06
4.459739557205466554e-06
1.307693423768796492e-06
2.832983591360971332e-05
1.659430017753038555e-05
1.418626425220281817e-06
2.577339546405710280e-05
1.346491535514360294e-05
3.354404043420800008e-06
4.037412963953102008e-06
1.314761561843624804e-06
3.994323560618795455e-05
2.009972195082809776e-05
2.920676251960685477e-06
1.424251649950747378e-06
7.844558240321930498e-06
1.147912462329259142e-05
1.966561285371426493e-06
1.311563664785353467e-06
2.223300725745502859e-05
2.703882819332648069e-05
1.850131229730322957e-05
1.777025659066566732e-06
1.054427571034466382e-06
8.953727956395596266e-06
1.570672247908078134e-05
4.021011409349739552e-05
2.003902181968442164e-06
8.947872061071393546e-07
1.146641807281412184e-06
2.204216070822440088e-05
2.146472525055287406e-06
1.160643732873722911e-04
1.841952143877279013e-05
3.304026904515922070e-06
8.342256023752270266e-07
1.522682850918499753e-06
2.894559474952984601e-05
2.360737562412396073e-05
1.085702206182759255e-05
4.110188456252217293e-06
1.860122893049265258e-06
7.011069828877225518e-05
1.109823529077402782e-06
2.653726596690830775e-06
1.859622898336965591e-06
1.100273493648273870e-05
3.244981826355797239e-06
5.833605882799020037e-06
2.297404989803908393e-06
1.971559322555549443e-05
5.072731073596514761e-05
1.987625864785513841e-06
1.370420932289562188e-06
7.449630743394664023e-07
5.526592940441332757e-05
1.468076970922993496e-05
6.389675036189146340e-06
1.809957780096738134e-06
1.532419901195680723e-06
8.992018365461262874e-07
1.853584535638219677e-06
6.439448770834133029e-05
6.801188192184781656e-06
1.436419438505254220e-06
1.117495003200019710e-06
5.021307879360392690e-05
8.296855412481818348e-06
1.453887080060667358e-06
2.309187038918025792e-05
1.281562890653731301e-05
3.918626134691294283e-06
7.301094342437863816e-07
1.049077309289714321e-05
1.308222545048920438e-05
3.735188556674984284e-06
8.554310397812514566e-07
6.852619662822689861e-07
1.125308244809275493e-06
9.317399963038042188e-05
8.379643986700102687e-06
7.413576099679630715e-07
1.272394797524611931e-06
1.455086203350219876e-05
7.233712949528126046e-06
3.981452664447715506e-06
2.811410240610712208e-06
9.579891866451362148e-07
1.503742714703548700e-05
4.780308518093079329e-05
1.594408058736007661e-05
3.242459115426754579e-06
8.434485607722308487e-07
7.485147648367274087e-07
7.384637683571781963e-06
3.355116405145963654e-06
2.305810630787163973e-05
4.636106496036518365e-06
9.034067147695168387e-07
