3.203017264604568481e-02
2.642543613910675049e-02
2.475788630545139313e-02
2.429051883518695831e-02
2.408304251730442047e-02
2.392973750829696655e-02
2.379802428185939789e-02
2.368386276066303253e-02
2.358634211122989655e-02
2.350389584898948669e-02
2.343424782156944275e-02
2.337493747472763062e-02
2.332365326583385468e-02
2.327834069728851318e-02
2.323733456432819366e-02
2.319937571883201599e-02
2.316364087164402008e-02
2.312965691089630127e-02
2.309722267091274261e-02
2.306622453033924103e-02
2.303658053278923035e-02
2.300821430981159210e-02
2.298109233379364014e-02
2.295521833002567291e-02
2.293058671057224274e-02
2.290716953575611115e-02
2.288490906357765198e-02
2.286368981003761292e-02
2.284336648881435394e-02
2.282373234629631042e-02
2.280456572771072388e-02
2.278560958802700043e-02
2.276659756898880005e-02
2.274725958704948425e-02
2.272733487188816071e-02
2.270657382905483246e-02
2.268481254577636719e-02
2.266184240579605103e-02
2.263737656176090240e-02
2.261102385818958282e-02
2.258208207786083221e-02
2.254908159375190735e-02
2.250861376523971558e-02
2.245288528501987457e-02
2.236761339008808136e-02
2.223723381757736206e-02
2.205510064959526062e-02
2.182182855904102325e-02
2.154216915369033813e-02
2.121868357062339783e-02
2.083967253565788269e-02
2.045539207756519318e-02
1.993958465754985809e-02
2.081822045147418976e-02
1.855723746120929718e-02
1.781656220555305481e-02
1.704428158700466156e-02
1.625292934477329254e-02
1.567650958895683289e-02
1.466956082731485367e-02
1.392154023051261902e-02
1.366318576037883759e-02
1.260245591402053833e-02
1.199369132518768311e-02
1.142846699804067612e-02
1.087684091180562973e-02
1.035177148878574371e-02
1.110565662384033203e-02
9.402487426996231079e-03
8.951183408498764038e-03
8.506042882800102234e-03
8.115673437714576721e-03
7.710617035627365112e-03
7.310496177524328232e-03
6.971948314458131790e-03
1.763076707720756531e-02
6.199797149747610092e-03
9.587368927896022797e-03
5.555431824177503586e-03
7.897540926933288574e-03
8.047156035900115967e-03
4.712189082056283951e-03
4.492956213653087616e-03
4.268466960638761520e-03
4.051888827234506607e-03
3.879950381815433502e-03
3.700854489579796791e-03
3.527087392285466194e-03
3.429616102948784828e-03
3.288298845291137695e-03
3.120500827208161354e-03
5.598350893706083298e-03
2.887303940951824188e-03
2.805203199386596680e-03
2.705250401049852371e-03
2.784166950732469559e-03
2.534012775868177414e-03
3.527135588228702545e-03
4.096215125173330307e-03
2.334500662982463837e-03
2.397515112534165382e-03
2.212514868006110191e-03
3.689989680424332619e-03
2.111135749146342278e-03
2.956277923658490181e-03
2.031357726082205772e-03
5.623783450573682785e-03
1.947266515344381332e-03
1.915144966915249825e-03
1.880739931948482990e-03
6.342070177197456360e-03
3.070899518206715584e-03
1.782447681762278080e-03
1.756981946527957916e-03
1.957741798833012581e-03
2.163209021091461182e-03
1.721744192764163017e-03
1.642009941861033440e-03
2.397820586338639259e-03
2.274985890835523605e-03
3.345655277371406555e-03
1.560958684422075748e-03
1.516881398856639862e-03
1.848623156547546387e-03
1.489701913669705391e-03
1.470335060730576515e-03
1.451310236006975174e-03
1.431844546459615231e-03
4.183638840913772583e-03
1.393556129187345505e-03
1.371642691083252430e-03
1.350241829641163349e-03
1.332132611423730850e-03
1.309150480665266514e-03
2.248500473797321320e-03
1.269650529138743877e-03
1.250436296686530113e-03
1.228199806064367294e-03
1.982874935492873192e-03
1.187669113278388977e-03
1.222600694745779037e-03
1.222749007865786552e-03
5.148477852344512939e-03
1.108096679672598839e-03
5.928082391619682312e-03
1.091132988221943378e-03
1.056839711964130402e-03
1.085050287656486034e-03
1.012332155369222164e-03
9.935707785189151764e-04
9.742681286297738552e-04
1.348420791327953339e-02
9.367553284391760826e-04
9.167356183752417564e-04
3.326454432681202888e-03
1.604302669875323772e-03
8.586748153902590275e-04
1.484718173742294312e-03
8.304705843329429626e-04
8.029149612411856651e-04
8.502708515152335167e-04
1.029727794229984283e-02
7.568930159322917461e-04
7.300223805941641331e-04
2.042669337242841721e-03
1.503409934230148792e-03
1.410187804140150547e-03
1.269513857550919056e-03
9.032558649778366089e-02
6.243470706976950169e-04
6.074849516153335571e-04
1.528482697904109955e-02
5.767976981587707996e-04
5.613086395896971226e-04
5.456850631162524223e-04
8.165602339431643486e-04
5.144277820363640785e-04
4.986049607396125793e-04
5.702708149328827858e-04
4.684048763010650873e-04
4.518259956967085600e-04
4.737923445645719767e-04
4.218020476400852203e-04
4.059486091136932373e-04
4.457835748326033354e-04
4.001965571660548449e-04
1.031199470162391663e-03
4.037699836771935225e-04
3.409371420275419950e-04
3.259582153987139463e-04
1.060260552912950516e-02
3.028592036571353674e-04
3.098991292063146830e-04
2.911772462539374828e-04
2.438730327412486076e-03
3.807150351349264383e-04
2.676117001101374626e-04
2.393586473772302270e-04
2.483681030571460724e-02
2.219398593297228217e-04
2.132981026079505682e-04
2.051297924481332302e-04
1.970593584701418877e-04
3.458718128968030214e-04
1.821374316932633519e-04
1.744909095577895641e-04
2.590088988654315472e-04
1.601459953235462308e-04
1.530864974483847618e-04
1.677098916843533516e-04
1.402308989781886339e-04
1.337284920737147331e-04
1.343970361631363630e-04
1.218309625983238220e-04
1.159006933448836207e-04
1.178140565752983093e-02
1.066911936504766345e-04
1.018112452584318817e-04
9.738668450154364109e-05
9.304942796006798744e-05
8.878833614289760590e-05
8.712661656318232417e-05
8.054053614614531398e-05
1.030174826155416667e-04
7.455386366927996278e-05
6.955880962777882814e-05
6.598348409170284867e-05
4.326299764215946198e-03
5.968853656668215990e-05
5.625314588542096317e-05
1.383753400295972824e-02
5.137785774422809482e-05
6.030039003235287964e-05
4.546143827610649168e-05
5.304626392899081111e-05
4.082031591678969562e-05
8.938017708715051413e-05
3.728330921148881316e-05
3.568852480384521186e-05
2.826604060828685760e-03
3.126400042674504220e-05
2.957447031803894788e-05
3.742167609743773937e-04
2.669593959581106901e-05
2.524171759432647377e-05
4.331693518906831741e-03
2.278673127875663340e-05
2.151103217329364270e-05
2.479146060068160295e-04
1.963157410500571132e-05
1.867310493253171444e-05
1.779337617335841060e-05
1.695726678008213639e-05
1.615634391782805324e-05
1.538579999760258943e-05
1.464285924157593399e-05
1.752429488988127559e-05
1.525256357126636431e-05
1.304788747802376747e-05
1.239445646206149831e-05
1.333983527729287744e-05
1.140312724601244554e-05
1.426956168870674446e-05
1.863132274593226612e-05
9.985224096453748643e-06
9.533148841001093388e-06
9.127012162934988737e-06
8.749640073801856488e-06
6.064941640943288803e-03
8.602203706686850637e-06
8.092747521004639566e-06
1.410899585607694462e-05
9.474061698711011559e-06
7.365651981672272086e-06
8.714233525097370148e-03
7.079263014020398259e-06
6.595736522285733372e-06
6.379508249665377662e-06
9.442889677302446216e-06
6.250666956475470215e-06
4.008096584584563971e-04
6.061157364456448704e-06
5.762241926277056336e-06
3.777649544645100832e-04
5.836598120367852971e-06
7.206447662611026317e-06
2.388327848166227341e-03
5.781547315564239398e-06
4.449640255188569427e-05
1.046362085617147386e-04
5.166193659533746541e-06
1.247943600901635364e-05
6.404713076335610822e-06
4.006131493952125311e-04
5.205849447520449758e-06
9.543348824081476778e-06
7.517226549680344760e-06
2.092864269798155874e-05
8.288004755740985274e-05
1.118460568250156939e-05
