2.667182311415672302e-02
2.628763765096664429e-02
2.615695632994174957e-02
2.603157237172126770e-02
2.591046690940856934e-02
2.578432112932205200e-02
2.564178965985774994e-02
2.547515369951725006e-02
2.529065497219562531e-02
2.510557509958744049e-02
2.493061870336532593e-02
2.476569637656211853e-02
2.460342831909656525e-02
2.443448454141616821e-02
2.425440587103366852e-02
2.406366914510726929e-02
2.386449463665485382e-02
2.366073802113533020e-02
2.345786988735198975e-02
2.326080016791820526e-02
2.306828461587429047e-02
2.287590876221656799e-02
2.268085069954395294e-02
2.247919887304306030e-02
2.226485311985015869e-02
2.202758938074111938e-02
2.175642549991607666e-02
2.144333720207214355e-02
2.108356356620788574e-02
2.067402005195617676e-02
2.021292969584465027e-02
1.970265060663223267e-02
1.915131509304046631e-02
1.856915839016437531e-02
1.796547137200832367e-02
1.734808087348937988e-02
1.672360487282276154e-02
1.609770953655242920e-02
1.547530107200145721e-02
1.486064866185188293e-02
1.425747480243444443e-02
1.366897951811552048e-02
1.309787854552268982e-02
1.254648435860872269e-02
1.201672013849020004e-02
1.151014491915702820e-02
1.102797221392393112e-02
1.057108398526906967e-02
1.173103973269462585e-02
9.782342240214347839e-03
1.147520914673805237e-02
9.149399586021900177e-03
8.867842145264148712e-03
1.006948668509721756e-02
8.360765874385833740e-03
8.124985732138156891e-03
7.883321493864059448e-03
7.629164960235357285e-03
7.375871762633323669e-03
7.123005576431751251e-03
6.867204327136278152e-03
6.611580494791269302e-03
8.608660660684108734e-03
6.149620749056339264e-03
5.933941807597875595e-03
5.718704313039779663e-03
5.499297287315130234e-03
5.785760935395956039e-03
5.070907063782215118e-03
4.853102844208478928e-03
4.635224584490060806e-03
2.232229150831699371e-02
4.242124035954475403e-03
4.065257497131824493e-03
3.892210777848958969e-03
3.722912399098277092e-03
1.122866384685039520e-02
3.416978521272540092e-03
3.277407959103584290e-03
3.140819957479834557e-03
3.083026036620140076e-03
2.897972473874688148e-03
2.789187477901577950e-03
2.684537554159760475e-03
2.614296274259686470e-03
2.503221388906240463e-03
2.419412136077880859e-03
2.120094187557697296e-02
2.268267096951603889e-03
2.200560644268989563e-03
2.134402282536029816e-03
2.069719135761260986e-03
2.401997568085789680e-03
1.974243437871336937e-03
1.932332408614456654e-03
1.890816492959856987e-03
1.849299762398004532e-03
1.807686989195644855e-03
1.765977242030203342e-03
1.724185305647552013e-03
1.682323752902448177e-03
2.474098699167370796e-03
1.601087395101785660e-03
1.693840720690786839e-03
1.525011844933032990e-03
3.706256626173853874e-03
1.453638193197548389e-03
1.418991945683956146e-03
1.570360618643462658e-03
1.353935338556766510e-03
1.322190859355032444e-03
1.291621243581175804e-03
1.262548845261335373e-03
1.230732188560068607e-03
1.202825806103646755e-03
1.172628835774958134e-03
1.142445602454245090e-03
1.760774175636470318e-03
1.092287711799144745e-03
1.068880199454724789e-03
1.045041834004223347e-03
1.020676922053098679e-03
9.958095615729689598e-04
9.706822456791996956e-04
4.974666982889175415e-03
9.206422837451100349e-04
8.960487903095781803e-04
8.721653721295297146e-04
8.478745585307478905e-04
1.376377185806632042e-03
8.017573272809386253e-04
7.792342221364378929e-04
7.590018794871866703e-04
7.348532672040164471e-04
7.227617898024618626e-04
6.922557950019836426e-04
1.316118286922574043e-03
6.517769652418792248e-04
6.319271633401513100e-04
9.092663414776325226e-03
5.936602829024195671e-04
5.773000884801149368e-04
6.072460673749446869e-04
5.378035712055861950e-04
9.675350971519947052e-03
5.073929205536842346e-04
4.936300683766603470e-04
4.801900067832320929e-04
4.666775057557970285e-04
4.529920988716185093e-04
4.392198752611875534e-04
4.253307124599814415e-04
4.114978364668786526e-04
3.974860883317887783e-04
1.363287214189767838e-03
3.709393495228141546e-04
3.574193979147821665e-04
4.223296418786048889e-04
3.325018042232841253e-04
3.200501378159970045e-04
3.085777861997485161e-04
2.966384054161608219e-04
2.894658537115901709e-04
2.783082600217312574e-04
2.650287933647632599e-04
2.534436644054949284e-04
1.950826379470527172e-03
2.391063026152551174e-04
2.247394440928474069e-04
6.820194539614021778e-04
2.085410524159669876e-04
2.007660368690267205e-04
1.930934522533789277e-04
1.854826841736212373e-04
3.808814799413084984e-03
1.716709957690909505e-04
1.694721140665933490e-04
1.580149546498432755e-04
1.525362167740240693e-04
1.452373981010168791e-04
2.759422408416867256e-03
1.337400317424908280e-04
1.281400909647345543e-04
1.227248430950567126e-04
1.196343873743899167e-04
1.140661624958738685e-04
7.562598329968750477e-04
1.034972447087056935e-04
3.650561848189681768e-04
9.506384230917319655e-05
9.101412724703550339e-04
8.738716860534623265e-05
8.363494998775422573e-05
1.321871968684718013e-04
8.169430657289922237e-05
7.386958895949646831e-05
1.115593011491000652e-03
6.959844176890328526e-05
6.702099199173972011e-05
6.488071085186675191e-05
6.275396299315616488e-05
6.064521585358306766e-05
5.855491326656192541e-05
5.648373553412966430e-05
5.443234840640798211e-05
5.240441532805562019e-05
5.040188989369198680e-05
4.860099579673260450e-05
5.045297075412236154e-05
4.525137410382740200e-05
7.989980804268270731e-05
4.263875962351448834e-05
4.052368603879585862e-05
2.409589709714055061e-03
3.777847814490087330e-05
5.290568224154412746e-04
3.841597572318278253e-05
3.446700429776683450e-05
3.541555997799150646e-05
3.182036380167119205e-05
3.953594932681880891e-05
3.144443500787019730e-03
2.967115869978442788e-05
1.761206192895770073e-03
2.732969187491107732e-05
4.709330387413501740e-04
2.576911901996936649e-05
1.437351107597351074e-03
2.436712384223937988e-05
5.204149638302624226e-04
2.321206738997716457e-05
2.449038220220245421e-05
2.263873102492652833e-05
2.147365376004017889e-05
5.500108236446976662e-04
2.055364893749356270e-05
6.690705049550160766e-05
2.038136881310492754e-05
1.962268106581177562e-05
2.551697980379685760e-05
1.857497045421041548e-05
1.820533179852645844e-05
1.784177584340795875e-05
5.559455530601553619e-05
1.726202026475220919e-05
7.856073207221925259e-04
1.682982656348031014e-05
1.972546488104853779e-05
4.597512452164664865e-05
1.698968117125332355e-05
1.679365050222259015e-05
1.745216650306247175e-05
9.649512940086424351e-04
1.509931917098583654e-05
1.483801315771415830e-05
1.020987765514291823e-04
1.457962935091927648e-05
4.909838316962122917e-04
7.702891016378998756e-04
1.465991954319179058e-05
1.825697108870372176e-05
4.204486962407827377e-03
1.367506592941936105e-05
5.324663361534476280e-04
1.358156259811948985e-05
1.332333795289741829e-05
1.319085276918485761e-05
1.305657497141510248e-05
1.292679735342971981e-05
1.279557727684732527e-05
1.266388699150411412e-05
1.253360824193805456e-05
1.240274377778405324e-05
1.275909016840159893e-05
5.146110197529196739e-05
2.113813388859853148e-05
1.263494050363078713e-05
1.260244898730888963e-04
1.206794240715680644e-05
2.377955934207420796e-05
1.240381061506923288e-05
1.827730331569910049e-03
1.176942078018328175e-05
5.660835086018778384e-05
1.165835419669747353e-05
2.852935343980789185e-03
1.150672414951259270e-05
1.132601755671203136e-05
1.963692739082034677e-05
1.122674257203470916e-05
1.111745496018556878e-05
9.726688585942611098e-05
1.102942314901156351e-05
2.460494171828031540e-03
1.088786393665941432e-05
1.085503299691481516e-05
1.177547619590768591e-05
1.067771245288895443e-05
2.466046717017889023e-04
1.223571962327696383e-05
