2.567763254046440125e-02
2.539354935288429260e-02
2.522081136703491211e-02
2.506268769502639771e-02
2.489775978028774261e-02
2.471347525715827942e-02
2.450975775718688965e-02
2.429895661771297455e-02
2.409466169774532318e-02
2.390689961612224579e-02
2.374090068042278290e-02
2.359343133866786957e-02
2.345877140760421753e-02
2.333223074674606323e-02
2.320479974150657654e-02
2.306654490530490875e-02
2.290864288806915283e-02
2.272439748048782349e-02
2.250764146447181702e-02
2.225143089890480042e-02
2.203141339123249054e-02
2.171381190419197083e-02
2.136261016130447388e-02
2.098627947270870209e-02
2.060273848474025726e-02
2.038651704788208008e-02
2.000124566256999969e-02
1.968460530042648315e-02
1.938441768288612366e-02
1.909804157912731171e-02
1.882231608033180237e-02
1.855460926890373230e-02
1.829317212104797363e-02
1.810247451066970825e-02
1.785115525126457214e-02
1.761749759316444397e-02
1.738809235394001007e-02
1.716357469558715820e-02
1.694383658468723297e-02
1.737919263541698456e-02
1.656955294311046600e-02
1.637600362300872803e-02
1.618938893079757690e-02
1.600964739918708801e-02
1.583709567785263062e-02
1.576106995344161987e-02
1.553035993129014969e-02
1.537595316767692566e-02
1.523865945637226105e-02
1.512303110212087631e-02
1.499856449663639069e-02
1.488566305488348007e-02
1.477727200835943222e-02
1.467231940478086472e-02
1.456635911017656326e-02
1.477287150919437408e-02
1.433896645903587341e-02
1.421017851680517197e-02
1.407157350331544876e-02
1.391145400702953339e-02
1.372812967747449875e-02
1.353556104004383087e-02
1.405392121523618698e-02
1.305229682475328445e-02
1.282440498471260071e-02
1.240778528153896332e-02
1.318161841481924057e-02
1.129715796560049057e-02
1.103986240923404694e-02
9.956932626664638519e-03
9.312110021710395813e-03
8.961665444076061249e-03
8.251119405031204224e-03
7.777675054967403412e-03
7.336440961807966232e-03
6.958182435482740402e-03
6.594887468963861465e-03
6.251985672861337662e-03
5.963867995887994766e-03
5.677754525095224380e-03
5.412797443568706512e-03
5.162409041076898575e-03
4.945116117596626282e-03
4.729066044092178345e-03
4.535123705863952637e-03
4.348015878349542618e-03
1.150023285299539566e-02
4.013736732304096222e-03
3.856303403154015541e-03
3.739361884072422981e-03
3.562923986464738846e-03
3.422365989536046982e-03
3.294880967587232590e-03
3.168048569932579994e-03
3.299672622233629227e-03
2.923400141298770905e-03
2.803795970976352692e-03
2.722879173234105110e-03
2.582870190963149071e-03
2.470728941261768341e-03
2.363085746765136719e-03
2.267707139253616333e-03
2.155686030164361000e-03
2.058289479464292526e-03
1.960906898602843285e-03
1.875921385362744331e-03
1.774014439433813095e-03
1.686675008386373520e-03
1.599134178832173347e-03
1.575216883793473244e-03
1.661092042922973633e-03
1.355247106403112411e-03
1.279486925341188908e-03
1.205533393658697605e-03
1.136803883127868176e-03
1.068325946107506752e-03
1.006948295980691910e-03
9.487589704804122448e-04
8.807694539427757263e-04
8.239821181632578373e-04
2.397215459495782852e-03
7.185134454630315304e-04
6.700423546135425568e-04
6.575848092325031757e-04
5.865474813617765903e-04
5.402491078712046146e-04
4.997461801394820213e-04
4.636567027773708105e-04
2.104277722537517548e-03
4.112470487598329782e-04
3.907643549609929323e-04
3.711739555001258850e-04
3.520884783938527107e-04
3.334763168822973967e-04
3.153404395561665297e-04
2.976967953145503998e-04
3.725382848642766476e-04
2.647304208949208260e-04
2.490977640263736248e-04
2.339926431886851788e-04
2.194133267039433122e-04
2.166603953810408711e-04
1.928205601871013641e-04
1.803729537641629577e-04
1.684371381998062134e-04
1.647596945986151695e-04
1.469017588533461094e-04
1.368880621157586575e-04
1.274171081604436040e-04
1.186020963359624147e-04
1.102337337215431035e-04
1.115954946726560593e-04
9.530877287033945322e-05
1.931232254719361663e-04
9.868528286460787058e-05
7.690475467825308442e-05
7.280571298906579614e-05
1.059735659509897232e-04
6.249691796256229281e-05
6.512720574392005801e-05
5.740344204241409898e-05
5.132105434313416481e-05
1.017043032334186137e-04
5.493112985277548432e-05
4.321464075474068522e-05
6.540771573781967163e-05
4.119273799005895853e-04
3.572591231204569340e-05
1.643280993448570371e-04
8.170618821168318391e-05
3.044484765268862247e-05
4.542245733318850398e-05
2.792309715005103499e-05
8.173758396878838539e-04
3.808380643022246659e-05
2.737603062996640801e-05
5.767447291873395443e-04
3.160503547405824065e-05
2.223554292868357152e-05
2.084288826154079288e-05
2.143409255950246006e-05
6.215093162609264255e-05
1.981591231015045196e-05
1.740271909511648118e-05
1.763915133778937161e-05
1.831581903388723731e-05
1.403825735906139016e-04
3.307684164610691369e-05
4.705501123680733144e-05
9.353586210636422038e-05
4.879000480286777020e-04
1.559501470183022320e-05
1.391340356349246576e-05
1.367840195598546416e-05
1.348242039966862649e-05
1.330172108282567933e-05
1.312775657424936071e-05
1.295697620662394911e-05
1.278802028537029400e-05
1.261929082829738036e-05
1.245072144229197875e-05
1.228172641276614740e-05
1.211201470141531900e-05
1.194148262584349141e-05
1.177003650809638202e-05
1.159770090453093871e-05
1.142495057138148695e-05
1.125096241594292223e-05
1.296164919040165842e-05
1.090127261704765260e-05
1.072471695806598291e-05
1.059792430169181898e-05
1.037074525811476633e-05
1.045322460413444787e-05
1.001574401016114280e-05
1.419082036591134965e-05
9.672725354903377593e-06
9.505591151537373662e-06
1.133732530433917418e-05
9.260934348276350647e-06
2.859557935153134167e-05
1.681425601418595761e-05
8.738324140722397715e-06
8.617939784016925842e-06
2.471876905474346131e-05
1.164001605502562597e-05
8.258899470092728734e-06
1.623843490961007774e-05
2.471029074513353407e-05
7.849982466723304242e-06
7.788272341713309288e-06
7.780830856063403189e-06
7.651015039300546050e-06
7.423572697007330135e-06
7.958535206853412092e-06
7.721149813733063638e-06
7.137167358450824395e-06
1.877022441476583481e-05
5.115751991979777813e-05
6.873648999317083508e-06
9.599857548892032355e-06
8.402713865507394075e-05
9.109921847993973643e-06
6.643266715400386602e-06
7.742377783870324492e-05
6.843621122243348509e-06
6.369524271576665342e-06
6.532542556669795886e-06
6.209401817613979802e-06
2.099970333802048117e-05
1.197270375996595249e-05
6.005853265378391370e-06
1.733658245939295739e-05
1.594767854840029031e-05
5.829549536429112777e-06
5.767111815657699481e-06
6.006299372529610991e-06
1.269624772248789668e-05
5.601888915407471359e-06
2.454183122608810663e-04
6.314449819910805672e-06
5.559248165809549391e-06
5.600812528427923098e-06
5.502033673110418022e-06
6.588194082723930478e-05
4.457052273210138083e-05
5.794493972643977031e-06
5.658695499732857570e-06
5.577057891059666872e-06
5.515725206350907683e-06
5.465620233735535294e-06
5.422403319244040176e-06
5.383560619520721957e-06
5.347379101294791326e-06
5.313394467520993203e-06
5.280699951981659979e-06
5.248685738479252905e-06
1.149463969341013581e-05
9.206259164784569293e-06
5.457863608171464875e-06
6.105015017965342849e-06
5.122103175381198525e-06
1.832160523917991668e-05
5.066969606559723616e-06
5.033703928347676992e-06
5.001218141842400655e-06
6.844733889010967687e-06
4.949005870003020391e-06
4.916294528811704367e-06
4.896636255580233410e-06
5.230739589023869485e-06
4.826445092476205900e-06
5.630055056826677173e-06
1.091213925974443555e-05
4.840399469685507938e-06
4.694561084761517122e-06
1.371663620375329629e-05
4.631882347894134000e-06
4.623975655704271048e-06
6.600383494514971972e-05
