3.441485390067100525e-02
2.700345031917095184e-02
2.581156603991985321e-02
2.538435906171798706e-02
2.506684698164463043e-02
2.487101033329963684e-02
2.476218156516551971e-02
2.470038644969463348e-02
2.465697564184665680e-02
2.461954578757286072e-02
2.458499185740947723e-02
2.455286495387554169e-02
2.452296763658523560e-02
2.449500188231468201e-02
2.446859888732433319e-02
2.444338798522949219e-02
2.441901527345180511e-02
2.439520321786403656e-02
2.437173947691917419e-02
2.434848062694072723e-02
2.432534098625183105e-02
2.430227398872375488e-02
2.427926659584045410e-02
2.425633184611797333e-02
2.423348464071750641e-02
2.421072870492935181e-02
2.418802864849567413e-02
2.416534163057804108e-02
2.414259500801563263e-02
2.411973290145397186e-02
2.409669198095798492e-02
2.407344616949558258e-02
2.404996193945407867e-02
2.402624674141407013e-02
2.400229126214981079e-02
2.397811226546764374e-02
2.395372092723846436e-02
2.392913028597831726e-02
2.390435524284839630e-02
2.387941069900989532e-02
2.385431155562400818e-02
2.382908388972282410e-02
2.380374632775783539e-02
2.377832494676113129e-02
2.375285513699054718e-02
2.372736670076847076e-02
2.370190061628818512e-02
2.367649972438812256e-02
2.365120872855186462e-02
2.362606860697269440e-02
2.360112965106964111e-02
2.357643656432628632e-02
2.355202287435531616e-02
2.352791652083396912e-02
2.350413613021373749e-02
2.348066493868827820e-02
2.345746569335460663e-02
2.343446016311645508e-02
2.341153845191001892e-02
2.338852733373641968e-02
2.336523495614528656e-02
2.334143407642841339e-02
2.331687696278095245e-02
2.329131774604320526e-02
2.326452359557151794e-02
2.323625981807708740e-02
2.320630848407745361e-02
2.317443117499351501e-02
2.314038760960102081e-02
2.310390584170818329e-02
2.306466363370418549e-02
2.302229404449462891e-02
2.297635562717914581e-02
2.292634174227714539e-02
2.287166193127632141e-02
2.281164750456809998e-02
2.274553105235099792e-02
2.267243340611457825e-02
2.259132638573646545e-02
2.250101231038570404e-02
2.240005135536193848e-02
2.228674851357936859e-02
2.215907908976078033e-02
2.201469056308269501e-02
2.185087464749813080e-02
2.166460081934928894e-02
2.145258523523807526e-02
2.121141180396080017e-02
2.093779295682907104e-02
2.062901109457015991e-02
2.028363943099975586e-02
1.990234665572643280e-02
1.948816701769828796e-02
1.904604025185108185e-02
1.858227513730525970e-02
1.810379885137081146e-02
1.761721819639205933e-02
1.712816022336483002e-02
1.664113625884056091e-02
1.615955680608749390e-02
1.568480581045150757e-02
1.521575730293989182e-02
1.475943624973297119e-02
1.429723668843507767e-02
1.383644714951515198e-02
1.335988473147153854e-02
1.286031119525432587e-02
1.233166642487049103e-02
1.179178804159164429e-02
1.123967766761779785e-02
1.072193402796983719e-02
1.025092788040637970e-02
9.852690622210502625e-03
9.486624039709568024e-03
9.172067977488040924e-03
8.888144046068191528e-03
8.664658293128013611e-03
8.398889563977718353e-03
8.182235993444919586e-03
7.977047935128211975e-03
7.787119597196578979e-03
7.617090363055467606e-03
7.455809041857719421e-03
7.319197524338960648e-03
7.201794534921646118e-03
7.102955132722854614e-03
7.021095138043165207e-03
6.954113487154245377e-03
6.899722386151552200e-03
6.855716928839683533e-03
6.820136215537786484e-03
6.807681638747453690e-03
6.770283915102481842e-03
6.749737076461315155e-03
6.734073162078857422e-03
6.721219513565301895e-03
6.710523273795843124e-03
6.701547652482986450e-03
6.693967152386903763e-03
6.711783818900585175e-03
6.684134714305400848e-03
6.677530705928802490e-03
6.673368159681558609e-03
6.669695023447275162e-03
6.674967240542173386e-03
6.665079854428768158e-03
6.661139894276857376e-03
6.658779922872781754e-03
6.656483747065067291e-03
6.698142737150192261e-03
6.653620861470699310e-03
6.651628762483596802e-03
6.649477407336235046e-03
6.647886708378791809e-03
6.646418944001197815e-03
6.645031273365020752e-03
6.655067671090364456e-03
6.650044582784175873e-03
6.642170250415802002e-03
6.640557199716567993e-03
6.639242172241210938e-03
6.638169754296541214e-03
6.637140177190303802e-03
6.636139936745166779e-03
6.635205354541540146e-03
6.680623162537813187e-03
6.634093821048736572e-03
6.633514072746038437e-03
6.631848867982625961e-03
6.630944088101387024e-03
6.630105432122945786e-03
6.629299372434616089e-03
6.628508679568767548e-03
6.627730559557676315e-03
6.631388794630765915e-03
6.659563630819320679e-03
6.629623938351869583e-03
6.625315640121698380e-03
6.624298635870218277e-03
6.623597349971532822e-03
6.622918415814638138e-03
6.622248794883489609e-03
6.621584296226501465e-03
6.620926316827535629e-03
6.620273459702730179e-03
6.619637832045555115e-03
6.770757492631673813e-03
6.620403379201889038e-03
6.618530489504337311e-03
6.617459934204816818e-03
6.616748869419097900e-03
6.616153288632631302e-03
6.615562830120325089e-03
6.614977493882179260e-03
6.614394485950469971e-03
6.613812875002622604e-03
6.613234523683786392e-03
6.612658966332674026e-03
6.669770926237106323e-03
6.635158788412809372e-03
6.614205893129110336e-03
6.610922981053590775e-03
6.610027514398097992e-03
6.609481293708086014e-03
6.608928088098764420e-03
6.608376279473304749e-03
6.607822608202695847e-03
6.607265677303075790e-03
6.606708746403455734e-03
6.606146693229675293e-03
6.605659611523151398e-03
6.623265799134969711e-03
6.611854769289493561e-03
6.605084985494613647e-03
6.603538058698177338e-03
6.602978799492120743e-03
6.602419074624776840e-03
6.601857487112283707e-03
6.601289846003055573e-03
6.600712891668081284e-03
6.600130349397659302e-03
6.599538028240203857e-03
6.598936393857002258e-03
6.598332431167364120e-03
6.801236420869827271e-03
6.614737678319215775e-03
6.596961058676242828e-03
6.596080027520656586e-03
6.595463026314973831e-03
6.594826932996511459e-03
6.594186183065176010e-03
6.593536585569381714e-03
6.592873018234968185e-03
6.592194084078073502e-03
6.591500714421272278e-03
6.590789649635553360e-03
6.590060889720916748e-03
6.589337717741727829e-03
6.754480302333831787e-03
6.591503042727708817e-03
6.587226409465074539e-03
6.586544215679168701e-03
6.585570517927408218e-03
6.584733258932828903e-03
6.583874113857746124e-03
6.582991685718297958e-03
6.582081317901611328e-03
6.581140682101249695e-03
6.580172106623649597e-03
6.579183042049407959e-03
6.760507356375455856e-03
6.580660585314035416e-03
6.577698979526758194e-03
6.575404200702905655e-03
6.574025377631187439e-03
6.572861224412918091e-03
6.571659352630376816e-03
6.570412777364253998e-03
6.569119635969400406e-03
6.567774340510368347e-03
6.566373165696859360e-03
6.564910989254713058e-03
6.578953005373477936e-03
6.564688868820667267e-03
6.561125162988901138e-03
6.558958906680345535e-03
6.557075772434473038e-03
6.555281113833189011e-03
6.553374696522951126e-03
6.551378406584262848e-03
6.549273151904344559e-03
6.547048687934875488e-03
6.546183023601770401e-03
6.559848319739103317e-03
6.541859824210405350e-03
6.537471897900104523e-03
6.534449290484189987e-03
6.532344035804271698e-03
6.549248937517404556e-03
6.527369841933250427e-03
6.521196570247411728e-03
6.517197936773300171e-03
6.512638181447982788e-03
6.507691461592912674e-03
6.502220407128334045e-03
6.558473687618970871e-03
6.505087949335575104e-03
6.483872886747121811e-03
6.474723573774099350e-03
6.465031299740076065e-03
6.454028654843568802e-03
6.441026926040649414e-03
6.436772644519805908e-03
6.439040414988994598e-03
6.388991605490446091e-03
6.355670280754566193e-03
6.316667422652244568e-03
6.316776387393474579e-03
6.204190663993358612e-03
6.113810464739799500e-03
6.010082550346851349e-03
5.893368739634752274e-03
5.770278628915548325e-03
5.656725261360406876e-03
5.521895829588174820e-03
5.399795249104499817e-03
5.279999226331710815e-03
5.160071887075901031e-03
5.064456257969141006e-03
4.932963289320468903e-03
4.822422750294208527e-03
4.722630605101585388e-03
4.631374496966600418e-03
4.548563156276941299e-03
4.584839567542076111e-03
4.418698605149984360e-03
4.351761192083358765e-03
4.298406187444925308e-03
4.248126875609159470e-03
4.202414304018020630e-03
4.160261247307062149e-03
4.121194593608379364e-03
4.084910266101360321e-03
4.051159135997295380e-03
4.030971322208642960e-03
4.006209317594766617e-03
3.969086799770593643e-03
3.943756222724914551e-03
3.920552320778369904e-03
3.899561939761042595e-03
3.880173899233341217e-03
3.862106474116444588e-03
3.845247207209467888e-03
3.829476190730929375e-03
3.814708907157182693e-03
3.970147110521793365e-03
3.806565888226032257e-03
3.778388258069753647e-03
3.767448710277676582e-03
3.756426041945815086e-03
3.746191738173365593e-03
3.736395621672272682e-03
3.726923372596502304e-03
3.717725398018956184e-03
3.708756063133478165e-03
3.699973458424210548e-03
3.701086388900876045e-03
3.726145951077342033e-03
3.684967290610074997e-03
3.669417928904294968e-03
3.661620663478970528e-03
3.653987776488065720e-03
3.646441269665956497e-03
3.638897091150283813e-03
3.631338477134704590e-03
3.623744938522577286e-03
3.616098081693053246e-03
3.608380444347858429e-03
3.600565018132328987e-03
3.657484194263815880e-03
3.625869052484631538e-03
3.583929501473903656e-03
3.571143141016364098e-03
3.562708385288715363e-03
3.554340219125151634e-03
3.545694751664996147e-03
3.536674194037914276e-03
3.527205670252442360e-03
3.517216537147760391e-03
3.506625769659876823e-03
3.495340235531330109e-03
3.483350621536374092e-03
3.583990735933184624e-03
3.463779808953404427e-03
3.446615068241953850e-03
3.430487588047981262e-03
3.414603648707270622e-03
3.397956723347306252e-03
3.380373353138566017e-03
3.361850976943969727e-03
3.342421492561697960e-03
3.322123317047953606e-03
3.300984157249331474e-03
3.279027296230196953e-03
3.256316296756267548e-03
3.278947202488780022e-03
3.227192210033535957e-03
3.191282739862799644e-03
3.162552136927843094e-03
3.137083025649189949e-03
3.110751975327730179e-03
3.083405317738652229e-03
3.054900793358683586e-03
3.025100100785493851e-03
2.993856789544224739e-03
2.961028832942247391e-03
2.926496090367436409e-03
2.890180563554167747e-03
2.852094592526555061e-03
3.107542637735605240e-03
2.780526177957653999e-03
2.739572664722800255e-03
2.694539027288556099e-03
2.655747812241315842e-03
2.618460450321435928e-03
2.582879504188895226e-03
2.549103461205959320e-03
2.517055720090866089e-03
2.486626850441098213e-03
2.457713708281517029e-03
2.433334710076451302e-03
2.536927582696080208e-03
2.386676380410790443e-03
2.361820079386234283e-03
2.339483704417943954e-03
2.319345483556389809e-03
2.300335792824625969e-03
2.282353350892663002e-03
2.265327144414186478e-03
2.249217359349131584e-03
2.233983483165502548e-03
2.219585701823234558e-03
2.307826653122901917e-03
2.209045691415667534e-03
2.190822502598166466e-03
2.173087093979120255e-03
2.163105178624391556e-03
2.153370529413223267e-03
2.144289435818791389e-03
2.135706832632422447e-03
2.127586165443062782e-03
2.119897864758968353e-03
2.112618414685130119e-03
2.105721738189458847e-03
2.099187811836600304e-03
2.092993818223476410e-03
2.140005119144916534e-03
2.168239327147603035e-03
2.082835184410214424e-03
2.074551070109009743e-03
2.068781759589910507e-03
2.064353553578257561e-03
2.060239668935537338e-03
2.056329976767301559e-03
2.052592812106013298e-03
2.049016999080777168e-03
2.045595552772283554e-03
2.042315667495131493e-03
2.039174316450953484e-03
2.200917806476354599e-03
2.049628878012299538e-03
2.040421357378363609e-03
2.029610797762870789e-03
2.026888076215982437e-03
2.024437766522169113e-03
2.022168831899762154e-03
2.019980456680059433e-03
2.017864491790533066e-03
2.015817211940884590e-03
2.013835124671459198e-03
2.011912642046809196e-03
2.010047435760498047e-03
2.008893992751836777e-03
2.102413214743137360e-03
2.033222932368516922e-03
2.005025045946240425e-03
2.003062982112169266e-03
2.001213608309626579e-03
1.999767264351248741e-03
1.998365391045808792e-03
1.996999140828847885e-03
1.995666883885860443e-03
1.994367921724915504e-03
1.993098296225070953e-03
1.991858473047614098e-03
1.990648219361901283e-03
1.989484066143631935e-03
2.410531509667634964e-03
1.994494115933775902e-03
1.991681987419724464e-03
1.986385555937886238e-03
1.984657254070043564e-03
1.983644673600792885e-03
1.982655376195907593e-03
1.981696346774697304e-03
1.980753382667899132e-03
1.979827182367444038e-03
1.978916348889470100e-03
1.978021347895264626e-03
1.977139152586460114e-03
1.984981587156653404e-03
2.104068407788872719e-03
1.975224120542407036e-03
1.976134954020380974e-03
1.973725855350494385e-03
1.972720958292484283e-03
1.971917925402522087e-03
1.971157034859061241e-03
1.970404991880059242e-03
1.969662960618734360e-03
1.968929311260581017e-03
1.979710301384329796e-03
1.967722550034523010e-03
1.967107877135276794e-03
1.969127217307686806e-03
1.980199478566646576e-03
1.968497410416603088e-03
1.965205883607268333e-03
1.963663380593061447e-03
1.962799113243818283e-03
1.962126232683658600e-03
1.961548114195466042e-03
2.083825645968317986e-03
1.974173588678240776e-03
1.960014924407005310e-03
1.959264744073152542e-03
1.958425389602780342e-03
1.957738539204001427e-03
1.957091502845287323e-03
1.956460066139698029e-03
1.955835381522774696e-03
1.968737458810210228e-03
2.050437964498996735e-03
1.959886634722352028e-03
1.955327112227678299e-03
1.953141530975699425e-03
1.952310325577855110e-03
1.951681217178702354e-03
1.951072365045547485e-03
1.950467587448656559e-03
1.949863857589662075e-03
1.949257100932300091e-03
1.948650926351547241e-03
1.948042423464357853e-03
1.975037623196840286e-03
1.962913665920495987e-03
1.951743382960557938e-03
1.947526470758020878e-03
1.945285475812852383e-03
1.944661722518503666e-03
1.944072311744093895e-03
1.943484297953546047e-03
1.942897215485572815e-03
1.942309550940990448e-03
1.941720023751258850e-03
1.941128750331699848e-03
1.964863389730453491e-03
1.942892209626734257e-03
1.939719426445662975e-03
1.938775181770324707e-03
1.938165049068629742e-03
1.937925582751631737e-03
2.052509691566228867e-03
1.941841212101280689e-03
1.936047920025885105e-03
1.935297739692032337e-03
1.934647094458341599e-03
1.934042782522737980e-03
1.933439867570996284e-03
1.932836370542645454e-03
1.932228566147387028e-03
1.931617967784404755e-03
1.931126578710973263e-03
2.124872291460633278e-03
1.955003477632999420e-03
1.931902836076915264e-03
1.928666606545448303e-03
1.928105950355529785e-03
1.927437027916312218e-03
1.926826429553329945e-03
1.926213153637945652e-03
1.925593824125826359e-03
1.924973563291132450e-03
1.924346317537128925e-03
1.923715113662183285e-03
1.923084142617881298e-03
1.949923927895724773e-03
1.995711121708154678e-03
1.921575283631682396e-03
1.921045826748013496e-03
1.920028124004602432e-03
1.919325790368020535e-03
1.918686786666512489e-03
1.918040215969085693e-03
1.917389105074107647e-03
1.916732755489647388e-03
1.916068256832659245e-03
1.915444503538310528e-03
2.302052220329642296e-03
1.919297385029494762e-03
1.913904445245862007e-03
1.912827254272997379e-03
1.912220148369669914e-03
1.911483705043792725e-03
1.910809311084449291e-03
1.910128747113049030e-03
1.909440732561051846e-03
1.908745500259101391e-03
1.908040023408830166e-03
1.907328376546502113e-03
1.906614867039024830e-03
1.937268534675240517e-03
1.917248009704053402e-03
1.908452366478741169e-03
1.904380857013165951e-03
1.903045340441167355e-03
1.902246731333434582e-03
1.901482231914997101e-03
1.900712144561111927e-03
1.899936003610491753e-03
1.909188576973974705e-03
1.903273165225982666e-03
1.901766750961542130e-03
1.897957990877330303e-03
1.896109897643327713e-03
1.895172172226011753e-03
1.894335378892719746e-03
1.893482520245015621e-03
1.892616739496588707e-03
1.891731633804738522e-03
1.890828600153326988e-03
1.889909501187503338e-03
1.996451755985617638e-03
1.910216757096350193e-03
1.890093437395989895e-03
1.886437414214015007e-03
1.885245670564472675e-03
1.884257770143449306e-03
1.883247517980635166e-03
1.882218755781650543e-03
1.881164498627185822e-03
1.880078460089862347e-03
1.878959941677749157e-03
1.877807662822306156e-03
1.876617665402591228e-03
1.875386573374271393e-03
1.874172710813581944e-03
1.886514131911098957e-03
2.205498749390244484e-03
1.874743378721177578e-03
1.869831699877977371e-03
1.867698971182107925e-03
1.866050413809716702e-03
1.864523626863956451e-03
1.863010693341493607e-03
1.861433498561382294e-03
1.859788666479289532e-03
1.858069561421871185e-03
1.856267917901277542e-03
1.854375470429658890e-03
1.852383138611912727e-03
1.850280095823109150e-03
1.848051906563341618e-03
1.845869468525052071e-03
1.897454494610428810e-03
1.857568859122693539e-03
1.837898511439561844e-03
1.835264265537261963e-03
1.831750269047915936e-03
1.828266191296279430e-03
1.824413426220417023e-03
1.820076606236398220e-03
1.815107767470180988e-03
1.809291425161063671e-03
1.814922899939119816e-03
1.794671989046037197e-03
1.783438841812312603e-03
1.769519993104040623e-03
1.750478753820061684e-03
1.723713008686900139e-03
1.687746960669755936e-03
1.646443735808134079e-03
1.602581003680825233e-03
1.565663027577102184e-03
1.540526980534195900e-03
1.519471057690680027e-03
1.502380007877945900e-03
1.486724708229303360e-03
1.471980358473956585e-03
1.458208542317152023e-03
1.443208893761038780e-03
1.427896320819854736e-03
1.413148595020174980e-03
1.398512627929449081e-03
1.401244546286761761e-03
1.370215439237654209e-03
1.353609608486294746e-03
1.337491441518068314e-03
1.321769785135984421e-03
1.309879822656512260e-03
1.289737527258694172e-03
1.276868744753301144e-03
1.254356931895017624e-03
1.236411044374108315e-03
1.218891469761729240e-03
1.204640604555606842e-03
1.189108472317457199e-03
1.158968079835176468e-03
1.136193401180207729e-03
1.113366684876382351e-03
1.089701429009437561e-03
1.066823606379330158e-03
1.058732625097036362e-03
1.012199674732983112e-03
9.833581279963254929e-04
9.534248965792357922e-04
9.224126697517931461e-04
8.943005232140421867e-04
8.690112736076116562e-04
8.290482219308614731e-04
7.934042369015514851e-04
7.606374565511941910e-04
7.281861617229878902e-04
6.961791659705340862e-04
6.677683559246361256e-04
6.371834315359592438e-04
6.061830208636820316e-04
5.798550555482506752e-04
5.503593711182475090e-04
5.255492869764566422e-04
4.993607872165739536e-04
4.933962482027709484e-04
4.540714144241064787e-04
4.307357303332537413e-04
4.089578869752585888e-04
4.110803711228072643e-04
3.697946958709508181e-04
3.519568999763578176e-04
3.341420961078256369e-04
3.186543472111225128e-04
3.101191541645675898e-04
2.869314048439264297e-04
2.734606096055358648e-04
2.822123351506888866e-04
2.477203961461782455e-04
2.347431145608425140e-04
2.228424709755927324e-04
2.148493367712944746e-04
2.129912463715299964e-04
1.922622177517041564e-04
1.826477237045764923e-04
1.736929261824116111e-04
1.652393693802878261e-04
1.579487579874694347e-04
1.666879397816956043e-04
1.450158160878345370e-04
1.357340661343187094e-04
1.292235101573169231e-04
1.230204361490905285e-04
1.468947302782908082e-04
1.199829130200669169e-04
1.063127419911324978e-04
1.014240187942050397e-04
9.652561857365071774e-05
9.195150050800293684e-05
8.759434422245249152e-05
8.421193342655897141e-05
8.761631033848971128e-05
7.657383685000240803e-05
7.370058301603421569e-05
7.710552017670124769e-05
6.648358976235613227e-05
6.269066943787038326e-05
5.982774018775671721e-05
9.923004836309701204e-05
5.823064202559180558e-05
5.204858462093397975e-05
4.925031680613756180e-05
4.695056486525572836e-05
4.478219125303439796e-05
4.643312058760784566e-05
5.227687870501540601e-05
4.062592415721155703e-05
3.814835145021788776e-05
3.558291427907533944e-05
3.386379103176295757e-05
3.234215910197235644e-05
3.089198071393184364e-05
3.120212204521521926e-05
3.855398608720861375e-05
2.880868487409316003e-05
2.610739829833619297e-05
2.473718268447555602e-05
2.366322223679162562e-05
2.265884904772974551e-05
2.336117177037522197e-05
4.357274519861675799e-05
2.217402834503445774e-05
1.930109647219069302e-05
1.842237725213635713e-05
1.763570435286965221e-05
1.694785169092938304e-05
2.437153125356417149e-05
1.911890285555273294e-05
1.516291467851260677e-05
2.355991273361723870e-05
1.918841553560923785e-05
1.424706806574249640e-05
1.306360718444921076e-05
1.254193102795397863e-05
1.211036942549981177e-05
2.588024653960019350e-05
1.489038641011575237e-05
1.141284519690088928e-05
1.080657784768845886e-05
2.473290805937722325e-05
1.372120186715619639e-05
9.962692274712026119e-06
9.413187399331945926e-06
9.090306775760836899e-06
2.062316525552887470e-05
1.401875124429352582e-05
9.831751413003075868e-06
9.052137102116830647e-06
2.906967347371391952e-05
8.714368959772400558e-06
7.780126907164230943e-06
7.645933692401740700e-06
3.263094913563691080e-05
7.150899364205542952e-06
7.472237939509795979e-06
6.747988663846626878e-06
6.549062163685448468e-06
1.679894739936571568e-05
1.446299120289040729e-05
8.029160198930185288e-06
7.263193310791393742e-06
2.108998523908667266e-05
8.114961929095443338e-06
6.227803623914951459e-06
8.886476280167698860e-06
6.660367944277822971e-06
6.573041446245042607e-06
5.453055109683191404e-06
5.462220997287658975e-06
1.526739470136817545e-05
7.362382348219398409e-06
6.189404302858747542e-06
5.005714228900615126e-06
4.898417955701006576e-06
6.920289706613402814e-06
3.763936183531768620e-05
7.719370842096395791e-06
4.928529506287304685e-06
4.619078026735223830e-06
4.536341293714940548e-06
4.538665052677970380e-06
6.963272608118131757e-05
8.199976946343667805e-06
5.463684829010162503e-06
4.360189450380858034e-06
4.260121841070940718e-06
4.221776634949492291e-06
5.504568434844259173e-06
1.291123680857708678e-05
4.683510724134976044e-06
5.419545232143718749e-06
8.402372259297408164e-06
4.999277280148817226e-06
4.132907633902505040e-06
4.009062649856787175e-06
6.153192316560307518e-06
1.803213854145724326e-05
4.374847776489332318e-06
4.030027412227354944e-06
4.252057351550320163e-06
3.640297290985472500e-05
6.070347808417864144e-06
3.841652414848795161e-06
6.198982191563118249e-06
6.258554094529245049e-06
4.109589099243748933e-06
2.045771907432936132e-05
5.591515673586400226e-06
4.052554231748217717e-06
3.724198222698760219e-06
4.524530140770366415e-06
7.390064638457261026e-06
5.701692316506523639e-06
6.673926691291853786e-06
6.337455488392151892e-06
3.497777015581959859e-06
3.910745363100431859e-06
1.241929112438810989e-05
9.182753274217247963e-06
3.716526862262981012e-06
3.565307451935950667e-06
7.317936979234218597e-05
6.648964699706993997e-06
3.524210114846937358e-06
3.479196493572089821e-06
3.327725153212668374e-06
3.309535486550885253e-06
3.303053063063998707e-06
1.585424070071894675e-05
1.946263182617258281e-05
4.538005214271834120e-06
3.471551735856337473e-06
8.142016667989082634e-06
8.695757060195319355e-06
3.225936552553321235e-06
3.276613142588757910e-06
3.468976956355618313e-06
3.516540164127945900e-05
5.289709406497422606e-06
3.679338078654836863e-06
3.226711669412907213e-06
3.159247398798470385e-06
3.277173163951374590e-06
3.881071825162507594e-05
5.886491635465063155e-06
3.222563464078120887e-06
3.139651425954070874e-06
3.160075493724434637e-06
6.744242273271083832e-05
3.336700274303439073e-06
3.106818667220068164e-06
3.460822199485846795e-06
4.194746907160151750e-06
3.286450464656809345e-06
3.119177790722460486e-06
3.050535951842903160e-06
3.094709882134338841e-06
4.668767360271885991e-05
1.017914382828166708e-05
4.039145551359979436e-06
3.024244733751402237e-06
2.996782541231368668e-06
2.982426849484909326e-06
3.138260808555060066e-06
4.261630692781182006e-06
1.882799733721185476e-05
6.606540409848093987e-06
3.009282409038860351e-06
3.583561010600533336e-06
2.858094558177981526e-05
4.134554274060064927e-06
3.063059239138965495e-06
3.139041155009181239e-06
1.649710975470952690e-05
1.041964242176618427e-05
3.823443876171950251e-06
2.947182110801804811e-06
2.909039039877825417e-06
4.799546331923920661e-06
3.309727253508754075e-05
1.039065136865247041e-05
3.109568751824554056e-06
2.950626594611094333e-06
2.867678631446324289e-06
2.994640908582368866e-06
7.127616845536977053e-05
4.304659796616761014e-06
3.683022214318043552e-06
2.825441015374963172e-06
2.822306441885302775e-06
2.815176003423403017e-06
2.817220092765637673e-06
1.586893995408900082e-05
2.061616396531462669e-05
5.404985131463035941e-06
2.960968004117603414e-06
2.792364512060885318e-06
2.880451802411698736e-06
5.671477629221044481e-05
4.334693130658706650e-06
3.369658770679961890e-06
2.807793180181761272e-06
1.084347786672879010e-05
5.098305791761958972e-06
3.425347586016869172e-06
2.794352894852636382e-06
3.535245014063548297e-06
1.970918492588680238e-05
5.548787612497108057e-06
2.943197841887013055e-06
2.725408648984739557e-06
2.717779807426268235e-06
2.716142716963076964e-06
9.085878446057904512e-06
4.056774741911794990e-06
5.639735718432348222e-06
2.836155999830225483e-06
2.725266085690236650e-06
2.676879148566513322e-06
2.672323262231657282e-06
2.668458137122797780e-06
3.328293587401276454e-06
2.320958992640953511e-05
6.110578851803438738e-06
2.880174861275008880e-06
2.675735458979033865e-06
2.651130898811970837e-06
2.640039156176499091e-06
4.532741058937972412e-06
4.982946848031133413e-06
3.769223440031055361e-06
1.823497223085723817e-05
4.396130407258169726e-06
3.201466142854769714e-06
4.113942395633785054e-06
5.542607595998561010e-06
3.437278110141051002e-06
3.922686119040008634e-06
8.990010428533423692e-06
3.366562395967775956e-06
2.909805516537744552e-06
3.426599869271740317e-05
7.525678029196569696e-06
3.527238277456490323e-06
3.048378630410297774e-06
1.360273017780855298e-05
4.669068857765523717e-06
2.720297288760775700e-06
2.605193003546446562e-06
8.534915104974061251e-05
1.121438890550052747e-05
3.159959760523634031e-06
2.575606686150422320e-06
2.543453774705994874e-06
2.673293693078448996e-06
1.827178130042739213e-05
2.979155624416307546e-06
2.738119974310393445e-06
2.522191607567947358e-06
2.528553977754199877e-06
2.969073102576658130e-05
4.386887667351402342e-06
3.294680254839477129e-06
6.085532277211314067e-06
4.694163635576842353e-06
3.084361651417566463e-06
2.744938456089585088e-06
2.612363914522575215e-06
1.187071484309853986e-05
3.346414450788870454e-05
4.395103587739868090e-06
2.519235522413509898e-06
2.499843049008632079e-06
2.456826450725202449e-06
4.369115686131408438e-06
2.064591535599902272e-05
4.978772267349995673e-06
2.513892013666918501e-06
2.538788066885899752e-06
5.216765202931128442e-06
1.330915983999148011e-05
3.059132268390385434e-06
2.453548859193688259e-06
3.073825155297527090e-06
5.182791937841102481e-06
3.803315166805987246e-06
1.832959605962969363e-05
4.294798600312788039e-06
2.865924216166604310e-06
2.915159484473406337e-06
2.591608972579706460e-05
5.246869477559812367e-06
2.708546389840194024e-06
2.454813284202828072e-06
4.101862487004837021e-06
2.640567436174023896e-05
3.395891098989523016e-06
2.450304691592464224e-06
2.374386895098723471e-06
3.992125584773020819e-06
2.855101456589181907e-06
2.464301587679074146e-06
2.432667770335683599e-06
2.724766454775817692e-05
3.719011374414549209e-06
2.851708813977893442e-06
2.369544972680159844e-06
2.361599399591796100e-06
4.198073384031886235e-06
1.893313128675799817e-05
2.615826815599575639e-06
2.607141823318670504e-06
2.328700702491914853e-06
2.332945086891413666e-06
5.192833214096026495e-06
6.845078587502939627e-06
3.141493152725161053e-06
4.659380465454887599e-06
3.483706677798181772e-06
3.347966185174300335e-06
2.449523663017316721e-06
3.513935780574684031e-06
1.081217396858846769e-05
4.665661435865331441e-06
2.439921217955998145e-06
4.373485353426076472e-06
5.559142209676792845e-06
2.564181613706750795e-06
2.371151367697166279e-06
1.229259396495763212e-05
4.017259470856515691e-06
1.733548560878261924e-05
4.442670615389943123e-06
2.824952389346435666e-06
2.347046120121376589e-06
2.755535206233616918e-06
5.568224423768697307e-06
7.384370292129460722e-06
2.492605517545598559e-06
2.832641484928899445e-06
1.813170820241793990e-05
6.298738753685029224e-06
2.927544528574799187e-06
2.308741613887832500e-06
2.445698555675335228e-06
4.802495459443889558e-05
4.844175236939918250e-06
2.555947958171600476e-06
2.332745452804374509e-06
2.212146682722959667e-06
2.990105031130951829e-06
1.164474451798014343e-05
3.322651537018828094e-06
2.536486590543063357e-06
3.249840665375813842e-05
4.106643700652057305e-06
2.308719331267639063e-06
2.202424639108357951e-06
2.201936013079830445e-06
1.350302954961080104e-05
6.256588221731362864e-06
2.549485316194477491e-06
2.311366642970824614e-06
2.200121571149793454e-06
1.132843135565053672e-05
3.038113163711386733e-06
3.174389576088287868e-06
3.677795120893279091e-06
7.637518137926235795e-06
2.187330437664058991e-06
2.221250042566680349e-06
2.135545628334512003e-06
2.444216988806147128e-06
1.607584999874234200e-05
6.022417437634430826e-06
2.182522621296811849e-06
2.534654186092666350e-06
1.580870230100117624e-05
4.549570803646929562e-06
2.963493898278102279e-06
2.223985802629613318e-06
4.457923751033376902e-06
2.998752279381733388e-05
3.048644657610566355e-06
2.347462668694788590e-06
2.092372824336052872e-06
2.088899918817332946e-06
2.085836740661761723e-06
2.083092113025486469e-06
1.104551847674883902e-05
2.339324782951734960e-05
2.376053544139722362e-06
2.419512838969239965e-06
2.096626076308893971e-06
2.071239123324630782e-06
2.065176659016287886e-06
2.060817678284365684e-06
2.070314394586603157e-06
5.625281482934951782e-05
6.028267307556234300e-06
2.772918605842278339e-06
2.097116521326825023e-06
2.063572992483386770e-06
3.491137977107428014e-05
5.413336111814714968e-06
2.472027972544310614e-06
2.814764047798234969e-05
1.046013585437322035e-05
2.696605861274292693e-06
2.172667336708400398e-06
2.044735992967616767e-06
2.026293032031389885e-06
2.020312649619881995e-06
2.018294026129296981e-06
4.857203293795464560e-06
1.306103149545378983e-05
3.930505044991150498e-06
2.261538611492142081e-06
1.249712568096583709e-05
6.178986950544640422e-06
2.765521003311732784e-06
2.046962435997556895e-06
2.104769464494893327e-06
1.306629292230354622e-05
2.163105091312900186e-05
3.729729769474943168e-06
2.071107473966549151e-06
2.115206598318764009e-06
1.913973756018094718e-05
6.333115834422642365e-06
2.883709385059773922e-06
2.153491777789895423e-06
1.995872707993839867e-06
2.005946953431703150e-06
2.219444832007866353e-05
1.413788231729995459e-05
4.437048119143582880e-06
2.002999281103257090e-06
1.972136942640645429e-06
2.299110747117083520e-06
1.992322540900204331e-05
2.765825229289475828e-06
2.262229372718138620e-06
1.957186668732902035e-06
2.106569354509701952e-06
2.750827297859359533e-05
5.699911525880452245e-06
2.306974920429638587e-06
2.180267301810090430e-06
1.075644195225322619e-05
2.124055527019663714e-06
2.654551053637987934e-06
7.155509138101479039e-06
2.559415179348434322e-06
1.048432659445097670e-05
4.221039034746354446e-06
2.399787945250864141e-06
1.946382099049515091e-06
2.726052571233594790e-06
1.032680756907211617e-05
8.081700798356905580e-06
2.871614015020895749e-06
2.016467533394461498e-06
1.916465180329396389e-06
1.897586002996831667e-06
2.161413476642337628e-06
4.206136145512573421e-05
5.732603767683031037e-06
2.128105961674009450e-06
1.917397639772389084e-06
1.891808892651170027e-06
1.878145212685922161e-06
1.873872747637506109e-06
1.885844199023267720e-06
3.197634941898286343e-05
7.506365363951772451e-06
3.080950136791216210e-06
5.796955520054325461e-06
1.918039288284489885e-06
3.126114279439207166e-06
2.127711468347115442e-06
5.944238637312082574e-06
4.488612376007949933e-06
2.284526544826803729e-06
1.976702378669870086e-06
2.262021780552458949e-06
1.985851849894970655e-05
4.707808784587541595e-06
1.870305140982964076e-06
1.864915816440770868e-06
1.867537662292306777e-06
4.643727152142673731e-05
2.627105004648910835e-06
1.998259676838642918e-06
1.929501650010934100e-06
1.609035643923562020e-05
4.984617589798290282e-06
2.006541762966662645e-06
1.907725845740060322e-06
1.972644668057910167e-06
1.391381829307647422e-05
5.045677880843868479e-06
2.549827740949694999e-06
2.635823648233781569e-06
1.915076381919789128e-06
1.982540197786875069e-06
3.799060868914239109e-05
7.271778486028779298e-06
1.889789587039558683e-06
1.873737573987455107e-06
1.799362848942109849e-06
1.793967840058030561e-06
1.788205850061785895e-06
2.046223926299717277e-06
1.793393130355980247e-05
6.798640242777764797e-06
2.137000819857348688e-06
1.781854848559305537e-06
1.779371928023465443e-06
1.776861040525545832e-06
1.772897348928381689e-06
1.777808165570604615e-06
3.561433550203219056e-05
7.749927135591860861e-06
1.948106046256725676e-06
2.042742835328681394e-06
9.212766599375754595e-06
2.718569930948433466e-06
1.948481212821207009e-06
1.771075403667055070e-06
3.755880243261344731e-05
3.847123025479959324e-06
2.355422566324705258e-06
1.337848789262352511e-05
2.303744395248941146e-06
1.767354319781588856e-06
1.750874389472301118e-06
1.804847443054313771e-06
1.008792605716735125e-05
3.611031615946558304e-06
1.345652253803564236e-05
3.560486447895527817e-06
2.153470859411754645e-06
7.192373686848441139e-06
7.572969025204656646e-06
2.326659569007460959e-06
1.981802824957412668e-06
1.776896351657342166e-05
3.075474523939192295e-06
3.462875838522450067e-06
2.557756261012400500e-06
2.005678197747329250e-06
1.117480042012175545e-05
4.558432010526303202e-06
1.939774165293783881e-06
1.855553705354395788e-06
1.769102709658909589e-05
5.048254024586640298e-06
2.134332135028671473e-06
1.767527805895952042e-06
5.933173451921902597e-05
5.170330496184760705e-06
2.252286094517330639e-06
1.738906917125859763e-06
1.711213826638413593e-06
1.818352416194102261e-06
1.414934013155288994e-05
2.159605628548888490e-06
2.916252469731261954e-06
4.811492090084357187e-06
1.945468284247908741e-06
1.988626991078490391e-06
1.021345724439015612e-05
8.345027708855923265e-06
2.185218363592866808e-06
1.727808239593286999e-06
1.990737928281305358e-06
2.685781510081142187e-05
8.133385563269257545e-06
2.700150162127101794e-06
1.986491724892402999e-06
3.307429324195254594e-06
5.548554781853454188e-06
2.673676817721570842e-06
1.881500452327600215e-06
1.778162982191133779e-06
9.656187103246338665e-06
9.036618394020479172e-06
2.473984295647824183e-06
2.895827037718845531e-06
5.529088412004057318e-06
1.695677269708539825e-06
2.152065462723840028e-06
1.387203246849821880e-05
1.396382140228524804e-05
2.392012447671731934e-06
1.922980800372897647e-06
1.647986096031672787e-06
1.633914052945328876e-06
1.642951247049495578e-06
1.829787106544245034e-05
7.408651526930043474e-06
3.264704673711094074e-06
1.897830202324257698e-06
1.638104549783747643e-06
1.624174160497204866e-06
1.630356564419344068e-06
2.698661955946590751e-05
7.825607099221087992e-06
1.807447347346169408e-06
1.650859076107735746e-06
1.633946226320404094e-06
1.926642198668560013e-06
3.643543323050835170e-06
2.247116299258777872e-06
1.735625460241863038e-06
6.398903678928036243e-06
6.743729500158224255e-06
2.047237785518518649e-06
1.882388346530206036e-06
1.932172563101630658e-05
4.089980393473524600e-06
1.909602815430844203e-06
1.917642975968192331e-06
3.381823626114055514e-05
5.273657279758481309e-06
2.061061195490765385e-06
1.644632902753073722e-06
1.817841507545381319e-06
1.842856181610841304e-05
1.959471546797431074e-06
2.959393668788834475e-06
6.828297500760527328e-06
2.996062903548590839e-06
1.735005980663117953e-06
1.587484348419820890e-06
2.040893377852626145e-06
1.880137278931215405e-05
2.994208216478000395e-06
1.907307364490407053e-06
1.578849946781701874e-06
2.484527612978126854e-06
1.551169771119020879e-05
3.403518348932266235e-06
1.594048512743029278e-06
1.591664613442844711e-06
1.556394181534415111e-06
1.621631099624210037e-06
4.059904313180595636e-05
4.417651325638871640e-06
1.762331748977885582e-06
1.598778794686950278e-06
1.574037469254108146e-06
6.565020612470107153e-06
4.957381861458998173e-06
3.008560724993003532e-06
1.692301339062396437e-06
1.555973312861169688e-06
6.604865575354779139e-06
2.654353011166676879e-06
2.078085572065901943e-06
3.128594244117266499e-06
5.627128757623722777e-06
2.993489260916248895e-06
1.755136281644809060e-06
1.732854002511885483e-06
2.254998071293812245e-05
3.696175554068759084e-06
1.670671508691157214e-06
1.613170866221480537e-06
9.024720384331885725e-06
2.563383532105945051e-06
2.273967083965544589e-06
2.225082880613626912e-06
5.753431651100981981e-06
1.989445991057436913e-06
1.893642433969944250e-06
1.565296770422719419e-05
4.665738288167631254e-06
2.172128461097599939e-06
5.123862592881778255e-06
4.342296051618177444e-06
2.205938699262333103e-06
1.428159976057941094e-05
1.211210928886430338e-05
3.330999334139050916e-06
1.914556605697725900e-06
8.373744094569701701e-06
9.686306839284952730e-06
1.917721874633571133e-06
2.419433485556510277e-06
9.639772542868740857e-06
8.249320671893656254e-06
4.971485850546741858e-06
1.768149786585127003e-06
1.959988594535388984e-06
1.232784325111424550e-05
8.820489711069967598e-06
2.634830480019445531e-06
1.627543269933084957e-06
5.353225333237787709e-06
8.238481314037926495e-06
2.108570697600953281e-06
1.550870365463197231e-06
2.468879756634123623e-06
1.380126286676386371e-05
1.514867676633002702e-06
1.695266064416500740e-06
1.744092401168018114e-06
1.444983445253456011e-05
3.239347051930963062e-06
1.669508037593914196e-06
1.740332322697213385e-06
2.923648935393430293e-06
2.095138825097819790e-06
2.835592340488801710e-06
3.440465434323414229e-06
1.641932044549321290e-06
1.503907242295099422e-06
1.454305106562969740e-06
2.622025021992158145e-06
8.844839612720534205e-06
2.793071871565189213e-06
3.162320354022085667e-06
1.767104777172789909e-06
2.419532393105328083e-06
1.571303073433227837e-06
1.649934006309194956e-06
3.479055885691195726e-05
5.356186193239409477e-06
1.869446805358165875e-06
1.508415607531787828e-06
1.939537241923972033e-06
2.706813120312290266e-06
