7.975862175226211548e-02
3.342448547482490540e-02
2.751755900681018829e-02
2.663089893758296967e-02
2.652757428586483002e-02
2.651037089526653290e-02
2.649056725203990936e-02
2.647272311151027679e-02
2.645579166710376740e-02
2.643978781998157501e-02
2.642476744949817657e-02
2.641072496771812439e-02
2.639764919877052307e-02
2.638548798859119415e-02
2.637418918311595917e-02
2.636368013918399811e-02
2.635389380156993866e-02
2.634475752711296082e-02
2.633620053529739380e-02
2.632815577089786530e-02
2.632055245339870453e-02
2.631332911550998688e-02
2.630643546581268311e-02
2.629981003701686859e-02
2.629340440034866333e-02
2.628717571496963501e-02
2.628108114004135132e-02
2.627508714795112610e-02
2.626915834844112396e-02
2.626326121389865875e-02
2.625737152993679047e-02
2.625146135687828064e-02
2.624551206827163696e-02
2.623949572443962097e-02
2.623339928686618805e-02
2.622720040380954742e-02
2.622088603675365448e-02
2.621443383395671844e-02
2.620782144367694855e-02
2.620104327797889709e-02
2.619407325983047485e-02
2.618689462542533875e-02
2.617948316037654877e-02
2.617182210087776184e-02
2.616388909518718719e-02
2.615564875304698944e-02
2.614708244800567627e-02
2.613816037774085999e-02
2.612884528934955597e-02
2.611910365521907806e-02
2.610889822244644165e-02
2.609818056225776672e-02
2.608691342175006866e-02
2.607504092156887054e-02
2.606251277029514313e-02
2.604926377534866333e-02
2.603524178266525269e-02
2.602037973701953888e-02
2.600460313260555267e-02
2.598784677684307098e-02
2.597003243863582611e-02
2.595108933746814728e-02
2.593092061579227448e-02
2.590945921838283539e-02
2.588661015033721924e-02
2.586228214204311371e-02
2.583639323711395264e-02
2.580882422626018524e-02
2.577949315309524536e-02
2.574828080832958221e-02
2.571509219706058502e-02
2.567980997264385223e-02
2.564233168959617615e-02
2.560254745185375214e-02
2.556036226451396942e-02
2.551568113267421722e-02
2.546842023730278015e-02
2.541849948465824127e-02
2.536585181951522827e-02
2.531041763722896576e-02
2.525214292109012604e-02
2.519098483026027679e-02
2.512689307332038879e-02
2.505983784794807434e-02
2.498980239033699036e-02
2.491679042577743530e-02
2.484086714684963226e-02
2.476216480135917664e-02
2.468094229698181152e-02
2.459760382771492004e-02
2.451275475323200226e-02
2.442719787359237671e-02
2.434193156659603119e-02
2.425811812281608582e-02
2.417697757482528687e-02
2.409972064197063446e-02
2.402739040553569794e-02
2.396080084145069122e-02
2.390048280358314514e-02
2.384663932025432587e-02
2.379920892417430878e-02
2.375788241624832153e-02
2.372218482196331024e-02
2.369155175983905792e-02
2.366535738110542297e-02
2.364298328757286072e-02
2.362384460866451263e-02
2.360739931464195251e-02
2.359317801892757416e-02
2.358077466487884521e-02
2.356984838843345642e-02
2.356012165546417236e-02
2.355135791003704071e-02
2.354338951408863068e-02
2.353606186807155609e-02
2.352925948798656464e-02
2.352289855480194092e-02
2.351690083742141724e-02
2.351120486855506897e-02
2.350576221942901611e-02
2.350053191184997559e-02
2.349547296762466431e-02
2.349055744707584381e-02
2.348575741052627563e-02
2.348104119300842285e-02
2.347639575600624084e-02
2.347179315984249115e-02
2.346722409129142761e-02
2.346266433596611023e-02
2.345810458064079285e-02
2.345352992415428162e-02
2.344892919063568115e-02
2.344429679214954376e-02
2.343961596488952637e-02
2.343488112092018127e-02
2.343007735908031464e-02
2.342519909143447876e-02
2.342024073004722595e-02
2.341518923640251160e-02
2.341003715991973877e-02
2.340477332472801208e-02
2.339938841760158539e-02
2.339386940002441406e-02
2.338820695877075195e-02
2.338239364326000214e-02
2.337641082704067230e-02
2.337024733424186707e-02
2.336389012634754181e-02
2.335732430219650269e-02
2.335053309798240662e-02
2.334350347518920898e-02
2.333620749413967133e-02
2.332863397896289825e-02
2.332075685262680054e-02
2.331255748867988586e-02
2.330400981009006500e-02
2.329508028924465179e-02
2.328575216233730316e-02
2.327598258852958679e-02
2.326573804020881653e-02
2.325498312711715698e-02
2.324366569519042969e-02
2.323174476623535156e-02
2.321915514767169952e-02
2.320583909749984741e-02
2.319172210991382599e-02
2.317672036588191986e-02
2.316074445843696594e-02
2.314368635416030884e-02
2.312542870640754700e-02
2.310582809150218964e-02
2.308473736047744751e-02
2.306197769939899445e-02
2.303736098110675812e-02
2.301066741347312927e-02
2.298166789114475250e-02
2.295011281967163086e-02
2.291573025286197662e-02
2.287825569510459900e-02
2.283740416169166565e-02
2.279289998114109039e-02
2.274447679519653320e-02
2.269187569618225098e-02
2.263486944139003754e-02
2.257324196398258209e-02
2.250681445002555847e-02
2.243543788790702820e-02
2.235899493098258972e-02
2.227740921080112457e-02
2.219062857329845428e-02
2.209863997995853424e-02
2.200143411755561829e-02
2.189902961254119873e-02
2.179145626723766327e-02
2.167871966958045959e-02
2.156084589660167694e-02
2.143782190978527069e-02
2.130963094532489777e-02
2.117624133825302124e-02
2.103758975863456726e-02
2.089360170066356659e-02
2.074416726827621460e-02
2.058914676308631897e-02
2.042837627232074738e-02
2.026163600385189056e-02
2.008868195116519928e-02
1.990923099219799042e-02
1.972295530140399933e-02
1.952952332794666290e-02
1.932860352098941803e-02
1.911990158259868622e-02
1.890321075916290283e-02
1.867846027016639709e-02
1.844579167664051056e-02
1.820561289787292480e-02
1.795867271721363068e-02
1.770611293613910675e-02
1.744952052831649780e-02
1.719092205166816711e-02
1.693276315927505493e-02
1.667764037847518921e-02
1.642766967415809631e-02
1.618365943431854248e-02
1.594495028257369995e-02
1.571021229028701782e-02
1.547835767269134521e-02
1.524878107011318207e-02
1.502116490155458450e-02
1.479530241340398788e-02
1.457101292908191681e-02
1.434814184904098511e-02
1.412651129066944122e-02
1.390593592077493668e-02
1.368617080152034760e-02
1.346686203032732010e-02
1.324751880019903183e-02
1.302761770784854889e-02
1.280799694359302521e-02
1.258868072181940079e-02
1.236956100910902023e-02
1.215085480362176895e-02
1.193313393741846085e-02
1.171689573675394058e-02
1.149818859994411469e-02
1.128194853663444519e-02
1.106612291187047958e-02
1.085368823260068893e-02
1.064658444374799728e-02
1.044083014130592346e-02
1.024075783789157867e-02
1.004784647375345230e-02
9.856427088379859924e-03
9.671566076576709747e-03
9.493108838796615601e-03
9.322056546807289124e-03
9.156525135040283203e-03
8.997938595712184906e-03
8.846495300531387329e-03
8.708029985427856445e-03
8.566633798182010651e-03
8.437843061983585358e-03
8.316553197801113129e-03
8.202703669667243958e-03
8.100521750748157501e-03
7.997791282832622528e-03
7.905816659331321716e-03
7.820426486432552338e-03
7.741150446236133575e-03
7.687162607908248901e-03
7.602162659168243408e-03
7.539159152656793594e-03
7.481711916625499725e-03
7.428718730807304382e-03
7.379651535302400589e-03
7.334211375564336777e-03
7.292110472917556763e-03
7.264335174113512039e-03
7.217611186206340790e-03
7.184622343629598618e-03
7.153909187763929367e-03
7.125362288206815720e-03
7.098770700395107269e-03
7.073938846588134766e-03
7.051452994346618652e-03
7.030349224805831909e-03
7.009424734860658646e-03
6.990228779613971710e-03
6.972475443035364151e-03
6.955762859433889389e-03
6.940004881471395493e-03
6.931412033736705780e-03
6.912052631378173828e-03
6.898347754031419754e-03
6.885702256113290787e-03
6.873917300254106522e-03
6.862757261842489243e-03
6.853105034679174423e-03
6.845976691693067551e-03
6.833290681242942810e-03
6.824045442044734955e-03
6.815576460212469101e-03
6.807588040828704834e-03
6.800771225243806839e-03
6.795054767280817032e-03
6.786906626075506210e-03
6.779970135539770126e-03
6.774018052965402603e-03
6.768375635147094727e-03
6.763329729437828064e-03
6.762822624295949936e-03
6.754306610673666000e-03
6.749233230948448181e-03
6.745008286088705063e-03
6.741146557033061981e-03
6.737501360476016998e-03
6.734342779964208603e-03
6.742862053215503693e-03
6.729641463607549667e-03
6.725334096699953079e-03
6.722557358443737030e-03
6.720057688653469086e-03
6.717714481055736542e-03
6.715500261634588242e-03
6.713504903018474579e-03
6.714769173413515091e-03
6.711712107062339783e-03
6.708382163196802139e-03
6.706283893436193466e-03
6.704656872898340225e-03
6.703142076730728149e-03
6.701693404465913773e-03
6.700300611555576324e-03
6.699044723063707352e-03
6.700587458908557892e-03
6.698880344629287720e-03
6.696102675050497055e-03
6.694298237562179565e-03
6.715002469718456268e-03
6.694536656141281128e-03
6.691320799291133881e-03
6.689936388283967972e-03
6.688939873129129410e-03
6.688013207167387009e-03
6.722108460962772369e-03
6.689893081784248352e-03
6.685793399810791016e-03
6.684346590191125870e-03
6.683401297777891159e-03
6.682510487735271454e-03
6.682186853140592575e-03
6.691350135952234268e-03
6.681619677692651749e-03
6.679785437881946564e-03
6.692719645798206329e-03
6.677573546767234802e-03
6.676723714917898178e-03
6.675823591649532318e-03
6.680731195956468582e-03
6.678337231278419495e-03
6.673341151326894760e-03
6.672403775155544281e-03
6.672862451523542404e-03
6.673357915133237839e-03
6.670082453638315201e-03
6.671222858130931854e-03
6.675159558653831482e-03
6.668017711490392685e-03
6.666549481451511383e-03
6.665438879281282425e-03
6.664805579930543900e-03
6.664132233709096909e-03
6.663200911134481430e-03
6.661722436547279358e-03
6.661408580839633942e-03
6.660511717200279236e-03
6.661143619567155838e-03
6.657700985670089722e-03
6.656494457274675369e-03
6.658006925135850906e-03
6.654885597527027130e-03
6.653117481619119644e-03
6.657185964286327362e-03
6.651983596384525299e-03
6.649324670433998108e-03
6.647962611168622971e-03
6.646596360951662064e-03
6.645142100751399994e-03
6.643688771873712540e-03
6.660457700490951538e-03
6.641358602792024612e-03
6.640524137765169144e-03
6.646281573921442032e-03
6.635454017668962479e-03
6.633927579969167709e-03
6.634887307882308960e-03
6.640254985541105270e-03
6.629195995628833771e-03
6.625868380069732666e-03
6.623448338359594345e-03
6.628783419728279114e-03
6.636342033743858337e-03
6.616630125790834427e-03
6.613978650420904160e-03
6.612591911107301712e-03
6.611473392695188522e-03
6.608301773667335510e-03
6.603487301617860794e-03
6.600380409508943558e-03
6.597351282835006714e-03
6.595983169972896576e-03
6.614675745368003845e-03
6.589133292436599731e-03
6.584709510207176208e-03
6.581278052181005478e-03
6.577753461897373199e-03
6.574104540050029755e-03
6.584856659173965454e-03
6.576365791261196136e-03
6.564744282513856888e-03
6.558601744472980499e-03
6.554298568516969681e-03
6.549852900207042694e-03
6.545213051140308380e-03
6.540356669574975967e-03
6.535263266414403915e-03
6.529935635626316071e-03
6.623212713748216629e-03
6.521425675600767136e-03
6.513270549476146698e-03
6.505996920168399811e-03
6.498963572084903717e-03
6.491615902632474899e-03
6.483782548457384109e-03
6.475406233221292496e-03
6.466530263423919678e-03
6.459069438278675079e-03
6.452625617384910583e-03
6.435844115912914276e-03
6.423903629183769226e-03
6.410996895283460617e-03
6.397040095180273056e-03
6.381849758327007294e-03
6.365249399095773697e-03
6.347049959003925323e-03
6.327016279101371765e-03
6.304876413196325302e-03
6.370911840349435806e-03
6.256697699427604675e-03
6.224248092621564865e-03
6.190510932356119156e-03
6.153249181807041168e-03
6.111657712608575821e-03
6.065390072762966156e-03
6.014289334416389465e-03
5.958580411970615387e-03
5.937165580689907074e-03
5.839098244905471802e-03
5.772864446043968201e-03
5.706341937184333801e-03
5.638120695948600769e-03
5.569028202444314957e-03
5.499522667378187180e-03
5.469332449138164520e-03
5.362964700907468796e-03
5.312268622219562531e-03
5.231012124568223953e-03
5.168441217392683029e-03
5.107701290398836136e-03
5.050180945545434952e-03
5.015270318835973740e-03
4.939744248986244202e-03
4.887236282229423523e-03
4.837463144212961197e-03
4.789819475263357162e-03
4.746356047689914703e-03
4.709910601377487183e-03
4.663411993533372879e-03
4.623839166015386581e-03
4.587439820170402527e-03
4.552562721073627472e-03
4.518992733210325241e-03
4.486704245209693909e-03
4.455620422959327698e-03
4.425683058798313141e-03
4.397073294967412949e-03
4.433358088135719299e-03
4.350198898464441299e-03
4.319616127759218216e-03
4.294889047741889954e-03
4.271721467375755310e-03
4.249318968504667282e-03
4.227667115628719330e-03
4.206733312457799911e-03
4.224972799420356750e-03
4.173508379608392715e-03
4.149125888943672180e-03
4.131367430090904236e-03
4.114130977541208267e-03
4.097504075616598129e-03
4.083460196852684021e-03
4.087139386683702469e-03
4.054622258991003036e-03
4.038154147565364838e-03
4.024515859782695770e-03
4.011511802673339844e-03
3.998950589448213577e-03
3.986807074397802353e-03
3.975693602114915848e-03
3.970331512391567230e-03
3.955719061195850372e-03
3.943839110434055328e-03
3.933667205274105072e-03
3.924141637980937958e-03
3.915010951459407806e-03
3.908083774149417877e-03
3.920822869986295700e-03
3.892113687470555305e-03
3.882130607962608337e-03
3.874695627018809319e-03
3.867432707920670509e-03
3.860445925965905190e-03
3.876721719279885292e-03
3.847929183393716812e-03
3.843052778393030167e-03
3.844834165647625923e-03
3.829419380053877831e-03
3.824194427579641342e-03
3.821859601885080338e-03
3.823054255917668343e-03
3.809887915849685669e-03
3.803374711424112320e-03
3.798493184149265289e-03
3.807615954428911209e-03
3.806105582043528557e-03
3.786145476624369621e-03
3.781717037782073021e-03
3.792697098106145859e-03
3.775366581976413727e-03
3.768753726035356522e-03
3.764272434636950493e-03
3.800998674705624580e-03
3.761992324143648148e-03
3.753579221665859222e-03
3.749608760699629784e-03
3.751055337488651276e-03
3.742766100913286209e-03
3.738614730536937714e-03
3.734945086762309074e-03
3.746165428310632706e-03
3.738597966730594635e-03
3.725791582837700844e-03
3.721987362951040268e-03
3.726530121639370918e-03
3.716802690178155899e-03
3.713056677952408791e-03
3.710513701662421227e-03
3.734694095328450203e-03
3.706638934090733528e-03
3.702879650518298149e-03
3.699903143569827080e-03
3.698222804814577103e-03
3.704153932631015778e-03
3.693438600748777390e-03
3.727894974872469902e-03
3.692907514050602913e-03
3.686906769871711731e-03
3.684542840346693993e-03
3.682405222207307816e-03
3.696888452395796776e-03
3.693105885758996010e-03
3.678568173199892044e-03
3.674970474094152451e-03
3.673121333122253418e-03
3.671281039714813232e-03
3.669590922072529793e-03
3.686535870656371117e-03
3.668009303510189056e-03
3.664598567411303520e-03
3.665154101327061653e-03
3.678328590467572212e-03
3.660123096778988838e-03
3.657670691609382629e-03
3.656068816781044006e-03
3.654394764453172684e-03
3.653046442195773125e-03
3.659783396869897842e-03
3.650700440630316734e-03
3.648345591500401497e-03
3.646553261205554008e-03
3.644886659458279610e-03
3.643279895186424255e-03
3.641682211309671402e-03
3.649609629064798355e-03
3.656823420897126198e-03
3.638450754806399345e-03
3.635722445324063301e-03
3.634039312601089478e-03
3.632502630352973938e-03
3.631061641499400139e-03
3.715659724548459053e-03
3.635758534073829651e-03
3.627479076385498047e-03
3.625190351158380508e-03
3.623547265306115150e-03
3.622020129114389420e-03
3.620486008003354073e-03
3.618939081206917763e-03
3.617806127294898033e-03
3.654146799817681313e-03
3.615099238231778145e-03
3.613697830587625504e-03
3.611771855503320694e-03
3.610200248658657074e-03
3.608686616644263268e-03
3.607159247621893883e-03
3.605638863518834114e-03
3.620333038270473480e-03
3.602825570851564407e-03
3.601132892072200775e-03
3.599302610382437706e-03
3.597659058868885040e-03
3.731530392542481422e-03
3.598344279453158379e-03
3.594685811549425125e-03
3.591240616515278816e-03
3.589534200727939606e-03
3.587937215343117714e-03
3.587666666135191917e-03
3.584522288292646408e-03
3.582468954846262932e-03
3.580463584512472153e-03
3.579318057745695114e-03
3.622460411861538887e-03
3.577627940103411674e-03
3.572663525119423866e-03
3.570552449673414230e-03
3.569007152691483498e-03
3.572102170437574387e-03
3.564066719263792038e-03
3.561489749699831009e-03
3.558986354619264603e-03
3.556664567440748215e-03
3.567386418581008911e-03
3.558570751920342445e-03
3.548635169863700867e-03
3.545806510373950005e-03
3.542795544490218163e-03
3.553835907950997353e-03
3.538341727107763290e-03
3.533446695655584335e-03
3.529858542606234550e-03
3.526279469951987267e-03
3.522575134411454201e-03
3.523189574480056763e-03
3.532174509018659592e-03
3.512385301291942596e-03
3.507259069010615349e-03
3.502880921587347984e-03
3.498590085655450821e-03
3.494171658530831337e-03
3.489615628495812416e-03
3.484918037429451942e-03
3.480077488347887993e-03
3.475520294159650803e-03
3.496776800602674484e-03
3.470777301117777824e-03
3.459912724792957306e-03
3.454689634963870049e-03
3.449288895353674889e-03
3.443772904574871063e-03
3.450383665040135384e-03
3.434792393818497658e-03
3.426571609452366829e-03
3.420353867113590240e-03
3.414033679291605949e-03
3.407566575333476067e-03
3.414514008909463882e-03
3.398102940991520882e-03
3.387515898793935776e-03
3.380506997928023338e-03
3.372996114194393158e-03
3.365466604009270668e-03
3.357688430696725845e-03
3.349650418385863304e-03
3.342547919601202011e-03
3.362507093697786331e-03
3.327845130115747452e-03
3.315932117402553558e-03
3.306222846731543541e-03
3.296801587566733360e-03
3.288041800260543823e-03
3.278369549661874771e-03
3.270355518907308578e-03
3.256847383454442024e-03
3.246284555643796921e-03
3.235507057979702950e-03
3.224474610760807991e-03
3.213359043002128601e-03
3.260047640651464462e-03
3.203541738912463188e-03
3.180520143359899521e-03
3.167495364323258400e-03
3.155599813908338547e-03
3.143692156299948692e-03
3.131682751700282097e-03
3.119583940133452415e-03
3.107790602371096611e-03
3.175010439008474350e-03
3.083969932049512863e-03
3.072305349633097649e-03
3.059594891965389252e-03
3.047601087018847466e-03
3.035628469660878181e-03
3.023661440238356590e-03
3.031068248674273491e-03
3.016492119058966637e-03
2.990053035318851471e-03
2.976626623421907425e-03
2.964539220556616783e-03
2.952719572931528091e-03
2.940869657322764397e-03
2.928999485448002815e-03
2.931574825197458267e-03
2.907921560108661652e-03
2.897031605243682861e-03
2.882092026993632317e-03
2.870391588658094406e-03
2.858700463548302650e-03
2.846976509317755699e-03
2.842040266841650009e-03
2.826416632160544395e-03
2.813752042129635811e-03
2.800973830744624138e-03
2.789370482787489891e-03
2.777937566861510277e-03
2.783756703138351440e-03
2.756504341959953308e-03
2.744019962847232819e-03
2.777907531708478928e-03
2.727701328694820404e-03
2.711771056056022644e-03
2.700560260564088821e-03
2.689641434699296951e-03
2.679021330550312996e-03
2.668485976755619049e-03
2.659180201590061188e-03
2.649355446919798851e-03
2.640085993334650993e-03
2.628909889608621597e-03
2.618442289531230927e-03
2.608777722343802452e-03
2.599241677671670914e-03
2.590219955891370773e-03
2.583499765023589134e-03
2.573886187747120857e-03
2.563282847404479980e-03
2.554094884544610977e-03
2.545447088778018951e-03
2.536876592785120010e-03
2.528425771743059158e-03
2.534585772082209587e-03
2.527682110667228699e-03
2.505471464246511459e-03
2.496406668797135353e-03
2.488330705091357231e-03
2.480755560100078583e-03
2.533357823267579079e-03
2.471334533765912056e-03
2.459322568029165268e-03
2.451206790283322334e-03
2.443907782435417175e-03
2.436775946989655495e-03
2.429996384307742119e-03
2.482998184859752655e-03
2.419856144115328789e-03
2.409792970865964890e-03
2.402850193902850151e-03
2.396227326244115829e-03
2.389717847108840942e-03
2.383257495239377022e-03
2.377354772761464119e-03
2.394342795014381409e-03
2.371066017076373100e-03
2.358856843784451485e-03
2.352328738197684288e-03
2.346259308978915215e-03
2.340262522920966148e-03
2.334316726773977280e-03
2.328410511836409569e-03
2.349562244489789009e-03
2.320773433893918991e-03
2.313350327312946320e-03
2.308074617758393288e-03
2.301733940839767456e-03
2.294155303388834000e-03
2.288554329425096512e-03
2.283015288412570953e-03
2.321532461792230606e-03
2.279858803376555443e-03
2.267312956973910332e-03
2.261411165818572044e-03
2.255904255434870720e-03
2.251371741294860840e-03
2.248548902571201324e-03
2.240149769932031631e-03
2.234655898064374924e-03
2.229320816695690155e-03
2.232697093859314919e-03
2.219829009845852852e-03
2.213862491771578789e-03
2.208675025030970573e-03
2.203214447945356369e-03
2.197996480390429497e-03
2.192763611674308777e-03
2.187556121498346329e-03
2.185352146625518799e-03
2.177860587835311890e-03
2.173449844121932983e-03
2.171648899093270302e-03
2.163940807804465294e-03
2.155828289687633514e-03
2.150329295545816422e-03
2.144818427041172981e-03
2.139225136488676071e-03
2.133541740477085114e-03
2.132623922079801559e-03
2.128423424437642097e-03
2.118726959452033043e-03
2.109832596033811569e-03
2.103453269228339195e-03
2.096956595778465271e-03
2.090224996209144592e-03
2.083237981423735619e-03
2.075968543067574501e-03
2.070424146950244904e-03
2.087455941364169121e-03
2.054340904578566551e-03
2.044071210548281670e-03
2.035165438428521156e-03
2.025961410254240036e-03
2.016372047364711761e-03
2.006403170526027679e-03
1.996067119762301445e-03
1.985389739274978638e-03
1.974405255168676376e-03
1.963912509381771088e-03
1.971427351236343384e-03
1.942250877618789673e-03
1.929182210005819798e-03
1.917605870403349400e-03
1.906105317175388336e-03
1.894642249681055546e-03
1.883245771750807762e-03
1.872690278105437756e-03
1.863605459220707417e-03
1.851725624874234200e-03
1.839509699493646622e-03
1.828778767958283424e-03
1.822106190957129002e-03
1.808495959267020226e-03
1.798206358216702938e-03
1.788305002264678478e-03
1.778768375515937805e-03
1.833443995565176010e-03
1.761272083967924118e-03
1.751734060235321522e-03
1.742510008625686169e-03
1.733748707920312881e-03
1.725169015116989613e-03
1.716687460429966450e-03
1.708286930806934834e-03
1.699957298114895821e-03
1.703714486211538315e-03
1.690421369858086109e-03
1.675687613897025585e-03
1.667635980993509293e-03
1.659585745073854923e-03
1.651590573601424694e-03
1.643625437282025814e-03
1.635655993595719337e-03
1.627674559131264687e-03
1.619675429537892342e-03
1.611767453141510487e-03
1.617198926396667957e-03
1.600909978151321411e-03
1.588028972037136555e-03
1.579985255375504494e-03
1.571996952407062054e-03
1.563997124321758747e-03
1.555986935272812843e-03
1.561036915518343449e-03
1.540655503049492836e-03
1.531880698166787624e-03
1.523638493381440639e-03
1.515450538136065006e-03
1.509300200268626213e-03
1.515504904091358185e-03
1.490961411036550999e-03
1.482566818594932556e-03
1.474083052016794682e-03
1.465639215894043446e-03
1.457166392356157303e-03
1.448636641725897789e-03
1.447457121685147285e-03
1.447476446628570557e-03
1.423574169166386127e-03
1.414868747815489769e-03
1.406337483786046505e-03
1.397791551426053047e-03
1.389197655953466892e-03
1.382376649416983128e-03
1.392562058754265308e-03
1.364713185466825962e-03
1.354520209133625031e-03
1.345568336546421051e-03
1.336633809842169285e-03
1.327645033597946167e-03
1.318579539656639099e-03
1.309431623667478561e-03
1.300905249081552029e-03
1.324737444519996643e-03
1.285077189095318317e-03
1.272724475711584091e-03
1.263260375708341599e-03
1.253844355233013630e-03
1.244349405169487000e-03
1.234765630215406418e-03
1.225083949975669384e-03
1.215301337651908398e-03
1.205415581353008747e-03
1.195421442389488220e-03
1.191412215121090412e-03
1.183800282888114452e-03
1.167904934845864773e-03
1.156219397671520710e-03
1.145928283222019672e-03
1.135928323492407799e-03
1.125817187130451202e-03
1.115594990551471710e-03
1.105252653360366821e-03
1.094789477065205574e-03
1.084200339391827583e-03
1.073481631465256214e-03
1.062697265297174454e-03
1.077237771824002266e-03
1.041632145643234253e-03
1.030873274430632591e-03
1.019324176013469696e-03
1.008283928968012333e-03
1.004629535600543022e-03
9.915400296449661255e-04
9.747489239089190960e-04
9.626785176806151867e-04
9.508329676464200020e-04
9.388942853547632694e-04
9.291532915085554123e-04
9.240241488441824913e-04
9.039919823408126831e-04
8.914766367524862289e-04
8.794284658506512642e-04
8.673885022290050983e-04
8.552126819267868996e-04
8.429302251897752285e-04
8.587750489823520184e-04
8.264982607215642929e-04
8.065924630500376225e-04
7.937268819659948349e-04
7.813320262357592583e-04
7.688126643188297749e-04
7.562309037894010544e-04
7.471038261428475380e-04
7.346615311689674854e-04
7.195422076620161533e-04
7.064361707307398319e-04
7.211624761112034321e-04
6.835963577032089233e-04
6.691346061415970325e-04
6.567511591129004955e-04
6.443993188440799713e-04
6.325712893158197403e-04
6.274386541917920113e-04
6.159735494293272495e-04
5.981785361655056477e-04
5.858333897776901722e-04
5.750272539444267750e-04
5.716447485610842705e-04
5.553671508096158504e-04
5.421928362920880318e-04
5.314208101481199265e-04
5.209378432482481003e-04
5.105530144646763802e-04
5.008224397897720337e-04
4.957531346008181572e-04
4.812873667106032372e-04
4.727638443000614643e-04
4.645535955205559731e-04
4.546212148852646351e-04
4.447273386176675558e-04
4.358442092780023813e-04
4.296771367080509663e-04
4.198881797492504120e-04
4.110899753868579865e-04
4.027154645882546902e-04
3.978359745815396309e-04
4.003318899776786566e-04
3.804773441515862942e-04
3.725435235537588596e-04
3.653261519502848387e-04
3.582912031561136246e-04
3.513980482239276171e-04
3.651457664091140032e-04
3.401355643291026354e-04
3.321986587252467871e-04
3.260770754422992468e-04
3.331388288643211126e-04
3.143510257359594107e-04
3.081276954617351294e-04
3.022257005795836449e-04
2.999573480337858200e-04
2.929819165728986263e-04
2.859660016838461161e-04
2.809584257192909718e-04
2.857908257283270359e-04
2.739687333814799786e-04
2.659865131136029959e-04
2.611740783322602510e-04
2.566580078564584255e-04
2.681828045751899481e-04
2.477802627254277468e-04
2.434178604744374752e-04
2.391507296124473214e-04
2.350667928112670779e-04
2.493595820851624012e-04
2.278739702887833118e-04
2.238408924313262105e-04
2.195440902141854167e-04
2.157819253625348210e-04
2.122307487297803164e-04
2.199198061134666204e-04
2.063384599750861526e-04
2.021144900936633348e-04
2.154495450668036938e-04
1.972116588149219751e-04
1.922314841067418456e-04
1.892785658128559589e-04
1.948499557329341769e-04
1.834746217355132103e-04
1.804036292014643550e-04
1.773822150425985456e-04
1.756755518727004528e-04
1.793452975107356906e-04
1.705990580376237631e-04
1.669352350290864706e-04
1.683141308603808284e-04
1.640345581108704209e-04
1.597662630956619978e-04
1.569593587191775441e-04
1.544878177810460329e-04
1.532193709863349795e-04
1.668142213020473719e-04
1.495301694376394153e-04
1.458792539779096842e-04
1.435081794625148177e-04
1.414051948813721538e-04
1.393672573613002896e-04
1.437713362975046039e-04
1.359628950012847781e-04
1.336531277047470212e-04
1.330726518062874675e-04
1.325676421402022243e-04
1.283885358134284616e-04
1.265909668290987611e-04
1.324309414485469460e-04
1.276567782042548060e-04
1.213604045915417373e-04
1.196518060169182718e-04
1.181085826829075813e-04
1.322196039836853743e-04
1.174073404399678111e-04
1.138437582994811237e-04
1.118554864660836756e-04
1.103594186133705080e-04
1.089444631361402571e-04
1.604223361937329173e-04
1.073694293154403567e-04
1.055313550750724971e-04
1.035806271829642355e-04
1.021987627609632909e-04
1.009207626339048147e-04
9.966543439077213407e-05
9.842748113442212343e-05
9.720552043290808797e-05
9.611087443772703409e-05
1.065829710569232702e-04
9.527841029921546578e-05
9.291399328503757715e-05
9.152888378594070673e-05
9.039908036356791854e-05
8.933679055189713836e-05
8.887628791853785515e-05
9.141613554675132036e-05
8.663568587508052588e-05
8.529438491677865386e-05
8.430458547081798315e-05
8.374734170502051711e-05
9.021145524457097054e-05
8.197876741178333759e-05
8.082447311608120799e-05
7.966746488818898797e-05
7.874063885537907481e-05
7.786590867908671498e-05
7.712071237619966269e-05
8.160041761584579945e-05
7.791734242346137762e-05
7.514575554523617029e-05
7.375892892014235258e-05
7.300203287741169333e-05
1.072930608643218875e-04
7.472337165381759405e-05
7.082730735419318080e-05
7.001074118306860328e-05
6.925981142558157444e-05
6.854489038232713938e-05
6.784233846701681614e-05
6.724773993482813239e-05
9.358685201732441783e-05
6.662771920673549175e-05
6.529564416268840432e-05
6.450054206652566791e-05
6.386118184309452772e-05
6.322094850474968553e-05
6.260259397095069289e-05
8.777614129940047860e-05
6.956260040169581771e-05
6.136463343864306808e-05
6.035897604306228459e-05
5.968347977614030242e-05
5.910899562877602875e-05
5.855358540429733694e-05
5.800499639008194208e-05
5.748925468651577830e-05
1.037188121699728072e-04
5.885088830837048590e-05
5.651597530231811106e-05
5.546487955143675208e-05
5.488451279234141111e-05
5.438008884084410965e-05
5.388689532992430031e-05
5.339880590327084064e-05
5.291618072078563273e-05
5.430184319266118109e-05
5.475908619700931013e-05
5.265296567813493311e-05
5.113896622788161039e-05
5.065184086561203003e-05
5.019495438318699598e-05
4.979169898433610797e-05
7.133201143005862832e-05
5.071050327387638390e-05
4.879096377408131957e-05
4.812300903722643852e-05
4.765945050166919827e-05
4.725632970803417265e-05
5.071785562904551625e-05
5.076533125247806311e-05
4.643051943276077509e-05
4.568180520436726511e-05
4.527096825768239796e-05
4.490782885113731027e-05
4.967395216226577759e-05
4.787253419635817409e-05
4.470069325179792941e-05
4.345357592683285475e-05
4.304216054151766002e-05
4.266521864337846637e-05
4.230418926454149187e-05
4.299254578654654324e-05
4.409333996591158211e-05
4.329931834945455194e-05
4.110113877686671913e-05
4.061989966430701315e-05
4.027163595310412347e-05
3.994004509877413511e-05
3.961371839977800846e-05
3.947974255424924195e-05
6.021812805556692183e-05
3.974260835093446076e-05
3.855419345200061798e-05
3.805071901297196746e-05
3.772029231186024845e-05
3.740844476851634681e-05
3.710239616339094937e-05
3.683355316752567887e-05
5.459486055769957602e-05
3.830234709312207997e-05
3.598050534492358565e-05
3.564934377209283412e-05
3.552009366103447974e-05
3.943240153603255749e-05
3.531431502779014409e-05
4.501797593547962606e-05
3.431188088143244386e-05
3.479125371086411178e-05
3.372119317646138370e-05
3.335059591336175799e-05
3.305671270936727524e-05
3.278326767031103373e-05
3.264992483309470117e-05
5.611622691503725946e-05
3.454574107308872044e-05
3.192193980794399977e-05
3.145033770124427974e-05
3.117404412478208542e-05
3.091118196607567370e-05
3.064996417379006743e-05
3.064325210289098322e-05
3.440082218730822206e-05
3.184530214639380574e-05
3.050831401196774095e-05
2.964722807519137859e-05
2.917009987868368626e-05
2.891803706006612629e-05
2.888738526962697506e-05
3.339898466947488487e-05
2.956657044705934823e-05
2.806359043461270630e-05
2.772164043562952429e-05
2.754276647465303540e-05
4.415771400090306997e-05
2.773514461296144873e-05
2.697532545425929129e-05
2.680800025700591505e-05
3.916485002264380455e-05
2.744816629274282604e-05
2.609469629533123225e-05
2.568535273894667625e-05
3.588798062992282212e-05
2.724891601246781647e-05
2.530787423893343657e-05
2.484462856955360621e-05
2.456858783261850476e-05
2.436364957247860730e-05
5.969252742943353951e-05
2.896980549849104136e-05
2.387968379480298609e-05
2.361692895647138357e-05
2.333345037186518312e-05
2.312868855369742960e-05
2.292961471539456397e-05
2.274240978294983506e-05
3.378614928806200624e-05
2.552974547143094242e-05
2.249583485536277294e-05
2.207661782449577004e-05
2.222795956186018884e-05
2.529907396819908172e-05
2.171408050344325602e-05
2.139196840289514512e-05
2.135209069820120931e-05
2.777556801447644830e-05
2.190911436628084630e-05
2.064592081296723336e-05
2.126965409843251109e-05
2.366936860198620707e-05
1.996585342567414045e-05
1.984913615160621703e-05
1.969691038539167494e-05
4.084597821929492056e-05
2.196767491113860160e-05
1.912975130835548043e-05
1.897792753879912198e-05
1.876052374427672476e-05
1.871433414635248482e-05
3.648480924312025309e-05
1.947556120285298675e-05
1.831624831538647413e-05
1.800016980268992484e-05
1.781486389518249780e-05
1.765775959938764572e-05
1.750523915688972920e-05
1.738523860694840550e-05
6.563246279256418347e-05
1.904618875414598733e-05
1.735501246002968401e-05
1.680064087850041687e-05
1.662758040765766054e-05
1.648327815928496420e-05
1.634137515793554485e-05
1.620268994884099811e-05
1.942050948855467141e-05
2.084483821818139404e-05
2.004462658078409731e-05
1.637109016883186996e-05
1.559524389449506998e-05
2.078264333249535412e-05
1.809002242225687951e-05
1.539860932098235935e-05
1.503136809333227575e-05
1.491774492023978382e-05
2.070837763312738389e-05
1.811685979191679507e-05
1.489302212576149032e-05
1.441560198145452887e-05
1.428475479769986123e-05
1.417414932802785188e-05
2.056437188002746552e-05
1.578435148985590786e-05
1.421927754563512281e-05
1.381407582812244073e-05
1.359058114758227021e-05
1.347721263300627470e-05
1.339407936029601842e-05
3.919357186532579362e-05
1.436870024917880073e-05
1.348291061731288210e-05
1.299673931498546153e-05
1.300984695262741297e-05
2.399348886683583260e-05
1.308190894633298740e-05
1.260667704627849162e-05
1.661283386056311429e-05
1.344808515568729490e-05
1.239107587025500834e-05
1.257604435522807762e-05
1.787806831998750567e-05
1.241832251253072172e-05
1.200408314616652206e-05
1.184678058052668348e-05
1.941248410730622709e-05
1.289535885007353500e-05
1.182240521302446723e-05
1.152048844232922420e-05
1.220518697664374486e-05
1.837291893025394529e-05
1.180859726446215063e-05
1.120267097576288506e-05
1.107457319449167699e-05
1.238454024132806808e-05
1.363213868899038061e-05
1.122011963161639869e-05
1.086925385607173666e-05
1.352727394987596199e-05
1.301898191741202027e-05
1.055536267813295126e-05
1.104918555938638747e-05
1.193609114125138149e-05
1.062294722942169756e-05
2.814076651702634990e-05
1.137737945100525394e-05
1.040396364260232076e-05
1.007936043606605381e-05
9.957750080502592027e-06
9.914982001646421850e-06
4.063409141963347793e-05
1.155346853920491412e-05
9.946455975295975804e-06
9.664120625529903919e-06
9.593889444658998400e-06
9.524612323730252683e-06
9.475266779190860689e-06
2.706837040022946894e-05
1.215542852150974795e-05
9.486215276410803199e-06
9.275067895941901952e-06
9.215466889145318419e-06
1.116314251703443006e-05
1.308990886172978207e-05
9.331572982773650438e-06
1.273804627999197692e-05
9.966512152459472418e-06
9.101507203013170511e-06
1.059632722899550572e-05
1.132035959017230198e-05
9.431207217858172953e-06
8.890726348909083754e-06
1.050000173563603312e-05
2.782596493489108980e-05
8.558887202525511384e-06
8.794144378043711185e-06
8.482356861350126565e-06
8.478069503325968981e-06
2.480538205418270081e-05
1.023233562591485679e-05
8.471221917716320604e-06
8.341139619005843997e-06
2.036879050137940794e-05
9.459846296522300690e-06
8.290156984003260732e-06
8.181712473742663860e-06
8.072665877989493310e-06
8.160990546457469463e-06
2.704020334931556135e-05
8.849431651469785720e-06
8.212254215322900563e-06
7.958565220178570598e-06
7.862491656851489097e-06
7.828521120245568454e-06
7.841915248718578368e-06
4.860005719820037484e-05
1.258313386642839760e-05
8.168161912180949003e-06
7.683347575948573649e-06
7.646814992767758667e-06
7.613643447257345542e-06
7.583125807286705822e-06
7.617788014613324776e-06
1.756807250785641372e-05
8.489795618515927345e-06
7.665197699679993093e-06
7.465306225640233606e-06
7.785283742123283446e-06
1.461437568650580943e-05
8.102188985503744334e-06
7.426402589771896601e-06
7.327672847168287262e-06
7.296917374333133921e-06
7.277847544173710048e-06
8.647103641123976558e-06
1.830234396038576961e-05
7.697544788243249059e-06
7.338529030675999820e-06
7.174753136496292427e-06
7.136482054193038493e-06
7.488142728107050061e-06
1.434574187442194670e-05
7.787730282871052623e-06
7.958766218507662416e-06
8.209707630157936364e-06
7.274630661413539201e-06
7.089830432960297912e-06
2.073962969006970525e-05
8.413799150730483234e-06
7.132342943805269897e-06
6.950375791348051280e-06
6.912956905580358580e-06
7.941292096802499145e-06
1.867849823611322790e-05
8.270937541965395212e-06
6.901528649905230850e-06
6.825548098277067766e-06
6.800789833505405113e-06
6.780456260457867756e-06
6.773409950255881995e-06
2.256036714243236929e-05
1.000456722977105528e-05
6.853918421256821603e-06
6.746080089214956388e-06
6.697981916659045964e-06
6.674379619653336704e-06
6.660025064775254577e-06
6.648200269410153851e-06
1.233966304425848648e-05
9.015931027533952147e-06
6.648471298831282184e-06
6.784643574064830318e-06
1.886942300188820809e-05
7.501601430703885853e-06
6.633949851675424725e-06
6.554898845934076235e-06
6.587150892300996929e-06
2.514271909603849053e-05
9.687222700449638069e-06
6.943761945876758546e-06
6.551936621690401807e-06
6.477978786278981715e-06
6.459059022745350376e-06
6.469846994150429964e-06
2.523130387999117374e-05
8.415657248406205326e-06
1.309549134020926431e-05
6.472145742009161040e-06
6.492314241768326610e-06
6.558067525475053117e-06
2.068457433779258281e-05
6.458684765675570816e-06
6.468667834269581363e-06
6.380892045854125172e-06
6.336237674986477941e-06
6.328220024442998692e-06
1.149764375441009179e-05
1.380669618811225519e-05
7.798293154337443411e-06
6.350013791234232485e-06
6.296531410043826327e-06
6.272100108617451042e-06
6.263575869525084272e-06
7.476214705093298107e-06
8.494801477354485542e-06
6.631413270952180028e-06
6.269313416851218790e-06
6.278090040723327547e-06
2.046151530521456152e-05
8.654486009618267417e-06
6.466232662205584347e-06
6.270113772188778967e-06
6.188910901983035728e-06
6.177408522489713505e-06
6.170175765873864293e-06
2.551409670559223741e-05
1.200832684844499454e-05
