7.956501841545104980e-01
2.644794993102550507e-02
4.007227346301078796e-02
2.686786837875843048e-02
2.635515667498111725e-02
2.603495307266712189e-02
2.598739601671695709e-02
2.595671825110912323e-02
2.592764049768447876e-02
2.589976228773593903e-02
2.587324194610118866e-02
2.584815584123134613e-02
2.582453191280364990e-02
2.580235339701175690e-02
2.578154578804969788e-02
2.576199173927307129e-02
2.574356645345687866e-02
2.572610788047313690e-02
2.570944093167781830e-02
2.569340169429779053e-02
2.567781507968902588e-02
2.566251717507839203e-02
2.564733289182186127e-02
2.563211135566234589e-02
2.561671100556850433e-02
2.560099028050899506e-02
2.558481320738792419e-02
2.556805498898029327e-02
2.555058524012565613e-02
2.553228102624416351e-02
2.551301382482051849e-02
2.549267373979091644e-02
2.547116205096244812e-02
2.544840984046459198e-02
2.542440034449100494e-02
2.539919130504131317e-02
2.537291124463081360e-02
2.534572407603263855e-02
2.531779184937477112e-02
2.528923191130161285e-02
2.526005171239376068e-02
2.523016929626464844e-02
2.519942633807659149e-02
2.516764961183071136e-02
2.513463795185089111e-02
2.510021999478340149e-02
2.506421692669391632e-02
2.502648718655109406e-02
2.498687431216239929e-02
2.494527585804462433e-02
2.490161173045635223e-02
2.485585771501064301e-02
2.480806782841682434e-02
2.475839294493198395e-02
2.470707893371582031e-02
2.465446293354034424e-02
2.460097707808017731e-02
2.454708516597747803e-02
2.449328079819679260e-02
2.444004267454147339e-02
2.438779175281524658e-02
2.433691173791885376e-02
2.428769879043102264e-02
2.424038760364055634e-02
2.419514954090118408e-02
2.415208518505096436e-02
2.411125227808952332e-02
2.407265268266201019e-02
2.403625845909118652e-02
2.400200627744197845e-02
2.396981231868267059e-02
2.393957227468490601e-02
2.391115948557853699e-02
2.388439886271953583e-02
2.385894209146499634e-02
2.383387833833694458e-02
2.380747161805629730e-02
2.378062531352043152e-02
2.375488728284835815e-02
2.372942119836807251e-02
2.370419353246688843e-02
2.367915026843547821e-02
2.365422993898391724e-02
2.362938411533832550e-02
2.360456623136997223e-02
2.357975207269191742e-02
2.355491369962692261e-02
2.353004179894924164e-02
2.350512333214282990e-02
2.348016016185283661e-02
2.345514483749866486e-02
2.343007363379001617e-02
2.340495027601718903e-02
2.337976917624473572e-02
2.335452102124691010e-02
2.332919836044311523e-02
2.330379188060760498e-02
2.327828668057918549e-02
2.325267530977725983e-02
2.322694286704063416e-02
2.320107631385326385e-02
2.317506633698940277e-02
2.314890734851360321e-02
2.312258630990982056e-02
2.309610508382320404e-02
2.306945808231830597e-02
2.304264158010482788e-02
2.301566302776336670e-02
2.298852615058422089e-02
2.296123281121253967e-02
2.293379977345466614e-02
2.290622703731060028e-02
2.287852950394153595e-02
2.285072207450866699e-02
2.282281033694744110e-02
2.279481291770935059e-02
2.276672981679439545e-02
2.273856848478317261e-02
2.271034568548202515e-02
2.268206141889095306e-02
2.265371754765510559e-02
2.262531407177448273e-02
2.259685471653938293e-02
2.256832271814346313e-02
2.253972366452217102e-02
2.251104637980461121e-02
2.248227596282958984e-02
2.245340868830680847e-02
2.242441847920417786e-02
2.239530347287654877e-02
2.236604131758213043e-02
2.233661338686943054e-02
2.230700850486755371e-02
2.227720059454441071e-02
2.224717661738395691e-02
2.221691608428955078e-02
2.218640223145484924e-02
2.215561084449291229e-02
2.212452888488769531e-02
2.209313213825225830e-02
2.206140570342540741e-02
2.202932536602020264e-02
2.199687249958515167e-02
2.196403965353965759e-02
2.193079516291618347e-02
2.189712598919868469e-02
2.186301350593566895e-02
2.182844281196594238e-02
2.179339155554771423e-02
2.175784856081008911e-02
2.172178961336612701e-02
2.168519794940948486e-02
2.164806053042411804e-02
2.161036618053913116e-02
2.157209068536758423e-02
2.153322473168373108e-02
2.149375341832637787e-02
2.145366184413433075e-02
2.141294255852699280e-02
2.137157879769802094e-02
2.132957242429256439e-02
2.128690481185913086e-02
2.124357782304286957e-02
2.119958773255348206e-02
2.115493640303611755e-02
2.110962383449077606e-02
2.106365002691745758e-02
2.101702243089675903e-02
2.096974290907382965e-02
2.092181891202926636e-02
2.087325416505336761e-02
2.082404121756553650e-02
2.077418193221092224e-02
2.072368189692497253e-02
2.067252807319164276e-02
2.062073163688182831e-02
2.056829258799552917e-02
2.051520161330699921e-02
2.046147175133228302e-02
2.040710859000682831e-02
2.035210654139518738e-02
2.029647491872310638e-02
2.024021558463573456e-02
2.018333412706851959e-02
2.012583054602146149e-02
2.006771042943000793e-02
2.000897750258445740e-02
1.994963362812995911e-02
1.988968439400196075e-02
1.982913166284561157e-02
1.976797729730606079e-02
1.970623061060905457e-02
1.964388974010944366e-02
1.958096027374267578e-02
1.951744407415390015e-02
1.945334300398826599e-02
1.938866823911666870e-02
1.932341791689395905e-02
1.925760321319103241e-02
1.926545798778533936e-02
1.924123615026473999e-02
2.003804035484790802e-02
1.907001994550228119e-02
1.894161663949489594e-02
1.887466013431549072e-02
1.881186291575431824e-02
1.874831877648830414e-02
1.868444681167602539e-02
1.862017437815666199e-02
1.855546608567237854e-02
1.849033497273921967e-02
1.842478290200233459e-02
1.835881546139717102e-02
1.829243637621402740e-02
1.822565495967864990e-02
1.815847866237163544e-02
1.809090934693813324e-02
1.802295632660388947e-02
1.795462518930435181e-02
1.788592338562011719e-02
1.781686395406723022e-02
1.774744503200054169e-02
1.767767965793609619e-02
1.760757714509963989e-02
1.753713935613632202e-02
1.746637374162673950e-02
1.739529147744178772e-02
1.732390373945236206e-02
1.725220866501331329e-02
1.718022301793098450e-02
1.710794866085052490e-02
1.703539676964282990e-02
1.696257479488849640e-02
1.688948459923267365e-02
1.681614667177200317e-02
1.674255542457103729e-02
1.666872948408126831e-02
1.678992994129657745e-02
2.403177134692668915e-02
1.699700579047203064e-02
1.646645180881023407e-02
1.631556451320648193e-02
1.624336279928684235e-02
1.617342606186866760e-02
1.610330492258071899e-02
1.603300310671329498e-02
1.596252620220184326e-02
1.589188538491725922e-02
1.582108996808528900e-02
1.575014553964138031e-02
1.567906327545642853e-02
1.560784876346588135e-02
1.553651131689548492e-02
1.546505466103553772e-02
1.539348717778921127e-02
1.532181352376937866e-02
1.525003463029861450e-02
1.517815701663494110e-02
1.510617882013320923e-02
1.503410562872886658e-02
1.496193744242191315e-02
1.488967984914779663e-02
1.481733005493879318e-02
1.474489364773035049e-02
1.467237062752246857e-02
1.459976192563772202e-02
1.452707126736640930e-02
1.445430517196655273e-02
1.438145712018013000e-02
1.433856319636106491e-02
1.469095423817634583e-02
1.475728210061788559e-02
1.410201285034418106e-02
1.403998397290706635e-02
1.396800298243761063e-02
1.389919687062501907e-02
1.383139472454786301e-02
1.376365497708320618e-02
1.369584538042545319e-02
1.362794917076826096e-02
1.355996821075677872e-02
1.349190343171358109e-02
1.342375855892896652e-02
1.335553359240293503e-02
1.328723318874835968e-02
1.321886107325553894e-02
1.315041910856962204e-02
1.308191381394863129e-02
1.301334798336029053e-02
1.294472347944974899e-02
1.287605147808790207e-02
1.280733197927474976e-02
1.273856963962316513e-02
1.266977377235889435e-02
1.260094717144966125e-02
1.253210101276636124e-02
1.246323622763156891e-02
1.239436306059360504e-02
1.232549082487821579e-02
1.225662231445312500e-02
1.218776870518922806e-02
1.211893837898969650e-02
1.290098205208778381e-02
1.366184931248426437e-02
1.207417156547307968e-02
1.188139431178569794e-02
1.180520281195640564e-02
1.173736061900854111e-02
1.167514827102422714e-02
1.161320786923170090e-02
1.155129354447126389e-02
1.148942206054925919e-02
1.142759341746568680e-02
1.136580388993024826e-02
1.130406744778156281e-02
1.124238502234220505e-02
1.118076313287019730e-02
1.111919991672039032e-02
1.105768606066703796e-02
1.099619362503290176e-02
1.093459874391555786e-02
1.087239664047956467e-02
1.080769766122102737e-02
1.074192114174365997e-02
1.068051252514123917e-02
1.062004547566175461e-02
1.055979821830987930e-02
1.049977913498878479e-02
1.043997332453727722e-02
1.038039475679397583e-02
1.032104156911373138e-02
1.026192866265773773e-02
1.020305976271629333e-02
1.014444977045059204e-02
1.008610520511865616e-02
1.004663482308387756e-02
1.274622604250907898e-02
1.042657904326915741e-02
9.911336004734039307e-03
9.816952049732208252e-03
9.760688990354537964e-03
9.707401506602764130e-03
9.654891677200794220e-03
9.602777659893035889e-03
9.550942108035087585e-03
9.499398060142993927e-03
9.448149241507053375e-03
9.397205896675586700e-03
9.346571750938892365e-03
9.296255186200141907e-03
9.246262721717357635e-03
9.196606464684009552e-03
9.147285483777523041e-03
9.098316542804241180e-03
9.049701504409313202e-03
9.001449681818485260e-03
8.953579701483249664e-03
1.213228516280651093e-02
8.899873122572898865e-03
9.047569707036018372e-03
8.779716677963733673e-03
8.740369230508804321e-03
8.695118129253387451e-03
8.653028868138790131e-03
8.611505851149559021e-03
8.570308797061443329e-03
8.529433980584144592e-03
8.488889783620834351e-03
8.448682725429534912e-03
8.408831432461738586e-03
8.369345217943191528e-03
8.330226875841617584e-03
8.291479200124740601e-03
8.253091014921665192e-03
8.215061388909816742e-03
8.177393116056919098e-03
8.140089921653270721e-03
8.103148080408573151e-03
8.067056536674499512e-03
1.141150947660207748e-02
8.010764606297016144e-03
7.982810027897357941e-03
7.944543845951557159e-03
7.903767749667167664e-03
7.870738394558429718e-03
7.838537916541099548e-03
7.806804031133651733e-03
7.775407750159502029e-03
7.744353264570236206e-03
7.713648024946451187e-03
7.683283183723688126e-03
7.653254084289073944e-03
7.623557467013597488e-03
7.594188209623098373e-03
7.565147243440151215e-03
7.536450866609811783e-03
1.106338761746883392e-02
7.646249607205390930e-03
7.593919057399034500e-03
7.459111977368593216e-03
7.414785679429769516e-03
7.387624587863683701e-03
7.362456526607275009e-03
7.337981369346380234e-03
7.313888985663652420e-03
7.290149573236703873e-03
7.266744039952754974e-03
7.243650965392589569e-03
7.220859173685312271e-03
7.198362611234188080e-03
7.176155224442481995e-03
7.154235150665044785e-03
7.132599595934152603e-03
7.111250422894954681e-03
7.143476046621799469e-03
8.960490114986896515e-03
7.215508725494146347e-03
7.049609441310167313e-03
7.021375931799411774e-03
6.999607663601636887e-03
6.980944424867630005e-03
6.962678860872983932e-03
6.944727152585983276e-03
6.927059032022953033e-03
6.909637711942195892e-03
6.892445497214794159e-03
6.875460967421531677e-03
6.858676206320524216e-03
6.842078641057014465e-03
6.825668271631002426e-03
8.053258992731571198e-03
7.636454887688159943e-03
6.841399706900119781e-03
6.776005961000919342e-03
6.755520123988389969e-03
6.738795433193445206e-03
6.724179256707429886e-03
6.710132118314504623e-03
6.696352269500494003e-03
6.682796403765678406e-03
6.669440306723117828e-03
6.656267680227756500e-03
6.643268745392560959e-03
6.630431860685348511e-03
6.617774255573749542e-03
8.742092177271842957e-03
7.258243858814239502e-03
6.708952132612466812e-03
6.580399814993143082e-03
6.563510280102491379e-03
6.551756057888269424e-03
6.540469359606504440e-03
6.529303733259439468e-03
6.518275476992130280e-03
6.507310084998607635e-03
6.496350746601819992e-03
6.485306657850742340e-03
6.474022287875413895e-03
6.462192628532648087e-03
6.455705501139163971e-03
8.587649092078208923e-03
6.450448185205459595e-03
6.406520493328571320e-03
6.386005319654941559e-03
6.354048848152160645e-03
6.319026928395032883e-03
6.276501342654228210e-03
6.226702127605676651e-03
6.170904263854026794e-03
6.110905203968286514e-03
6.048553623259067535e-03
1.124544441699981689e-02
6.116773001849651337e-03
5.927565973252058029e-03
5.849339533597230911e-03
5.788989830762147903e-03
5.736344959586858749e-03
5.681302398443222046e-03
5.620523821562528610e-03
5.557636730372905731e-03
5.502099636942148209e-03
5.447318311780691147e-03
5.582594312727451324e-03
6.609503179788589478e-03
5.435835104435682297e-03
5.268674343824386597e-03
5.208683665841817856e-03
5.163484252989292145e-03
5.118407309055328369e-03
5.074365530163049698e-03
5.031223408877849579e-03
4.989029373973608017e-03
4.947818815708160400e-03
4.907625261694192886e-03
5.835175048559904099e-03
5.018887575715780258e-03
4.902618937194347382e-03
4.781471565365791321e-03
4.735362250357866287e-03
4.703416954725980759e-03
4.671685397624969482e-03
4.640595521777868271e-03
4.609959665685892105e-03
4.579695407301187515e-03
4.549752455204725266e-03
4.520214628428220749e-03
8.061353117227554321e-03
4.702095407992601395e-03
4.446454811841249466e-03
4.414088558405637741e-03
4.384876228868961334e-03
4.357655066996812820e-03
4.331002477556467056e-03
4.304388538002967834e-03
4.277789499610662460e-03
4.257423337548971176e-03
4.263783339411020279e-03
4.391037393361330032e-03
4.199465736746788025e-03
4.149914719164371490e-03
4.124525003135204315e-03
4.098838195204734802e-03
4.073196090757846832e-03
4.047581925988197327e-03
4.324008710682392120e-03
4.087349865585565567e-03
4.002408124506473541e-03
3.953129518777132034e-03
3.924026619642972946e-03
3.899332135915756226e-03
3.874156158417463303e-03
3.848976688459515572e-03
3.823682432994246483e-03
3.802818013355135918e-03
4.028121009469032288e-03
5.195493809878826141e-03
4.247820936143398285e-03
3.762057283893227577e-03
3.688173834234476089e-03
3.658487461507320404e-03
3.634549677371978760e-03
3.610853804275393486e-03
3.587003331631422043e-03
3.562982659786939621e-03
3.538790857419371605e-03
3.514429088681936264e-03
3.489909227937459946e-03
3.465251531451940536e-03
3.743604058399796486e-03
3.451596479862928391e-03
3.408699296414852142e-03
3.386200638487935066e-03
3.355262335389852524e-03
3.326591104269027710e-03
3.303033765405416489e-03
3.279358614236116409e-03
3.255591727793216705e-03
3.231658134609460831e-03
3.207543632015585899e-03
3.183260792866349220e-03
3.158876206725835800e-03
5.239856895059347153e-03
4.453912377357482910e-03
3.686507930979132652e-03
1.057292614132165909e-02
3.302576718851923943e-03
3.126716706901788712e-03
3.038273425772786140e-03
3.009969368577003479e-03
2.993542235344648361e-03
2.977551193907856941e-03
2.961647696793079376e-03
2.945783082395792007e-03
2.929913112893700600e-03
2.914011711254715919e-03
2.898066770285367966e-03
2.882074099034070969e-03
2.866032766178250313e-03
2.849943470209836960e-03
2.833803417161107063e-03
2.817613771185278893e-03
2.801376627758145332e-03
2.785091055557131767e-03
2.768758917227387428e-03
2.752380445599555969e-03
2.735955407842993736e-03
2.719487296417355537e-03
2.702974947169423103e-03
2.686419291421771049e-03
2.669821493327617645e-03
2.653183648362755775e-03
2.636505523696541786e-03
2.619788749143481255e-03
2.603035420179367065e-03
2.586245071142911911e-03
2.569419331848621368e-03
2.552561461925506592e-03
2.535669831559062004e-03
2.518749330192804337e-03
2.501798328012228012e-03
2.484820550307631493e-03
2.467815065756440163e-03
2.450785366818308830e-03
2.433732850477099419e-03
2.416657516732811928e-03
2.399563090875744820e-03
2.382450737059116364e-03
2.365322783589363098e-03
2.348178299143910408e-03
2.331021009013056755e-03
2.313851844519376755e-03
2.296673133969306946e-03
2.279810374602675438e-03
2.268832176923751831e-03
2.249781740829348564e-03
3.637664020061492920e-03
2.242069691419601440e-03
2.200482646003365517e-03
2.181240124627947807e-03
2.163585042580962181e-03
2.146895509213209152e-03
2.130556618794798851e-03
2.114243106916546822e-03
2.107882872223854065e-03
2.083074999973177910e-03
2.103890990838408470e-03
2.072884468361735344e-03
2.038681879639625549e-03
2.020698040723800659e-03
2.005552640184760094e-03
1.990295946598052979e-03
1.975094433873891830e-03
1.959912246093153954e-03
1.944742049090564251e-03
1.932508661411702633e-03
3.330634906888008118e-03
2.013561548665165901e-03
1.910271472297608852e-03
1.874275738373398781e-03
1.859981217421591282e-03
1.845826860517263412e-03
1.832147245295345783e-03
1.818507676944136620e-03
1.804885687306523323e-03
1.791280112229287624e-03
1.777687692083418369e-03
1.764110871590673923e-03
1.750607741996645927e-03
4.727620631456375122e-03
2.521630143746733665e-03
1.770104514434933662e-03
1.709864940494298935e-03
1.689527649432420731e-03
1.676639658398926258e-03
1.664556795731186867e-03
1.652594772167503834e-03
1.640650327317416668e-03
1.628714031539857388e-03
1.616784953512251377e-03
1.604860764928162098e-03
1.592944492585957050e-03
1.581034506671130657e-03
1.569133368320763111e-03
1.564921345561742783e-03
5.004141014069318771e-03
1.096080150455236435e-02
1.608848804607987404e-03
1.541976467706263065e-03
1.523591228760778904e-03
1.503254869021475315e-03
1.493474585004150867e-03
1.485003507696092129e-03
1.476662815548479557e-03
1.468325499445199966e-03
1.459978870116174221e-03
1.451614894904196262e-03
1.443234272301197052e-03
1.434834091924130917e-03
1.426414004527032375e-03
1.417973544448614120e-03
1.409514457918703556e-03
1.401032786816358566e-03
1.392532256431877613e-03
1.384013216011226177e-03
1.375473919324576855e-03
1.366916345432400703e-03
1.358340610750019550e-03
1.349749159999191761e-03
1.341140945442020893e-03
1.332520041614770889e-03
1.323886448517441750e-03
1.315243309363722801e-03
1.306591904722154140e-03
1.297932001762092113e-03
1.289265695959329605e-03
1.280593336559832096e-03
1.271914574317634106e-03
1.263228245079517365e-03
1.254533184692263603e-03
1.245832536369562149e-03
1.237127697095274925e-03
1.240657409653067589e-03
1.220794278196990490e-03
1.211613067425787449e-03
1.542054116725921631e-03
1.241510035470128059e-03
1.206718967296183109e-03
1.179633429273962975e-03
1.169755472801625729e-03
1.160760293714702129e-03
1.152375014498829842e-03
1.144055160693824291e-03
1.177109545096755028e-03
2.289641415700316429e-03
1.257298747077584267e-03
1.127130584791302681e-03
1.103714923374354839e-03
1.096122781746089458e-03
1.087926561012864113e-03
1.079967478290200233e-03
1.072049140930175781e-03
1.064133015461266041e-03
1.079734298400580883e-03
2.855062950402498245e-03
1.043355907313525677e-03
1.060721231624484062e-03
1.028250553645193577e-03
1.018962939269840717e-03
1.011337502859532833e-03
1.003805780783295631e-03
9.963314514607191086e-04
9.888496715575456619e-04
9.813609067350625992e-04
9.835878154262900352e-04
1.046229386702179909e-03
1.782807288691401482e-03
1.036021742038428783e-03
9.597538737580180168e-04
9.398458059877157211e-04
9.317515650764107704e-04
9.245391120202839375e-04
9.175122249871492386e-04
9.105068747885525227e-04
9.035174152813851833e-04
9.371115011163055897e-04
2.828254830092191696e-03
1.102613401599228382e-03
9.777054656296968460e-04
8.856893400661647320e-04
8.653604891151189804e-04
8.585657924413681030e-04
8.522283169440925121e-04
8.459801902063190937e-04
8.397254860028624535e-04
8.334639132954180241e-04
8.271937258541584015e-04
8.209144580177962780e-04
8.146266918629407883e-04
8.083292632363736629e-04
8.027871954254806042e-04
8.010690798982977867e-04
7.901419303379952908e-04
7.834470598027110100e-04
7.772652315907180309e-04
7.710762438364326954e-04
9.031912777572870255e-04
1.004770281724631786e-03
8.863964467309415340e-04
7.538393838331103325e-04
7.438479806296527386e-04
7.358094444498419762e-04
7.298226119019091129e-04
7.239528931677341461e-04
7.181148394010961056e-04
7.122748065739870071e-04
7.064317469485104084e-04
7.005855441093444824e-04
6.951432442292571068e-04
8.527478785254061222e-04
8.933268836699426174e-04
7.653940701857209206e-04
6.886775954626500607e-04
6.683424580842256546e-04
6.620135973207652569e-04
6.564835784956812859e-04
6.510582170449197292e-04
6.456599803641438484e-04
6.402629660442471504e-04
6.348655442707240582e-04
6.294702761806547642e-04
6.382219144143164158e-04
2.109311521053314209e-03
5.362091120332479477e-03
2.009840914979577065e-03
9.421636932529509068e-04
6.456543342210352421e-04
6.033676909282803535e-04
5.933104548603296280e-04
5.884678685106337070e-04
5.842317477799952030e-04
5.800750805065035820e-04
5.759256891906261444e-04
5.717703024856746197e-04
5.676101427525281906e-04
5.634436965920031071e-04
5.592714878730475903e-04
5.550940986722707748e-04
5.509104812517762184e-04
5.467221490107476711e-04
5.425280542112886906e-04
5.383300594985485077e-04
5.341268260963261127e-04
5.299199256114661694e-04
5.257088341750204563e-04
5.214937264099717140e-04
5.172752426005899906e-04
5.130535573698580265e-04
5.088295438326895237e-04
5.059426184743642807e-04
5.026016733609139919e-04
4.965858533978462219e-04
4.921659710817039013e-04
4.881708591710776091e-04
1.740708481520414352e-03
4.808162339031696320e-04
4.834685823880136013e-04
4.736783157568424940e-04
4.678006516769528389e-04
4.635354562196880579e-04
4.630600451491773129e-04
4.557949432637542486e-04
4.513304447755217552e-04
4.472675209399312735e-04
4.432403948158025742e-04
4.392197879496961832e-04
4.352026444394141436e-04
4.311894299462437630e-04
4.272965015843510628e-04
4.301760927774012089e-04
2.842755056917667389e-03
5.481556290760636330e-04
4.639111575670540333e-04
4.115527844987809658e-04
4.047980764880776405e-04
4.004963266197592020e-04
3.966465883422642946e-04
3.928820078726857901e-04
3.891309606842696667e-04
3.853884409181773663e-04
3.816563694272190332e-04
3.915567358490079641e-04
2.170108258724212646e-03
4.888766561634838581e-04
3.871633671224117279e-04
3.671397571451961994e-04
3.605444217100739479e-04
3.568838583305478096e-04
3.534005954861640930e-04
3.499510639812797308e-04
3.465105837676674128e-04
3.430807555560022593e-04
3.433900710660964251e-04
7.300096331164240837e-04
4.628363240044564009e-04
3.493057738523930311e-04
3.291318134870380163e-04
3.235704207327216864e-04
3.204300010111182928e-04
3.171549469698220491e-04
3.139773034490644932e-04
3.108221571892499924e-04
3.076780994888395071e-04
3.062640898860991001e-04
2.686229301616549492e-03
5.851254682056605816e-04
3.274547052569687366e-04
2.973454538732767105e-04
2.899034006986767054e-04
2.866410359274595976e-04
2.840625820681452751e-04
2.811456797644495964e-04
2.778737107291817665e-04
2.750142593868076801e-04
5.176600534468889236e-04
4.247513134032487869e-04
3.333778586238622665e-04
2.739003102760761976e-04
2.619331062305718660e-04
2.585388137958943844e-04
2.557018015068024397e-04
2.529993362259119749e-04
2.503159339539706707e-04
2.476647496223449707e-04
2.861594257410615683e-04
1.707470160908997059e-03
8.350630290806293488e-03
2.443232806399464607e-03
4.563460533972829580e-04
2.384544786764308810e-04
2.326813410036265850e-04
2.293958823429420590e-04
2.269095275551080704e-04
2.247126249130815268e-04
2.225620701210573316e-04
2.204253978561609983e-04
2.182969328714534640e-04
2.161748707294464111e-04
2.140599535778164864e-04
2.119513519573956728e-04
2.098488621413707733e-04
2.077525277854874730e-04
2.056629746221005917e-04
2.035794459516182542e-04
2.015025529544800520e-04
1.994319318328052759e-04
1.973680045921355486e-04
1.953111204784363508e-04
1.932603336172178388e-04
1.912169682327657938e-04
1.891971041914075613e-04
1.873577857622876763e-04
1.864473888417705894e-04
1.832032430684193969e-04
1.812135596992447972e-04
1.792406546883285046e-04
1.772942196112126112e-04
2.743561926763504744e-04
3.892348613590002060e-04
2.388863067608326674e-04
1.716744591249153018e-04
1.688209740677848458e-04
1.660599518800154328e-04
1.641435519559308887e-04
1.622675627004355192e-04
1.604176795808598399e-04
1.603291166247799993e-04
3.158322069793939590e-03
9.481030283495783806e-04
2.312847791472449899e-04
1.620202674530446529e-04
1.510115107521414757e-04
1.484406384406611323e-04
1.467103429604321718e-04
1.450556010240688920e-04
1.434065779903903604e-04
1.417687453795224428e-04
1.404881622875109315e-04
2.497495384886860847e-03
1.735245314193889499e-04
1.387411321047693491e-04
1.367425284115597606e-04
1.332797401119023561e-04
1.309722865698859096e-04
1.293517125304788351e-04
1.278216805076226592e-04
1.263445301447063684e-04
1.311393425567075610e-04
1.637406530790030956e-03
5.305199883878231049e-04
1.571215834701433778e-04
1.233319926541298628e-04
1.189444301417097449e-04
1.165463108918629587e-04
1.151538817794062197e-04
1.137860745075158775e-04
1.124444461311213672e-04
1.111136516556143761e-04
1.113244725274853408e-04
3.219715552404522896e-03
1.609523035585880280e-02
3.589513944461941719e-03
3.947422956116497517e-04
1.216031960211694241e-04
1.044047530740499496e-04
1.028132755891419947e-04
1.018927432596683502e-04
1.010154519462957978e-04
1.001525088213384151e-04
9.929766383720561862e-05
9.844742453424260020e-05
9.760046668816357851e-05
9.675655746832489967e-05
9.591560228727757931e-05
9.507753566140308976e-05
9.424269956070929766e-05
9.341062832390889525e-05
9.258156205760315061e-05
9.175486775347962976e-05
9.093133849091827869e-05
9.011047950480133295e-05
8.929231262300163507e-05
8.847728167893365026e-05
8.766524842940270901e-05
8.685592911206185818e-05
8.604963659308850765e-05
8.524628356099128723e-05
8.444616105407476425e-05
8.364899258594959974e-05
8.285499643534421921e-05
8.206411439459770918e-05
8.127653563860803843e-05
8.049182360991835594e-05
7.971024751896038651e-05
7.893178553786128759e-05
7.815653225407004356e-05
7.738444401184096932e-05
7.661570998607203364e-05
7.585016282973811030e-05
7.508788257837295532e-05
7.432910206262022257e-05
7.357339927693828940e-05
7.282113074325025082e-05
7.207260205177590251e-05
7.132802420528605580e-05
7.835264113964512944e-05
7.049433770589530468e-05
6.933011900400742888e-05
6.842083530500531197e-05
6.769155879737809300e-05
6.697321077808737755e-05
6.626064714509993792e-05
6.555203435709699988e-05
6.484734331024810672e-05
6.414649396901950240e-05
6.346654117805883288e-05
6.360955740092322230e-05
6.208010745467618108e-05
6.143099744804203510e-05
6.072438191040419042e-05
6.005422619637101889e-05
5.938479080214165151e-05
5.872140900464728475e-05
5.806213084724731743e-05
5.740686174249276519e-05
5.675780266756191850e-05
7.204742723843082786e-05
5.749631600338034332e-05
5.495301957125775516e-05
5.421555397333577275e-05
5.359042552299797535e-05
5.297042298479937017e-05
5.235342541709542274e-05
5.174181205802597106e-05
5.113434963277541101e-05
5.053178756497800350e-05
5.066824815003201365e-05
5.085840821266174316e-03
8.682859333930537105e-05
8.625141344964504242e-05
5.490546027431264520e-05
4.749124491354450583e-05
4.664890730055049062e-05
4.610412361216731369e-05
4.556810745270922780e-05
4.503314630710519850e-05
4.450548294698819518e-05
4.398245437187142670e-05
4.346425703261047602e-05
4.295001417631283402e-05
4.244838055456057191e-05
3.539676254149526358e-04
2.911115880124270916e-04
1.264448510482907295e-04
5.501525447471067309e-05
4.030731361126527190e-05
3.987670061178505421e-05
3.925414421246387064e-05
3.877411290886811912e-05
3.832197035080753267e-05
3.787676541833207011e-05
4.322321547078900039e-05
1.895666500786319375e-04
8.048928430071100593e-05
3.969305907958187163e-05
3.917116191587410867e-05
3.668566932901740074e-05
4.809086749446578324e-05
8.417607750743627548e-04
1.705300819594413042e-04
4.448557956493459642e-05
3.529983951011672616e-05
3.301231845398433506e-05
3.295106580480933189e-05
5.861232784809544683e-05
8.860364323481917381e-05
1.612540654605254531e-04
4.271712896297685802e-05
3.139544060104526579e-05
3.061511233681812882e-05
3.009959618793800473e-05
2.979227247124072164e-05
3.906978963641449809e-05
3.681351954583078623e-04
2.350214490434154868e-04
4.613154669641517103e-05
3.004101381520740688e-05
2.810243495332542807e-05
2.759844392130617052e-05
2.723180296015925705e-05
3.356680099386721849e-05
8.270749240182340145e-04
1.475357421441003680e-04
3.685151023091748357e-05
2.704911639739293605e-05
2.624079206725582480e-05
2.542424954299349338e-05
2.653624324011616409e-05
1.422859728336334229e-03
3.634120803326368332e-04
2.677926022442989051e-05
2.869870877475477755e-05
2.445623977109789848e-05
2.345647590118460357e-05
3.607331018429249525e-05
2.323760054423473775e-05
1.569976593600586057e-04
3.620600618887692690e-04
4.972547685611061752e-05
3.294095586170442402e-05
2.287794450239744037e-05
2.187356767535675317e-05
2.139101889042649418e-05
2.115280403813812882e-05
2.829559707606676966e-05
1.185464643640443683e-04
1.088777207769453526e-04
3.405230381758883595e-05
2.307101749465800822e-05
2.049803697445895523e-05
1.976058592845220119e-05
1.954736580955795944e-05
2.132847112079616636e-05
2.061495069938246161e-05
4.623249638825654984e-03
4.211022460367530584e-04
5.375004184315912426e-05
2.274448888783808798e-05
1.832883026509080082e-05
1.815316136344335973e-05
1.798056291590910405e-05
1.780243655957747251e-05
1.763570799084845930e-05
1.747158967191353440e-05
1.730973053781781346e-05
1.715007056191097945e-05
1.807431181077845395e-05
4.511113744229078293e-03
7.974199979798868299e-05
4.022624489152804017e-05
1.695310129434801638e-05
1.700499524304177612e-05
1.619455542822834104e-05
1.601062467670999467e-05
1.586277539900038391e-05
1.571874599903821945e-05
1.557967516419012100e-05
1.844445978349540383e-05
2.282801782712340355e-03
1.476374018238857388e-04
4.701815123553387821e-05
1.587850783835165203e-05
1.515666190243791789e-05
1.472987605666276067e-05
1.455962956242728978e-05
1.465566310798749328e-05
4.388391680549830198e-04
4.653013020288199186e-04
9.591488924343138933e-05
2.434281850582920015e-05
1.396190873492741957e-05
1.401187455485342070e-05
1.369187702948693186e-05
1.354450614599045366e-05
1.343476105830632150e-05
1.334354510618140921e-05
3.366058444953523576e-05
1.410988974384963512e-03
1.797488366719335318e-04
2.366937951592262834e-05
1.570858148625120521e-05
1.315298959525534883e-05
1.271893324883421883e-05
1.257963685930008069e-05
1.247873206011718139e-05
1.249689012183807790e-05
6.073080003261566162e-04
8.139987476170063019e-04
8.827923738863319159e-05
2.625120396260172129e-05
1.377434637106489390e-05
1.192232048197183758e-05
1.187596080853836611e-05
1.174041335616493598e-05
1.165594949270598590e-05
1.157522274297662079e-05
1.149690160673344508e-05
1.141987013397738338e-05
1.134428021032363176e-05
1.126976167142856866e-05
1.119616263167699799e-05
1.112439440476009622e-05
1.644275835133157670e-05
1.227890257723629475e-03
5.658118607243523002e-05
2.881746695493347943e-05
1.660151065152604133e-05
1.096232153940945864e-05
1.082530707208206877e-05
1.066381537384586409e-05
1.058724410540889949e-05
1.051993513101479039e-05
1.045550197886768728e-05
1.039221751852892339e-05
1.032962700264761224e-05
1.026869085762882605e-05
1.033230546454433352e-05
1.003106241114437580e-03
3.406525356695055962e-04
5.675149077433161438e-05
2.180966112064197659e-05
1.153787343355361372e-05
9.979909009416587651e-06
9.881330697680823505e-06
9.801070518733467907e-06
9.745145689521450549e-06
9.691194463812280446e-06
9.655367648520041257e-06
6.330737960524857044e-05
8.992185816168785095e-03
1.943689421750605106e-03
5.476323422044515610e-04
5.232018520473502576e-05
1.062282080965815112e-05
1.039723883877741173e-05
9.383480573887936771e-06
9.334849892184138298e-06
9.274223884858656675e-06
9.230177965946495533e-06
9.187598152493592352e-06
9.145810508925933391e-06
9.104861419473309070e-06
9.064627192856278270e-06
9.024849532579537481e-06
8.985560270957648754e-06
8.946831258072052151e-06
8.908466952561866492e-06
8.870393685356248170e-06
8.832837011141236871e-06
8.795394933258648962e-06
8.758519470575265586e-06
8.721726771909743547e-06
8.685302418598439544e-06
8.649151823192369193e-06
8.613153113401494920e-06
8.577436346968170255e-06
8.541944225726183504e-06
8.506806807417888194e-06
8.471706678392365575e-06
8.436840289505198598e-06
8.402334970014635473e-06
8.367787813767790794e-06
8.333628102263901383e-06
8.299599357997067273e-06
8.265727046818938106e-06
8.232012078224215657e-06
8.198486284527461976e-06
8.165195140463765711e-06
8.131909453368280083e-06
8.098887519736308604e-06
8.066032023634761572e-06
8.033346603042446077e-06
8.000739398994483054e-06
7.980655027495231479e-06
9.377028618473559618e-05
2.741356147453188896e-04
1.322547450399724767e-05
8.856431122694630176e-06
1.041004634316777810e-05
7.944407116156071424e-06
7.904586709628347307e-06
7.834843017917592078e-06
7.797174475854262710e-06
7.765303962514735758e-06
7.733937309239991009e-06
7.702909897489007562e-06
7.672543688386213034e-06
7.642284799658227712e-06
7.648516657354775816e-06
1.004135818220674992e-03
1.681581925367936492e-04
5.080422488390468061e-05
1.211565086123300716e-05
7.613195521116722375e-06
7.798636943334713578e-06
7.478640782210277393e-06
7.438713510055094957e-06
7.404942152788862586e-06
7.373270818789023906e-06
7.343390279856976122e-06
7.314746653719339520e-06
7.286843811016296968e-06
7.259272479132050648e-06
7.239275419124169275e-06
2.247788324893917888e-05
2.776730107143521309e-03
7.255325181176885962e-05
5.393098399508744478e-05
1.193458774650935084e-05
2.891998155973851681e-05
2.489821781637147069e-05
2.372747439949307591e-05
8.817420166451483965e-06
7.058127266645897180e-06
7.000218374741962180e-06
6.970513823034707457e-06
6.946047506062313914e-06
6.921614385646535084e-06
6.921012300153961405e-06
1.605801517143845558e-04
9.036750998347997665e-04
5.171400698600336909e-05
8.479804819216951728e-06
7.997879038157407194e-06
6.885002676426665857e-06
6.783481239835964516e-06
7.194038971647387370e-06
1.535361399874091148e-03
4.739603027701377869e-04
5.430095188785344362e-05
1.458789483876898885e-05
7.056381491565844044e-06
6.794459750381065533e-06
6.629488780163228512e-06
6.585364644706714898e-06
6.563207534782122821e-06
6.918869530636584386e-06
3.071833634749054909e-04
6.039049476385116577e-04
7.348800863837823272e-05
9.494469850324094296e-06
7.276338692463468760e-06
6.579360160685610026e-06
6.453478818002622575e-06
6.409190973499789834e-06
6.393132025550585240e-06
8.396720659220591187e-06
1.531022367998957634e-03
2.604098699521273375e-04
1.968967262655496597e-05
8.377755875699222088e-06
6.557433152920566499e-06
6.455659331550123170e-06
6.310866410785820335e-06
8.335937309311702847e-06
2.369225025177001953e-03
7.401208858937025070e-05
4.046166213811375201e-05
9.118056368606630713e-06
7.075980647641699761e-06
6.262294391490286216e-06
2.254504033771809191e-05
6.618337010877439752e-06
1.235841773450374603e-05
1.851148437708616257e-03
1.679187553236261010e-04
3.564139478839933872e-05
9.980351023841649294e-06
6.474345354945398867e-06
6.133915121608879417e-06
6.006857347529148683e-06
7.960687071317806840e-06
2.250368241220712662e-03
2.163696335628628731e-03
2.112169204337988049e-05
1.650555350352078676e-05
8.093226824712473899e-06
5.960274393146391958e-06
5.943630640103947371e-06
5.858238182554487139e-06
5.832238912262255326e-06
5.812848485220456496e-06
5.794807748316088691e-06
5.783199867437360808e-06
7.896718307165428996e-05
4.784310658578760922e-05
8.912042540032416582e-05
2.938022043963428587e-05
5.796485766040859744e-06
6.051959644537419081e-06
5.793334366899216548e-06
5.731694727728608996e-06
5.714342478313483298e-06
5.707756827177945524e-06
2.261630106659140438e-05
7.484342404495691881e-06
5.903782948735170066e-06
1.087809505406767130e-05
7.345236372202634811e-04
2.726463135331869125e-04
2.044062057393603027e-05
8.030931894609238952e-06
5.745006092183757573e-06
5.589856755250366405e-06
5.584238351730164140e-06
5.553761184273753315e-06
5.615665031655225903e-06
2.508353209123015404e-04
5.911130574531853199e-04
3.097891109064221382e-03
1.803580089472234249e-03
2.287755778525024652e-04
3.325386205688118935e-05
8.901995897758752108e-06
5.589206011791247874e-06
5.468134986585937440e-06
5.425881226983619854e-06
5.408570359577424824e-06
5.392249022406758741e-06
5.377065463108010590e-06
5.362416686693904921e-06
5.348175363906193525e-06
5.334300112735945731e-06
5.320634045347105712e-06
5.307276296662166715e-06
5.294105449138442054e-06
5.281176981952739879e-06
5.268363565846811980e-06
5.255760243016993627e-06
5.243240593699738383e-06
5.230756869423203170e-06
5.219076228968333453e-06
4.091639857506379485e-05
3.081231843680143356e-03
9.069995139725506306e-04
1.872061693575233221e-05
1.971307028725277632e-05
6.567524906131438911e-06
5.330344265530584380e-06
5.232389412412885576e-06
5.197915470489533618e-06
5.179749678063672036e-06
5.164720278116874397e-06
5.150607194082112983e-06
5.136942945682676509e-06
5.123668415762949735e-06
5.110824531584512442e-06
5.098285328131169081e-06
5.086097644380060956e-06
5.078808499092701823e-06
1.837802847148850560e-05
1.486300257965922356e-03
1.252929941983893514e-04
9.523430890112649649e-06
5.942234565736725926e-06
5.326901373337022960e-06
5.137596872373251244e-06
5.082555617264006287e-06
5.063350727141369134e-06
5.051107564213452861e-06
5.039247298554982990e-06
5.027431143389549106e-06
5.038782092015026137e-06
1.543738835607655346e-05
2.478014910593628883e-03
8.333991718245670199e-05
3.604920129873789847e-05
9.150357982434798032e-06
5.691801561624743044e-06
4.995918970962520689e-06
4.975699539500055835e-06
4.965180778526701033e-06
2.212605795648414642e-05
1.351267215795814991e-03
1.789681991795077920e-04
7.689342601224780083e-05
1.479136062698671594e-05
1.109289223677478731e-05
5.003751084586838260e-06
4.901940883428324014e-06
5.983049504720838740e-06
1.039528171531856060e-03
3.999234104412607849e-05
4.476331378100439906e-05
8.853045073919929564e-06
5.646795216307509691e-06
4.923222149955108762e-06
4.912445547233801335e-06
1.688953489065170288e-05
3.263120306655764580e-04
1.420647895429283381e-04
3.153916986775584519e-05
6.294726972555508837e-06
5.045572379458462819e-06
4.833310413232538849e-06
4.804497621080372483e-06
4.787726538779679686e-06
4.828746114071691409e-06
2.532085345592349768e-04
1.316337962634861469e-03
2.193295804318040609e-04
