2.624445408582687378e-02
2.606630884110927582e-02
2.595099806785583496e-02
2.585560828447341919e-02
2.575129829347133636e-02
2.559856697916984558e-02
2.541873790323734283e-02
2.524031698703765869e-02
2.507075294852256775e-02
2.490952424705028534e-02
2.475330047309398651e-02
2.459809556603431702e-02
2.444180101156234741e-02
2.428294904530048370e-02
2.411239407956600189e-02
2.389558963477611542e-02
2.358649112284183502e-02
2.322782203555107117e-02
2.289328165352344513e-02
2.259560860693454742e-02
2.231285162270069122e-02
2.202316373586654663e-02
2.171627059578895569e-02
2.139142341911792755e-02
2.105163969099521637e-02
2.070101909339427948e-02
2.034345082938671112e-02
1.998160220682621002e-02
1.961421407759189606e-02
1.922534406185150146e-02
1.876200921833515167e-02
1.822768524289131165e-02
1.765371300280094147e-02
1.706793159246444702e-02
1.649122312664985657e-02
1.685621589422225952e-02
1.553759630769491196e-02
1.510292384773492813e-02
1.466833706945180893e-02
1.423258427530527115e-02
1.379598956555128098e-02
1.335990894585847855e-02
1.292639318853616714e-02
1.253905054181814194e-02
1.215204596519470215e-02
1.178302522748708725e-02
1.142086181789636612e-02
1.106724049896001816e-02
1.072377618402242661e-02
1.043813675642013550e-02
1.011866517364978790e-02
9.836904704570770264e-03
9.564150124788284302e-03
9.306051768362522125e-03
9.071029722690582275e-03
8.849138393998146057e-03
8.637006394565105438e-03
8.432813920080661774e-03
8.369646035134792328e-03
8.075666613876819611e-03
7.912610657513141632e-03
7.755822036415338516e-03
7.770846597850322723e-03
7.479666266590356827e-03
7.357239723205566406e-03
7.237981073558330536e-03
7.120179478079080582e-03
7.003414910286664963e-03
6.900441367179155350e-03
6.786831188946962357e-03
6.676785647869110107e-03
6.576153915375471115e-03
6.459721829742193222e-03
6.340012885630130768e-03
7.367237936705350876e-03
5.836552474647760391e-03
5.433154292404651642e-03
5.077062640339136124e-03
4.846402909606695175e-03
5.296670366078615189e-03
4.503429401665925980e-03
4.352154675871133804e-03
1.743881218135356903e-02
4.065427929162979126e-03
3.933401312679052353e-03
3.803061554208397865e-03
3.706039628013968468e-03
3.575821174308657646e-03
3.469889285042881966e-03
3.365108277648687363e-03
3.261635079979896545e-03
3.170602954924106598e-03
3.073352854698896408e-03
3.540441859513521194e-03
2.903723157942295074e-03
2.823605202138423920e-03
2.848578151315450668e-03
2.681366866454482079e-03
2.613716060295701027e-03
7.710804231464862823e-03
2.497307490557432175e-03
2.443891018629074097e-03
2.391221467405557632e-03
2.338992897421121597e-03
2.287177136167883873e-03
2.248998265713453293e-03
3.737763036042451859e-03
2.141800010576844215e-03
3.891710424795746803e-03
2.055076649412512779e-03
2.012730343267321587e-03
2.019261475652456284e-03
1.931612147018313408e-03
1.900629256851971149e-03
3.724191803485155106e-03
1.816110103391110897e-03
2.674365183338522911e-03
1.742333290167152882e-03
1.780263031832873821e-03
1.670882338657975197e-03
1.707351417280733585e-03
1.600817777216434479e-03
1.610664185136556625e-03
3.481669584289193153e-03
1.535482821054756641e-03
1.499521662481129169e-03
1.481243758462369442e-03
1.462879939936101437e-03
1.443977467715740204e-03
1.424559159204363823e-03
1.404547831043601036e-03
1.384027418680489063e-03
1.362974871881306171e-03
1.341456314548850060e-03
1.319521921686828136e-03
1.296963659115135670e-03
1.273690606467425823e-03
1.249697990715503693e-03
1.224988489411771297e-03
1.199569203890860081e-03
1.173435943201184273e-03
1.146573922596871853e-03
1.118982676416635513e-03
1.090655801817774773e-03
1.262141042388975620e-03
1.034355373121798038e-03
1.005588565021753311e-03
1.015024958178400993e-03
9.502556058578193188e-04
9.219708153977990150e-04
1.220824779011309147e-03
8.676921133883297443e-04
8.405875996686518192e-04
8.132181246764957905e-04
7.906047976575791836e-04
7.607987499795854092e-04
7.709339843131601810e-04
7.099289796315133572e-04
6.845477619208395481e-04
8.911842596717178822e-04
6.356569938361644745e-04
7.283038576133549213e-04
5.885498831048607826e-04
5.753183504566550255e-04
5.448765004985034466e-04
5.217522848397493362e-04
6.962081533856689930e-04
4.803514748346060514e-04
4.603493434842675924e-04
4.446260281838476658e-04
4.221917479299008846e-04
3.527622204273939133e-03
3.864663012791424990e-04
3.790333284996449947e-04
3.537338052410632372e-04
3.366881283000111580e-04
3.502807812765240669e-04
3.065887431148439646e-04
2.921457635238766670e-04
3.039931762032210827e-04
2.667516528163105249e-04
2.546430332586169243e-04
2.426941209705546498e-04
6.059513427317142487e-03
2.202504110755398870e-04
2.092718641506507993e-04
2.527414762880653143e-04
1.891845604404807091e-04
1.957931672222912312e-04
1.725719048408791423e-04
1.621383271412923932e-04
2.893655560910701752e-03
1.462965010432526469e-04
1.387033553328365088e-04
3.152068820782005787e-04
1.248910702997818589e-04
1.183470449177548289e-04
1.144108173321001232e-04
1.066967088263481855e-04
1.528260763734579086e-03
2.858818974345922470e-03
9.475627302890643477e-05
8.913031342672184110e-05
1.976650819415226579e-04
7.745400944259017706e-05
9.296186181018128991e-05
6.974208372412249446e-05
1.294568064622581005e-04
6.288591976044699550e-05
6.322987610474228859e-04
5.688720921170897782e-05
5.397594941314309835e-05
2.022388653131201863e-04
4.924348104395903647e-05
4.704763705376535654e-05
4.492195876082405448e-05
4.286075636628083885e-05
1.545885752420872450e-04
3.923738404409959912e-05
3.747301525436341763e-05
1.048939302563667297e-03
3.445271795499138534e-05
3.298282899777404964e-05
6.963009946048259735e-04
3.044039294763933867e-05
2.928012690972536802e-05
2.279923856258392334e-02
2.724954720179084688e-05
2.632139330671634525e-05
2.542825859563890845e-05
4.427200555801391602e-02
2.450602551107294858e-05
2.342164407309610397e-05
2.281936031067743897e-05
2.224189120170194656e-05
2.168069295294117182e-05
2.113502341671846807e-05
2.148711428162641823e-05
2.010004209296312183e-05
3.327984813950024545e-05
1.921486000355798751e-05
5.430336459539830685e-04
1.852748209785204381e-05
1.807499029382597655e-05
1.777684701664838940e-05
1.979320586542598903e-05
1.710543983790557832e-05
5.295002367347478867e-03
1.679434171819593757e-05
1.629926737223286182e-05
8.680756582180038095e-05
1.583946141181513667e-05
1.559350857860408723e-05
3.377284156158566475e-04
1.521786089142551646e-05
6.421599537134170532e-04
1.480203718529082835e-05
6.083630723878741264e-04
1.453005734219914302e-05
2.147345003322698176e-05
1.625062213861383498e-05
1.508471759734675288e-04
1.459806298953481019e-05
4.570073360810056329e-05
1.368777520838193595e-05
8.827460696920752525e-04
1.394482751493342221e-05
1.309185154241276905e-05
6.978966848691925406e-05
1.283843448618426919e-05
4.627344198524951935e-03
1.259556120203342289e-05
1.813569360820110887e-05
1.241590871359221637e-05
1.240556230186484754e-05
2.544336894061416388e-04
1.202188286697492003e-05
1.540390803711488843e-05
1.353937477688305080e-05
1.169111237686593086e-05
2.227111326646991074e-05
1.153512312157545239e-05
1.142974269896512851e-05
1.132379657065030187e-05
6.085728527978062630e-04
1.117006195272551849e-05
1.104784678318537772e-05
2.046979352599009871e-05
1.089750639948761091e-05
1.079477624443825334e-05
1.070610505848890170e-05
1.938143395818769932e-05
1.054208860296057537e-05
1.044738019118085504e-05
4.787167927133850753e-05
1.030684143188409507e-05
1.021653679345035926e-05
1.623500284040346742e-04
1.007025366561720148e-05
4.278787237126380205e-04
