4.338157363235950470e-03
2.289015566930174828e-03
2.010535914450883865e-03
1.972185913473367691e-03
1.961683621630072594e-03
1.954701961949467659e-03
1.950249425135552883e-03
1.947502838447690010e-03
1.945851836353540421e-03
1.944892108440399170e-03
1.944342511706054211e-03
1.944022835232317448e-03
1.943824696354568005e-03
1.943689654581248760e-03
1.943586627021431923e-03
1.943500828929245472e-03
1.943425857461988926e-03
1.943358336575329304e-03
1.943296752870082855e-03
1.943240640684962273e-03
1.943188835866749287e-03
1.943141454830765724e-03
1.943098031915724277e-03
1.943057985045015812e-03
1.943020964972674847e-03
1.942986622452735901e-03
1.942954724654555321e-03
1.942925038747489452e-03
1.942897331900894642e-03
1.942871022038161755e-03
1.942846225574612617e-03
1.942822593264281750e-03
1.942800125107169151e-03
1.942778355441987514e-03
1.942757517099380493e-03
1.942737144418060780e-03
1.942717703059315681e-03
1.942698261700570583e-03
1.942679402418434620e-03
1.942660892382264137e-03
1.942642498761415482e-03
1.942624570801854134e-03
1.942606642842292786e-03
1.942588714882731438e-03
1.942571252584457397e-03
1.942553673870861530e-03
1.942536095157265663e-03
1.942518749274313450e-03
1.942501403391361237e-03
1.942484290339052677e-03
1.942466711625456810e-03
1.942449482157826424e-03
1.942432369105517864e-03
1.942415023222565651e-03
1.942397793754935265e-03
1.942380680702626705e-03
1.942363451234996319e-03
1.942346571013331413e-03
1.942329341545701027e-03
1.942312344908714294e-03
1.942295464687049389e-03
1.942278235219419003e-03
1.942261471413075924e-03
1.942244474776089191e-03
1.942227478139102459e-03
1.942210714332759380e-03
1.942193950526416302e-03
1.942177303135395050e-03
1.942160772159695625e-03
1.942144357599318027e-03
1.942127710208296776e-03
1.942111295647919178e-03
1.942095113918185234e-03
1.942078932188451290e-03
1.942062866874039173e-03
1.942046685144305229e-03
1.942031085491180420e-03
1.942015020176768303e-03
1.941999536938965321e-03
1.941984170116484165e-03
1.941968686878681183e-03
1.941953436471521854e-03
1.941938302479684353e-03
1.941923517733812332e-03
1.941908732987940311e-03
1.941894064657390118e-03
1.941879629157483578e-03
1.941865542903542519e-03
1.941851340234279633e-03
1.941837486810982227e-03
1.941823866218328476e-03
1.941810129210352898e-03
1.941796974278986454e-03
1.941783702932298183e-03
1.941770897246897221e-03
1.941757858730852604e-03
1.941745518706738949e-03
1.941733178682625294e-03
1.941720955073833466e-03
1.941708847880363464e-03
1.941697089932858944e-03
1.941685448400676250e-03
1.941674039699137211e-03
1.941662980243563652e-03
1.941651687957346439e-03
1.941640861332416534e-03
1.941630151122808456e-03
1.941619440913200378e-03
1.941609196364879608e-03
1.941599184647202492e-03
1.941588940098881721e-03
1.941579161211848259e-03
1.941569498740136623e-03
1.941560069099068642e-03
1.941550639458000660e-03
1.941541442647576332e-03
1.941532245837152004e-03
1.941523281857371330e-03
1.941514550708234310e-03
1.941505935974419117e-03
1.941497321240603924e-03
1.941488939337432384e-03
1.941480557434260845e-03
1.941472524777054787e-03
1.941464142873883247e-03
1.941456343047320843e-03
1.941448543220758438e-03
1.941440510563552380e-03
1.941432943567633629e-03
1.941425260156393051e-03
1.941417693160474300e-03
1.941410358995199203e-03
1.941402791999280453e-03
1.941395341418683529e-03
1.941387890838086605e-03
1.941380673088133335e-03
1.941373571753501892e-03
1.941366121172904968e-03
1.941358903422951698e-03
1.941351685672998428e-03
1.941344351507723331e-03
1.941337133757770061e-03
1.941330148838460445e-03
1.941322814673185349e-03
1.941315596923232079e-03
1.941308495588600636e-03
1.941301161423325539e-03
1.941293710842728615e-03
1.941286376677453518e-03
1.941279158927500248e-03
1.941271591931581497e-03
1.941264257766306400e-03
1.941256690770387650e-03
1.941249007359147072e-03
1.941241556778550148e-03
1.941233756951987743e-03
1.941226189956068993e-03
1.941218273714184761e-03
1.941210473887622356e-03
1.941202674061059952e-03
1.941194524988532066e-03
1.941186608746647835e-03
1.941178459674119949e-03
1.941170310601592064e-03
1.941161812283098698e-03
1.941153430379927158e-03
1.941144932061433792e-03
1.941136550158262253e-03
1.941127702593803406e-03
1.941118971444666386e-03
1.941110007464885712e-03
1.941100694239139557e-03
1.941091264598071575e-03
1.941081718541681767e-03
1.941072056069970131e-03
1.941061927936971188e-03
1.941051450558006763e-03
1.941041089594364166e-03
1.941030030138790607e-03
1.941018621437251568e-03
1.941006747074425220e-03
1.940994756296277046e-03
1.940981950610876083e-03
1.940968679264187813e-03
1.940954942256212234e-03
1.940940623171627522e-03
1.940925605595111847e-03
1.940909889526665211e-03
1.940893474966287613e-03
1.940876012668013573e-03
1.940858084708452225e-03
1.940838992595672607e-03
1.940819085575640202e-03
1.940797897987067699e-03
1.940775662660598755e-03
1.940752496011555195e-03
1.940727932378649712e-03
1.940701971761882305e-03
1.940674963407218456e-03
1.940646325238049030e-03
1.940615824423730373e-03
1.940583926625549793e-03
1.940550166182219982e-03
1.940514659509062767e-03
1.940477290190756321e-03
1.940437825396656990e-03
1.940396497957408428e-03
1.940352609381079674e-03
1.940306392498314381e-03
1.940258196555078030e-03
1.940207206644117832e-03
1.940154237672686577e-03
1.940098707564175129e-03
1.940040732733905315e-03
1.939980662427842617e-03
1.939918030984699726e-03
1.939853187650442123e-03
1.939786481671035290e-03
1.939718029461801052e-03
1.939647598192095757e-03
1.939575769938528538e-03
1.939502428285777569e-03
1.939427573233842850e-03
1.939351204782724380e-03
1.939272973686456680e-03
1.939192530699074268e-03
1.939109177328646183e-03
1.939021982252597809e-03
1.938929664902389050e-03
1.938830479048192501e-03
1.938721979968249798e-03
1.938601490110158920e-03
1.938464702107012272e-03
1.938307192176580429e-03
1.938123255968093872e-03
1.937907189130783081e-03
1.937652355991303921e-03
1.937353052198886871e-03
1.937023829668760300e-03
1.936693093739449978e-03
1.936252578161656857e-03
1.935800537467002869e-03
1.935321022756397724e-03
1.935029751621186733e-03
1.934332074597477913e-03
1.933799707330763340e-03
1.933273975737392902e-03
1.933464780449867249e-03
1.932543702423572540e-03
1.931874663569033146e-03
1.931335777044296265e-03
1.930775353685021400e-03
1.930339960381388664e-03
1.929812249727547169e-03
1.928946818225085735e-03
1.928221085108816624e-03
1.927468809299170971e-03
1.930228550918400288e-03
1.926292548887431622e-03
1.925300923176109791e-03
1.924461685121059418e-03
1.923635019920766354e-03
1.924690906889736652e-03
1.923478674143552780e-03
1.921170623973011971e-03
1.920261303894221783e-03
1.919253147207200527e-03
1.918175490573048592e-03
1.925720018334686756e-03
1.917661400511860847e-03
1.914786524139344692e-03
1.913399435579776764e-03
1.911832019686698914e-03
1.910060062073171139e-03
1.908721635118126869e-03
1.909026294015347958e-03
1.905678887851536274e-03
1.903505995869636536e-03
1.901412964798510075e-03
1.900009927339851856e-03
1.898693386465311050e-03
1.895827008411288261e-03
1.893738517537713051e-03
1.906521967612206936e-03
1.891598803922533989e-03
1.887974329292774200e-03
1.885424135252833366e-03
1.895517925731837749e-03
1.881963340565562248e-03
1.878909650258719921e-03
1.876348047517240047e-03
1.873899018391966820e-03
1.872007269412279129e-03
1.869689556770026684e-03
1.867443788796663284e-03
1.872358261607587337e-03
1.866147969849407673e-03
1.861715107224881649e-03
1.859719050116837025e-03
1.857600756920874119e-03
1.855554524809122086e-03
1.854090020060539246e-03
1.852405839599668980e-03
1.850116532295942307e-03
1.847902080044150352e-03
1.845788676291704178e-03
1.843617530539631844e-03
1.854328671470284462e-03
1.842264086008071899e-03
1.838589436374604702e-03
1.836523413658142090e-03
1.834638533182442188e-03
1.832955167628824711e-03
1.843785867094993591e-03
1.831667614169418812e-03
1.828884473070502281e-03
1.827448257245123386e-03
1.826160354539752007e-03
1.824949635192751884e-03
1.824104692786931992e-03
1.826678402721881866e-03
1.822994556277990341e-03
1.821478945203125477e-03
1.820568460971117020e-03
1.819751458242535591e-03
1.818967750295996666e-03
1.818206976167857647e-03
1.817463082261383533e-03
1.816730829887092113e-03
1.816006260924041271e-03
1.849337480962276459e-03
1.815075986087322235e-03
1.814591581933200359e-03
1.813800423406064510e-03
1.813060720451176167e-03
1.812400412745773792e-03
1.811740803532302380e-03
1.811070833355188370e-03
1.810385496355593204e-03
1.809681998565793037e-03
1.808958244509994984e-03
1.808211323805153370e-03
1.807446242310106754e-03
1.807249966077506542e-03
1.807819353416562080e-03
1.806155312806367874e-03
1.804964384064078331e-03
1.804150524549186230e-03
1.803322928026318550e-03
1.802463666535913944e-03
1.801557838916778564e-03
1.800598460249602795e-03
1.799578778445720673e-03
1.798490528017282486e-03
1.797323930077254772e-03
1.796069322153925896e-03
1.794780255295336246e-03
1.794881769455969334e-03
1.795421587303280830e-03
1.791944028809666634e-03
1.790309441275894642e-03
1.788857276551425457e-03
1.787355518899857998e-03
1.785771688446402550e-03
1.784096704795956612e-03
1.782327773980796337e-03
1.780463149771094322e-03
1.778500736691057682e-03
1.776438439264893532e-03
1.774307922460138798e-03
1.803832245059311390e-03
1.774515490978956223e-03
1.769452588632702827e-03
1.766989240422844887e-03
1.764915767125785351e-03
1.762778963893651962e-03
1.760586514137685299e-03
1.758335507474839687e-03
1.756030949763953686e-03
1.753680990077555180e-03
1.751303789205849171e-03
1.752098440192639828e-03
1.750543946400284767e-03
1.746397349052131176e-03
1.743885339237749577e-03
1.741975313052535057e-03
1.740100211463868618e-03
1.738263294100761414e-03
1.736470381729304790e-03
1.734725199639797211e-03
1.733132521621882915e-03
1.750249415636062622e-03
1.732517615891993046e-03
1.729691284708678722e-03
1.728160656057298183e-03
1.726857502944767475e-03
1.725619425997138023e-03
1.724417088553309441e-03
1.723245251923799515e-03
1.722103799693286419e-03
1.721168868243694305e-03
1.741986023262143135e-03
1.719959196634590626e-03
1.719009946100413799e-03
1.717802369967103004e-03
1.716890255920588970e-03
1.716051017865538597e-03
1.715239253826439381e-03
1.714453683234751225e-03
1.713693724013864994e-03
1.712959608994424343e-03
1.712253899313509464e-03
1.734832534566521645e-03
1.711615361273288727e-03
1.710900804027915001e-03
1.710379729047417641e-03
1.709798816591501236e-03
1.709297182969748974e-03
1.708814525045454502e-03
1.708346535451710224e-03
1.707890303805470467e-03
1.707443618215620518e-03
1.707004848867654800e-03
1.706603798083961010e-03
1.723795896396040916e-03
1.706402515992522240e-03
1.705787028186023235e-03
1.705252449028193951e-03
1.704856404103338718e-03
1.704473397694528103e-03
1.704095629975199699e-03
1.703716814517974854e-03
1.703334739431738853e-03
1.702948706224560738e-03
1.702557317912578583e-03
1.702159410342574120e-03
1.701753586530685425e-03
1.701341592706739902e-03
1.742537599056959152e-03
1.703816233202815056e-03
1.700624590739607811e-03
1.699938904494047165e-03
1.699484186246991158e-03
1.699051819741725922e-03
1.698612933978438377e-03
1.698162057437002659e-03
1.697698142379522324e-03
1.697220024652779102e-03
1.696726889349520206e-03
1.696218620054423809e-03
1.708649448119103909e-03
1.700035296380519867e-03
1.695722690783441067e-03
1.694528968073427677e-03
1.693919766694307327e-03
1.693371683359146118e-03
1.692818943411111832e-03
1.692250953055918217e-03
1.691666198894381523e-03
1.691063283942639828e-03
1.690441626124083996e-03
1.689801225438714027e-03
1.704388530924916267e-03
1.694348058663308620e-03
1.689580269157886505e-03
1.687856623902916908e-03
1.687208190560340881e-03
1.686555449850857258e-03
1.685902127064764500e-03
1.685235532931983471e-03
1.684552291408181190e-03
1.683850772678852081e-03
1.683130627498030663e-03
1.682390575297176838e-03
1.681630616076290607e-03
1.681027584709227085e-03
1.709214877337217331e-03
1.680278219282627106e-03
1.679380773566663265e-03
1.678378088399767876e-03
1.677574124187231064e-03
1.676783664152026176e-03
1.675980864092707634e-03
1.675160136073827744e-03
1.674320781603455544e-03
1.673461520113050938e-03
1.672585261985659599e-03
1.676136744208633900e-03
1.679720822721719742e-03
1.671475591138005257e-03
1.669940538704395294e-03
1.669036806561052799e-03
1.668180804699659348e-03
1.667312928475439548e-03
1.666433643549680710e-03
1.665539457462728024e-03
1.664629904553294182e-03
1.663704984821379185e-03
1.662764931097626686e-03
1.715157646685838699e-03
1.662951195612549782e-03
1.661319518461823463e-03
1.660020207054913044e-03
1.659152563661336899e-03
1.658240449614822865e-03
1.657354296185076237e-03
1.656463951803743839e-03
1.655566040426492691e-03
1.654660212807357311e-03
1.653745654039084911e-03
1.652823179028928280e-03
1.651892787776887417e-03
1.651341561228036880e-03
1.660810085013508797e-03
1.654658815823495388e-03
1.649874029681086540e-03
1.648504054173827171e-03
1.647575874812901020e-03
1.646732911467552185e-03
1.645889598876237869e-03
1.645045820623636246e-03
1.644199946895241737e-03
1.643351512029767036e-03
1.642500981688499451e-03
1.641648006625473499e-03
1.640793168917298317e-03
1.639960682950913906e-03
1.687186770141124725e-03
1.646926044486463070e-03
1.639194437302649021e-03
1.637571142055094242e-03
1.636805245652794838e-03
1.636028988286852837e-03
1.635266467928886414e-03
1.634506508708000183e-03
1.633749343454837799e-03
1.632993691600859165e-03
1.632239669561386108e-03
1.631487277336418629e-03
1.630736864171922207e-03
1.659658038988709450e-03
1.652769045904278755e-03
1.631697639822959900e-03
1.628709724172949791e-03
1.628034980967640877e-03
1.627322752028703690e-03
1.626651384867727757e-03
1.625989447347819805e-03
1.625331118702888489e-03
1.624675351195037365e-03
1.624021329917013645e-03
1.623369171284139156e-03
1.622718526050448418e-03
1.622069161385297775e-03
1.639183377847075462e-03
1.635906752198934555e-03
1.621733419597148895e-03
1.620333292521536350e-03
1.619731076061725616e-03
1.619098475202918053e-03
1.618503942154347897e-03
1.617916394025087357e-03
1.617330126464366913e-03
1.616743393242359161e-03
1.616155379451811314e-03
1.615565852262079716e-03
1.614973414689302444e-03
1.614377950318157673e-03
1.613778644241392612e-03
1.613362808711826801e-03
1.667631906457245350e-03
1.615794724784791470e-03
1.612196327187120914e-03
1.611539395526051521e-03
1.610919949598610401e-03
1.610349281691014767e-03
1.609776634722948074e-03
1.609199680387973785e-03
1.608616556040942669e-03
1.608026446774601936e-03
1.607427955605089664e-03
1.606820267625153065e-03
1.606202684342861176e-03
1.605573226697742939e-03
1.604931545443832874e-03
1.609234139323234558e-03
1.622492563910782337e-03
1.606298959814012051e-03
1.603226759470999241e-03
1.602279604412615299e-03
1.601619529537856579e-03
1.600968651473522186e-03
1.600306248292326927e-03
1.599626848474144936e-03
1.598928589373826981e-03
1.598208793438971043e-03
1.597465481609106064e-03
1.596698071807622910e-03
1.750175375491380692e-03
1.600541989319026470e-03
1.596519257873296738e-03
1.594335539266467094e-03
1.593488850630819798e-03
1.592670916579663754e-03
1.591851934790611267e-03
1.591007225215435028e-03
1.590134343132376671e-03
1.589232240803539753e-03
1.588299754075706005e-03
1.587336300872266293e-03
1.586507656611502171e-03
1.600608928129076958e-03
1.590429223142564297e-03
1.584495068527758121e-03
1.583227072842419147e-03
1.582234166562557220e-03
1.581238466314971447e-03
1.580237178131937981e-03
1.579218660481274128e-03
1.578182680532336235e-03
1.577128306962549686e-03
1.576055539771914482e-03
1.574966008774936199e-03
1.634859247133135796e-03
1.575866481289267540e-03
1.573933754116296768e-03
1.571687520481646061e-03
1.570570049807429314e-03
1.569531159475445747e-03
1.568492036312818527e-03
1.567439641803503036e-03
1.566369668580591679e-03
1.565279904752969742e-03
1.564167789183557034e-03
1.563031226396560669e-03
1.561885699629783630e-03
1.652921200729906559e-03
1.560862641781568527e-03
1.560409553349018097e-03
1.558358198963105679e-03
1.557247713208198547e-03
1.556120929308235645e-03
1.554966671392321587e-03
1.553783426061272621e-03
1.552565139718353748e-03
1.551308203488588333e-03
1.550008542835712433e-03
1.548662083223462105e-03
1.632398576475679874e-03
1.548298983834683895e-03
1.546071958728134632e-03
1.544778933748602867e-03
1.543374033644795418e-03
1.541960285976529121e-03
1.540517434477806091e-03
1.539011835120618343e-03
1.537425443530082703e-03
1.535747433081269264e-03
1.533970935270190239e-03
1.532103633508086205e-03
1.656004111282527447e-03
1.537815202027559280e-03
1.529071247205138206e-03
1.526526059024035931e-03
1.524687861092388630e-03
1.522907754406332970e-03
1.521150697953999043e-03
1.519416924566030502e-03
1.517703058198094368e-03
1.516007236205041409e-03
1.514327363111078739e-03
1.512661227025091648e-03
1.537737902253866196e-03
1.521155354566872120e-03
1.511150738224387169e-03
1.507533597759902477e-03
1.506051165051758289e-03
1.504636020399630070e-03
1.503222389146685600e-03
1.501819584518671036e-03
1.500415382906794548e-03
1.499006990343332291e-03
1.497591030783951283e-03
1.496165292337536812e-03
1.494727563112974167e-03
1.493299030698835850e-03
1.574047957547008991e-03
1.499156234785914421e-03
1.490973052568733692e-03
1.488580834120512009e-03
1.487138681113719940e-03
1.485786284320056438e-03
1.484423875808715820e-03
1.483044237829744816e-03
1.481643877923488617e-03
1.480220584198832512e-03
1.478772261179983616e-03
1.477296813391149044e-03
1.475858851335942745e-03
1.543743652291595936e-03
1.481980551034212112e-03
1.473163138143718243e-03
1.470715971663594246e-03
1.469252398237586021e-03
1.467769732698798180e-03
1.466274843551218510e-03
1.464752596803009510e-03
1.463197870180010796e-03
1.461608218960464001e-03
1.459981547668576241e-03
1.459582126699388027e-03
1.477392506785690784e-03
1.458579790778458118e-03
1.454872079193592072e-03
1.452738069929182529e-03
1.451103133149445057e-03
1.449445844627916813e-03
1.447762595489621162e-03
1.446040929295122623e-03
1.444278866983950138e-03
1.442475477233529091e-03
1.441266504116356373e-03
1.483926898799836636e-03
1.440095715224742889e-03
1.436174614354968071e-03
1.434366218745708466e-03
1.432518940418958664e-03
1.430691336281597614e-03
1.428840798325836658e-03
1.426963834092020988e-03
1.425061142072081566e-03
1.423134584911167622e-03
1.502458937466144562e-03
1.434133853763341904e-03
1.420178334228694439e-03
1.416519167833030224e-03
1.414672005921602249e-03
1.412783167324960232e-03
1.410916447639465332e-03
1.409038552083075047e-03
1.407139701768755913e-03
1.405217335559427738e-03
1.403268659487366676e-03
1.403970294632017612e-03
1.412873272784054279e-03
1.399614731781184673e-03
1.396020292304456234e-03
1.393905957229435444e-03
1.391903730109333992e-03
1.392641570419073105e-03
1.390180899761617184e-03
1.388484961353242397e-03
1.384160947054624557e-03
1.382094691507518291e-03
1.379999681375920773e-03
1.377860549837350845e-03
1.375699066556990147e-03
1.423115842044353485e-03
1.388426986522972584e-03
1.371581573039293289e-03
1.367640797980129719e-03
1.365395844914019108e-03
1.363221788778901100e-03
1.361047034151852131e-03
1.358860987238585949e-03
1.356673776172101498e-03
1.443641842342913151e-03
1.360063441097736359e-03
1.351353945210576057e-03
1.348867430351674557e-03
1.346766017377376556e-03
1.344739459455013275e-03
1.342725474387407303e-03
1.340726390480995178e-03
1.503045088611543179e-03
1.352353487163782120e-03
1.335908658802509308e-03
1.333626802079379559e-03
1.331786741502583027e-03
1.329957158304750919e-03
1.328131416812539101e-03
1.326310681179165840e-03
1.324491808190941811e-03
1.322672120295464993e-03
1.320850919000804424e-03
1.321204937994480133e-03
1.349322614260017872e-03
1.318512368015944958e-03
1.314983121119439602e-03
1.312911743298172951e-03
1.311172847636044025e-03
1.309505198150873184e-03
1.307830214500427246e-03
1.306143007241189480e-03
1.304441597312688828e-03
1.302723656408488750e-03
1.337918220087885857e-03
1.305910293012857437e-03
1.298691378906369209e-03
1.296203001402318478e-03
1.294374815188348293e-03
1.309598097577691078e-03
1.303258701227605343e-03
1.290699583478271961e-03
1.287454622797667980e-03
1.285630627535283566e-03
1.283786841668188572e-03
1.282253651879727840e-03
1.284328405745327473e-03
1.285043661482632160e-03
1.276626368053257465e-03
1.274624257348477840e-03
1.272662077099084854e-03
1.280659460462629795e-03
1.272220280952751637e-03
1.267104293219745159e-03
1.286850892938673496e-03
1.266976702027022839e-03
1.263406011275947094e-03
1.258597010746598244e-03
1.256349962204694748e-03
1.254042610526084900e-03
1.251705922186374664e-03
1.250322675332427025e-03
1.271212706342339516e-03
1.247494132257997990e-03
1.243123435415327549e-03
1.240594079717993736e-03
1.238250173628330231e-03
1.235895906575024128e-03
1.275764778256416321e-03
1.232981216162443161e-03
1.230695517733693123e-03
1.227779313921928406e-03
1.225463696755468845e-03
1.223139115609228611e-03
1.220825011841952801e-03
1.218472956679761410e-03
1.216077944263815880e-03
1.213638461194932461e-03
1.211152528412640095e-03
1.228062785230576992e-03
1.211236347444355488e-03
1.203837571665644646e-03
1.226829714141786098e-03
1.219803001731634140e-03
1.200399128720164299e-03
1.194903510622680187e-03
1.191921415738761425e-03
1.189369359053671360e-03
1.186793320812284946e-03
1.184192486107349396e-03
1.181561383418738842e-03
1.179714337922632694e-03
1.180212711915373802e-03
1.181744504719972610e-03
1.172695891000330448e-03
1.169669325463473797e-03
1.167019596323370934e-03
1.164476387202739716e-03
1.161913038231432438e-03
1.159324776381254196e-03
1.156712532974779606e-03
1.205579144880175591e-03
1.163329696282744408e-03
1.150855328887701035e-03
1.147302216850221157e-03
1.144693349488079548e-03
1.142175053246319294e-03
1.167220994830131531e-03
1.138425664976239204e-03
1.137866522185504436e-03
1.133074867539107800e-03
1.130651682615280151e-03
1.128272153437137604e-03
1.125864218920469284e-03
1.123464317061007023e-03
1.165359048172831535e-03
1.134282560087740421e-03
1.118771266192197800e-03
1.114833285100758076e-03
1.112572848796844482e-03
1.110265729948878288e-03
1.107978401705622673e-03
1.105678384192287922e-03
1.103370101191103458e-03
1.203911146149039268e-03
1.109027536585927010e-03
1.098146778531372547e-03
1.095424056984484196e-03
1.093042199499905109e-03
1.090820296667516232e-03
1.088614691980183125e-03
1.086395583115518093e-03
1.084159826859831810e-03
1.081905560567975044e-03
1.083979383111000061e-03
1.102077192626893520e-03
1.076663145795464516e-03
1.074585365131497383e-03
1.071935868822038174e-03
1.069725025445222855e-03
1.067574135959148407e-03
1.065410440787672997e-03
1.063222647644579411e-03
1.061009243130683899e-03
1.058774185366928577e-03
1.297921407967805862e-03
1.079490873962640762e-03
1.053400919772684574e-03
1.050977152772247791e-03
1.048789243213832378e-03
1.046632183715701103e-03
1.044446951709687710e-03
1.042239950038492680e-03
1.040005125105381012e-03
1.037740847095847130e-03
1.036060974001884460e-03
1.040564267896115780e-03
1.041608629748225212e-03
1.029952429234981537e-03
1.027758931741118431e-03
1.025521894916892052e-03
1.023339806124567986e-03
1.021135249175131321e-03
1.018908806145191193e-03
1.016657333821058273e-03
1.014383044093847275e-03
1.184624503366649151e-03
1.014450797811150551e-03
1.009687548503279686e-03
1.006710925139486790e-03
1.004409743472933769e-03
1.002233242616057396e-03
1.000074902549386024e-03
9.978975867852568626e-04
9.957026923075318336e-04
1.029498293064534664e-03
1.009620260447263718e-03
9.932467946782708168e-04
9.881973965093493462e-04
9.859538404271006584e-04
9.837968973442912102e-04
9.816730162128806114e-04
9.795433143153786659e-04
9.774070931598544121e-04
1.128233852796256542e-03
9.867765475064516068e-04
9.720838279463350773e-04
9.698081994429230690e-04
9.676629560999572277e-04
9.655629983171820641e-04
9.634643211029469967e-04
9.755559731274843216e-04
9.937005816027522087e-04
9.600638877600431442e-04
9.563628700561821461e-04
9.538955637253820896e-04
9.517535800114274025e-04
9.496668353676795959e-04
9.476476698182523251e-04
1.029558829031884670e-03
9.469247306697070599e-04
9.430767968297004700e-04
9.400012786500155926e-04
9.378948016092181206e-04
9.357732487842440605e-04
9.337272495031356812e-04
1.090519595891237259e-03
9.317466756328940392e-04
9.301679092459380627e-04
9.263567626476287842e-04
9.239824139513075352e-04
9.219004423357546329e-04
9.198049083352088928e-04
9.182391804642975330e-04
9.964595083147287369e-04
9.178014588542282581e-04
9.127965895459055901e-04
9.102006442844867706e-04
9.081643656827509403e-04
9.061066666617989540e-04
9.040479199029505253e-04
9.019891731441020966e-04
1.078522298485040665e-03
9.087334619835019112e-04
8.993935189209878445e-04
8.947917958721518517e-04
8.926923619583249092e-04
8.906719158403575420e-04
8.886915748007595539e-04
8.867034921422600746e-04
8.847138960845768452e-04
9.740422829054296017e-04
8.998088887892663479e-04
8.795892354100942612e-04
8.779119234532117844e-04
8.756950846873223782e-04
8.737661992199718952e-04
8.718637400306761265e-04
8.699577301740646362e-04
8.682611514814198017e-04
8.781059877946972847e-04
8.730527479201555252e-04
8.638256113044917583e-04
8.614290272817015648e-04
8.594531682319939137e-04
8.576246327720582485e-04
8.558048284612596035e-04
8.539831615053117275e-04
8.544719312340021133e-04
8.709895191714167595e-04
8.546913159079849720e-04
8.479090756736695766e-04
8.458137162961065769e-04
8.440596284344792366e-04
8.423277758993208408e-04
8.406045963056385517e-04
8.388843270950019360e-04
8.966606110334396362e-04
8.427965221926569939e-04
8.352359291166067123e-04
8.333370788022875786e-04
8.312084828503429890e-04
8.295333827845752239e-04
8.278964087367057800e-04
8.262609480880200863e-04
8.246210636571049690e-04
8.251598337665200233e-04
8.337669423781335354e-04
8.233422995544970036e-04
8.192609529942274094e-04
8.176608826033771038e-04
8.160024299286305904e-04
8.144873427227139473e-04
8.129709167405962944e-04
8.114530355669558048e-04
8.099315455183386803e-04
8.103779400698840618e-04
8.121465216390788555e-04
8.071950869634747505e-04
8.051978657022118568e-04
8.033511112444102764e-04
8.017934742383658886e-04
8.003388065844774246e-04
7.988981087692081928e-04
7.974539767019450665e-04
7.960078073665499687e-04
8.298928732983767986e-04
7.979527581483125687e-04
7.958787027746438980e-04
7.914585294201970100e-04
7.897347095422446728e-04
7.883197395130991936e-04
7.869491237215697765e-04
7.855778094381093979e-04
7.842027698643505573e-04
7.845989894121885300e-04
7.989746518433094025e-04
7.841721526347100735e-04
7.802014006301760674e-04
7.782047614455223083e-04
7.768025388941168785e-04
7.754592807032167912e-04
7.741291774436831474e-04
7.727927877567708492e-04
7.714520324952900410e-04
9.745403076522052288e-04
7.735029794275760651e-04
7.688266341574490070e-04
7.671174826100468636e-04
7.658115937374532223e-04
7.644815486855804920e-04
7.632024935446679592e-04
7.619227399118244648e-04
7.606334402225911617e-04
7.593341870233416557e-04
7.582913967780768871e-04
8.602832676842808723e-04
7.685318705625832081e-04
7.551853777840733528e-04
7.537443889304995537e-04
7.523127715103328228e-04
7.510337745770812035e-04
7.497486076317727566e-04
7.484567468054592609e-04
7.471542921848595142e-04
7.484033121727406979e-04
7.774842088110744953e-04
7.456343737430870533e-04
7.427993114106357098e-04
7.412602426484227180e-04
7.399415480904281139e-04
7.386471843346953392e-04
7.373425178229808807e-04
7.443141075782477856e-04
7.523668464273214340e-04
7.376307039521634579e-04
7.331795641221106052e-04
7.314296090044081211e-04
7.300733122974634171e-04
7.287562475539743900e-04
7.274402305483818054e-04
7.353347027674317360e-04
7.304119644686579704e-04
7.265736931003630161e-04
7.228711037896573544e-04
7.214844808913767338e-04
7.200990221463143826e-04
7.187846349552273750e-04
7.176529034040868282e-04
7.517862250097095966e-04
7.197021623142063618e-04
7.143131806515157223e-04
7.128406432457268238e-04
7.113991305232048035e-04
7.100704824551939964e-04
7.087398553267121315e-04
7.078357739374041557e-04
7.342839962802827358e-04
7.128157303668558598e-04
7.056713220663368702e-04
7.028503459878265858e-04
7.013850263319909573e-04
7.000603363849222660e-04
6.987463566474616528e-04
7.049188716337084770e-04
6.979372119531035423e-04
6.970069953240454197e-04
6.942984182387590408e-04
6.925397901795804501e-04
6.912287790328264236e-04
6.898739375174045563e-04
6.894367397762835026e-04
7.438222528435289860e-04
6.913024699315428734e-04
6.856985855847597122e-04
6.838610279373824596e-04
6.824100273661315441e-04
6.810814375057816505e-04
6.797556416131556034e-04
7.231478230096399784e-04
7.059500785544514656e-04
6.771426997147500515e-04
6.751125329174101353e-04
6.734966300427913666e-04
6.721335230395197868e-04
6.726556457579135895e-04
6.921231979504227638e-04
6.698318757116794586e-04
6.670977454632520676e-04
6.658799247816205025e-04
6.644878885708749294e-04
6.968210800550878048e-04
6.624140078201889992e-04
6.615670863538980484e-04
6.595758022740483284e-04
6.581515190191566944e-04
6.892333622090518475e-04
6.563545903190970421e-04
6.560678593814373016e-04
6.529301754198968410e-04
6.516901776194572449e-04
6.800619885325431824e-04
6.499032606370747089e-04
6.496038986369967461e-04
6.466310005635023117e-04
6.453609094023704529e-04
6.763278506696224213e-04
6.441897130571305752e-04
6.430734647437930107e-04
6.405400927178561687e-04
6.389963673427700996e-04
6.817068206146359444e-04
6.654160679318010807e-04
6.367271998897194862e-04
6.344606517814099789e-04
6.329818861559033394e-04
6.316959043033421040e-04
6.320276297628879547e-04
6.637211772613227367e-04
6.313627818599343300e-04
6.283128750510513783e-04
6.260004010982811451e-04
6.247282726690173149e-04
6.242657545953989029e-04
6.469257059507071972e-04
6.296049687080085278e-04
6.215792382135987282e-04
6.191024440340697765e-04
6.180764758028090000e-04
6.890210206620395184e-04
6.317281513474881649e-04
6.163792568258941174e-04
6.138628232292830944e-04
6.126445368863642216e-04
6.521029281429946423e-04
6.147286039777100086e-04
6.110647227615118027e-04
6.087758229114115238e-04
6.073758704587817192e-04
6.119682220742106438e-04
6.451886729337275028e-04
6.061022868379950523e-04
6.033945828676223755e-04
6.023826426826417446e-04
6.023867754265666008e-04
6.311494507826864719e-04
6.007041083648800850e-04
5.990970530547201633e-04
5.975463427603244781e-04
5.969309713691473007e-04
6.494311382994055748e-04
6.032424280419945717e-04
5.939790862612426281e-04
5.928824539296329021e-04
5.918950191698968410e-04
5.912710330449044704e-04
6.808483158238232136e-04
5.911226617172360420e-04
5.890261381864547729e-04
5.874882335774600506e-04
5.865211714990437031e-04
5.991967627778649330e-04
6.038256688043475151e-04
5.870971945114433765e-04
5.831414018757641315e-04
5.821684026159346104e-04
5.826189299114048481e-04
5.942733259871602058e-04
5.840146914124488831e-04
5.789923598058521748e-04
5.779273342341184616e-04
5.805573309771716595e-04
5.851981113664805889e-04
5.799087812192738056e-04
5.747842951677739620e-04
5.740296910516917706e-04
6.284315022639930248e-04
5.733626312576234341e-04
5.724515067413449287e-04
5.705238436348736286e-04
5.732724093832075596e-04
5.766837275587022305e-04
5.699610919691622257e-04
5.680262693203985691e-04
5.664356867782771587e-04
6.533052073791623116e-04
5.804203101433813572e-04
5.647215875796973705e-04
5.633771070279181004e-04
5.624468903988599777e-04
5.648643127642571926e-04
5.934633081778883934e-04
5.627766367979347706e-04
5.597940180450677872e-04
5.586788174696266651e-04
5.577928386628627777e-04
5.748002440668642521e-04
5.698885652236640453e-04
5.602613673545420170e-04
5.552698276005685329e-04
5.540560814552009106e-04
5.533794173970818520e-04
6.225570105016231537e-04
5.680402973666787148e-04
5.515874945558607578e-04
5.506250308826565742e-04
5.496998783200979233e-04
5.491182091645896435e-04
6.790958577767014503e-04
5.581860314123332500e-04
5.489442846737802029e-04
5.464733694680035114e-04
5.454634665511548519e-04
5.446923896670341492e-04
5.847202264703810215e-04
5.728275282308459282e-04
5.476889782585203648e-04
5.423591355793178082e-04
5.413961480371654034e-04
5.406233831308782101e-04
5.398996290750801563e-04
5.427034921012818813e-04
5.911073531024158001e-04
5.463641718961298466e-04
5.375930340960621834e-04
5.367159028537571430e-04
5.359762581065297127e-04
5.352530861273407936e-04
5.355272442102432251e-04
6.132035050541162491e-04
5.442025139927864075e-04
5.332557484507560730e-04
5.323158111423254013e-04
5.315247690305113792e-04
5.308316322043538094e-04
5.301504279486835003e-04
5.294745205901563168e-04
5.565040046349167824e-04
5.745593225583434105e-04
5.320102791301906109e-04
5.276653100736439228e-04
5.266204825602471828e-04
5.259175086393952370e-04
5.252588889561593533e-04
5.246069631539285183e-04
5.239770980551838875e-04
7.174609927460551262e-04
5.495782825164496899e-04
5.233238334767520428e-04
5.220663733780384064e-04
5.212181713432073593e-04
5.205120542086660862e-04
5.198788712732493877e-04
5.192447570152580738e-04
5.186396883800625801e-04
6.554216961376368999e-04
5.207616486586630344e-04
5.190627416595816612e-04
5.168133066035807133e-04
5.158886779099702835e-04
5.152297671884298325e-04
5.146057228557765484e-04
5.143615999259054661e-04
5.440131062641739845e-04
5.147101473994553089e-04
5.129656638018786907e-04
5.120612913742661476e-04
5.113190272822976112e-04
5.106742610223591328e-04
5.100776324979960918e-04
5.135329556651413441e-04
5.640939343720674515e-04
5.166383925825357437e-04
5.082454299554228783e-04
5.074960645288228989e-04
5.068109021522104740e-04
5.062291165813803673e-04
5.079351249150931835e-04
5.638157599605619907e-04
5.088672041893005371e-04
5.043383571319282055e-04
5.036556394770741463e-04
5.030281026847660542e-04
5.024503334425389767e-04
5.040658870711922646e-04
5.430730525404214859e-04
5.022779223509132862e-04
5.011878092773258686e-04
4.999240627512335777e-04
4.993168986402451992e-04
4.987376159988343716e-04
4.984263214282691479e-04
5.447430303320288658e-04
5.031914333812892437e-04
4.984512343071401119e-04
4.964967374689877033e-04
4.957761266268789768e-04
4.952151211909949780e-04
4.946678527630865574e-04
4.941216320730745792e-04
4.940790822729468346e-04
5.298143951222300529e-04
5.009362357668578625e-04
4.939021891914308071e-04
4.920588107779622078e-04
4.912739968858659267e-04
4.907030961476266384e-04
4.901695065200328827e-04
4.914957680739462376e-04
4.920236533507704735e-04
4.908954724669456482e-04
4.885246744379401207e-04
4.899338819086551666e-04
4.933031159453094006e-04
4.872785357292741537e-04
4.863306821789592505e-04
4.857699677813798189e-04
4.877848841715604067e-04
4.852878337260335684e-04
4.910355200991034508e-04
4.849841352552175522e-04
4.833563289139419794e-04
4.830493708141148090e-04
5.699806497432291508e-04
5.003628320991992950e-04
4.823807685170322657e-04
4.811423132196068764e-04
4.804094205610454082e-04
4.803230112884193659e-04
5.563404993154108524e-04
4.846657684538513422e-04
4.792490799445658922e-04
4.780941817443817854e-04
4.775607085321098566e-04
4.773810796905308962e-04
5.432823090814054012e-04
4.802365147043019533e-04
4.760601732414215803e-04
4.755451227538287640e-04
4.748066421598196030e-04
4.742939781863242388e-04
4.737832059618085623e-04
4.733392561320215464e-04
6.876221159473061562e-04
4.961655358783900738e-04
4.744961624965071678e-04
4.720308061223477125e-04
4.711244546342641115e-04
4.705854807980358601e-04
4.700846620835363865e-04
4.820823669433593750e-04
4.895330639556050301e-04
4.735901602543890476e-04
5.150454235263168812e-04
4.698234552051872015e-04
4.696474061347544193e-04
4.908473929390311241e-04
4.851931880693882704e-04
4.689190245699137449e-04
4.663939762394875288e-04
4.692932998295873404e-04
4.773857363034039736e-04
4.695464449469000101e-04
4.641427949536591768e-04
4.632745985873043537e-04
4.636633675545454025e-04
5.368606653064489365e-04
4.656748205889016390e-04
4.620532854460179806e-04
4.611171607393771410e-04
4.603854904416948557e-04
4.687708860728889704e-04
4.693596856668591499e-04
4.608352610375732183e-04
4.596210783347487450e-04
4.581891989801079035e-04
4.576877981889992952e-04
4.571774916257709265e-04
4.569620941765606403e-04
5.802309606224298477e-04
4.693651571869850159e-04
4.571419558487832546e-04
4.551876045297831297e-04
4.545457777567207813e-04
4.540020890999585390e-04
4.536248161457479000e-04
4.571379686240106821e-04
4.576748760882765055e-04
5.455392529256641865e-04
4.569641896523535252e-04
4.520356887951493263e-04
4.509768332354724407e-04
4.508648707997053862e-04
5.825437256135046482e-04
4.577891377266496420e-04
4.495576722547411919e-04
4.485886893235146999e-04
4.481166834011673927e-04
4.487683181650936604e-04
4.697825934272259474e-04
4.555025952868163586e-04
4.473875742405653000e-04
4.460140189621597528e-04
4.453320289030671120e-04
4.453176516108214855e-04
5.011229659430682659e-04
4.493568267207592726e-04
4.449969273991882801e-04
4.433447611518204212e-04
4.426864616107195616e-04
4.422017955221235752e-04
4.866348172072321177e-04
4.811435937881469727e-04
4.429369000717997551e-04
4.410088004078716040e-04
4.401014302857220173e-04
4.395519208628684282e-04
4.390531976241618395e-04
4.385571228340268135e-04
4.384788044262677431e-04
4.955370095558464527e-04
4.472047148738056421e-04
4.389554960653185844e-04
4.366510838735848665e-04
4.360422026365995407e-04
4.355451383162289858e-04
4.350539238657802343e-04
4.345664929132908583e-04
4.340789746493101120e-04
4.559735243674367666e-04
4.587878647726029158e-04
4.341819148976355791e-04
4.329084767960011959e-04
4.321121086832135916e-04
4.315661208238452673e-04
4.346843052189797163e-04
5.035200738348066807e-04
4.395437717903405428e-04
