2.048194408416748047e-03
1.965607749298214912e-03
1.951977261342108250e-03
1.947531476616859436e-03
1.946201315149664879e-03
1.945564639754593372e-03
1.945104217156767845e-03
1.944744959473609924e-03
1.944457995705306530e-03
1.944225863553583622e-03
1.944037969224154949e-03
1.943885348737239838e-03
1.943762181326746941e-03
1.943662180565297604e-03
1.943581737577915192e-03
1.943516661413013935e-03
1.943463459610939026e-03
1.943419454619288445e-03
1.943383016623556614e-03
1.943352050147950649e-03
1.943325391039252281e-03
1.943302107974886894e-03
1.943280687555670738e-03
1.943261711858212948e-03
1.943243900313973427e-03
1.943226903676986694e-03
1.943210954777896404e-03
1.943195704370737076e-03
1.943180453963577747e-03
1.943165785633027554e-03
1.943151233717799187e-03
1.943136914633214474e-03
1.943122479133307934e-03
1.943108276464045048e-03
1.943094190210103989e-03
1.943080103956162930e-03
1.943066017702221870e-03
1.943052047863602638e-03
1.943038078024983406e-03
1.943024341017007828e-03
1.943010720424354076e-03
1.942996750585734844e-03
1.942983013577759266e-03
1.942969509400427341e-03
1.942955772392451763e-03
1.942942384630441666e-03
1.942928647622466087e-03
1.942915259860455990e-03
1.942901988513767719e-03
1.942888600751757622e-03
1.942875212989747524e-03
1.942862058058381081e-03
1.942849135957658291e-03
1.942835981026291847e-03
1.942822942510247231e-03
1.942810020409524441e-03
1.942797214724123478e-03
1.942784641869366169e-03
1.942771836183965206e-03
1.942759263329207897e-03
1.942765433341264725e-03
1.945498632267117500e-03
1.944982097484171391e-03
1.943026320077478886e-03
1.942689879797399044e-03
1.942677074111998081e-03
1.942666945978999138e-03
1.942655653692781925e-03
1.942645176313817501e-03
1.942634698934853077e-03
1.942624221555888653e-03
1.942613977007567883e-03
1.942603616043925285e-03
1.942593371495604515e-03
1.942583825439214706e-03
1.960060559213161469e-03
1.951865502633154392e-03
1.942564733326435089e-03
1.942633418366312981e-03
1.942542963661253452e-03
1.942517817951738834e-03
1.942507107742130756e-03
1.942498376592993736e-03
1.942489761859178543e-03
1.942480797879397869e-03
1.942472183145582676e-03
1.942463684827089310e-03
1.942454837262630463e-03
1.942446455359458923e-03
1.942438422702252865e-03
1.947169075720012188e-03
1.946442760527133942e-03
1.942578121088445187e-03
1.942405593581497669e-03
1.942398841492831707e-03
1.942385453730821609e-03
1.942375674843788147e-03
1.942367875017225742e-03
1.942360424436628819e-03
1.942352624610066414e-03
1.942345406860113144e-03
1.942337723448872566e-03
1.942330272868275642e-03
1.942322822287678719e-03
1.942316419444978237e-03
2.014084486290812492e-03
1.950352452695369720e-03
1.943029696121811867e-03
1.942303380928933620e-03
1.942282076925039291e-03
1.942269853316247463e-03
1.942262635566294193e-03
1.942256116308271885e-03
1.942249597050249577e-03
1.942243194207549095e-03
1.942236442118883133e-03
1.942230155691504478e-03
1.942223636433482170e-03
1.942217233590781689e-03
1.942210714332759380e-03
1.942204427905380726e-03
1.942197908647358418e-03
1.942191622219979763e-03
1.942187664099037647e-03
2.009960822761058807e-03
1.947322045452892780e-03
1.942201168276369572e-03
1.942262169905006886e-03
1.942158094607293606e-03
1.942148315720260143e-03
1.942142611369490623e-03
1.942137139849364758e-03
1.942131319083273411e-03
1.942125498317182064e-03
1.942119910381734371e-03
1.942114206030964851e-03
1.942108501680195332e-03
1.942102797329425812e-03
1.942097092978656292e-03
1.942091272212564945e-03
1.942085567861795425e-03
1.942271133884787560e-03
1.955971587449312210e-03
1.942092087119817734e-03
1.942341332323849201e-03
1.942091272212564945e-03
1.942057977430522442e-03
1.942050876095890999e-03
1.942045171745121479e-03
1.942040049470961094e-03
1.942034810781478882e-03
1.942029921337962151e-03
1.942024799063801765e-03
1.942019560374319553e-03
1.942014670930802822e-03
1.942009665071964264e-03
1.942004775628447533e-03
1.942000933922827244e-03
1.959309913218021393e-03
1.947762211784720421e-03
1.942872768267989159e-03
1.942063448950648308e-03
1.941990456543862820e-03
1.941976137459278107e-03
1.941969967447221279e-03
1.941965427249670029e-03
1.941960887052118778e-03
1.941956230439245701e-03
1.941951690241694450e-03
1.941947499290108681e-03
1.941942959092557430e-03
1.941938302479684353e-03
1.941933762282133102e-03
1.941931433975696564e-03
1.998960273340344429e-03
1.944969524629414082e-03
1.942079863511025906e-03
1.942005124874413013e-03
1.941918162629008293e-03
1.941909315064549446e-03
1.941905356943607330e-03
1.941901398822665215e-03
1.941897557117044926e-03
1.941893482580780983e-03
1.941889524459838867e-03
1.941885682754218578e-03
1.941881724633276463e-03
1.941877650097012520e-03
1.941873691976070404e-03
1.941869850270450115e-03
1.941865892149507999e-03
1.941863563843071461e-03
1.978780375793576241e-03
1.943121314980089664e-03
1.942304195836186409e-03
1.941928290762007236e-03
1.941850641742348671e-03
1.941844937391579151e-03
1.941841444931924343e-03
1.941837603226304054e-03
1.941833994351327419e-03
1.941830385476350784e-03
1.941826776601374149e-03
1.941823167726397514e-03
1.941819675266742706e-03
1.941815949976444244e-03
1.941812457516789436e-03
1.941808615811169147e-03
1.941805239766836166e-03
1.941972062923014164e-03
1.942010014317929745e-03
1.943566254340112209e-03
1.942084054462611675e-03
1.941828872077167034e-03
1.941791153512895107e-03
1.941788475960493088e-03
1.941784285008907318e-03
1.941781025379896164e-03
1.941777765750885010e-03
1.941774273291230202e-03
1.941770897246897221e-03
1.941767404787242413e-03
1.941764261573553085e-03
1.941760536283254623e-03
1.941757160238921642e-03
1.941753667779266834e-03
1.941750291734933853e-03
1.941746799275279045e-03
1.941743423230946064e-03
1.941739581525325775e-03
1.941793831065297127e-03
1.941741327755153179e-03
1.944324118085205555e-03
1.941749942488968372e-03
1.941786147654056549e-03
1.941730850376188755e-03
1.941726659424602985e-03
1.941723399795591831e-03
1.941719907335937023e-03
1.941716764122247696e-03
1.941713271662592888e-03
1.941710244864225388e-03
1.941706752404570580e-03
1.941703376360237598e-03
1.941700116731226444e-03
1.941696740686893463e-03
1.941693481057882309e-03
1.941689872182905674e-03
1.941686612553894520e-03
1.941683003678917885e-03
1.941679278388619423e-03
1.941675902344286442e-03
1.941672060638666153e-03
1.941668451763689518e-03
1.941667520441114902e-03
1.972891855984926224e-03
1.944044022820889950e-03
1.941665657795965672e-03
1.941667869687080383e-03
1.941654714755713940e-03
1.941650756634771824e-03
1.941646914929151535e-03
1.941643306054174900e-03
1.941639697179198265e-03
1.941636088304221630e-03
1.941632363013923168e-03
1.941628637723624706e-03
1.941624796018004417e-03
1.941620954312384129e-03
1.941617112606763840e-03
1.941614318639039993e-03
1.977518899366259575e-03
1.941827009432017803e-03
1.942047500051558018e-03
1.941666705533862114e-03
1.941609545610845089e-03
1.941600348800420761e-03
1.941596739925444126e-03
1.941592898219823837e-03
1.941589172929525375e-03
1.941585331223905087e-03
1.941581722348928452e-03
1.941577531397342682e-03
1.941573689691722393e-03
1.941569615155458450e-03
1.941565889865159988e-03
1.941561698913574219e-03
1.941557624377310276e-03
1.941553782671689987e-03
1.943904208019375801e-03
1.944394665770232677e-03
1.942242961376905441e-03
1.941591966897249222e-03
1.941548078320920467e-03
1.941541675478219986e-03
1.941535854712128639e-03
1.941531663760542870e-03
1.941527938470244408e-03
1.941523747518658638e-03
1.941519672982394695e-03
1.941515482030808926e-03
1.941511523909866810e-03
1.941507332958281040e-03
1.941503142006695271e-03
1.941498951055109501e-03
1.941494527272880077e-03
1.941510010510683060e-03
1.941731199622154236e-03
1.942407805472612381e-03
1.941701979376375675e-03
1.941488240845501423e-03
1.941484049893915653e-03
1.941476715728640556e-03
1.941472059115767479e-03
1.941467751748859882e-03
1.941463560797274113e-03
1.941459602676331997e-03
1.941455411724746227e-03
1.941451220773160458e-03
1.941446796990931034e-03
1.941442489624023438e-03
1.941438298672437668e-03
1.941433991305530071e-03
1.941432943567633629e-03
1.985300797969102859e-03
1.945216325111687183e-03
1.941428752616047859e-03
1.941482885740697384e-03
1.941424096003174782e-03
1.941416878253221512e-03
1.941412454470992088e-03
1.941408496350049973e-03
1.941404305398464203e-03
1.941400230862200260e-03
1.941396272741258144e-03
1.941392431035637856e-03
1.941388472914695740e-03
1.941384514793753624e-03
1.941380440257489681e-03
1.941376249305903912e-03
1.941372640430927277e-03
1.946026924997568130e-03
1.941777532920241356e-03
1.942179049365222454e-03
1.941377646289765835e-03
1.941366936080157757e-03
1.941361231729388237e-03
1.941356807947158813e-03
1.941353199072182178e-03
1.941349590197205544e-03
1.941346097737550735e-03
1.941342488862574100e-03
1.941339112818241119e-03
1.941335387527942657e-03
1.941332011483609676e-03
1.941328519023954868e-03
1.941325142979621887e-03
1.941323978826403618e-03
1.974304439499974251e-03
1.941397204063832760e-03
1.941786496900022030e-03
1.941339462064206600e-03
1.941315829753875732e-03
1.941312570124864578e-03
1.941309659741818905e-03
1.941306632943451405e-03
1.941303606145083904e-03
1.941300928592681885e-03
1.941297901794314384e-03
1.941295224241912365e-03
1.941292546689510345e-03
1.941289869137108326e-03
1.941287191584706306e-03
1.941284514032304287e-03
1.941331080161035061e-03
1.954640261828899384e-03
1.943106413818895817e-03
1.941303024068474770e-03
1.941288122907280922e-03
1.941279973834753036e-03
1.941275782883167267e-03
1.941273221746087074e-03
1.941271009854972363e-03
1.941268914379179478e-03
1.941266935318708420e-03
1.941264723427593708e-03
1.941262744367122650e-03
1.941260881721973419e-03
1.941258902661502361e-03
1.941257040016353130e-03
1.941255293786525726e-03
1.941602677106857300e-03
1.943927956745028496e-03
1.942403730936348438e-03
1.941269263625144958e-03
1.941272290423512459e-03
1.941253198310732841e-03
1.941250171512365341e-03
1.941248308867216110e-03
1.941246562637388706e-03
1.941245165653526783e-03
1.941243652254343033e-03
1.941242138855159283e-03
1.941240974701941013e-03
1.941239694133400917e-03
1.941238297149538994e-03
1.941237249411642551e-03
1.941235852427780628e-03
1.941237249411642551e-03
1.971328165382146835e-03
1.941241440363228321e-03
1.941490452736616135e-03
1.941283582709729671e-03
1.941239461302757263e-03
1.941232825629413128e-03
1.941230962984263897e-03
1.941229915246367455e-03
1.941228867508471012e-03
1.941227819770574570e-03
1.941226888447999954e-03
1.941225724294781685e-03
1.941225025802850723e-03
1.941224210895597935e-03
1.941223046742379665e-03
1.941224443726241589e-03
1.957578351721167564e-03
1.944398973137140274e-03
1.941609196364879608e-03
1.941269962117075920e-03
1.941223512403666973e-03
1.941220602020621300e-03
1.941219321452081203e-03
1.941218506544828415e-03
1.941217808052897453e-03
1.941216993145644665e-03
1.941216178238391876e-03
1.941215479746460915e-03
1.941214897669851780e-03
1.941214315593242645e-03
1.941215479746460915e-03
1.967049902305006981e-03
1.941279508173465729e-03
1.941392431035637856e-03
1.941259717568755150e-03
1.941218506544828415e-03
1.941212452948093414e-03
1.941211055964231491e-03
1.941210357472300529e-03
1.941209775395691395e-03
1.941208960488438606e-03
1.941208378411829472e-03
1.941207796335220337e-03
1.941207097843289375e-03
1.941206748597323895e-03
1.941206282936036587e-03
1.941205584444105625e-03
1.941229915246367455e-03
1.950596575625240803e-03
1.942872535437345505e-03
1.941236085258424282e-03
1.941229915246367455e-03
1.941204769536852837e-03
1.941203605383634567e-03
1.941202906891703606e-03
1.941202091984450817e-03
1.941201742738485336e-03
1.941200927831232548e-03
1.941200578585267067e-03
1.941199996508657932e-03
1.941199414432048798e-03
1.941199065186083317e-03
1.941198250278830528e-03
1.941197901032865047e-03
1.941197551786899567e-03
1.941196736879646778e-03
1.941209309734404087e-03
1.961420057341456413e-03
1.943244715221226215e-03
1.941363327205181122e-03
1.941199065186083317e-03
1.941196038387715816e-03
1.941195456311106682e-03
1.941194641403853893e-03
1.941194059327244759e-03
1.941193477250635624e-03
1.941193011589348316e-03
1.941192545928061008e-03
1.941191847436130047e-03
1.941191265359520912e-03
1.941190683282911777e-03
1.941190334036946297e-03
1.941189751960337162e-03
1.941189169883728027e-03
1.941188820637762547e-03
1.941188005730509758e-03
1.941187656484544277e-03
1.941187190823256969e-03
1.941186492331326008e-03
1.941186143085360527e-03
1.941185561008751392e-03
1.941184978932142258e-03
1.964566064998507500e-03
1.946940203197300434e-03
1.941226539202034473e-03
1.941275200806558132e-03
1.941194524988532066e-03
1.941186259500682354e-03
1.941184978932142258e-03
1.941184047609567642e-03
1.941183465532958508e-03
1.941182650625705719e-03
1.941181952133774757e-03
1.941181486472487450e-03
1.941180787980556488e-03
1.941180322319269180e-03
1.941179623827338219e-03
1.941179274581372738e-03
1.941178808920085430e-03
1.941178110428154469e-03
1.941177644766867161e-03
1.941176946274936199e-03
1.941176364198327065e-03
1.941175782121717930e-03
1.941175432875752449e-03
1.941174617968499660e-03
1.941174268722534180e-03
1.941173453815281391e-03
1.941173104569315910e-03
1.941172406077384949e-03
1.941171940416097641e-03
1.941171241924166679e-03
1.941170776262879372e-03
1.941170077770948410e-03
1.941169728524982929e-03
1.941168913617730141e-03
1.941168331541121006e-03
1.941186841577291489e-03
1.944359159097075462e-03
1.941482070833444595e-03
1.941294758580625057e-03
1.941180904395878315e-03
1.941169728524982929e-03
1.941165886819362640e-03
1.941165304742753506e-03
1.941164722666144371e-03
1.941164024174213409e-03
1.941163209266960621e-03
1.941162394359707832e-03
1.941162045113742352e-03
1.941161463037133217e-03
1.941160531714558601e-03
1.941160182468593121e-03
1.941159367561340332e-03
1.941158669069409370e-03
1.941158086992800236e-03
1.941157272085547447e-03
1.941156573593616486e-03
1.941155991517007351e-03
1.941155176609754562e-03
1.941154478117823601e-03
1.941153663210570812e-03
1.941152848303318024e-03
1.941158436238765717e-03
1.956939697265625000e-03
1.942907227203249931e-03
1.941221533343195915e-03
1.941158436238765717e-03
1.941153313964605331e-03
1.941149821504950523e-03
1.941148540936410427e-03
1.941147726029157639e-03
1.941147027537226677e-03
1.941146096214652061e-03
1.941145514138042927e-03
1.941144466400146484e-03
1.941143767908215523e-03
1.941142953000962734e-03
1.941142021678388119e-03
1.941141090355813503e-03
1.941140275448560715e-03
1.941139576956629753e-03
1.941138762049376965e-03
1.941137597896158695e-03
1.941136666573584080e-03
1.941135735251009464e-03
1.941134920343756676e-03
1.941133989021182060e-03
1.941132708452641964e-03
1.941132824867963791e-03
1.967922551557421684e-03
1.943512121215462685e-03
1.941212452948093414e-03
1.941162394359707832e-03
1.941133989021182060e-03
1.941128866747021675e-03
1.941127702593803406e-03
1.941126538440585136e-03
1.941125490702688694e-03
1.941124326549470425e-03
1.941123395226895809e-03
1.941122347488999367e-03
1.941121066920459270e-03
1.941120135597884655e-03
1.941118971444666386e-03
1.941117807291448116e-03
1.941116643138229847e-03
1.941115478985011578e-03
1.941114198416471481e-03
1.941112801432609558e-03
1.941111753694713116e-03
1.941110589541494846e-03
1.941109192557632923e-03
1.941107911989092827e-03
1.941106398589909077e-03
1.941105001606047153e-03
1.941103721037507057e-03
1.941102324053645134e-03
1.941100810654461384e-03
1.941099297255277634e-03
1.941097551025450230e-03
1.941096037626266479e-03
1.941840164363384247e-03
1.941205933690071106e-03
1.941294642165303230e-03
1.941131777130067348e-03
1.941099530085921288e-03
1.941089401952922344e-03
1.941087306477129459e-03
1.941085327416658401e-03
1.941083697602152824e-03
1.941081951372325420e-03
1.941079855896532536e-03
1.941077760420739651e-03
1.941075897775590420e-03
1.941073918715119362e-03
1.941071706824004650e-03
1.941069378517568111e-03
1.941067050211131573e-03
1.941064838320016861e-03
1.941062510013580322e-03
1.941059832461178303e-03
1.941064023412764072e-03
1.942366943694651127e-03
1.941122347488999367e-03
1.941154594533145428e-03
1.941065769642591476e-03
1.941048190928995609e-03
1.941044232808053493e-03
1.941041089594364166e-03
1.941038062795996666e-03
1.941034686751663685e-03
1.941031543537974358e-03
1.941027934662997723e-03
1.941024558618664742e-03
1.941020484082400799e-03
1.941016758792102337e-03
1.941012684255838394e-03
1.941008493304252625e-03
1.941131893545389175e-03
1.941132359206676483e-03
1.941583584994077682e-03
1.940999529324471951e-03
1.940998248755931854e-03
1.940988120622932911e-03
1.940981834195554256e-03
1.940976711921393871e-03
1.940971123985946178e-03
1.940965186804533005e-03
1.940959133207798004e-03
1.940952846780419350e-03
1.940945978276431561e-03
1.940938760526478291e-03
1.940931309945881367e-03
1.940922928042709827e-03
1.940914080478250980e-03
1.941241789609193802e-03
1.945287687703967094e-03
1.941031427122652531e-03
1.940897665917873383e-03
1.940886606462299824e-03
1.940869144164025784e-03
1.940858084708452225e-03
1.940846559591591358e-03
1.940834568813443184e-03
1.940821413882076740e-03
1.940807327628135681e-03
1.940791611559689045e-03
1.940775080583989620e-03
1.940756919793784618e-03
1.940737129189074039e-03
1.940715010277926922e-03
1.940690912306308746e-03
1.940682181157171726e-03
1.940721063874661922e-03
1.940867514349520206e-03
1.940722577273845673e-03
1.940579968504607677e-03
1.940547721460461617e-03
1.940511865541338921e-03
1.940471935085952282e-03
1.940427115187048912e-03
1.940376008860766888e-03
1.940317451953887939e-03
1.940249931067228317e-03
1.940170070156455040e-03
1.940075308084487915e-03
1.939960406161844730e-03
1.939818728715181351e-03
1.939638517796993256e-03
1.965844770893454552e-03
1.941364957019686699e-03
1.938959816470742226e-03
1.938543515279889107e-03
1.937880995683372021e-03
1.936894608661532402e-03
1.935262465849518776e-03
1.932508661411702633e-03
1.929423422552645206e-03
1.925466815009713173e-03
1.921402290463447571e-03
1.918152906000614166e-03
1.916295615956187248e-03
1.915100263431668282e-03
1.914318767376244068e-03
1.913742977194488049e-03
1.913260435685515404e-03
1.912816544063389301e-03
1.912383828312158585e-03
1.911946106702089310e-03
1.918749767355620861e-03
1.911836909130215645e-03
1.911124913021922112e-03
1.910791150294244289e-03
1.910430844873189926e-03
1.910036196932196617e-03
1.909602317027747631e-03
1.909117214381694794e-03
1.908567734062671661e-03
1.907935482449829578e-03
1.907198457047343254e-03
1.916404697112739086e-03
1.907547703012824059e-03
1.905529876239597797e-03
1.904492382891476154e-03
1.903402851894497871e-03
1.902101328596472740e-03
1.900468952953815460e-03
1.898360555060207844e-03
1.895544817671179771e-03
1.915195374749600887e-03
1.891087274998426437e-03
1.885771867819130421e-03
1.879996852949261665e-03
1.872577238827943802e-03
1.863502780906856060e-03
1.872523804195225239e-03
1.855726819485425949e-03
1.848077401518821716e-03
1.844076905399560928e-03
1.841450459323823452e-03
1.839572098106145859e-03
1.838164520449936390e-03
1.837186631746590137e-03
1.840909360907971859e-03
1.835568808019161224e-03
1.834986498579382896e-03
1.834408496506512165e-03
1.833942020311951637e-03
1.833541435189545155e-03
1.833187416195869446e-03
1.832871930673718452e-03
1.832588925026357174e-03
1.832333160564303398e-03
1.832100679166615009e-03
1.831888104788959026e-03
1.831692876294255257e-03
1.831512781791388988e-03
1.831983099691569805e-03
1.835574861615896225e-03
1.831544097512960434e-03
1.830991939641535282e-03
1.830839086323976517e-03
1.830720691941678524e-03
1.830616500228643417e-03
1.830518245697021484e-03
1.830425229854881763e-03
1.830336521379649639e-03
1.830252353101968765e-03
1.830172259360551834e-03
1.830095774494111538e-03
1.830023131333291531e-03
1.831346424296498299e-03
1.830046065151691437e-03
1.830455730669200420e-03
1.829806482419371605e-03
1.829757471568882465e-03
1.829699613153934479e-03
1.829650602303445339e-03
1.829604269005358219e-03
1.829559798352420330e-03
1.829516957513988018e-03
1.829475397244095802e-03
1.829435117542743683e-03
1.829396234825253487e-03
1.829358399845659733e-03
1.829321612603962421e-03
1.829286920838057995e-03
1.853774185292422771e-03
1.829381915740668774e-03
1.829322543926537037e-03
1.829223008826375008e-03
1.829157932661473751e-03
1.829129178076982498e-03
1.829101121984422207e-03
1.829073880799114704e-03
1.829047105275094509e-03
1.829020678997039795e-03
1.828994369134306908e-03
1.828968408517539501e-03
1.828942797146737576e-03
1.828917302191257477e-03
1.828892040066421032e-03
1.828868407756090164e-03
1.844150130636990070e-03
1.829976798035204411e-03
1.828985754400491714e-03
1.828791806474328041e-03
1.828767592087388039e-03
1.828743494115769863e-03
1.828721025958657265e-03
1.828698674216866493e-03
1.828676206059753895e-03
1.828653621487319469e-03
1.828631153330206871e-03
1.828764681704342365e-03
1.831012894399464130e-03
1.829012064263224602e-03
1.828680047765374184e-03
1.828552922233939171e-03
1.828526845201849937e-03
1.828506239689886570e-03
1.828485401347279549e-03
1.828464795835316181e-03
1.828444190323352814e-03
1.828423701226711273e-03
1.828402630053460598e-03
1.828381908126175404e-03
1.828360836952924728e-03
1.828339765779674053e-03
1.828333945013582706e-03
1.831786124967038631e-03
1.828442676924169064e-03
1.828346401453018188e-03
1.828264212235808372e-03
1.828240347094833851e-03
1.828218228183686733e-03
1.828198204748332500e-03
1.828177948482334614e-03
1.828157925046980381e-03
1.828137552365660667e-03
1.828117296099662781e-03
1.828096690587699413e-03
1.828124746680259705e-03
1.834123977459967136e-03
1.828510081395506859e-03
1.828126143664121628e-03
1.828019274398684502e-03
1.827999018132686615e-03
1.827979227527976036e-03
1.827959436923265457e-03
1.827939529903233051e-03
1.827919390052556992e-03
1.827899483032524586e-03
1.827879110351204872e-03
1.827858737669885159e-03
1.827838132157921791e-03
1.827817526645958424e-03
1.833122805692255497e-03
1.828134525567293167e-03
1.827906002290546894e-03
1.827773638069629669e-03
1.827738131396472454e-03
1.827714149840176105e-03
1.827693660743534565e-03
1.827673288062214851e-03
1.827652682550251484e-03
1.827632077038288116e-03
1.827611355111002922e-03
1.827592262998223305e-03
1.847335021011531353e-03
1.828153966926038265e-03
1.827742671594023705e-03
1.827532774768769741e-03
1.827512518502771854e-03
1.827490748837590218e-03
1.827470026910305023e-03
1.827449770644307137e-03
1.827428932301700115e-03
1.827408210374414921e-03
1.827387139201164246e-03
1.827366184443235397e-03
1.827344880439341068e-03
1.827323343604803085e-03
1.827303669415414333e-03
1.837974879890680313e-03
1.828540000133216381e-03
1.827349420636892319e-03
1.827252679504454136e-03
1.827214378863573074e-03
1.827192492783069611e-03
1.827171305194497108e-03
1.827149768359959126e-03
1.827128231525421143e-03
1.827106461860239506e-03
1.827515894547104836e-03
1.831253059208393097e-03
1.827640458941459656e-03
1.827062922529876232e-03
1.827020547352731228e-03
1.826996216550469398e-03
1.826973049901425838e-03
1.826951396651566029e-03
1.826929394155740738e-03
1.826907275244593620e-03
1.826885039918124676e-03
1.826862338930368423e-03
1.826839405111968517e-03
1.826816354878246784e-03
1.826801220886409283e-03
1.833806396462023258e-03
1.827347907237708569e-03
1.826849183999001980e-03
1.826745807193219662e-03
1.826706225983798504e-03
1.826683990657329559e-03
1.826661638915538788e-03
1.826638705097138882e-03
1.826616236940026283e-03
1.826593303121626377e-03
1.826570136472582817e-03
1.826546387746930122e-03
1.826522988267242908e-03
1.826499123126268387e-03
1.826474675908684731e-03
1.826451858505606651e-03
1.847248408012092113e-03
1.827130094170570374e-03
1.826652907766401768e-03
1.826376304961740971e-03
1.826351508498191833e-03
1.826324383728206158e-03
1.826299470849335194e-03
1.826274441555142403e-03
1.826249295845627785e-03
1.826223684474825859e-03
1.826197723858058453e-03
1.826171646825969219e-03
1.826145336963236332e-03
1.826118445023894310e-03
1.826091320253908634e-03
1.826077583245933056e-03
1.831635832786560059e-03
1.827019616030156612e-03
1.826049177907407284e-03
1.825983752496540546e-03
1.825951389037072659e-03
1.825922401621937752e-03
1.825895276851952076e-03
1.825868035666644573e-03
1.825840678066015244e-03
1.825812621973454952e-03
1.825784682296216488e-03
1.825758838094770908e-03
1.841542427428066730e-03
1.827307860367000103e-03
1.825701911002397537e-03
1.825664308853447437e-03
1.825632061809301376e-03
1.825603190809488297e-03
1.825574086979031563e-03
1.825544517487287521e-03
1.825514598749577999e-03
1.825484214350581169e-03
1.825453480705618858e-03
1.825422281399369240e-03
1.825390383601188660e-03
1.825358136557042599e-03
1.825558021664619446e-03
1.831278554163873196e-03
1.825551968067884445e-03
1.825255341827869415e-03
1.825229846872389317e-03
1.825185725465416908e-03
1.825151732191443443e-03
1.825117622502148151e-03
1.825083163566887379e-03
1.825047656893730164e-03
1.825011451728641987e-03
1.824974431656301022e-03
1.824936596676707268e-03
1.824898063205182552e-03
1.824868144467473030e-03
1.825660467147827148e-03
1.825119950808584690e-03
1.824785373173654079e-03
1.824722276069223881e-03
1.824675360694527626e-03
1.824632985517382622e-03
1.824595616199076176e-03
1.837149378843605518e-03
1.824708539061248302e-03
1.824629493057727814e-03
1.824426231905817986e-03
1.824378501623868942e-03
1.824330422095954418e-03
1.824281294830143452e-03
1.824229955673217773e-03
1.824177103117108345e-03
1.824122155085206032e-03
1.824068953283131123e-03
1.839014003053307533e-03
1.825252082198858261e-03
1.824092818424105644e-03
1.823873491957783699e-03
1.823786878958344460e-03
1.823722035624086857e-03
1.823653699830174446e-03
1.823583152145147324e-03
1.823509577661752701e-03
1.823432510718703270e-03
1.823351834900677204e-03
1.823267084546387196e-03
1.823311322368681431e-03
1.824204577133059502e-03
1.823384081944823265e-03
1.822977792471647263e-03
1.822848455049097538e-03
1.822741818614304066e-03
1.822634832933545113e-03
1.822522259317338467e-03
1.822403282858431339e-03
1.822276972234249115e-03
1.822142396122217178e-03
1.821998739615082741e-03
1.821844838559627533e-03
1.825626357458531857e-03
1.825287821702659130e-03
1.821596873924136162e-03
1.821213867515325546e-03
1.821004436351358891e-03
1.820787438191473484e-03
1.820553210563957691e-03
1.820297562517225742e-03
1.820016768760979176e-03
1.819707220420241356e-03
1.819364842958748341e-03
1.818985561840236187e-03
1.818566699512302876e-03
1.822630991227924824e-03
1.819719211198389530e-03
1.817481941543519497e-03
1.816929783672094345e-03
1.816434785723686218e-03
1.815944793634116650e-03
1.815450261346995831e-03
1.814956660382449627e-03
1.814470975659787655e-03
1.814000308513641357e-03
1.813551294617354870e-03
1.813128590583801270e-03
1.812736038118600845e-03
1.834668102674186230e-03
1.813039765693247318e-03
1.812195521779358387e-03
1.811703783459961414e-03
1.811466878280043602e-03
1.811260008253157139e-03
1.811070600524544716e-03
1.810896093957126141e-03
1.810733694583177567e-03
1.810582354664802551e-03
1.810440444387495518e-03
1.810306101106107235e-03
1.810179091989994049e-03
1.810057787224650383e-03
1.811456633731722832e-03
1.812013913877308369e-03
1.809792709536850452e-03
1.809749985113739967e-03
1.809597131796181202e-03
1.809503883123397827e-03
1.809412380680441856e-03
1.809322275221347809e-03
1.809233799576759338e-03
1.809146255254745483e-03
1.809059293009340763e-03
1.808972912840545177e-03
1.808886998333036900e-03
1.808801549486815929e-03
1.810009009204804897e-03
1.810887129977345467e-03
1.808663131669163704e-03
1.808552886359393597e-03
1.808468019589781761e-03
1.808382570743560791e-03
1.808305154554545879e-03
1.808228204026818275e-03
1.808151253499090672e-03
1.808073720894753933e-03
1.807995606213808060e-03
1.807917375117540359e-03
1.807838445529341698e-03
1.807758701033890247e-03
1.814505551010370255e-03
1.810725312680006027e-03
1.807637745514512062e-03
1.807565102353692055e-03
1.807442051358520985e-03
1.807365799322724342e-03
1.807291759178042412e-03
1.807217136956751347e-03
1.807141816243529320e-03
1.807065680623054504e-03
1.806988264434039593e-03
1.806910266168415546e-03
1.806836808100342751e-03
1.818631892092525959e-03
1.808086759410798550e-03
1.806825632229447365e-03
1.806628773920238018e-03
1.806531450711190701e-03
1.806456944905221462e-03
1.806382322683930397e-03
1.806306652724742889e-03
1.806230167858302593e-03
1.806152286008000374e-03
1.806073356419801712e-03
1.805992797017097473e-03
1.805911189876496792e-03
1.805827836506068707e-03
1.813216018490493298e-03
1.806916552595794201e-03
1.806018059141933918e-03
1.805594423785805702e-03
1.805498264729976654e-03
1.805411302484571934e-03
1.805329113267362118e-03
1.805246341973543167e-03
1.805161824449896812e-03
1.805075560696423054e-03
1.804987667128443718e-03
1.804897794499993324e-03
1.804806059226393700e-03
1.806618412956595421e-03
1.809051493182778358e-03
1.804967410862445831e-03
1.804545172490179539e-03
1.804437371902167797e-03
1.804338418878614902e-03
1.804246101528406143e-03
1.804151688702404499e-03
1.804055413231253624e-03
1.803956576623022556e-03
1.803855062462389469e-03
1.803750987164676189e-03
1.803643768653273582e-03
1.803915947675704956e-03
1.808718079701066017e-03
1.803516177460551262e-03
1.803353079594671726e-03
1.803174964152276516e-03
1.803052145987749100e-03
1.802935497835278511e-03
1.802815240807831287e-03
1.802691258490085602e-03
1.802563085220754147e-03
1.802429906092584133e-03
1.802292186766862869e-03
1.834435621276497841e-03
1.805165084078907967e-03
1.802320010028779507e-03
1.801886945031583309e-03
1.801700680516660213e-03
1.801550039090216160e-03
1.801397884264588356e-03
1.801239675842225552e-03
1.801074715331196785e-03
1.800901954993605614e-03
1.800720579922199249e-03
1.800530240871012211e-03
1.800329540856182575e-03
1.800275524146854877e-03
1.806573825888335705e-03
1.800053752958774567e-03
1.799658872187137604e-03
1.799397286958992481e-03
1.799161895178258419e-03
1.798913930542767048e-03
1.798652461729943752e-03
1.798374112695455551e-03
1.798077020794153214e-03
1.797758974134922028e-03
1.797418575733900070e-03
1.797052682377398014e-03
1.797659206204116344e-03
1.804293016903102398e-03
1.796345808543264866e-03
1.795729971490800381e-03
1.795270130969583988e-03
1.794818439520895481e-03
1.794341369532048702e-03
1.793833100236952305e-03
1.793290721252560616e-03
1.792711555026471615e-03
1.792092458344995975e-03
1.791429705917835236e-03
1.845923601649701595e-03
1.794971758499741554e-03
1.790029811672866344e-03
1.789044938050210476e-03
1.788265188224613667e-03
1.787465298548340797e-03
1.786604989320039749e-03
1.785674947313964367e-03
1.784665975719690323e-03
1.783566665835678577e-03
1.782364444807171822e-03
1.781066297553479671e-03
1.797833363525569439e-03
1.779868616722524166e-03
1.777306664735078812e-03
1.775783486664295197e-03
1.774081145413219929e-03
1.772268209606409073e-03
1.770309056155383587e-03
1.768202171660959721e-03
1.765988068655133247e-03
1.768387388437986374e-03
1.761991064995527267e-03
1.759961131028831005e-03
1.758338068611919880e-03
1.756410929374396801e-03
1.755412202328443527e-03
1.753565156832337379e-03
1.752390991896390915e-03
1.751849893480539322e-03
1.758591039106249809e-03
1.750238938257098198e-03
1.749448943883180618e-03
1.748758833855390549e-03
1.748184557072818279e-03
1.747636008076369762e-03
1.747107598930597305e-03
1.746591529808938503e-03
1.746083376929163933e-03
1.785520464181900024e-03
1.749456394463777542e-03
1.745357876643538475e-03
1.744482433423399925e-03
1.744025037623941898e-03
1.743586151860654354e-03
1.743153319694101810e-03
1.742718042805790901e-03
1.742277876473963261e-03
1.741832355037331581e-03
1.741380081512033939e-03
1.740920357406139374e-03
1.740451785735785961e-03
1.739973202347755432e-03
1.759883482009172440e-03
1.744510256685316563e-03
1.739776926115155220e-03
1.738400082103908062e-03
1.737870741635560989e-03
1.737390062771737576e-03
1.736903330311179161e-03
1.736402860842645168e-03
1.735886675305664539e-03
1.735353842377662659e-03
1.734802615828812122e-03
1.734232646413147449e-03
1.733642187900841236e-03
1.733037526719272137e-03
1.735683414153754711e-03
1.732219709083437920e-03
1.731351250782608986e-03
1.730635063722729683e-03
1.729959272779524326e-03
1.729287905618548393e-03
1.756382873281836510e-03
1.729218405671417713e-03
1.727430499158799648e-03
1.726673450320959091e-03
1.725929789245128632e-03
1.725192763842642307e-03
1.724435598589479923e-03
1.723924535326659679e-03
1.725764246657490730e-03
1.722630811855196953e-03
1.721534295938909054e-03
1.720731263048946857e-03
1.719939988106489182e-03
1.743237255141139030e-03
1.720235799439251423e-03
1.717626582831144333e-03
1.716768252663314342e-03
1.715924590826034546e-03
1.715046120807528496e-03
1.714158221147954464e-03
1.746930647641420364e-03
1.712539233267307281e-03
1.711622346192598343e-03
1.710726064629852772e-03
1.709725940600037575e-03
1.708745141513645649e-03
1.707734307274222374e-03
1.706686685793101788e-03
1.705837785266339779e-03
1.717696897685527802e-03
1.704736263491213322e-03
1.702594337984919548e-03
1.701468019746243954e-03
1.700293854810297489e-03
1.699090120382606983e-03
1.704785856418311596e-03
1.697326079010963440e-03
1.695888466201722622e-03
1.694150152616202831e-03
1.692756661213934422e-03
1.691311248578131199e-03
1.689794124104082584e-03
1.689333352260291576e-03
1.686960575170814991e-03
1.685746712610125542e-03
1.683953800238668919e-03
1.682148547843098640e-03
1.680426183156669140e-03
1.678640721365809441e-03
1.728207338601350784e-03
1.677567488513886929e-03
1.674104249104857445e-03
1.672023325227200985e-03
1.670158351771533489e-03
1.668322365731000900e-03
1.666458905674517155e-03
1.670591649599373341e-03
1.665240037254989147e-03
1.661675982177257538e-03
1.659649075008928776e-03
1.657902845181524754e-03
1.681956462562084198e-03
1.656639389693737030e-03
1.653128536418080330e-03
1.651518978178501129e-03
1.651091384701430798e-03
1.652414095588028431e-03
1.648132340051233768e-03
1.645963289774954319e-03
1.644664560444653034e-03
1.644875854253768921e-03
1.642815768718719482e-03
1.640800386667251587e-03
1.639541587792336941e-03
1.648393576033413410e-03
1.639985595829784870e-03
1.636606524698436260e-03
1.635175663977861404e-03
1.634047250263392925e-03
1.639575581066310406e-03
1.636483008041977882e-03
1.631621154956519604e-03
1.630376791581511497e-03
1.629326958209276199e-03
1.628399593755602837e-03
1.627524849027395248e-03
1.634707441553473473e-03
1.631507882848381996e-03
1.625342760235071182e-03
1.624326687306165695e-03
1.623335410840809345e-03
1.638144254684448242e-03
1.627607736736536026e-03
1.621736329980194569e-03
1.620316295884549618e-03
1.619533868506550789e-03
1.618723035790026188e-03
1.617916044779121876e-03
1.617099740542471409e-03
1.616296009160578251e-03
1.626962213777005672e-03
1.616761554032564163e-03
1.614458626136183739e-03
1.613336149603128433e-03
1.612483756616711617e-03
1.611663261428475380e-03
1.610831357538700104e-03
1.630747807212173939e-03
1.617964473553001881e-03
1.609615632332861423e-03
1.607796875759959221e-03
1.606854610145092010e-03
1.605964964255690575e-03
1.605060882866382599e-03
1.604134333319962025e-03
1.603184617124497890e-03
1.660456997342407703e-03
1.606689416803419590e-03
1.601228141225874424e-03
1.599716022610664368e-03
1.598633010871708393e-03
1.597622875124216080e-03
1.596586545929312706e-03
1.595551264472305775e-03
1.594772096723318100e-03
1.593893743120133877e-03
1.592864515259861946e-03
1.591534353792667389e-03
1.590416766703128815e-03
1.589275547303259373e-03
1.588113605976104736e-03
1.586924074217677116e-03
1.585708232596516609e-03
1.594228320755064487e-03
1.586015336215496063e-03
1.584221026860177517e-03
1.581480144523084164e-03
1.580231823027133942e-03
1.579072093591094017e-03
1.577894552610814571e-03
1.576701761223375797e-03
1.575492788106203079e-03
1.574268913827836514e-03
1.663075177930295467e-03
1.584152807481586933e-03
1.572152250446379185e-03
1.570013817399740219e-03
1.568841631524264812e-03
1.567681087180972099e-03
1.566513208672404289e-03
1.565331942401826382e-03
1.564138568937778473e-03
1.562932622618973255e-03
1.561714336276054382e-03
1.560493023134768009e-03
1.565868849866092205e-03
1.560240634717047215e-03
1.557517796754837036e-03
1.556375063955783844e-03
1.555207185447216034e-03
1.554075162857770920e-03
1.552948611788451672e-03
1.551819615997374058e-03
1.550687942653894424e-03
1.549554057419300079e-03
1.548457192257046700e-03
1.549531123600900173e-03
1.546665094792842865e-03
1.545549952425062656e-03
1.544421305879950523e-03
1.543383696116507053e-03
1.545204082503914833e-03
1.546301064081490040e-03
1.542210346087813377e-03
1.539748744107782841e-03
1.538724638521671295e-03
1.537749078124761581e-03
1.536804949864745140e-03
1.535862451419234276e-03
1.536083989776670933e-03
1.539221964776515961e-03
1.533694099634885788e-03
1.532475813291966915e-03
1.531637855805456638e-03
1.530721783638000488e-03
1.529841334559023380e-03
1.528960186988115311e-03
1.528073451481759548e-03
1.527179847471415997e-03
1.527079963125288486e-03
1.541574718430638313e-03
1.526575186289846897e-03
1.524218707345426083e-03
1.523191691376268864e-03
1.522331731393933296e-03
1.521501457318663597e-03
1.520662684924900532e-03
1.524227904155850410e-03
1.535815885290503502e-03
1.520451740361750126e-03
1.517626107670366764e-03
1.516760094091296196e-03
1.515905722044408321e-03
1.515069161541759968e-03
1.514227245934307575e-03
1.513375784270465374e-03
1.512514427304267883e-03
1.511742593720555305e-03
1.558515941724181175e-03
1.512146904133260250e-03
1.509801251813769341e-03
