2.551985904574394226e-03
2.168335020542144775e-03
1.986285438761115074e-03
1.964315772056579590e-03
1.958734821528196335e-03
1.956678228452801704e-03
1.955168554559350014e-03
1.953861676156520844e-03
1.952691236510872841e-03
1.951634301804006100e-03
1.950675738044083118e-03
1.949807745404541492e-03
1.949024153873324394e-03
1.948320306837558746e-03
1.947691314853727818e-03
1.947131706401705742e-03
1.946636126376688480e-03
1.946197822690010071e-03
1.945811440236866474e-03
1.945471507497131824e-03
1.945172087289392948e-03
1.944908290170133114e-03
1.944675925187766552e-03
1.944470568560063839e-03
1.944288611412048340e-03
1.944126794114708900e-03
1.943982671946287155e-03
1.943853334523737431e-03
1.943737035617232323e-03
1.943631679750978947e-03
1.943535753525793552e-03
1.943448442034423351e-03
1.943368348293006420e-03
1.943294424563646317e-03
1.943226205185055733e-03
1.943162526004016399e-03
1.943102921359241009e-03
1.943047624081373215e-03
1.942995353601872921e-03
1.942945760674774647e-03
1.942898845300078392e-03
1.942854607477784157e-03
1.942811883054673672e-03
1.942771254107356071e-03
1.942732138559222221e-03
1.942694419994950294e-03
1.942657749168574810e-03
1.942622358910739422e-03
1.942588016390800476e-03
1.942554372362792492e-03
1.942521659657359123e-03
1.942489179782569408e-03
1.942457864060997963e-03
1.942427014000713825e-03
1.942396513186395168e-03
1.942366594448685646e-03
1.942337024956941605e-03
1.942308037541806698e-03
1.942279166541993618e-03
1.942250761203467846e-03
1.942222937941551208e-03
1.942195231094956398e-03
1.942167989909648895e-03
1.942140865139663219e-03
1.942114438861608505e-03
1.942088245414197445e-03
1.942062284797430038e-03
1.942036789841949940e-03
1.942011760547757149e-03
1.941986964084208012e-03
1.941962749697268009e-03
1.941938768140971661e-03
1.941915485076606274e-03
1.941892202012240887e-03
1.941869733855128288e-03
1.941847382113337517e-03
1.941825845278799534e-03
1.941804424859583378e-03
1.941783819347620010e-03
1.941763213835656643e-03
1.941743423230946064e-03
1.941724331118166447e-03
1.941705471836030483e-03
1.941687194630503654e-03
1.941669383086264133e-03
1.941652270033955574e-03
1.941635506227612495e-03
1.941619208082556725e-03
1.941603375598788261e-03
1.941588125191628933e-03
1.941573689691722393e-03
1.941559603437781334e-03
1.941545866429805756e-03
1.941532827913761139e-03
1.941520255059003830e-03
1.941508031450212002e-03
1.941496273502707481e-03
1.941485214047133923e-03
1.941474503837525845e-03
1.941464142873883247e-03
1.941454247571527958e-03
1.941445167176425457e-03
1.941435970366001129e-03
1.941427355632185936e-03
1.941419206559658051e-03
1.941411406733095646e-03
1.941403956152498722e-03
1.941397087648510933e-03
1.941390219144523144e-03
1.941383699886500835e-03
1.941377646289765835e-03
1.941371825523674488e-03
1.941366354003548622e-03
1.941361231729388237e-03
1.941356225870549679e-03
1.941351220011711121e-03
1.941346679814159870e-03
1.941342488862574100e-03
1.941338297910988331e-03
1.941334456205368042e-03
1.941330614499747753e-03
1.941327005624771118e-03
1.941323745995759964e-03
1.941320369951426983e-03
1.941317343153059483e-03
1.941314316354691982e-03
1.941311638802289963e-03
1.941308728419244289e-03
1.941306050866842270e-03
1.941303606145083904e-03
1.941301277838647366e-03
1.941299065947532654e-03
1.941296737641096115e-03
1.941294409334659576e-03
1.941292546689510345e-03
1.941290451213717461e-03
1.941288472153246403e-03
1.941286842338740826e-03
1.941284863278269768e-03
1.941283233463764191e-03
1.941281487233936787e-03
1.941279973834753036e-03
1.941278460435569286e-03
1.941276830621063709e-03
1.941275317221879959e-03
1.941273803822696209e-03
1.941272523254156113e-03
1.941271126270294189e-03
1.941269845701754093e-03
1.941268681548535824e-03
1.941267400979995728e-03
1.941266236826777458e-03
1.941265072673559189e-03
1.941263908520340919e-03
1.941262744367122650e-03
1.941261580213904381e-03
1.941260532476007938e-03
1.941259717568755150e-03
1.941258553415536880e-03
1.941257622092962265e-03
1.941256690770387650e-03
1.941255875863134861e-03
1.941254944540560246e-03
1.941254013217985630e-03
1.941253198310732841e-03
1.941252266988158226e-03
1.941251568496227264e-03
1.941250520758330822e-03
1.941249938681721687e-03
1.946492004208266735e-03
1.941657741554081440e-03
1.942326547577977180e-03
1.941340975463390350e-03
1.941250171512365341e-03
1.941246795468032360e-03
1.941245398484170437e-03
1.941244467161595821e-03
1.941243885084986687e-03
1.941243303008377552e-03
1.941242604516446590e-03
1.941242138855159283e-03
1.941241556778550148e-03
1.941240974701941013e-03
1.941240625455975533e-03
1.941239926964044571e-03
1.941265421919524670e-03
1.944639487192034721e-03
1.944066956639289856e-03
1.941616763360798359e-03
1.941274269483983517e-03
1.941237249411642551e-03
1.941236783750355244e-03
1.941236085258424282e-03
1.941235503181815147e-03
1.941234921105206013e-03
1.941234571859240532e-03
1.941234106197953224e-03
1.941233756951987743e-03
1.941233407706022263e-03
1.941233640536665916e-03
1.947966520674526691e-03
1.941811759024858475e-03
1.941405003890395164e-03
1.941291033290326595e-03
1.941245631314814091e-03
1.941230497322976589e-03
1.941229915246367455e-03
1.941229566000401974e-03
1.941229216754436493e-03
1.941228867508471012e-03
1.941228401847183704e-03
1.941228052601218224e-03
1.941227703355252743e-03
1.941227237693965435e-03
1.941254595294594765e-03
1.943204784765839577e-03
1.943706418387591839e-03
1.941566471941769123e-03
1.941268332302570343e-03
1.941225142218172550e-03
1.941225607879459858e-03
1.941224676556885242e-03
1.941224210895597935e-03
1.941223861649632454e-03
1.941223512403666973e-03
1.941223046742379665e-03
1.941222697496414185e-03
1.941222348250448704e-03
1.941222348250448704e-03
1.941221999004483223e-03
1.956590916961431503e-03
1.946810050867497921e-03
1.942320610396564007e-03
1.941265654750168324e-03
1.941227703355252743e-03
1.941220602020621300e-03
1.941219903528690338e-03
1.941219321452081203e-03
1.941218855790793896e-03
1.941218506544828415e-03
1.941218506544828415e-03
1.941218157298862934e-03
1.941217808052897453e-03
1.941217575222253799e-03
1.941217342391610146e-03
1.941216993145644665e-03
1.941216643899679184e-03
1.941216178238391876e-03
1.941216061823070049e-03
1.941215828992426395e-03
1.948451739735901356e-03
1.950707519426941872e-03
1.941408845596015453e-03
1.941246213391423225e-03
1.941232243552803993e-03
1.941214548423886299e-03
1.941213500685989857e-03
1.941213384270668030e-03
1.941213151440024376e-03
1.941212802194058895e-03
1.941212569363415241e-03
1.941212220117449760e-03
1.941211987286806107e-03
1.941211638040840626e-03
1.941211288794875145e-03
1.941211055964231491e-03
1.941210939548909664e-03
1.941210473887622356e-03
1.941210357472300529e-03
1.941738417372107506e-03
1.941260998137295246e-03
1.941444352269172668e-03
1.941273803822696209e-03
1.941230730153620243e-03
1.941208844073116779e-03
1.941208611242473125e-03
1.941208029165863991e-03
1.941207679919898510e-03
1.941207447089254856e-03
1.941207097843289375e-03
1.941206865012645721e-03
1.941206282936036587e-03
1.941206166520714760e-03
1.941205933690071106e-03
1.941205584444105625e-03
1.941205351613461971e-03
1.941807917319238186e-03
1.957291737198829651e-03
1.942197326570749283e-03
1.941367518156766891e-03
1.941218273714184761e-03
1.941203605383634567e-03
1.941203605383634567e-03
1.941203256137669086e-03
1.941202906891703606e-03
1.941202441230416298e-03
1.941202324815094471e-03
1.941201975569128990e-03
1.941201742738485336e-03
1.941201393492519855e-03
1.941201160661876202e-03
1.941200927831232548e-03
1.941200578585267067e-03
1.941200229339301586e-03
1.941200229339301586e-03
1.941199880093336105e-03
1.941199414432048798e-03
1.941199298016726971e-03
1.941198832355439663e-03
1.941198715940117836e-03
1.941198250278830528e-03
1.941197901032865047e-03
1.941197784617543221e-03
1.941197318956255913e-03
1.941197202540934086e-03
1.941369962878525257e-03
1.941808266565203667e-03
1.942723407410085201e-03
1.941218273714184761e-03
1.941216993145644665e-03
1.941199065186083317e-03
1.941195223480463028e-03
1.941194641403853893e-03
1.941194292157888412e-03
1.941193942911922932e-03
1.941193710081279278e-03
1.941193477250635624e-03
1.941193128004670143e-03
1.941193011589348316e-03
1.941192429512739182e-03
1.941192196682095528e-03
1.941191847436130047e-03
1.941191381774842739e-03
1.941191032528877258e-03
1.941190683282911777e-03
1.941190450452268124e-03
1.941206865012645721e-03
1.979209948331117630e-03
1.944543444551527500e-03
1.941471826285123825e-03
1.941217342391610146e-03
1.941191847436130047e-03
1.941189519129693508e-03
1.941188354976475239e-03
1.941188005730509758e-03
1.941187656484544277e-03
1.941187190823256969e-03
1.941186841577291489e-03
1.941186608746647835e-03
1.941186259500682354e-03
1.941185910254716873e-03
1.941185677424073219e-03
1.941185328178107738e-03
1.941184978932142258e-03
1.941184513270854950e-03
1.941184164024889469e-03
1.941183814778923988e-03
1.941183465532958508e-03
1.941183465532958508e-03
1.941182999871671200e-03
1.941182417795062065e-03
1.941182301379740238e-03
1.941181952133774757e-03
1.941181370057165623e-03
1.941180904395878315e-03
1.941180555149912834e-03
1.941180205903947353e-03
1.941179856657981873e-03
1.941179274581372738e-03
1.941179274581372738e-03
1.941181952133774757e-03
1.946915755979716778e-03
1.945101888850331306e-03
1.941659138537943363e-03
1.941237947903573513e-03
1.941182650625705719e-03
1.941176946274936199e-03
1.941176597028970718e-03
1.941176131367683411e-03
1.941175782121717930e-03
1.941175432875752449e-03
1.941175083629786968e-03
1.941174617968499660e-03
1.941174268722534180e-03
1.941173686645925045e-03
1.941173337399959564e-03
1.941172988153994083e-03
1.941172522492706776e-03
1.941171940416097641e-03
1.941171591170132160e-03
1.941171009093523026e-03
1.941170659847557545e-03
1.941170427016913891e-03
1.967615680769085884e-03
1.945296186022460461e-03
1.941888709552586079e-03
1.941270427778363228e-03
1.941181486472487450e-03
1.941169262863695621e-03
1.941168215125799179e-03
1.941167633049190044e-03
1.941167167387902737e-03
1.941166585311293602e-03
1.941166236065328121e-03
1.941165886819362640e-03
1.941165304742753506e-03
1.941165071912109852e-03
1.941164489835500717e-03
1.941164024174213409e-03
1.941163558512926102e-03
1.941163209266960621e-03
1.941162627190351486e-03
1.941162045113742352e-03
1.941161695867776871e-03
1.941161695867776871e-03
1.949192723259329796e-03
1.945673371665179729e-03
1.941551920026540756e-03
1.941163791343569756e-03
1.941164955496788025e-03
1.941159716807305813e-03
1.941158669069409370e-03
1.941158203408122063e-03
1.941157504916191101e-03
1.941157155670225620e-03
1.941156690008938313e-03
1.941156107932329178e-03
1.941155525855720043e-03
1.941155060194432735e-03
1.941154594533145428e-03
1.941154012456536293e-03
1.941154827363789082e-03
1.952163060195744038e-03
1.942690811119973660e-03
1.941194524988532066e-03
1.941158203408122063e-03
1.941159367561340332e-03
1.941150985658168793e-03
1.941150403581559658e-03
1.941149821504950523e-03
1.941149472258985043e-03
1.941148657351732254e-03
1.941148191690444946e-03
1.941147609613835812e-03
1.941147027537226677e-03
1.941146445460617542e-03
1.941147958859801292e-03
1.977669773623347282e-03
1.943958224728703499e-03
1.941386959515511990e-03
1.941157504916191101e-03
1.941147376783192158e-03
1.941144466400146484e-03
1.941142953000962734e-03
1.941142254509031773e-03
1.941141788847744465e-03
1.941141090355813503e-03
1.941140741109848022e-03
1.941139926202595234e-03
1.941139227710664272e-03
1.941138762049376965e-03
1.941138063557446003e-03
1.941137481480836868e-03
1.941136666573584080e-03
1.941136084496974945e-03
1.941204769536852837e-03
1.954018604010343552e-03
1.942320144735276699e-03
1.941151334904134274e-03
1.941134221851825714e-03
1.941133406944572926e-03
1.941132708452641964e-03
1.941131893545389175e-03
1.941131195053458214e-03
1.941130612976849079e-03
1.941129798069596291e-03
1.941129215992987156e-03
1.941128517501056194e-03
1.941127702593803406e-03
1.941127004101872444e-03
1.941126189194619656e-03
1.941125490702688694e-03
1.941124675795435905e-03
1.941123860888183117e-03
1.941522583365440369e-03
1.957978354766964912e-03
1.942988485097885132e-03
1.941142953000962734e-03
1.941130612976849079e-03
1.941124675795435905e-03
1.941121765412390232e-03
1.941120834089815617e-03
1.941119902767241001e-03
1.941119320690631866e-03
1.941118389368057251e-03
1.941117807291448116e-03
1.941116992384195328e-03
1.941116293892264366e-03
1.941115478985011578e-03
1.941114780493080616e-03
1.941113965585827827e-03
1.941113267093896866e-03
1.941112102940678596e-03
1.941111288033425808e-03
1.941110589541494846e-03
1.941109658218920231e-03
1.941108610481023788e-03
1.941107911989092827e-03
1.941106980666518211e-03
1.941105932928621769e-03
1.941105001606047153e-03
1.941103837452828884e-03
1.941103138960897923e-03
1.941101741977035999e-03
1.941101043485105038e-03
1.941182650625705719e-03
1.945137162692844868e-03
1.941556110978126526e-03
1.941188005730509758e-03
1.941102556884288788e-03
1.941099297255277634e-03
1.941096270456910133e-03
1.941094873473048210e-03
1.941093825735151768e-03
1.941092661581933498e-03
1.941091497428715229e-03
1.941090333275496960e-03
1.941089401952922344e-03
1.941088004969060421e-03
1.941086957231163979e-03
1.941085793077945709e-03
1.941084628924727440e-03
1.941083464771509171e-03
1.942308037541806698e-03
1.946237171068787575e-03
1.941664842888712883e-03
1.941144117154181004e-03
1.941080088727176189e-03
1.941078691743314266e-03
1.941076363436877728e-03
1.941075082868337631e-03
1.941073569469153881e-03
1.941072172485291958e-03
1.941070891916751862e-03
1.941069378517568111e-03
1.941067865118384361e-03
1.941066351719200611e-03
1.941064838320016861e-03
1.941063208505511284e-03
1.941066700965166092e-03
1.963943708688020706e-03
1.941142370924353600e-03
1.941140275448560715e-03
1.941100694239139557e-03
1.941059832461178303e-03
1.941057504154741764e-03
1.941055641509592533e-03
1.941054128110408783e-03
1.941052614711225033e-03
1.941050868481397629e-03
1.941049122251570225e-03
1.941047376021742821e-03
1.941045862622559071e-03
1.941043999977409840e-03
1.941042253747582436e-03
1.941040391102433205e-03
1.941038412041962147e-03
1.941036549396812916e-03
1.941034686751663685e-03
1.941032358445227146e-03
1.941030495800077915e-03
1.941028167493641376e-03
1.941025839187204838e-03
1.941023394465446472e-03
1.941021066159009933e-03
1.941018388606607914e-03
1.941077993251383305e-03
1.942019560374319553e-03
1.941017690114676952e-03
1.941026421263813972e-03
1.941012567840516567e-03
1.941009890288114548e-03
1.941007212735712528e-03
1.941004185937345028e-03
1.941001624800264835e-03
1.940999180078506470e-03
1.940996153280138969e-03
1.940993475727736950e-03
1.940990448929369450e-03
1.940987305715680122e-03
1.940984162501990795e-03
1.940980902872979641e-03
1.940977410413324833e-03
1.940974034368991852e-03
1.940970425494015217e-03
1.940966583788394928e-03
1.940962509252130985e-03
1.941190683282911777e-03
1.942525384947657585e-03
1.941725844517350197e-03
1.941011054441332817e-03
1.940949587151408195e-03
1.940944232046604156e-03
1.940940041095018387e-03
1.940935500897467136e-03
1.940930727869272232e-03
1.940925954841077328e-03
1.940920948982238770e-03
1.940915826708078384e-03
1.940910238772630692e-03
1.940904767252504826e-03
1.940898830071091652e-03
1.940892776474356651e-03
1.940886257216334343e-03
1.944813877344131470e-03
1.945910160429775715e-03
1.941479858942329884e-03
1.940927468240261078e-03
1.940862624906003475e-03
1.940856105647981167e-03
1.940848072990775108e-03
1.940840505994856358e-03
1.940832822583615780e-03
1.940824789926409721e-03
1.940816408023238182e-03
1.940807327628135681e-03
1.940797781571745872e-03
1.940787886269390583e-03
1.940777525305747986e-03
1.940766465850174427e-03
1.940754824317991734e-03
1.940742484293878078e-03
1.940731192007660866e-03
1.959041459485888481e-03
1.940967515110969543e-03
1.940735382959246635e-03
1.940683345310389996e-03
1.940670306794345379e-03
1.940652378834784031e-03
1.940635615028440952e-03
1.940617687068879604e-03
1.940599060617387295e-03
1.940578804351389408e-03
1.940557034686207771e-03
1.940534217283129692e-03
1.940509420819580555e-03
1.940528047271072865e-03
1.948109013028442860e-03
1.941312337294220924e-03
1.940498244948685169e-03
1.940395333804190159e-03
1.940351794473826885e-03
1.940316753461956978e-03
1.940280082635581493e-03
1.940241199918091297e-03
1.940199173986911774e-03
1.940153888426721096e-03
1.940105226822197437e-03
1.940052374266088009e-03
1.939999172464013100e-03
1.942620612680912018e-03
1.941127353347837925e-03
1.939955051057040691e-03
1.939762849360704422e-03
1.939693349413573742e-03
1.939615001901984215e-03
1.939533394761383533e-03
1.939445966854691505e-03
1.939352368935942650e-03
1.939252018928527832e-03
1.939145266078412533e-03
1.944858930073678493e-03
1.941780443303287029e-03
1.939060166478157043e-03
1.938729663379490376e-03
1.938606961630284786e-03
1.938482979312539101e-03
1.938353641889989376e-03
1.938219065777957439e-03
1.938078668899834156e-03
1.937932102009654045e-03
1.937779947184026241e-03
1.937621855176985264e-03
1.938322442583739758e-03
1.940206042490899563e-03
1.937203225679695606e-03
1.937065040692687035e-03
1.936908345669507980e-03
1.936744782142341137e-03
1.936586340889334679e-03
1.936423475854098797e-03
1.936255954205989838e-03
1.936084358021616936e-03
1.935908454470336437e-03
1.935728359967470169e-03
1.935544773004949093e-03
1.935357577167451382e-03
1.935168053023517132e-03
1.934998319484293461e-03
1.939122681505978107e-03
1.935300766490399837e-03
1.934501458890736103e-03
1.934352098032832146e-03
1.934172585606575012e-03
1.934007625095546246e-03
1.933842082507908344e-03
1.933675142936408520e-03
1.933506340719759464e-03
1.933334628120064735e-03
1.933159190230071545e-03
1.932978746481239796e-03
1.932791667059063911e-03
1.932596904225647449e-03
1.952652935869991779e-03
1.934699248522520065e-03
1.932344981469213963e-03
1.931868726387619972e-03
1.931609353050589561e-03
1.931371283717453480e-03
1.931119128130376339e-03
1.930850325152277946e-03
1.930563361383974552e-03
1.930256024934351444e-03
1.929927035234868526e-03
1.929574529640376568e-03
1.929200137965381145e-03
1.932277227751910686e-03
1.929716439917683601e-03
1.928269164636731148e-03
1.927903504110872746e-03
1.927507924847304821e-03
1.927108387462794781e-03
1.926691387780010700e-03
1.926257275044918060e-03
1.925806747749447823e-03
1.925340620800852776e-03
1.924859941937029362e-03
1.924366340972483158e-03
1.924166688695549965e-03
1.923459931276738644e-03
1.923192525282502174e-03
1.922645140439271927e-03
1.922144088894128799e-03
1.921694842167198658e-03
1.921243965625762939e-03
1.920792390592396259e-03
1.920340699143707752e-03
1.919889939017593861e-03
1.919441041536629200e-03
1.934228814207017422e-03
1.919065020047128201e-03
1.918648253194987774e-03
1.918021705932915211e-03
1.917658140882849693e-03
1.917294226586818695e-03
1.916934968903660774e-03
1.916576293297111988e-03
1.916217384859919548e-03
1.915856846608221531e-03
1.915494329296052456e-03
1.915127737447619438e-03
1.914755906909704208e-03
1.914550783112645149e-03
1.921532559208571911e-03
1.914259279146790504e-03
1.913497922942042351e-03
1.913139130920171738e-03
1.912772306241095066e-03
1.912393374368548393e-03
1.911997911520302296e-03
1.911584404297173023e-03
1.911149942316114902e-03
1.910691731609404087e-03
1.910206978209316730e-03
1.909692306071519852e-03
1.909144921228289604e-03
1.908560167066752911e-03
1.907934085465967655e-03
1.907265046611428261e-03
1.917474088259041309e-03
1.906292280182242393e-03
1.905411481857299805e-03
1.904515200294554234e-03
1.903650583699345589e-03
1.902738935314118862e-03
1.901758951134979725e-03
1.900705276057124138e-03
1.899575814604759216e-03
1.898371032439172268e-03
1.897095236927270889e-03
1.895775320008397102e-03
1.907621277496218681e-03
1.894626533612608910e-03
1.892309519462287426e-03
1.890989020466804504e-03
1.889766426756978035e-03
1.888555707409977913e-03
1.887364545837044716e-03
1.886197249405086040e-03
1.885057426989078522e-03
1.883947756141424179e-03
1.882869284600019455e-03
1.881822361610829830e-03
1.881023752503097057e-03
1.881442964076995850e-03
1.879534684121608734e-03
1.878670882433652878e-03
1.877901377156376839e-03
1.877173781394958496e-03
1.876461203210055828e-03
1.875761779956519604e-03
1.875074114650487900e-03
1.874398789368569851e-03
1.874880166724324226e-03
1.876563997939229012e-03
1.873117056675255299e-03
1.872481661848723888e-03
1.871963846497237682e-03
1.871469663456082344e-03
1.870978157967329025e-03
1.870488282293081284e-03
1.869999687187373638e-03
1.869510975666344166e-03
1.869021332822740078e-03
1.868529827333986759e-03
1.910956110805273056e-03
1.874616020359098911e-03
1.868011779151856899e-03
1.867176382802426815e-03
1.866775099188089371e-03
1.866373349912464619e-03
1.865972415544092655e-03
1.865567872300744057e-03
1.865159370936453342e-03
1.864746096543967724e-03
1.864327816292643547e-03
1.863904879428446293e-03
1.863477285951375961e-03
1.863045501522719860e-03
1.862613600678741932e-03
1.863788231275975704e-03
1.862205797806382179e-03
1.862204167991876602e-03
1.861487398855388165e-03
1.861104741692543030e-03
1.860750489868223667e-03
1.860399730503559113e-03
1.860049786046147346e-03
1.859699958004057407e-03
1.859350013546645641e-03
1.858999719843268394e-03
1.858648960478603840e-03
1.858296920545399189e-03
1.857943134382367134e-03
1.857585855759680271e-03
1.857224968262016773e-03
1.862457254901528358e-03
1.863283920101821423e-03
1.856987481005489826e-03
1.856182818301022053e-03
1.855852431617677212e-03
1.855518668889999390e-03
1.855181297287344933e-03
1.854832982644438744e-03
1.854472677223384380e-03
1.854098984040319920e-03
1.853709924034774303e-03
1.853303867392241955e-03
1.852879649959504604e-03
1.852434827014803886e-03
1.851967419497668743e-03
1.851483481004834175e-03
1.874882844276726246e-03
1.851942739449441433e-03
1.850378001108765602e-03
1.849994645453989506e-03
1.849493361078202724e-03
1.849025255069136620e-03
1.848539686761796474e-03
1.848036190494894981e-03
1.847514649853110313e-03
1.846975646913051605e-03
1.846419530920684338e-03
1.845847233198583126e-03
1.845259801484644413e-03
1.844659331254661083e-03
1.844047103077173233e-03
1.848127692937850952e-03
1.843450125306844711e-03
1.844010548666119576e-03
1.842162222601473331e-03
1.841706456616520882e-03
1.841222750954329967e-03
1.840750803239643574e-03
1.840284327045083046e-03
1.839821576140820980e-03
1.839364180341362953e-03
1.838913070969283581e-03
1.838469645008444786e-03
1.838034368120133877e-03
1.837608870118856430e-03
1.837193616665899754e-03
1.836811425164341927e-03
1.852305606007575989e-03
1.837235991843044758e-03
1.835983595810830593e-03
1.835684175603091717e-03
1.835388131439685822e-03
1.835110248066484928e-03
1.834836206398904324e-03
1.834567636251449585e-03
1.834302092902362347e-03
1.834037015214562416e-03
1.833769143559038639e-03
1.833493704907596111e-03
1.833208836615085602e-03
1.832922687754034996e-03
1.832662150263786316e-03
1.832745154388248920e-03
1.848387066274881363e-03
1.833421643823385239e-03
1.832130015827715397e-03
1.831908361054956913e-03
1.831768779084086418e-03
1.831629895605146885e-03
1.831498695537447929e-03
1.831372384913265705e-03
1.831250381655991077e-03
1.831133267842233181e-03
1.831020344980061054e-03
1.830911613069474697e-03
1.830807304941117764e-03
1.830706722103059292e-03
1.830610563047230244e-03
1.832975889556109905e-03
1.830548397265374660e-03
1.831585308536887169e-03
1.830340712331235409e-03
1.830283668823540211e-03
1.830205088481307030e-03
1.830137800425291061e-03
1.830074703320860863e-03
1.830013585276901722e-03
1.829954911954700947e-03
1.829897984862327576e-03
1.829843036830425262e-03
1.829790300689637661e-03
1.829739310778677464e-03
1.829690067097544670e-03
1.829700195230543613e-03
1.848985208198428154e-03
1.831528032198548317e-03
1.829558168537914753e-03
1.829516026191413403e-03
1.829475397244095802e-03
1.829440123401582241e-03
1.829405548050999641e-03
1.829372020438313484e-03
1.829339307732880116e-03
1.829307875595986843e-03
1.829277025535702705e-03
1.829247223213315010e-03
1.829218235798180103e-03
1.829189597629010677e-03
1.829244545660912991e-03
1.844903919845819473e-03
1.830625464208424091e-03
1.829324639402329922e-03
1.829102868214249611e-03
1.829061075113713741e-03
1.829039538279175758e-03
1.829017535783350468e-03
1.828996464610099792e-03
1.828975626267492771e-03
1.828955370001494884e-03
1.828935579396784306e-03
1.828915788792073727e-03
1.828896463848650455e-03
1.828878303058445454e-03
1.853262889198958874e-03
1.830923021771013737e-03
1.829048153012990952e-03
1.828907290473580360e-03
1.828817650675773621e-03
1.828793669119477272e-03
1.828776905313134193e-03
1.828761654905974865e-03
1.828746404498815536e-03
1.828731154091656208e-03
1.828716252930462360e-03
1.828701351769268513e-03
1.828686450608074665e-03
1.828671782277524471e-03
1.828657113946974277e-03
1.828643376938998699e-03
1.836507231928408146e-03
1.829340355470776558e-03
1.828764332458376884e-03
1.828613807447254658e-03
1.828588196076452732e-03
1.828574691899120808e-03
1.828560954891145229e-03
1.828548149205744267e-03
1.828535576350986958e-03
1.828522770665585995e-03
1.828510197810828686e-03
1.828497624956071377e-03
1.828485052101314068e-03
1.828472246415913105e-03
1.828478765673935413e-03
1.828725798986852169e-03
1.828610198572278023e-03
1.828452688641846180e-03
1.828425563871860504e-03
1.828410313464701176e-03
1.828398671932518482e-03
1.828386681154370308e-03
1.828374806791543961e-03
1.828363165259361267e-03
1.828351174481213093e-03
1.828339532949030399e-03
1.828327542170882225e-03
1.828315667808055878e-03
1.828303444199264050e-03
1.828291220590472221e-03
1.829334185458719730e-03
1.836906769312918186e-03
1.828519976697862148e-03
1.828393549658358097e-03
1.828244887292385101e-03
1.828232896514236927e-03
1.828221487812697887e-03
1.828210195526480675e-03
1.828198903240263462e-03
1.828187494538724422e-03
1.828175853006541729e-03
1.828164211474359035e-03
1.828152453526854515e-03
1.828140346333384514e-03
1.828128355555236340e-03
1.828116131946444511e-03
1.828104024752974510e-03
1.829367829486727715e-03
1.834251335822045803e-03
1.828482374548912048e-03
1.828076550737023354e-03
1.828060834668576717e-03
1.828041044063866138e-03
1.828028820455074310e-03
1.828016829676926136e-03
1.828004606068134308e-03
1.827992382459342480e-03
1.827980042435228825e-03
1.827967353165149689e-03
1.827954780310392380e-03
1.827943371608853340e-03
1.846536062657833099e-03
1.832140260376036167e-03
1.828394597396254539e-03
1.827951404266059399e-03
1.827888307161629200e-03
1.827876665629446507e-03
1.827863627113401890e-03
1.827850705012679100e-03
1.827837899327278137e-03
1.827825093641877174e-03
1.827811822295188904e-03
1.827798434533178806e-03
1.827784930355846882e-03
1.827770960517227650e-03
1.827770145609974861e-03
1.835603266954421997e-03
1.830341294407844543e-03
1.827808679081499577e-03
1.827751868404448032e-03
1.827704603783786297e-03
1.827692030929028988e-03
1.827678992412984371e-03
1.827666070312261581e-03
1.827652682550251484e-03
1.827639294788241386e-03
1.827626023441553116e-03
1.827612053602933884e-03
1.827598200179636478e-03
1.827583997510373592e-03
1.827569562010467052e-03
1.827554893679916859e-03
1.827540108934044838e-03
1.827539061196148396e-03
1.837038318626582623e-03
1.829892629757523537e-03
1.827593776397407055e-03
1.827513682655990124e-03
1.827468047849833965e-03
1.827453961595892906e-03
1.827439875341951847e-03
1.827425672672688961e-03
1.827411237172782421e-03
1.827396568842232227e-03
1.827381434850394726e-03
1.827366650104522705e-03
1.827351166866719723e-03
1.827335450798273087e-03
1.827319618314504623e-03
1.827303669415414333e-03
1.827288186177611351e-03
1.844963757321238518e-03
1.831528265029191971e-03
1.827700762078166008e-03
1.827296800911426544e-03
1.827227184548974037e-03
1.827205182053148746e-03
1.827189349569380283e-03
1.827173517085611820e-03
1.827157218940556049e-03
1.827140804380178452e-03
1.827124156989157200e-03
1.827107160352170467e-03
1.827090163715183735e-03
1.827072817832231522e-03
1.827054889872670174e-03
1.837599556893110275e-03
1.830345136113464832e-03
1.827611122280359268e-03
1.827115542255342007e-03
1.826995052397251129e-03
1.826978288590908051e-03
1.826961524784564972e-03
1.826945808716118336e-03
1.826929976232349873e-03
1.826914027333259583e-03
1.826897729188203812e-03
1.826881314627826214e-03
1.826864550821483135e-03
1.826847787015140057e-03
1.826830673962831497e-03
1.826813095249235630e-03
1.826795516535639763e-03
1.826777821406722069e-03
1.826826017349958420e-03
1.836980576626956463e-03
1.826936728321015835e-03
1.826727995648980141e-03
1.826725667342543602e-03
1.826688763685524464e-03
1.826671883463859558e-03
1.826654770411550999e-03
1.826637657359242439e-03
1.826620195060968399e-03
1.826602849178016186e-03
1.826584921218454838e-03
1.826566993258893490e-03
1.826548716053366661e-03
1.833527698181569576e-03
1.831175177358090878e-03
1.826834282837808132e-03
1.826515886932611465e-03
1.826488063670694828e-03
1.826465013436973095e-03
1.826448016799986362e-03
1.826431369408965111e-03
1.826414605602622032e-03
1.826397608965635300e-03
1.826380263082683086e-03
1.826362567953765392e-03
1.826344989240169525e-03
1.826327061280608177e-03
1.826308784075081348e-03
1.826290623284876347e-03
1.828215783461928368e-03
1.828309148550033569e-03
1.826816936954855919e-03
1.826312742196023464e-03
1.826228690333664417e-03
1.826208084821701050e-03
1.826191321015357971e-03
1.826174324378371239e-03
1.826157676987349987e-03
1.826140796765685081e-03
1.826123334467411041e-03
1.826106221415102482e-03
1.826088642701506615e-03
1.826070714741945267e-03
1.826052670367062092e-03
1.826034509576857090e-03
1.826023450121283531e-03
1.834271242842078209e-03
1.827265834435820580e-03
1.826241263188421726e-03
1.826013089157640934e-03
1.825954765081405640e-03
1.825938583351671696e-03
1.825921586714684963e-03
1.825904822908341885e-03
1.825888059101998806e-03
1.825870829634368420e-03
1.825853716582059860e-03
1.825836137868463993e-03
1.825818559154868126e-03
1.825800631195306778e-03
1.825782353989779949e-03
1.825764076784253120e-03
1.825745566748082638e-03
1.825727056711912155e-03
1.839406555518507957e-03
1.830211956985294819e-03
1.825945568270981312e-03
1.825685845687985420e-03
1.825658138841390610e-03
1.825640210881829262e-03
1.825622166506946087e-03
1.825604587793350220e-03
1.825586659833788872e-03
1.825568499043583870e-03
1.825549989007413387e-03
1.825531711801886559e-03
1.825513085350394249e-03
1.825493993237614632e-03
1.825477695092558861e-03
1.857601921074092388e-03
1.826372812502086163e-03
1.825714483857154846e-03
1.825457089580595493e-03
1.825402374379336834e-03
1.825383747927844524e-03
1.825365005061030388e-03
1.825346378609538078e-03
1.825327635742723942e-03
1.825308543629944324e-03
1.825289451517164707e-03
1.825269893743097782e-03
1.825250219553709030e-03
1.825230312533676624e-03
1.831182045862078667e-03
1.827181200496852398e-03
1.825680141337215900e-03
1.825234037823975086e-03
1.825163606554269791e-03
1.825137296691536903e-03
1.825118204578757286e-03
1.825099112465977669e-03
1.825080020353198051e-03
1.825060578994452953e-03
1.825041137635707855e-03
1.825021347030997276e-03
1.825001090764999390e-03
1.824980834499001503e-03
1.824960694648325443e-03
1.846358412876725197e-03
1.825272920541465282e-03
1.825456158258020878e-03
1.824905397370457649e-03
1.824889914132654667e-03
1.824867562390863895e-03
1.824847538955509663e-03
1.824827864766120911e-03
1.824808423407375813e-03
1.824788632802665234e-03
1.824768376536667347e-03
1.824748003855347633e-03
1.824727631174027920e-03
1.824706443585455418e-03
1.824685488827526569e-03
1.824663835577666759e-03
1.824653591029345989e-03
1.842316589318215847e-03
1.825181883759796619e-03
1.824829494580626488e-03
1.824608538299798965e-03
1.824571168981492519e-03
1.824549864977598190e-03
1.824530307203531265e-03
1.824510865844786167e-03
1.824491075240075588e-03
1.824470818974077702e-03
1.824450446292757988e-03
1.824430073611438274e-03
1.824409468099474907e-03
1.824388280510902405e-03
1.824367092922329903e-03
1.824345556087791920e-03
1.824325532652437687e-03
1.858465489931404591e-03
1.826038700528442860e-03
1.824690960347652435e-03
1.824290375225245953e-03
1.824245788156986237e-03
1.824222505092620850e-03
1.824200968258082867e-03
1.824180129915475845e-03
1.824159175157546997e-03
1.824137871153652668e-03
1.824116450734436512e-03
1.824094681069254875e-03
1.824073027819395065e-03
1.824050676077604294e-03
1.824034028686583042e-03
1.833550049923360348e-03
1.825176528654992580e-03
1.824042061343789101e-03
1.823984086513519287e-03
1.823945203796029091e-03
1.823923434130847454e-03
1.823902246542274952e-03
1.823881058953702450e-03
1.823859522119164467e-03
1.823837985284626484e-03
1.823816215619444847e-03
1.823794096708297729e-03
1.823771977797150612e-03
1.823749276809394360e-03
1.824118429794907570e-03
1.826177001930773258e-03
1.824077917262911797e-03
1.823723898269236088e-03
1.823662896640598774e-03
1.823642291128635406e-03
1.823619008064270020e-03
1.823597820475697517e-03
1.823576516471803188e-03
1.823554979637265205e-03
1.823532977141439915e-03
1.823510858230292797e-03
1.823488622903823853e-03
1.823466038331389427e-03
1.823508064262568951e-03
1.825492596253752708e-03
1.825168146751821041e-03
1.823469647206366062e-03
1.823396072722971439e-03
1.823363243602216244e-03
1.823341706767678261e-03
1.823320752009749413e-03
1.823299797251820564e-03
1.823278144001960754e-03
1.823256607167422771e-03
1.823235070332884789e-03
1.823213184252381325e-03
1.823191065341234207e-03
1.823168713599443436e-03
1.823146012611687183e-03
1.823123660869896412e-03
1.838803407736122608e-03
1.826817984692752361e-03
1.823529019020497799e-03
1.823109341785311699e-03
1.823034253902733326e-03
1.823012484237551689e-03
1.822990132495760918e-03
1.822968246415257454e-03
1.822945894673466682e-03
1.822923659346997738e-03
1.822901074774563313e-03
1.822878257371485233e-03
1.822854974307119846e-03
1.822841237299144268e-03
1.825269428081810474e-03
1.823305501602590084e-03
1.822817139327526093e-03
1.822766265831887722e-03
1.822739373892545700e-03
1.822717604227364063e-03
1.822694786824285984e-03
1.822672202251851559e-03
1.822649384848773479e-03
1.822626218199729919e-03
1.822602818720042706e-03
1.822579186409711838e-03
1.822555088438093662e-03
1.822531805373728275e-03
1.842205761931836605e-03
1.825155573897063732e-03
1.822674530558288097e-03
1.822478487156331539e-03
1.822439488023519516e-03
1.822412014007568359e-03
1.822388847358524799e-03
1.822365564294159412e-03
1.822341815568506718e-03
1.822317834012210369e-03
1.822293386794626713e-03
1.822269055992364883e-03
1.822244259528815746e-03
1.822220161557197571e-03
1.841051271185278893e-03
1.825291430577635765e-03
1.822512247599661350e-03
1.822193153202533722e-03
1.822115038521587849e-03
1.822090242058038712e-03
1.822064979933202267e-03
1.822039717808365822e-03
1.822014222852885723e-03
1.821988495066761971e-03
1.821962301619350910e-03
1.821935642510652542e-03
1.821908517740666866e-03
1.821897458285093307e-03
1.836662297137081623e-03
1.823400612920522690e-03
1.821991056203842163e-03
1.821824233047664165e-03
1.821775804273784161e-03
1.821749028749763966e-03
1.821722951717674732e-03
1.821696409024298191e-03
1.821669284254312515e-03
1.821641926653683186e-03
1.821614452637732029e-03
1.821586047299206257e-03
1.821557176299393177e-03
1.821527839638292789e-03
1.821498037315905094e-03
1.821471378207206726e-03
1.838376163505017757e-03
1.823499682359397411e-03
1.821411889977753162e-03
1.821380574256181717e-03
1.821343554183840752e-03
1.821313286200165749e-03
1.821282901801168919e-03
1.821252051740884781e-03
1.821220736019313335e-03
1.821188721805810928e-03
1.821155892685055733e-03
1.821122714318335056e-03
1.821088721044361591e-03
1.821053796447813511e-03
1.821020036004483700e-03
1.853444613516330719e-03
1.823088037781417370e-03
1.821115845814347267e-03
1.820942969061434269e-03
1.820873003453016281e-03
1.820837729610502720e-03
1.820802222937345505e-03
1.820765784941613674e-03
1.820728648453950882e-03
1.820690464228391647e-03
1.820651581510901451e-03
1.820611301809549332e-03
1.820570323616266251e-03
1.820527948439121246e-03
1.820484641939401627e-03
1.820455072447657585e-03
1.837382675148546696e-03
1.821162411943078041e-03
1.820528763346374035e-03
1.820314326323568821e-03
1.820254838094115257e-03
1.820209436118602753e-03
1.820162869989871979e-03
1.820115372538566589e-03
1.820066361688077450e-03
1.820015721023082733e-03
1.819963450543582439e-03
1.819909201003611088e-03
1.819853554479777813e-03
1.819795696064829826e-03
1.819735858589410782e-03
1.821094425395131111e-03
1.820490928366780281e-03
1.820345292799174786e-03
1.819561584852635860e-03
1.819486729800701141e-03
1.819414086639881134e-03
1.819348894059658051e-03
1.819282071664929390e-03
1.819213270209729671e-03
1.819141325540840626e-03
1.819066936150193214e-03
1.818989519961178303e-03
1.818908611312508583e-03
1.818824093788862228e-03
1.818736200220882893e-03
1.835728646256029606e-03
1.819725148379802704e-03
1.818797085434198380e-03
1.818487537093460560e-03
1.818340271711349487e-03
1.818238408304750919e-03
1.818136894144117832e-03
1.818032003939151764e-03
1.817922689951956272e-03
1.817808486521244049e-03
1.817688695155084133e-03
1.817563199438154697e-03
1.817431766539812088e-03
1.817295444197952747e-03
1.818504999391734600e-03
1.819022698327898979e-03
1.817135955207049847e-03
1.816852483898401260e-03
1.816706848330795765e-03
1.816558768041431904e-03
1.816410222090780735e-03
1.816255506128072739e-03
1.816094387322664261e-03
1.815926749259233475e-03
1.815751777030527592e-03
