7.315807975828647614e-03
2.521928399801254272e-03
2.063706051558256149e-03
1.983002759516239166e-03
1.950793783180415630e-03
1.945010735653340816e-03
1.944320276379585266e-03
1.944192103110253811e-03
1.944078831002116203e-03
1.943975570611655712e-03
1.943880808539688587e-03
1.943793380632996559e-03
1.943714101798832417e-03
1.943642389960587025e-03
1.943577895872294903e-03
1.943520503118634224e-03
1.943469513207674026e-03
1.943424693308770657e-03
1.943385228514671326e-03
1.943350885994732380e-03
1.943320618011057377e-03
1.943294424563646317e-03
1.943271257914602757e-03
1.943251350894570351e-03
1.943233772180974483e-03
1.943218405358493328e-03
1.943204668350517750e-03
1.943192444741725922e-03
1.943181618116796017e-03
1.943172072060406208e-03
1.943163224495947361e-03
1.943155075423419476e-03
1.943147624842822552e-03
1.943140756338834763e-03
1.943134237080812454e-03
1.943128299899399281e-03
1.943122595548629761e-03
1.943117240443825722e-03
1.943112118169665337e-03
1.943107228726148605e-03
1.943102572113275528e-03
1.943097682669758797e-03
1.943093258887529373e-03
1.943088835105299950e-03
1.943084527738392353e-03
1.943080336786806583e-03
1.943076029419898987e-03
1.943072071298956871e-03
1.943068113178014755e-03
1.943064038641750813e-03
1.943060196936130524e-03
1.943056238815188408e-03
1.943052280694246292e-03
1.943048438988626003e-03
1.943044597283005714e-03
1.943040639162063599e-03
1.943036797456443310e-03
1.943032955750823021e-03
1.943029114045202732e-03
1.943025505170226097e-03
1.943021547049283981e-03
1.943017705343663692e-03
1.943013747222721577e-03
1.943009905517101288e-03
1.943006063811480999e-03
1.943002222105860710e-03
1.942998496815562248e-03
1.942994655109941959e-03
1.942990580573678017e-03
1.942986855283379555e-03
1.942982780747115612e-03
1.942978822626173496e-03
1.942974980920553207e-03
1.942971022799611092e-03
1.942967181093990803e-03
1.942963339388370514e-03
1.942959148436784744e-03
1.942955190315842628e-03
1.942951115779578686e-03
1.942947157658636570e-03
1.942943199537694454e-03
1.942939125001430511e-03
1.942935166880488396e-03
1.942931092344224453e-03
1.942927134223282337e-03
1.942922943271696568e-03
1.942918752320110798e-03
1.942914677783846855e-03
1.942910719662904739e-03
1.942906528711318970e-03
1.942902337759733200e-03
1.942898146808147430e-03
1.942893955856561661e-03
1.942889764904975891e-03
1.942885573953390121e-03
1.942881383001804352e-03
1.942877192050218582e-03
1.942873001098632812e-03
1.942868577316403389e-03
1.942864153534173965e-03
1.942859962582588196e-03
1.942855771631002426e-03
1.942851347848773003e-03
1.942847040481865406e-03
1.942842616699635983e-03
1.942838192917406559e-03
1.942833885550498962e-03
1.942829461768269539e-03
1.942824921570718288e-03
1.942820497788488865e-03
1.942816074006259441e-03
1.942811533808708191e-03
1.942806993611156940e-03
1.942802336998283863e-03
1.942797796800732613e-03
1.942793256603181362e-03
1.942788599990308285e-03
1.942783826962113380e-03
1.942779053933918476e-03
1.942774513736367226e-03
1.942769624292850494e-03
1.942764618434011936e-03
1.942760078236460686e-03
1.942755072377622128e-03
1.942750066518783569e-03
1.942745177075266838e-03
1.942740171216428280e-03
1.942735281772911549e-03
1.942730275914072990e-03
1.942724920809268951e-03
1.942719798535108566e-03
1.942714676260948181e-03
1.942709321156144142e-03
1.942703966051340103e-03
1.942698843777179718e-03
1.942693255841732025e-03
1.942687551490962505e-03
1.942682196386158466e-03
1.942676492035388947e-03
1.942670787684619427e-03
1.942665083333849907e-03
1.942659495398402214e-03
1.942653558216989040e-03
1.942647504620254040e-03
1.942641567438840866e-03
1.942635630257427692e-03
1.942629576660692692e-03
1.942623057402670383e-03
1.942617003805935383e-03
1.942610484547913074e-03
1.942603965289890766e-03
1.942597329616546631e-03
1.942590810358524323e-03
1.942584174685180187e-03
1.942577306181192398e-03
1.942570204846560955e-03
1.942563219927251339e-03
1.942556002177298069e-03
1.942548668012022972e-03
1.942541450262069702e-03
1.942533883266150951e-03
1.942526199854910374e-03
1.942518516443669796e-03
1.942510600201785564e-03
1.942502916790544987e-03
1.942494767718017101e-03
1.942486502230167389e-03
1.942478120326995850e-03
1.942469738423824310e-03
1.942461007274687290e-03
1.942452159710228443e-03
1.942443195730447769e-03
1.942434231750667095e-03
1.942424685694277287e-03
1.942415372468531132e-03
1.942405826412141323e-03
1.942396163940429688e-03
1.942386152222752571e-03
1.942376140505075455e-03
1.942365779541432858e-03
1.942355534993112087e-03
1.942344591952860355e-03
1.942333881743252277e-03
1.942322822287678719e-03
1.942311762832105160e-03
1.942300354130566120e-03
1.942288596183061600e-03
1.942276721820235252e-03
1.942264847457408905e-03
1.942252740263938904e-03
1.942240283824503422e-03
1.942227478139102459e-03
1.942214672453701496e-03
1.942201517522335052e-03
1.942188246175646782e-03
1.942174858413636684e-03
1.942160888575017452e-03
1.942147035151720047e-03
1.942132948897778988e-03
1.942118396982550621e-03
1.942103728652000427e-03
1.942089060321450233e-03
1.942073809914290905e-03
1.942058559507131577e-03
1.942043076269328594e-03
1.942027243785560131e-03
1.942011411301791668e-03
1.941995229572057724e-03
1.941978815011680126e-03
1.941962400451302528e-03
1.941945753060281277e-03
1.941928989253938198e-03
1.941911992616951466e-03
1.941894879564642906e-03
1.941877650097012520e-03
1.941860537044703960e-03
1.941842958331108093e-03
1.941825612448155880e-03
1.941808266565203667e-03
1.941790687851607800e-03
1.941773225553333759e-03
1.941755763255059719e-03
1.941738650202751160e-03
1.941721304319798946e-03
1.941704074852168560e-03
1.941687311045825481e-03
1.941670547239482403e-03
1.941653783433139324e-03
1.941637718118727207e-03
1.941621769219636917e-03
1.941605936735868454e-03
1.941590686328709126e-03
1.941575552336871624e-03
1.941561116836965084e-03
1.941546914167702198e-03
1.941533177159726620e-03
1.941519905813038349e-03
1.941507332958281040e-03
1.941495109349489212e-03
1.941483234986662865e-03
1.941472059115767479e-03
1.941461465321481228e-03
1.941451453603804111e-03
1.941441674716770649e-03
1.941432710736989975e-03
1.941424096003174782e-03
1.941416063345968723e-03
1.941408496350049973e-03
1.941401395015418530e-03
1.941394759342074394e-03
1.941388705745339394e-03
1.941382768563926220e-03
1.941377413459122181e-03
1.941372407600283623e-03
1.941367634572088718e-03
1.941363443620502949e-03
1.941359252668917179e-03
1.941355410963296890e-03
1.941352034918963909e-03
1.941348775289952755e-03
1.941345515660941601e-03
1.941342838108539581e-03
1.941340160556137562e-03
1.941337483003735542e-03
1.941335271112620831e-03
1.941332942806184292e-03
1.941330847330391407e-03
1.941328751854598522e-03
1.941326889209449291e-03
1.941324910148978233e-03
1.941323280334472656e-03
1.941321534104645252e-03
1.941320020705461502e-03
1.941318041644990444e-03
1.941316761076450348e-03
1.941315247677266598e-03
1.941313850693404675e-03
1.941312337294220924e-03
1.941310823895037174e-03
1.941309543326497078e-03
1.941308029927313328e-03
1.941306632943451405e-03
1.941305119544267654e-03
1.941303955391049385e-03
1.941302441991865635e-03
1.941301161423325539e-03
1.941299531608819962e-03
1.941298251040279865e-03
1.941296737641096115e-03
1.941295340657234192e-03
1.941293827258050442e-03
1.941292546689510345e-03
1.941291033290326595e-03
1.941289519891142845e-03
1.941287890076637268e-03
1.941286609508097172e-03
1.941285096108913422e-03
1.941283349879086018e-03
1.941395574249327183e-03
1.942450529895722866e-03
1.941302092745900154e-03
1.941282185725867748e-03
1.941280672326683998e-03
1.941275782883167267e-03
1.941274269483983517e-03
1.941272523254156113e-03
1.941271126270294189e-03
1.941269496455788612e-03
1.941267866641283035e-03
1.941266236826777458e-03
1.941264723427593708e-03
1.941262977197766304e-03
1.941264257766306400e-03
1.941308146342635155e-03
1.942135742865502834e-03
1.941269030794501305e-03
1.941266586072742939e-03
1.941255526617169380e-03
1.941253663972020149e-03
1.941251684911549091e-03
1.941249822266399860e-03
1.941248076036572456e-03
1.941246329806745052e-03
1.941244699992239475e-03
1.941242720931768417e-03
1.941240974701941013e-03
1.941239112056791782e-03
1.941237249411642551e-03
1.941235503181815147e-03
1.941233640536665916e-03
1.941231894306838512e-03
1.941245631314814091e-03
1.945902593433856964e-03
1.942042494192719460e-03
1.941226772032678127e-03
1.941233174875378609e-03
1.941223046742379665e-03
1.941219437867403030e-03
1.941216993145644665e-03
1.941215130500495434e-03
1.941212802194058895e-03
1.941210939548909664e-03
1.941208611242473125e-03
1.941206515766680241e-03
1.941204187460243702e-03
1.941202091984450817e-03
1.941199996508657932e-03
1.941197551786899567e-03
1.941195805557072163e-03
1.947735552676022053e-03
1.943024341017007828e-03
1.941331429407000542e-03
1.941189519129693508e-03
1.941184164024889469e-03
1.941181370057165623e-03
1.941178459674119949e-03
1.941175549291074276e-03
1.941172988153994083e-03
1.941170077770948410e-03
1.941167167387902737e-03
1.941164140589535236e-03
1.941161346621811390e-03
1.941158203408122063e-03
1.941154827363789082e-03
1.941151800565421581e-03
1.941188820637762547e-03
1.947563840076327324e-03
1.941464608535170555e-03
1.941162627190351486e-03
1.941144117154181004e-03
1.941130030900239944e-03
1.941124675795435905e-03
1.941120135597884655e-03
1.941115478985011578e-03
1.941110589541494846e-03
1.941105467267334461e-03
1.941099879331886768e-03
1.941094174981117249e-03
1.941088004969060421e-03
1.941081602126359940e-03
1.941074267961084843e-03
1.941066468134522438e-03
1.941058319061994553e-03
1.941949012689292431e-03
1.943554612807929516e-03
1.941240625455975533e-03
1.941025722771883011e-03
1.941000460647046566e-03
1.940982183441519737e-03
1.940962160006165504e-03
1.940938760526478291e-03
1.940909889526665211e-03
1.940873102284967899e-03
1.940823742188513279e-03
1.940752728842198849e-03
1.940639805980026722e-03
1.940425834618508816e-03
1.939913840033113956e-03
1.938785077072679996e-03
1.944740302860736847e-03
1.936738495714962482e-03
1.931692473590373993e-03
1.927627949044108391e-03
1.922658528201282024e-03
1.916086534038186073e-03
1.925518386997282505e-03
1.906499848701059818e-03
1.904134755022823811e-03
1.902545685879886150e-03
1.901486190035939217e-03
1.900601899251341820e-03
1.899848459288477898e-03
1.899191411212086678e-03
1.898608403280377388e-03
1.898083020932972431e-03
1.897603389807045460e-03
1.897161244414746761e-03
1.896750647574663162e-03
1.896366477012634277e-03
1.896006171591579914e-03
1.895666471682488918e-03
1.895345048978924751e-03
1.895040273666381836e-03
1.895140972919762135e-03
1.895747729577124119e-03
1.894727116450667381e-03
1.894094049930572510e-03
1.893881126306951046e-03
1.893671695142984390e-03
1.893468433991074562e-03
1.893267617560923100e-03
1.893068430945277214e-03
1.892869477160274982e-03
1.892707776278257370e-03
1.901843934319913387e-03
1.892612432129681110e-03
1.892356202006340027e-03
1.892135594971477985e-03
1.891954918392002583e-03
1.891769934445619583e-03
1.891574822366237640e-03
1.891367486678063869e-03
1.891145482659339905e-03
1.890906831249594688e-03
1.895307912491261959e-03
1.892350730486214161e-03
1.890703570097684860e-03
1.890483777970075607e-03
1.890261657536029816e-03
1.890013692900538445e-03
1.889754203148186207e-03
1.889478415250778198e-03
1.889186212792992592e-03
1.888877013698220253e-03
1.888548606075346470e-03
1.888197846710681915e-03
1.969082280993461609e-03
1.892962260171771049e-03
1.888736733235418797e-03
1.887715887278318405e-03
1.887261285446584225e-03
1.886861748062074184e-03
1.886442303657531738e-03
1.885993522591888905e-03
1.885504345409572124e-03
1.884962432086467743e-03
1.884354394860565662e-03
1.883663120679557323e-03
1.882866956293582916e-03
1.904387958347797394e-03
1.886145328171551228e-03
1.882711891084909439e-03
1.881756121292710304e-03
1.880800002254545689e-03
1.879779738374054432e-03
1.878602779470384121e-03
1.877216272987425327e-03
1.875556190498173237e-03
1.873542787507176399e-03
1.871053595095872879e-03
1.941877300851047039e-03
1.874512410722672939e-03
1.870204112492501736e-03
1.867821672931313515e-03
1.865066471509635448e-03
1.862002187408506870e-03
1.858405652455985546e-03
1.854223199188709259e-03
1.849651453085243702e-03
1.884616562165319920e-03
1.853673486039042473e-03
1.843229634687304497e-03
1.840277109295129776e-03
1.838319003582000732e-03
1.836909097619354725e-03
1.835801405832171440e-03
1.834896975196897984e-03
1.834130380302667618e-03
1.833459478802978992e-03
1.832854584790766239e-03
1.832296489737927914e-03
1.831770990975201130e-03
1.831267494708299637e-03
1.830777502618730068e-03
1.834307797253131866e-03
1.831193687394261360e-03
1.829605083912611008e-03
1.829184242524206638e-03
1.828745356760919094e-03
1.828302512876689434e-03
1.827834290452301502e-03
1.827333937399089336e-03
1.826799008995294571e-03
1.826232066377997398e-03
1.837354386225342751e-03
1.827419269829988480e-03
1.825859071686863899e-03
1.824997714720666409e-03
1.824539736844599247e-03
1.824080245569348335e-03
1.823623199015855789e-03
1.823161495849490166e-03
1.822696998715400696e-03
1.822233898565173149e-03
1.821778831072151661e-03
1.825666404329240322e-03
1.825611689127981663e-03
1.822059159167110920e-03
1.821443904191255569e-03
1.820956706069409847e-03
1.820618752390146255e-03
1.820314209908246994e-03
1.820032019168138504e-03
1.819769036956131458e-03
1.819523400627076626e-03
1.819293946027755737e-03
1.819077995605766773e-03
1.818874501623213291e-03
1.818680553697049618e-03
1.818494754843413830e-03
1.818315475247800350e-03
1.818142831325531006e-03
1.846210099756717682e-03
1.821445417590439320e-03
1.818083343096077442e-03
1.817874843254685402e-03
1.817666226997971535e-03
1.817507087253034115e-03
1.817354583181440830e-03
1.817207084968686104e-03
1.817062380723655224e-03
1.816918724216520786e-03
1.816775416955351830e-03
1.816631993278861046e-03
1.816487871110439301e-03
1.816342119127511978e-03
1.816196832805871964e-03
1.833694404922425747e-03
1.816514530219137669e-03
1.816376112401485443e-03
1.815892523154616356e-03
1.815716503188014030e-03
1.815558061935007572e-03
1.815407886169850826e-03
1.815258408896625042e-03
1.815107883885502815e-03
1.814955263398587704e-03
1.814799848943948746e-03
1.814641524106264114e-03
1.814479823224246502e-03
1.814314629882574081e-03
1.814146409742534161e-03
1.849377062171697617e-03
1.817625132389366627e-03
1.813929527997970581e-03
1.813665381632745266e-03
1.813463168218731880e-03
1.813280279748141766e-03
1.813095412217080593e-03
1.812906935811042786e-03
1.812713220715522766e-03
1.812513335607945919e-03
1.812306116335093975e-03
1.812091446481645107e-03
1.823054277338087559e-03
1.812182599678635597e-03
1.811602385714650154e-03
1.811389112845063210e-03
1.811112975701689720e-03
1.810862682759761810e-03
1.810609828680753708e-03
1.810345798730850220e-03
1.811249880120158195e-03
1.810238580219447613e-03
1.809852547012269497e-03
1.809491659514605999e-03
1.809122040867805481e-03
1.808809232898056507e-03
1.808489323593676090e-03
1.808157074265182018e-03
1.807812834158539772e-03
1.807456486858427525e-03
1.807089778594672680e-03
1.875167014077305794e-03
1.813083421438932419e-03
1.807364751584827900e-03
1.806181273423135281e-03
1.805843319743871689e-03
1.805514097213745117e-03
1.805201289243996143e-03
1.804895000532269478e-03
1.804593834094703197e-03
1.804298488423228264e-03
1.804010360501706600e-03
1.803729566745460033e-03
1.803458319045603275e-03
1.816707197576761246e-03
1.805492560379207134e-03
1.803241320885717869e-03
1.802880666218698025e-03
1.802634913474321365e-03
1.802428159862756729e-03
1.802228507585823536e-03
1.802034559659659863e-03
1.801844337023794651e-03
1.801657606847584248e-03
1.801472622901201248e-03
1.801344682462513447e-03
1.802683458663523197e-03
1.802659709937870502e-03
1.801101607270538807e-03
1.800864702090620995e-03
1.800664467737078667e-03
1.800487050786614418e-03
1.800313126295804977e-03
1.800136873498558998e-03
1.799957943148910999e-03
1.799789955839514732e-03
1.803977182134985924e-03
1.799690537154674530e-03
1.799511490389704704e-03
1.799205201677978039e-03
1.799002406187355518e-03
1.798804383724927902e-03
1.798605895601212978e-03
1.798896584659814835e-03
1.811247551813721657e-03
1.799081568606197834e-03
1.798086916096508503e-03
1.797846751287579536e-03
1.797627191990613937e-03
1.797416247427463531e-03
1.797204022295773029e-03
1.796988770365715027e-03
1.796770375221967697e-03
1.796571654267609119e-03
1.798656070604920387e-03
1.796524738892912865e-03
1.796011696569621563e-03
1.839711680077016354e-03
1.798140699975192547e-03
1.795597025193274021e-03
1.795280841179192066e-03
1.795060466974973679e-03
1.794835203327238560e-03
1.794612500816583633e-03
1.794387353584170341e-03
1.794159412384033203e-03
1.794165233150124550e-03
1.807289081625640392e-03
1.795640564523637295e-03
1.793678966350853443e-03
1.793335541151463985e-03
1.793080824427306652e-03
1.792858121916651726e-03
1.792634488083422184e-03
1.792409224435687065e-03
1.792181399650871754e-03
1.791954739019274712e-03
1.796209835447371006e-03
1.792190130800008774e-03
1.791415968909859657e-03
1.791138434782624245e-03
1.821047975681722164e-03
1.792447641491889954e-03
1.790906884707510471e-03
1.790405251085758209e-03
1.790096983313560486e-03
1.789839472621679306e-03
1.789575559087097645e-03
1.789301284588873386e-03
1.789276255294680595e-03
1.790550188161432743e-03
1.789758214727044106e-03
1.788404420949518681e-03
1.788022345863282681e-03
1.787674147635698318e-03
1.787315355613827705e-03
1.786931767128407955e-03
1.786518609151244164e-03
1.786074019037187099e-03
1.814141985960304737e-03
1.786385546438395977e-03
1.785019994713366032e-03
1.784239779226481915e-03
1.783569809049367905e-03
1.782859326340258121e-03
1.782062114216387272e-03
1.781184342689812183e-03
1.792276743799448013e-03
1.781507977284491062e-03
1.778477104380726814e-03
1.777181634679436684e-03
1.776047516614198685e-03
1.775006763637065887e-03
1.774042611941695213e-03
1.773697207681834698e-03
1.782585051842033863e-03
1.772413030266761780e-03
1.771045965142548084e-03
1.770267495885491371e-03
1.769507769495248795e-03
1.768750138580799103e-03
1.767983543686568737e-03
1.767209148965775967e-03
1.775612938217818737e-03
1.768281683325767517e-03
1.765371416695415974e-03
1.764466054737567902e-03
1.763641368597745895e-03
1.762820407748222351e-03
1.761975581757724285e-03
1.761099905706942081e-03
1.760188955813646317e-03
1.800913247279822826e-03
1.762170926667749882e-03
1.758442260324954987e-03
1.756921759806573391e-03
1.755899051204323769e-03
1.754870172590017319e-03
1.753793447278439999e-03
1.752658979967236519e-03
1.751458737999200821e-03
1.750183408148586750e-03
1.764869317412376404e-03
1.752620795741677284e-03
1.747170579619705677e-03
1.745099551044404507e-03
1.743471832014620304e-03
1.741753309033811092e-03
1.740705803968012333e-03
1.748020527884364128e-03
1.736778765916824341e-03
1.734576188027858734e-03
1.732159988023340702e-03
1.729704090394079685e-03
1.742266234941780567e-03
1.731177442707121372e-03
1.724705449305474758e-03
1.720799016766250134e-03
1.718073966912925243e-03
1.716834260150790215e-03
1.722086686640977859e-03
1.711182761937379837e-03
1.708626514300704002e-03
1.706103445030748844e-03
1.706182840280234814e-03
1.702629029750823975e-03
1.700088032521307468e-03
1.697544823400676250e-03
1.704105292446911335e-03
1.695075538009405136e-03
1.691157347522675991e-03
1.688833232037723064e-03
1.686396193690598011e-03
1.725469133816659451e-03
1.691204844973981380e-03
1.682125381194055080e-03
1.679699635133147240e-03
1.677362015470862389e-03
1.675105420872569084e-03
1.674919854849576950e-03
1.681886264123022556e-03
1.671718899160623550e-03
1.667991979047656059e-03
1.665646675974130630e-03
1.663541421294212341e-03
1.661456306464970112e-03
1.659373054280877113e-03
1.669674995355308056e-03
1.667116070166230202e-03
1.655314001254737377e-03
1.652794773690402508e-03
1.650834572501480579e-03
1.695753773674368858e-03
1.652777777053415775e-03
1.646554097533226013e-03
1.644173054955899715e-03
1.642180955968797207e-03
1.640249742195010185e-03
1.646565971896052361e-03
1.638441463001072407e-03
1.635562046431005001e-03
1.633526757359504700e-03
1.631464343518018723e-03
1.665418967604637146e-03
1.638647634536027908e-03
1.627986319363117218e-03
1.644539646804332733e-03
1.625032164156436920e-03
1.621030387468636036e-03
1.619438873603940010e-03
1.618365058675408363e-03
1.615218701772391796e-03
1.613353262655436993e-03
1.610849751159548759e-03
1.608681399375200272e-03
1.620139228180050850e-03
1.608934369869530201e-03
1.603785902261734009e-03
1.612284802831709385e-03
1.601647702045738697e-03
1.597651164047420025e-03
1.595132285729050636e-03
1.620918279513716698e-03
1.595946960151195526e-03
1.590153318829834461e-03
1.587360864505171776e-03
1.641331007704138756e-03
1.594153931364417076e-03
1.582945697009563446e-03
1.590188941918313503e-03
1.582252443768084049e-03
1.576866139657795429e-03
1.574230380356311798e-03
1.572190318256616592e-03
1.570157473906874657e-03
1.619464484974741936e-03
1.573359826579689980e-03
1.565592363476753235e-03
1.563373953104019165e-03
1.585336867719888687e-03
1.563084544613957405e-03
1.558279269374907017e-03
1.556065166369080544e-03
1.554152811877429485e-03
1.552300760522484779e-03
1.594225177541375160e-03
1.556075992994010448e-03
1.548333559185266495e-03
1.545927370898425579e-03
1.543988706544041634e-03
1.542183686979115009e-03
1.565161743201315403e-03
1.540888450108468533e-03
1.538131735287606716e-03
1.535814488306641579e-03
1.534002483822405338e-03
1.532314112409949303e-03
1.559676835313439369e-03
1.533650560304522514e-03
1.527879154309630394e-03
1.525565749034285545e-03
1.523732673376798630e-03
1.521900878287851810e-03
1.522355014458298683e-03
1.522552454844117165e-03
1.519213663414120674e-03
1.515076612122356892e-03
1.513562747277319431e-03
1.539391931146383286e-03
1.511175069026648998e-03
1.508831162936985493e-03
1.506501925177872181e-03
1.504647196270525455e-03
1.502770581282675266e-03
1.500882441177964211e-03
1.499013043940067291e-03
1.559933996759355068e-03
1.500030863098800182e-03
1.494461903348565102e-03
1.492069452069699764e-03
1.517474185675382614e-03
1.496165292337536812e-03
1.486967783421278000e-03
1.484899432398378849e-03
1.482910476624965668e-03
1.480937469750642776e-03
1.479280297644436359e-03
1.520188059657812119e-03
1.478480873629450798e-03
1.474245800636708736e-03
1.502473838627338409e-03
1.473026466555893421e-03
1.467978814616799355e-03
1.465694163925945759e-03
1.464047585614025593e-03
1.484436565078794956e-03
1.464897999539971352e-03
1.457909587770700455e-03
1.457031001336872578e-03
1.465713023208081722e-03
1.453809556551277637e-03
1.449819421395659447e-03
1.447634422220289707e-03
1.445453031919896603e-03
1.547563471831381321e-03
1.443957327865064144e-03
1.441416679881513119e-03
1.437987317331135273e-03
1.435786834917962551e-03
1.433763885870575905e-03
1.480570412240922451e-03
1.431342330761253834e-03
1.427809707820415497e-03
1.425654743798077106e-03
1.423499314114451408e-03
1.421377295628190041e-03
1.444843015633523464e-03
1.421486260369420052e-03
1.415899256244301796e-03
1.413577236235141754e-03
1.411430188454687595e-03
1.444329507648944855e-03
1.420059008523821831e-03
1.406565424986183643e-03
1.403561793267726898e-03
1.444910769350826740e-03
1.413991092704236507e-03
1.398403779603540897e-03
1.395707717165350914e-03
1.393383950926363468e-03
1.391203491948544979e-03
1.389022567309439182e-03
1.389425946399569511e-03
1.408138428814709187e-03
1.386601477861404419e-03
1.381015405058860779e-03
1.378859160467982292e-03
1.376680913381278515e-03
1.374539453536272049e-03
1.375555759295821190e-03
1.378998742438852787e-03
1.368818571791052818e-03
1.366639626212418079e-03
1.446863054297864437e-03
1.364312716759741306e-03
1.361586153507232666e-03
1.358712674118578434e-03
1.356622902676463127e-03
1.354554318822920322e-03
1.366290962323546410e-03
1.354508218355476856e-03
1.350453356280922890e-03
1.347338780760765076e-03
1.345294760540127754e-03
1.343409530818462372e-03
1.394241931848227978e-03
1.346986973658204079e-03
1.339214853942394257e-03
1.336530316621065140e-03
1.361825270578265190e-03
1.339130220003426075e-03
1.333175576291978359e-03
1.330014318227767944e-03
1.328131649643182755e-03
1.327866222709417343e-03
1.348325400613248348e-03
1.327665289863944054e-03
1.322026946581900120e-03
1.320224837400019169e-03
1.378726912662386894e-03
1.325091579928994179e-03
1.317183487117290497e-03
1.314104069024324417e-03
1.312375301495194435e-03
1.310698338784277439e-03
1.455233781598508358e-03
1.326476107351481915e-03
1.308036968111991882e-03
1.305105164647102356e-03
1.303347409702837467e-03
1.301634823903441429e-03
1.299944822676479816e-03
1.402289140969514847e-03
1.299733878113329411e-03
1.296387636102735996e-03
1.293734298087656498e-03
1.292005879804491997e-03
1.290245214477181435e-03
1.288478262722492218e-03
1.401638612151145935e-03
1.295923953875899315e-03
1.284483703784644604e-03
1.282574725337326527e-03
1.280453172512352467e-03
1.278694486245512962e-03
1.305897720158100128e-03
1.278555486351251602e-03
1.273859175853431225e-03
1.271872664801776409e-03
1.269960543140769005e-03
1.268292195163667202e-03
1.291248481720685959e-03
1.267917803488671780e-03
1.263304846361279488e-03
1.536200870759785175e-03
1.262129633687436581e-03
1.258689095266163349e-03
1.256769290193915367e-03
1.254682545550167561e-03
1.252803253009915352e-03
1.250922912731766701e-03
1.249023713171482086e-03
1.247106469236314297e-03
1.430286909453570843e-03
1.245567458681762218e-03
1.242311904206871986e-03
1.240562647581100464e-03
1.238409429788589478e-03
1.246247789822518826e-03
1.241874648258090019e-03
1.235166331753134727e-03
1.231329515576362610e-03
1.229454181157052517e-03
1.235059695318341255e-03
1.243600272573530674e-03
1.224395236931741238e-03
1.222770544700324535e-03
1.220532227307558060e-03
1.219457830302417278e-03
1.231620903126895428e-03
1.218393095768988132e-03
1.214793417602777481e-03
1.221295678988099098e-03
1.213039038702845573e-03
1.208274974487721920e-03
1.210672664456069469e-03
1.233004382811486721e-03
1.204670756123960018e-03
1.201713574118912220e-03
1.249818364158272743e-03
1.206015353091061115e-03
1.197021920233964920e-03
1.194502809084951878e-03
1.263611717149615288e-03
1.198958605527877808e-03
1.190475421026349068e-03
1.187767949886620045e-03
1.185857690870761871e-03
1.193118048831820488e-03
1.194389653392136097e-03
1.181317260488867760e-03
1.181668136268854141e-03
1.196607132442295551e-03
1.179913058876991272e-03
1.174896256998181343e-03
1.172763411886990070e-03
1.170953386463224888e-03
1.169238705188035965e-03
1.230228343047201633e-03
1.176893943920731544e-03
1.166320405900478363e-03
1.162995817139744759e-03
1.161622814834117889e-03
1.193603733554482460e-03
1.158718252554535866e-03
1.157552469521760941e-03
1.155008212663233280e-03
1.153166289441287518e-03
1.187623594887554646e-03
1.157177379354834557e-03
1.150554162450134754e-03
1.146976370364427567e-03
1.145157031714916229e-03
1.143518835306167603e-03
1.216608798131346703e-03
1.145222689956426620e-03
1.139274216257035732e-03
1.137369079515337944e-03
1.135550905019044876e-03
1.138008781708776951e-03
1.143992529250681400e-03
1.134831923991441727e-03
1.129977405071258545e-03
1.127569703385233879e-03
1.125743496231734753e-03
1.125130103901028633e-03
1.138253952376544476e-03
1.127084367908537388e-03
1.120257773436605930e-03
1.117894193157553673e-03
1.116283703595399857e-03
1.150588621385395527e-03
1.123149646446108818e-03
1.111596706323325634e-03
1.109839649870991707e-03
1.107940915971994400e-03
1.260022865608334541e-03
1.116813044063746929e-03
1.106446958146989346e-03
1.101996749639511108e-03
1.100114779546856880e-03
1.098323264159262180e-03
1.098514883778989315e-03
1.113899983465671539e-03
1.097288099117577076e-03
1.093527418561279774e-03
1.090570469386875629e-03
1.088811433874070644e-03
1.143191359005868435e-03
1.087684649974107742e-03
1.085131196305155754e-03
1.082618255168199539e-03
1.218876452185213566e-03
1.090209698304533958e-03
1.078656758181750774e-03
1.076205284334719181e-03
1.074273255653679371e-03
1.074545318260788918e-03
1.072373241186141968e-03
1.072568120434880257e-03
1.111544435843825340e-03
1.071683596819639206e-03
1.065322896465659142e-03
1.063089002855122089e-03
1.061351387761533260e-03
1.119546475820243359e-03
1.060730894096195698e-03
1.060687936842441559e-03
1.055334694683551788e-03
1.053482992574572563e-03
1.068161218427121639e-03
1.055220956914126873e-03
1.049057813361287117e-03
1.054353546351194382e-03
1.065974822267889977e-03
1.048567006364464760e-03
1.042399089783430099e-03
1.040251925587654114e-03
1.039021299220621586e-03
1.075538457371294498e-03
1.041671843267977238e-03
1.081018592230975628e-03
1.032304600812494755e-03
1.030202838592231274e-03
1.041530165821313858e-03
1.040759147144854069e-03
1.029612962156534195e-03
1.023809541948139668e-03
1.021876465529203415e-03
1.020097755827009678e-03
1.080222427845001221e-03
1.022766227833926678e-03
1.017118571326136589e-03
1.026222947984933853e-03
1.014021807350218296e-03
1.014352892525494099e-03
1.015922171063721180e-03
1.017831615172326565e-03
1.005997648462653160e-03
1.004775869660079479e-03
1.049584709107875824e-03
1.007934915833175182e-03
1.001284574158489704e-03
9.980947943404316902e-04
1.024789642542600632e-03
1.011770684272050858e-03
1.004372024908661842e-03
9.924594778567552567e-04
9.899440919980406761e-04
9.881230071187019348e-04
9.863673476502299309e-04
9.847374167293310165e-04
1.136289560236036777e-03
9.997552260756492615e-04
9.822860592976212502e-04
9.788351599127054214e-04
9.769257158041000366e-04
9.751487523317337036e-04
9.733901824802160263e-04
9.834216907620429993e-04
9.813450742512941360e-04
9.707081480883061886e-04
9.682832751423120499e-04
9.719522204250097275e-04
9.692256571725010872e-04
9.629125124774873257e-04
9.600400808267295361e-04
9.586904197931289673e-04
9.792027994990348816e-04
9.612533613108098507e-04
9.543843916617333889e-04
9.515912970528006554e-04
1.013766741380095482e-03
9.496829588897526264e-04
9.471336961723864079e-04
1.061616698279976845e-03
9.436849504709243774e-04
9.417422115802764893e-04
9.394380613230168819e-04
9.378608665429055691e-04
9.680175571702420712e-04
9.420683491043746471e-04
9.325513383373618126e-04
1.101715490221977234e-03
9.416340617462992668e-04
9.297545184381306171e-04
9.253835305571556091e-04
9.232789743691682816e-04
9.317526710219681263e-04
9.301810059696435928e-04
9.587486856617033482e-04
9.188823751173913479e-04
9.157883469015359879e-04
9.129016543738543987e-04
9.652202134020626545e-04
9.209999116137623787e-04
9.065209887921810150e-04
9.044042089954018593e-04
9.641955839470028877e-04
9.072687826119363308e-04
8.993895025923848152e-04
9.193747537210583687e-04
9.192033321596682072e-04
8.946591988205909729e-04
8.893688209354877472e-04
8.868749137036502361e-04
9.249551803804934025e-04
8.906384464353322983e-04
8.809597929939627647e-04
8.773090085014700890e-04
8.748480468057096004e-04
9.400099515914916992e-04
8.778929477557539940e-04
8.688110392540693283e-04
8.657083963043987751e-04
8.631364325992763042e-04
8.609817014075815678e-04
8.706848020665347576e-04
8.585287723690271378e-04
8.547595934942364693e-04
8.520004339516162872e-04
8.651809184812009335e-04
8.616110426373779774e-04
8.477477822452783585e-04
8.436123607680201530e-04
8.409917354583740234e-04
8.392478921450674534e-04
8.495982619933784008e-04
8.383530657738447189e-04
8.417590870521962643e-04
8.611473022028803825e-04
8.286056108772754669e-04
8.303106296807527542e-04
8.485087309964001179e-04
8.265754440799355507e-04
8.204815676435828209e-04
8.200439042411744595e-04
8.588157361373305321e-04
8.188814972527325153e-04
8.124883170239627361e-04
8.106977329589426517e-04
8.080675033852458000e-04
8.101375424303114414e-04
8.736871532164514065e-04
8.104080916382372379e-04
8.008707081899046898e-04
7.994087063707411289e-04
8.337300969287753105e-04
8.024001144804060459e-04
8.222926990129053593e-04
8.016581996344029903e-04
7.923632510937750340e-04
8.526436868123710155e-04
7.879349286668002605e-04
7.827603840269148350e-04
8.420847007073462009e-04
7.847176166251301765e-04
7.885858067311346531e-04
8.053778437897562981e-04
7.781502790749073029e-04
7.724701426923274994e-04
7.899971678853034973e-04
8.657691651023924351e-04
7.770626689307391644e-04
7.652617059648036957e-04
7.831287221051752567e-04
7.766420021653175354e-04
7.633953937329351902e-04
7.596267387270927429e-04
7.745286566205322742e-04
7.635012152604758739e-04
7.821926847100257874e-04
7.677096873521804810e-04
7.555048796348273754e-04
8.051491458900272846e-04
7.501163054257631302e-04
7.501362706534564495e-04
7.671805797144770622e-04
7.569405133835971355e-04
7.432467537000775337e-04
7.395021384581923485e-04
8.058832027018070221e-04
7.422832422889769077e-04
7.321253069676458836e-04
7.927363039925694466e-04
7.636099471710622311e-04
7.270775386132299900e-04
7.249416084960103035e-04
7.253639632835984230e-04
7.721001747995615005e-04
7.243592408485710621e-04
7.194880163297057152e-04
7.358993170782923698e-04
7.231655181385576725e-04
7.147936848923563957e-04
7.121270755305886269e-04
7.100823568180203438e-04
7.086231489665806293e-04
7.397097651846706867e-04
7.220439729280769825e-04
7.064436795189976692e-04
7.029041298665106297e-04
7.008458487689495087e-04
7.287457119673490524e-04
7.320164586417376995e-04
7.039995398372411728e-04
6.961334147490561008e-04
6.934948032721877098e-04
6.947270594537258148e-04
6.947603542357683182e-04
6.921974709257483482e-04
6.878995336592197418e-04
7.363807526417076588e-04
6.915192352607846260e-04
6.848664488643407822e-04
6.813652580603957176e-04
6.893458194099366665e-04
7.019289187155663967e-04
6.812601932324469090e-04
6.758376839570701122e-04
6.742351688444614410e-04
7.034743321128189564e-04
6.905574700795114040e-04
6.703580729663372040e-04
6.790071493014693260e-04
6.801317795179784298e-04
6.719730445183813572e-04
6.646037800237536430e-04
6.621322245337069035e-04
8.281194604933261871e-04
6.707048742100596428e-04
6.606595125049352646e-04
6.570470868609845638e-04
6.552589475177228451e-04
8.774534799158573151e-04
6.702722166664898396e-04
6.531504332087934017e-04
6.501441239379346371e-04
6.483966717496514320e-04
8.546097669750452042e-04
6.659043719992041588e-04
6.477353163063526154e-04
6.433547823689877987e-04
8.590698125772178173e-04
6.573544233106076717e-04
6.422427250072360039e-04
6.388088222593069077e-04
6.367610767483711243e-04
6.355008808895945549e-04
7.373219123110175133e-04
6.694954936392605305e-04
6.491411477327346802e-04
6.346183363348245621e-04
6.312042241916060448e-04
6.295592174865305424e-04
6.281798705458641052e-04
6.268941797316074371e-04
8.635906269773840904e-04
6.524960044771432877e-04
6.280378438532352448e-04
6.230329163372516632e-04
6.214246386662125587e-04
6.226686527952551842e-04
6.566388765349984169e-04
6.256247288547456264e-04
6.187342223711311817e-04
6.168183172121644020e-04
7.504317327402532101e-04
6.281777168624103069e-04
6.158883916214108467e-04
6.152087007649242878e-04
6.501250900328159332e-04
6.148591055534780025e-04
6.098166340962052345e-04
6.504083285108208656e-04
6.120248581282794476e-04
6.074935663491487503e-04
6.047199130989611149e-04
6.044455221854150295e-04
6.627769325859844685e-04
6.071849493309855461e-04
6.016832776367664337e-04
6.091424729675054550e-04
6.332537741400301456e-04
6.020366563461720943e-04
5.987318581901490688e-04
6.661183433607220650e-04
6.095563294366002083e-04
5.970739293843507767e-04
5.935294902883470058e-04
6.331089534796774387e-04
6.112322444096207619e-04
5.923338467255234718e-04
5.902239936403930187e-04
5.887352745048701763e-04
5.876850918866693974e-04
5.867966683581471443e-04
7.869710680097341537e-04
6.063904729671776295e-04
5.859931698068976402e-04
5.836493219248950481e-04
5.829482106491923332e-04
6.384318694472312927e-04
5.835517658852040768e-04
5.816137418150901794e-04
5.802296218462288380e-04
7.147897267714142799e-04
5.950859631411731243e-04
5.794749013148248196e-04
5.768956034444272518e-04
6.970551330596208572e-04
5.883785197511315346e-04
5.739366170018911362e-04
5.790112772956490517e-04
5.878181545995175838e-04
5.740784690715372562e-04
5.709013785235583782e-04
6.704845000058412552e-04
5.912118940614163876e-04
5.697887972928583622e-04
5.681510083377361298e-04
6.985887885093688965e-04
5.818318459205329418e-04
5.672074039466679096e-04
5.649907398037612438e-04
6.887014606036245823e-04
5.769719136878848076e-04
5.627303034998476505e-04
5.672685219906270504e-04
5.688411765731871128e-04
5.643281037919223309e-04
5.622033495455980301e-04
6.462951423600316048e-04
5.685201613232493401e-04
5.581885343417525291e-04
5.913061322644352913e-04
5.770589923486113548e-04
5.590970395132899284e-04
5.558491684496402740e-04
5.750700947828590870e-04
5.559669807553291321e-04
5.530952475965023041e-04
5.509434849955141544e-04
5.498360260389745235e-04
5.689899553544819355e-04
5.545537569560110569e-04
5.538905970752239227e-04
5.480411346070468426e-04
5.462294793687760830e-04
6.297321524471044540e-04
5.576102994382381439e-04
5.487228045240044594e-04
5.439356900751590729e-04
5.427090218290686607e-04
5.421964451670646667e-04
6.269298028200864792e-04
5.594024551101028919e-04
5.406972486525774002e-04
5.393390310928225517e-04
5.385249969549477100e-04
5.376716726459562778e-04
5.735150189138948917e-04
5.852431058883666992e-04
5.394633044488728046e-04
5.356610054150223732e-04
5.342607619240880013e-04
5.339095951057970524e-04
6.539964233525097370e-04
5.440142704173922539e-04
5.339503986760973930e-04
5.310755805112421513e-04
6.518533919006586075e-04
5.565136088989675045e-04
5.330836866050958633e-04
5.298067699186503887e-04
5.462641129270195961e-04
5.312922294251620770e-04
5.269739776849746704e-04
