2.485740929841995239e-03
2.168693812564015388e-03
1.994425430893898010e-03
1.964857801795005798e-03
1.959226327016949654e-03
1.956620020791888237e-03
1.955108717083930969e-03
1.953991828486323357e-03
1.953137805685400963e-03
1.952439313754439354e-03
1.951831742189824581e-03
1.951279002241790295e-03
1.950761419720947742e-03
1.950270030647516251e-03
1.949801924638450146e-03
1.949356403201818466e-03
1.948933349922299385e-03
1.948532997630536556e-03
1.948155579157173634e-03
1.947800978086888790e-03
1.947469310835003853e-03
1.947159762494266033e-03
1.946871867403388023e-03
1.946604927070438862e-03
1.946357660926878452e-03
1.946129719726741314e-03
1.945919706486165524e-03
1.945726573467254639e-03
1.945548923686146736e-03
1.945386058650910854e-03
1.945236697793006897e-03
1.945100026205182076e-03
1.944973948411643505e-03
1.944858464412391186e-03
1.944752410054206848e-03
1.944654039107263088e-03
1.944563584402203560e-03
1.944479648955166340e-03
1.944401534274220467e-03
1.944328425452113152e-03
1.944259740412235260e-03
1.944195129908621311e-03
1.944134128279983997e-03
1.944075920619070530e-03
1.944020390510559082e-03
1.943966955877840519e-03
1.943915500305593014e-03
1.943865558132529259e-03
1.943817245773971081e-03
1.943770213983952999e-03
1.943723997101187706e-03
1.943678595125675201e-03
1.943634008057415485e-03
1.943590352311730385e-03
1.943547045812010765e-03
1.943504321388900280e-03
1.943462179042398930e-03
1.943420153111219406e-03
1.943378825671970844e-03
1.943337614648044109e-03
1.943296752870082855e-03
1.943256705999374390e-03
1.943216659128665924e-03
1.943176845088601112e-03
1.943137263879179955e-03
1.943098381161689758e-03
1.943059498444199562e-03
1.943020964972674847e-03
1.942982780747115612e-03
1.942945062182843685e-03
1.942907692864537239e-03
1.942870323546230793e-03
1.942833652719855309e-03
1.942796981893479824e-03
1.942760776728391647e-03
1.942725270055234432e-03
1.942689879797399044e-03
1.942654722370207310e-03
1.942620030604302883e-03
1.942586037330329418e-03
1.942552160471677780e-03
1.942518749274313450e-03
1.942485803738236427e-03
1.942453091032803059e-03
1.942421309649944305e-03
1.942389411851763725e-03
1.942358328960835934e-03
1.942327478900551796e-03
1.942297094501554966e-03
1.942267525009810925e-03
1.942238188348710537e-03
1.942209200933575630e-03
1.942180795595049858e-03
1.942153088748455048e-03
1.942125614732503891e-03
1.942098955623805523e-03
1.942072645761072636e-03
1.942046685144305229e-03
1.942021306604146957e-03
1.941996742971241474e-03
1.941972295753657818e-03
1.941948663443326950e-03
1.941925380378961563e-03
1.941902912221848965e-03
1.941880793310701847e-03
1.941859140060842037e-03
1.941838068887591362e-03
1.941817463375627995e-03
1.941797439940273762e-03
1.941778114996850491e-03
1.941759255714714527e-03
1.941740745678544044e-03
1.941722817718982697e-03
1.941705704666674137e-03
1.941688824445009232e-03
1.941672409884631634e-03
1.941656693816184998e-03
1.941641210578382015e-03
1.941626658663153648e-03
1.941612223163247108e-03
1.941598136909306049e-03
1.941584749147295952e-03
1.941571943461894989e-03
1.941559603437781334e-03
1.941547379828989506e-03
1.941535854712128639e-03
1.941524446010589600e-03
1.941513735800981522e-03
1.941503491252660751e-03
1.941493363119661808e-03
1.941483817063271999e-03
1.941474620252847672e-03
1.941465656273066998e-03
1.941457157954573631e-03
1.941448892466723919e-03
1.941440859809517860e-03
1.941433525644242764e-03
1.941426191478967667e-03
1.941419206559658051e-03
1.941412338055670261e-03
1.941406168043613434e-03
1.941399881616234779e-03
1.941393944434821606e-03
1.941388240084052086e-03
1.941382884979248047e-03
1.941377413459122181e-03
1.941372640430927277e-03
1.941367867402732372e-03
1.941363094374537468e-03
1.941358670592308044e-03
1.941354712471365929e-03
1.941350521519780159e-03
1.941346679814159870e-03
1.941342838108539581e-03
1.941339462064206600e-03
1.941335969604551792e-03
1.941332593560218811e-03
1.941329566761851311e-03
1.941326423548161983e-03
1.941323629580438137e-03
1.941321184858679771e-03
1.941318507306277752e-03
1.941315829753875732e-03
1.941313501447439194e-03
1.941313501447439194e-03
2.096473937854170799e-03
1.957678701728582382e-03
1.941969967447221279e-03
1.941316528245806694e-03
1.941339462064206600e-03
1.941302092745900154e-03
1.941300579346716404e-03
1.941299065947532654e-03
1.941297319717705250e-03
1.941295922733843327e-03
1.941294409334659576e-03
1.941293245181441307e-03
1.941292197443544865e-03
1.941291033290326595e-03
1.941289869137108326e-03
1.941288704983890057e-03
1.941287540830671787e-03
1.941286609508097172e-03
1.941285678185522556e-03
1.941284514032304287e-03
1.942332251928746700e-03
1.994218910112977028e-03
1.943634706549346447e-03
1.941422233358025551e-03
1.941369031555950642e-03
1.941293827258050442e-03
1.941281487233936787e-03
1.941279391758143902e-03
1.941278926096856594e-03
1.941278227604925632e-03
1.941277645528316498e-03
1.941277063451707363e-03
1.941276481375098228e-03
1.941275782883167267e-03
1.941275317221879959e-03
1.941274967975914478e-03
1.941274618729948997e-03
1.941274036653339863e-03
1.941273454576730728e-03
1.941273221746087074e-03
1.941272639669477940e-03
1.941272290423512459e-03
1.941271941177546978e-03
1.941565889865159988e-03
1.993331126868724823e-03
1.944751827977597713e-03
1.941291615366935730e-03
1.941318507306277752e-03
1.941276481375098228e-03
1.941269612871110439e-03
1.941269263625144958e-03
1.941268914379179478e-03
1.941268448717892170e-03
1.941268332302570343e-03
1.941268099471926689e-03
1.941267750225961208e-03
1.941267400979995728e-03
1.941267400979995728e-03
1.941266935318708420e-03
1.941266818903386593e-03
1.941266353242099285e-03
1.944693736732006073e-03
1.941493712365627289e-03
1.941368100233376026e-03
1.941487309522926807e-03
1.941303955391049385e-03
1.941266586072742939e-03
1.941264490596950054e-03
1.941264257766306400e-03
1.941263908520340919e-03
1.941263559274375439e-03
1.941263559274375439e-03
1.941263326443731785e-03
1.941263093613088131e-03
1.941262744367122650e-03
1.941262744367122650e-03
1.941262395121157169e-03
1.941262395121157169e-03
1.941262045875191689e-03
1.941261813044548035e-03
1.941261580213904381e-03
1.941261463798582554e-03
1.941261230967938900e-03
1.941262627951800823e-03
2.040791325271129608e-03
1.945944386534392834e-03
1.941277296282351017e-03
1.941399532370269299e-03
1.941287890076637268e-03
1.941260881721973419e-03
1.941259484738111496e-03
1.941259368322789669e-03
1.941258902661502361e-03
1.941258902661502361e-03
1.941258786246180534e-03
1.941258553415536880e-03
1.941258437000215054e-03
1.941258204169571400e-03
1.941257971338927746e-03
1.941257854923605919e-03
1.941257622092962265e-03
1.941257389262318611e-03
1.941257389262318611e-03
1.941257622092962265e-03
1.957122469320893288e-03
1.951450714841485023e-03
1.942327013239264488e-03
1.941491849720478058e-03
1.941279973834753036e-03
1.941255875863134861e-03
1.941255526617169380e-03
1.941255526617169380e-03
1.941255177371203899e-03
1.941255177371203899e-03
1.941254944540560246e-03
1.941254711709916592e-03
1.941254595294594765e-03
1.941254362463951111e-03
1.941254362463951111e-03
1.941254013217985630e-03
1.941254013217985630e-03
1.941253780387341976e-03
1.941268099471926689e-03
2.012933604419231415e-03
1.946541131474077702e-03
1.941769034601747990e-03
1.941366936080157757e-03
1.941254013217985630e-03
1.941252266988158226e-03
1.941252034157514572e-03
1.941251917742192745e-03
1.941251684911549091e-03
1.941251568496227264e-03
1.941251335665583611e-03
1.941251102834939957e-03
1.941250986419618130e-03
1.941250986419618130e-03
1.941250520758330822e-03
1.941250404343008995e-03
1.941250404343008995e-03
1.941250171512365341e-03
1.941249938681721687e-03
1.941250171512365341e-03
2.149578882381320000e-03
1.941251102834939957e-03
1.941851922310888767e-03
1.941476017236709595e-03
1.941282651387155056e-03
1.941252034157514572e-03
1.941248308867216110e-03
1.941248076036572456e-03
1.941247843205928802e-03
1.941247726790606976e-03
1.941247493959963322e-03
1.941247144713997841e-03
1.941247144713997841e-03
1.941246911883354187e-03
1.941246795468032360e-03
1.941246562637388706e-03
1.941246562637388706e-03
1.941246329806745052e-03
1.941245980560779572e-03
1.941245980560779572e-03
1.941245747730135918e-03
1.941245631314814091e-03
1.941245631314814091e-03
1.941245165653526783e-03
1.941245165653526783e-03
1.941245049238204956e-03
1.941244816407561302e-03
1.941244699992239475e-03
1.941244467161595821e-03
1.941250171512365341e-03
2.017008373513817787e-03
1.943421550095081329e-03
1.941257272846996784e-03
1.941275317221879959e-03
1.941245049238204956e-03
1.941243652254343033e-03
1.941243303008377552e-03
1.941242953762412071e-03
1.941242720931768417e-03
1.941242604516446590e-03
1.941242138855159283e-03
1.941242138855159283e-03
1.941242022439837456e-03
1.941241789609193802e-03
1.941241556778550148e-03
1.941243303008377552e-03
1.965408213436603546e-03
1.947815646417438984e-03
1.942657050676643848e-03
1.941431430168449879e-03
1.941265072673559189e-03
1.941241556778550148e-03
1.941240276210010052e-03
1.941239926964044571e-03
1.941239926964044571e-03
1.941239461302757263e-03
1.941239344887435436e-03
1.941239112056791782e-03
1.941238879226148129e-03
1.941238762810826302e-03
1.941238762810826302e-03
1.941238297149538994e-03
1.941247144713997841e-03
1.978415064513683319e-03
1.943841692991554737e-03
1.941283582709729671e-03
1.941254013217985630e-03
1.941253431141376495e-03
1.941237249411642551e-03
1.941237249411642551e-03
1.941236667335033417e-03
1.941236434504389763e-03
1.941236434504389763e-03
1.941236085258424282e-03
1.941236085258424282e-03
1.941235736012458801e-03
1.941235736012458801e-03
1.941235270351171494e-03
1.941235153935849667e-03
1.941234921105206013e-03
1.941234921105206013e-03
1.941234571859240532e-03
1.941234571859240532e-03
1.941400114446878433e-03
1.971387537196278572e-03
1.941858441568911076e-03
1.941447728313505650e-03
1.941285328939557076e-03
1.941238297149538994e-03
1.941233058460056782e-03
1.941233058460056782e-03
1.941232592798769474e-03
1.941232592798769474e-03
1.941232243552803993e-03
1.941232243552803993e-03
1.941231894306838512e-03
1.941231894306838512e-03
1.941231545060873032e-03
1.941231545060873032e-03
1.941231079399585724e-03
1.941231079399585724e-03
1.941230730153620243e-03
1.941231545060873032e-03
1.999782165512442589e-03
1.941830618306994438e-03
1.941524678841233253e-03
1.941390219144523144e-03
1.941239344887435436e-03
1.941231545060873032e-03
1.941229216754436493e-03
1.941229216754436493e-03
1.941228983923792839e-03
1.941228867508471012e-03
1.941228634677827358e-03
1.941228285431861877e-03
1.941228052601218224e-03
1.941227819770574570e-03
1.941227703355252743e-03
1.941227237693965435e-03
1.941227121278643608e-03
1.941226888447999954e-03
1.941226772032678127e-03
1.941226539202034473e-03
1.941226539202034473e-03
1.941235736012458801e-03
2.026170957833528519e-03
1.941631664521992207e-03
1.941275550052523613e-03
1.941226772032678127e-03
1.941228052601218224e-03
1.941226888447999954e-03
1.941225025802850723e-03
1.941224792972207069e-03
1.941224676556885242e-03
1.941224443726241589e-03
1.941224094480276108e-03
1.941223861649632454e-03
1.941223628818988800e-03
1.941223512403666973e-03
1.941223046742379665e-03
1.941222930327057838e-03
1.941222930327057838e-03
1.941222581081092358e-03
1.941222348250448704e-03
1.941222115419805050e-03
1.941221999004483223e-03
1.941221766173839569e-03
1.941221416927874088e-03
1.941221184097230434e-03
1.941220834851264954e-03
1.941220834851264954e-03
1.941220369189977646e-03
1.941220252774655819e-03
1.941220019944012165e-03
1.941264141350984573e-03
1.952025922946631908e-03
1.943050301633775234e-03
1.941377995535731316e-03
1.941302674822509289e-03
1.941220252774655819e-03
1.941219321452081203e-03
1.941218506544828415e-03
1.941218157298862934e-03
1.941217924468219280e-03
1.941217808052897453e-03
1.941217575222253799e-03
1.941217225976288319e-03
1.941216993145644665e-03
1.941216993145644665e-03
1.941216411069035530e-03
1.941216178238391876e-03
1.941216061823070049e-03
1.941215828992426395e-03
1.941215479746460915e-03
1.941215246915817261e-03
1.941214897669851780e-03
1.941214897669851780e-03
1.941214315593242645e-03
1.941214082762598991e-03
1.941213966347277164e-03
1.941214664839208126e-03
2.021045889705419540e-03
1.950449659489095211e-03
1.942248316481709480e-03
1.941313850693404675e-03
1.941214315593242645e-03
1.941213733516633511e-03
1.941211987286806107e-03
1.941211870871484280e-03
1.941211405210196972e-03
1.941211288794875145e-03
1.941210939548909664e-03
1.941210706718266010e-03
1.941210357472300529e-03
1.941210124641656876e-03
1.941209775395691395e-03
1.941209309734404087e-03
1.941208960488438606e-03
1.941208844073116779e-03
1.941208378411829472e-03
1.941208261996507645e-03
1.941207796335220337e-03
1.941207447089254856e-03
1.941207097843289375e-03
1.941206865012645721e-03
1.941206515766680241e-03
1.942328060977160931e-03
1.956158317625522614e-03
1.941288355737924576e-03
1.941456925123929977e-03
1.941207447089254856e-03
1.941206865012645721e-03
1.941205351613461971e-03
1.941204769536852837e-03
1.941204420290887356e-03
1.941204071044921875e-03
1.941203838214278221e-03
1.941203605383634567e-03
1.941203256137669086e-03
1.941202906891703606e-03
1.941202441230416298e-03
1.941202324815094471e-03
1.941201742738485336e-03
1.941201742738485336e-03
1.941201160661876202e-03
1.941200927831232548e-03
1.941200578585267067e-03
1.941200229339301586e-03
1.941199880093336105e-03
1.941199414432048798e-03
1.941199298016726971e-03
1.941198715940117836e-03
1.941198483109474182e-03
1.941198133863508701e-03
1.941197784617543221e-03
1.941197202540934086e-03
1.941196736879646778e-03
1.941196387633681297e-03
1.941196154803037643e-03
1.941195572726428509e-03
1.941195223480463028e-03
1.941194874234497547e-03
1.941194524988532066e-03
1.941194059327244759e-03
1.941193710081279278e-03
1.941193128004670143e-03
1.941192545928061008e-03
1.941192196682095528e-03
1.941191614605486393e-03
1.941191265359520912e-03
1.941501162946224213e-03
1.952004386112093925e-03
1.944631105288863182e-03
1.941444934345781803e-03
1.941192196682095528e-03
1.941193360835313797e-03
1.941189519129693508e-03
1.941188354976475239e-03
1.941188005730509758e-03
1.941187656484544277e-03
1.941187074407935143e-03
1.941186492331326008e-03
1.941186143085360527e-03
1.941185677424073219e-03
1.941185095347464085e-03
1.941184513270854950e-03
1.941184164024889469e-03
1.941183814778923988e-03
1.941182999871671200e-03
1.941182417795062065e-03
1.941181952133774757e-03
1.941181486472487450e-03
1.941180904395878315e-03
1.941180322319269180e-03
1.941179856657981873e-03
1.941179274581372738e-03
1.941178692504763603e-03
1.941178110428154469e-03
1.941177295520901680e-03
1.941176713444292545e-03
1.941176131367683411e-03
1.941175432875752449e-03
1.941174617968499660e-03
1.941174035891890526e-03
1.941173337399959564e-03
1.941740745678544044e-03
1.948672230355441570e-03
1.944522024132311344e-03
1.941587193869054317e-03
1.941231312230229378e-03
1.941178110428154469e-03
1.941169728524982929e-03
1.941168913617730141e-03
1.941168331541121006e-03
1.941167749464511871e-03
1.941167050972580910e-03
1.941166468895971775e-03
1.941165886819362640e-03
1.941165071912109852e-03
1.941164373420178890e-03
1.941163791343569756e-03
1.941162860020995140e-03
1.941162277944386005e-03
1.941161463037133217e-03
1.941160764545202255e-03
1.941159949637949467e-03
1.941159251146018505e-03
1.941158436238765717e-03
1.941157504916191101e-03
1.941156690008938313e-03
1.941155991517007351e-03
1.941155060194432735e-03
1.941154012456536293e-03
1.941153313964605331e-03
1.941152149811387062e-03
1.941151218488812447e-03
1.941150287166237831e-03
1.941149123013019562e-03
1.941147958859801292e-03
1.941147143952548504e-03
1.941145863384008408e-03
1.941144932061433792e-03
1.942106988281011581e-03
1.945774420164525509e-03
1.941489404998719692e-03
1.941174501553177834e-03
1.941140275448560715e-03
1.941141439601778984e-03
1.941137597896158695e-03
1.941136550158262253e-03
1.941135386005043983e-03
1.941133989021182060e-03
1.941132708452641964e-03
1.941131195053458214e-03
1.941129798069596291e-03
1.941128517501056194e-03
1.941127004101872444e-03
1.941290451213717461e-03
1.955379731953144073e-03
1.942744362168014050e-03
1.941247493959963322e-03
1.941138645634055138e-03
1.941121998243033886e-03
1.941116293892264366e-03
1.941114780493080616e-03
1.941113267093896866e-03
1.941111288033425808e-03
1.941109658218920231e-03
1.941107911989092827e-03
1.941105932928621769e-03
1.941103721037507057e-03
1.941101741977035999e-03
1.941099879331886768e-03
1.941852737218141556e-03
1.949633704498410225e-03
1.942486385814845562e-03
1.941130729392170906e-03
1.941090100444853306e-03
1.941088004969060421e-03
1.941085793077945709e-03
1.941083464771509171e-03
1.941081020049750805e-03
1.941078342497348785e-03
1.941075897775590420e-03
1.941073220223188400e-03
1.941070309840142727e-03
1.941067399457097054e-03
1.941064372658729553e-03
1.941061345860362053e-03
1.941058668307960033e-03
1.952631282620131969e-03
1.945233903825283051e-03
1.941813272424042225e-03
1.941123860888183117e-03
1.941053313203155994e-03
1.941040973179042339e-03
1.941035850904881954e-03
1.941032125614583492e-03
1.941027934662997723e-03
1.941024209372699261e-03
1.941019785590469837e-03
1.941015361808240414e-03
1.941010821610689163e-03
1.941005815751850605e-03
1.941000693477690220e-03
1.941003371030092239e-03
1.967543037608265877e-03
1.941763213835656643e-03
1.941014197655022144e-03
1.940980437211692333e-03
1.940976479090750217e-03
1.940964604727923870e-03
1.940958201885223389e-03
1.940951449796557426e-03
1.940944814123213291e-03
1.940937363542616367e-03
1.940929912962019444e-03
1.940921880304813385e-03
1.940913498401641846e-03
1.940906513482332230e-03
1.973403850570321083e-03
1.942564966157078743e-03
1.941056340001523495e-03
1.940907095558941364e-03
1.940870191901922226e-03
1.940852263942360878e-03
1.940841786563396454e-03
1.940830610692501068e-03
1.940818736329674721e-03
1.940805930644273758e-03
1.940792775712907314e-03
1.940778922289609909e-03
1.940764021128416061e-03
1.940748305059969425e-03
1.940782531164586544e-03
1.957971602678298950e-03
1.941923866979777813e-03
1.940701622515916824e-03
1.940692309290170670e-03
1.940656802617013454e-03
1.940634683705866337e-03
1.940614311024546623e-03
1.940592890605330467e-03
1.940570422448217869e-03
1.940546557307243347e-03
1.940521528013050556e-03
1.940494868904352188e-03
1.940466696396470070e-03
1.940436544828116894e-03
1.940404879860579967e-03
1.940372749231755733e-03
1.957517117261886597e-03
1.940483460202813148e-03
1.940381247550249100e-03
1.940308720804750919e-03
1.940222922712564468e-03
1.940187066793441772e-03
1.940149464644491673e-03
1.940110931172966957e-03
1.940071000717580318e-03
1.940029673278331757e-03
1.939986599609255791e-03
1.939942128956317902e-03
1.939895912073552608e-03
1.939848414622247219e-03
1.939799403771758080e-03
1.939749345183372498e-03
1.939697773195803165e-03
1.939689624123275280e-03
1.944894902408123016e-03
1.940469723194837570e-03
1.939557376317679882e-03
1.939508714713156223e-03
1.939441426657140255e-03
1.939395093359053135e-03
1.939350622706115246e-03
1.939306035637855530e-03
1.939261332154273987e-03
1.939216512255370617e-03
1.939171925187110901e-03
1.939127338118851185e-03
1.939082285389304161e-03
1.939037232659757137e-03
1.938991830684244633e-03
1.946553704328835011e-03
1.940311747603118420e-03
1.939101726748049259e-03
1.938893459737300873e-03
1.938848057761788368e-03
1.938809873536229134e-03
1.938774250447750092e-03
1.938740140758454800e-03
1.938705216161906719e-03
1.938670058734714985e-03
1.938634668476879597e-03
1.938598579727113247e-03
1.938561792485415936e-03
1.938524539582431316e-03
1.938486471772193909e-03
1.938447472639381886e-03
1.938524190336465836e-03
1.942815026268362999e-03
1.938487752340734005e-03
1.938421628437936306e-03
1.938349334523081779e-03
1.938299858011305332e-03
1.938264002092182636e-03
1.938229659572243690e-03
1.938195317052304745e-03
1.938159926794469357e-03
1.938124070875346661e-03
1.938087632879614830e-03
1.938050612807273865e-03
1.938012661412358284e-03
1.937973895110189915e-03
1.937934430316090584e-03
1.937894383445382118e-03
1.937878783792257309e-03
1.938554923981428146e-03
1.937900087796151638e-03
1.937807421199977398e-03
1.937769236974418163e-03
1.937732682563364506e-03
1.937693334184587002e-03
1.937655732035636902e-03
1.937617780640721321e-03
1.937578897923231125e-03
1.937539433129131794e-03
1.937499153427779675e-03
1.937457942403852940e-03
1.937416382133960724e-03
1.937373657710850239e-03
1.937330001965165138e-03
1.937422901391983032e-03
1.943295472301542759e-03
1.937316497787833214e-03
1.937408815138041973e-03
1.937207765877246857e-03
1.937158172950148582e-03
1.937117311172187328e-03
1.937075518071651459e-03
1.937033026479184628e-03
1.936989487148821354e-03
1.936945249326527119e-03
1.936899847351014614e-03
1.936853514052927494e-03
1.936806016601622105e-03
1.936757471412420273e-03
1.936707412824034691e-03
1.936656306497752666e-03
1.936605200171470642e-03
1.963140908628702164e-03
1.936886925250291824e-03
1.936778193339705467e-03
1.936540124006569386e-03
1.936449785716831684e-03
1.936399028636515141e-03
1.936346059665083885e-03
1.936292392201721668e-03
1.936236862093210220e-03
1.936180051416158676e-03
1.936121261678636074e-03
1.936061074957251549e-03
1.935998909175395966e-03
1.935934415087103844e-03
1.935868058353662491e-03
1.935799373313784599e-03
1.935728359967470169e-03
1.969137927517294884e-03
1.936410088092088699e-03
1.935889013111591339e-03
1.935578067786991596e-03
1.935465377755463123e-03
1.935386215336620808e-03
1.935305772349238396e-03
1.935223117470741272e-03
1.935137319378554821e-03
1.935048261657357216e-03
1.934956293553113937e-03
1.934860600158572197e-03
1.934760948643088341e-03
1.934789586812257767e-03
1.934736152179539204e-03
1.935696345753967762e-03
1.934665255248546600e-03
1.934410654939711094e-03
1.934312749654054642e-03
1.934207510203123093e-03
1.934100873768329620e-03
1.933991210535168648e-03
1.933877938427031040e-03
1.933760824613273144e-03
1.933639636263251305e-03
1.933514489792287350e-03
1.933385035954415798e-03
1.933251274749636650e-03
1.933156861923635006e-03
1.943027251400053501e-03
1.934636617079377174e-03
1.933088293299078941e-03
1.932794577442109585e-03
1.932659070007503033e-03
1.932529266923666000e-03
1.932396320626139641e-03
1.932259532622992992e-03
1.932118902914226055e-03
1.931973616592586040e-03
1.931824255734682083e-03
1.931670005433261395e-03
1.931510167196393013e-03
1.931344973854720592e-03
1.931173610500991344e-03
1.968313939869403839e-03
1.936679240316152573e-03
1.931397826410830021e-03
1.930779195390641689e-03
1.930588856339454651e-03
1.930427853949368000e-03
1.930265338160097599e-03
1.930099213495850563e-03
1.929927384480834007e-03
1.929749036207795143e-03
1.929563819430768490e-03
1.929371268488466740e-03
1.929170568473637104e-03
1.928960788063704967e-03
1.928741461597383022e-03
1.928511541336774826e-03
1.928277895785868168e-03
1.930178375914692879e-03
1.928463345393538475e-03
1.927842036820948124e-03
1.927599310874938965e-03
1.927361241541802883e-03
1.927125500515103340e-03
1.926882308907806873e-03
1.926627825014293194e-03
1.926361233927309513e-03
1.926081022247672081e-03
1.925786491483449936e-03
1.925476361066102982e-03
1.925149699673056602e-03
1.924805459566414356e-03
1.924442243762314320e-03
1.924059586599469185e-03
1.924904412589967251e-03
1.926977070979773998e-03
1.923959353007376194e-03
1.922804745845496655e-03
1.922339783050119877e-03
1.921942457556724548e-03
1.921534305438399315e-03
1.921114628203213215e-03
1.920684357173740864e-03
1.920244540087878704e-03
1.919796457514166832e-03
1.919342204928398132e-03
1.918883295729756355e-03
1.919353380799293518e-03
1.918247551657259464e-03
1.917648245580494404e-03
1.921667833812534809e-03
1.918344409205019474e-03
1.916639273986220360e-03
1.916107488796114922e-03
1.915709464810788631e-03
1.915327622555196285e-03
1.914961379952728748e-03
1.931266975589096546e-03
1.914375694468617439e-03
1.913982327096164227e-03
1.913632964715361595e-03
1.913265557959675789e-03
1.912913634441792965e-03
1.912557170726358891e-03
1.912193256430327892e-03
1.911900704726576805e-03
1.915103057399392128e-03
1.911488478071987629e-03
1.910760416649281979e-03
1.910362625494599342e-03
1.909939339384436607e-03
1.909504295326769352e-03
1.922637107782065868e-03
1.910710823722183704e-03
1.908203121274709702e-03
1.907625934109091759e-03
1.907018246129155159e-03
1.906372373923659325e-03
1.905653276480734348e-03
1.904847682453691959e-03
1.905624521896243095e-03
1.904314733110368252e-03
1.902277697809040546e-03
1.900944858789443970e-03
1.899650320410728455e-03
1.898319926112890244e-03
1.896910252980887890e-03
1.895432476885616779e-03
1.893899869173765182e-03
1.916292123496532440e-03
1.891872729174792767e-03
1.889992505311965942e-03
1.888341852463781834e-03
1.886976184323430061e-03
1.885622390545904636e-03
1.884292578324675560e-03
1.882993848994374275e-03
1.881735515780746937e-03
1.896068919450044632e-03
1.883896184153854847e-03
1.879906747490167618e-03
1.878337236121296883e-03
1.877470756880939007e-03
1.876726513728499413e-03
1.876016729511320591e-03
1.875337911769747734e-03
1.874690176919102669e-03
1.874072244390845299e-03
1.873482600785791874e-03
1.872920198366045952e-03
1.872382359579205513e-03
1.906980294734239578e-03
1.873496570624411106e-03
1.871483167633414268e-03
1.871021231636404991e-03
1.870643231086432934e-03
1.870304113253951073e-03
1.869978499598801136e-03
1.869660918600857258e-03
1.869350438937544823e-03
1.869045547209680080e-03
1.868746476247906685e-03
1.868452643975615501e-03
1.868163119070231915e-03
1.867877552285790443e-03
1.867629354819655418e-03
1.869906904175877571e-03
1.867242390289902687e-03
1.867149723693728447e-03
1.866816659457981586e-03
1.866570208221673965e-03
1.866347622126340866e-03
1.866125036031007767e-03
1.865903846919536591e-03
1.865683472715318203e-03
1.865463797003030777e-03
1.865244470536708832e-03
1.865025260485708714e-03
1.864806748926639557e-03
1.864598365500569344e-03
1.893070992082357407e-03
1.866123173385858536e-03
1.864269026555120945e-03
1.864058780483901501e-03
1.863843877799808979e-03
1.863661571405827999e-03
1.863484736531972885e-03
1.863307552412152290e-03
1.863130135461688042e-03
1.862952020019292831e-03
1.862773671746253967e-03
1.862594508565962315e-03
1.862414646893739700e-03
1.862234086729586124e-03
1.862328499555587769e-03
1.866226899437606335e-03
1.862546661868691444e-03
1.861980999819934368e-03
1.861631171777844429e-03
1.861476688645780087e-03
1.861328026279807091e-03
1.861179713159799576e-03
1.861030934378504753e-03
1.860881922766566277e-03
1.860732212662696838e-03
1.860581571236252785e-03
1.860430114902555943e-03
1.860277843661606312e-03
1.860124757513403893e-03
1.859989133663475513e-03
1.860080286860466003e-03
1.862793695181608200e-03
1.859803916886448860e-03
1.859681215137243271e-03
1.859515323303639889e-03
1.859389012679457664e-03
1.859263982623815536e-03
1.859137904830276966e-03
1.859011361375451088e-03
1.858884352259337902e-03
1.858756644651293755e-03
1.858628005720674992e-03
1.858498319052159786e-03
1.858368283137679100e-03
1.858237083069980145e-03
1.858106581494212151e-03
1.885280013084411621e-03
1.861735829152166843e-03
1.858427422121167183e-03
1.857842435128986835e-03
1.857675146311521530e-03
1.857564901001751423e-03
1.857452327385544777e-03
1.857339637354016304e-03
1.857226365245878696e-03
1.857112045399844646e-03
1.856997259892523289e-03
1.856881659477949142e-03
1.856765127740800381e-03
1.856648596003651619e-03
1.902659423649311066e-03
1.862388802692294121e-03
1.857031253166496754e-03
1.856364775449037552e-03
1.856263726949691772e-03
1.856152433902025223e-03
1.856050454080104828e-03
1.855947775766253471e-03
1.855844398960471153e-03
1.855740556493401527e-03
1.855635549873113632e-03
1.855529961176216602e-03
1.855423324741423130e-03
1.855317503213882446e-03
1.905631623230874538e-03
1.857552677392959595e-03
1.855652546510100365e-03
1.855126000009477139e-03
1.854974660091102123e-03
1.854883506894111633e-03
1.854789676144719124e-03
1.854696194641292095e-03
1.854602014645934105e-03
1.854507368989288807e-03
1.854411675594747066e-03
1.854315167292952538e-03
1.854217844083905220e-03
1.854119822382926941e-03
1.854023663327097893e-03
1.902249525301158428e-03
1.855986774899065495e-03
1.854403992183506489e-03
1.853770227171480656e-03
1.853686058893799782e-03
1.853594207204878330e-03
1.853504916653037071e-03
1.853415276855230331e-03
1.853324705734848976e-03
1.853233319707214832e-03
1.853140769526362419e-03
1.853047288022935390e-03
1.852953340858221054e-03
1.862573204562067986e-03
1.861007302068173885e-03
1.852961489930748940e-03
1.852799905464053154e-03
1.852623652666807175e-03
1.852537738159298897e-03
1.852451241575181484e-03
1.852363348007202148e-03
1.852274523116648197e-03
1.852184650488197803e-03
1.852093031629920006e-03
1.852000714279711246e-03
1.851906883530318737e-03
1.852057990618050098e-03
1.863937475718557835e-03
1.852170331403613091e-03
1.851700595580041409e-03
1.851612818427383900e-03
1.851511537097394466e-03
1.851423992775380611e-03
1.851336448453366756e-03
1.851248089224100113e-03
1.851158333010971546e-03
1.851067296229302883e-03
1.850974746048450470e-03
1.850880798883736134e-03
1.850785221904516220e-03
1.850688131526112556e-03
1.851082895882427692e-03
1.855602255091071129e-03
1.851022243499755859e-03
1.850744592957198620e-03
1.850407570600509644e-03
1.850309316068887711e-03
1.850222004577517509e-03
1.850133412517607212e-03
1.850044354796409607e-03
1.849953550845384598e-03
1.849861466325819492e-03
1.849767984822392464e-03
1.849672873504459858e-03
1.849575899541378021e-03
1.849477761425077915e-03
1.849377411417663097e-03
1.849275897257030010e-03
1.882845070213079453e-03
1.854555681347846985e-03
1.849772175773978233e-03
1.849110936746001244e-03
1.848957384936511517e-03
1.848866930231451988e-03
1.848774729296565056e-03
1.848682877607643604e-03
1.848589628934860229e-03
1.848495216108858585e-03
1.848399289883673191e-03
1.848301850259304047e-03
1.848202897235751152e-03
1.848102314397692680e-03
1.848004292696714401e-03
1.886773621663451195e-03
1.848627463914453983e-03
1.848423155024647713e-03
1.847747014835476875e-03
1.847655395977199078e-03
1.847556675784289837e-03
1.847461215220391750e-03
1.847365521825850010e-03
1.847268664278090000e-03
1.847170176915824413e-03
1.847070408985018730e-03
1.846969593316316605e-03
1.846867380663752556e-03
1.849208609201014042e-03
1.848121173679828644e-03
1.847001258283853531e-03
1.846762024797499180e-03
1.846536179073154926e-03
1.846437458880245686e-03
1.846343744546175003e-03
1.846251660026609898e-03
1.846158760599792004e-03
1.846065046265721321e-03
1.845970051363110542e-03
1.845874008722603321e-03
1.845777034759521484e-03
1.845679013058543205e-03
1.845580409280955791e-03
1.900878502056002617e-03
1.853502471931278706e-03
1.846339320763945580e-03
1.845412421971559525e-03
1.845250604674220085e-03
1.845162943936884403e-03
1.845072139985859394e-03
1.844981685280799866e-03
1.844890881329774857e-03
1.844799029640853405e-03
1.844706479460000992e-03
1.844613230787217617e-03
1.844519050791859627e-03
1.844423823058605194e-03
1.844328013248741627e-03
1.851515960879623890e-03
1.852939138188958168e-03
1.844206359237432480e-03
1.844240352511405945e-03
1.843995181843638420e-03
1.843906007707118988e-03
1.843819045461714268e-03
1.843731501139700413e-03
1.843643374741077423e-03
1.843554317019879818e-03
1.843464560806751251e-03
1.843374571762979031e-03
1.843283651396632195e-03
1.843192614614963531e-03
1.858391566202044487e-03
1.851778710260987282e-03
1.843117061071097851e-03
1.843067118898034096e-03
1.842885394580662251e-03
1.842788304202258587e-03
1.842703553847968578e-03
1.842620782554149628e-03
1.842537312768399715e-03
1.842452911660075188e-03
1.842368277721107006e-03
1.842282479628920555e-03
1.842196215875446796e-03
1.842136727645993233e-03
1.867791288532316685e-03
1.843037200160324574e-03
1.842448720708489418e-03
1.841903664171695709e-03
1.841828459873795509e-03
1.841744524426758289e-03
1.841666409745812416e-03
1.841588178649544716e-03
1.841509365476667881e-03
1.841429853811860085e-03
1.841349410824477673e-03
1.841268152929842472e-03
1.841186080127954483e-03
1.841103308834135532e-03
1.842446858063340187e-03
1.854331116192042828e-03
1.841026591137051582e-03
1.841047662310302258e-03
1.840829849243164062e-03
1.840729615651071072e-03
1.840649172663688660e-03
1.840571174398064613e-03
1.840492244809865952e-03
1.840412151068449020e-03
1.840330893173813820e-03
1.840248587541282177e-03
1.840165234170854092e-03
1.840112032368779182e-03
1.845781458541750908e-03
1.842410769313573837e-03
1.840275479480624199e-03
1.839863485656678677e-03
1.839776406995952129e-03
1.839694916270673275e-03
1.839612727053463459e-03
1.839529955759644508e-03
1.839446253143250942e-03
1.839360571466386318e-03
1.839273376390337944e-03
1.839184900745749474e-03
1.839110860601067543e-03
1.843614503741264343e-03
1.839055446907877922e-03
1.839341712184250355e-03
1.838912721723318100e-03
1.838768948800861835e-03
1.838673371821641922e-03
1.838584430515766144e-03
1.838493626564741135e-03
1.838401309214532375e-03
1.838306547142565250e-03
1.838209922425448895e-03
1.838110852986574173e-03
1.838009222410619259e-03
1.842309371568262577e-03
1.853699795901775360e-03
1.839710166677832603e-03
1.837976742535829544e-03
1.837694668211042881e-03
1.837571850046515465e-03
1.837475341744720936e-03
1.837377087213099003e-03
1.837276737205684185e-03
1.837173942476511002e-03
1.837068470194935799e-03
1.836960320360958576e-03
1.836849376559257507e-03
1.836735289543867111e-03
1.836618175730109215e-03
1.836497802287340164e-03
1.837186748161911964e-03
1.849437481723725796e-03
1.837806659750640392e-03
1.836137729696929455e-03
1.836009905673563480e-03
1.835890347138047218e-03
1.835764618590474129e-03
1.835636678151786327e-03
1.835505245253443718e-03
1.835369854234158993e-03
1.835230621509253979e-03
1.835087547078728676e-03
1.834941096603870392e-03
1.855194219388067722e-03
1.841968158259987831e-03
1.835201634094119072e-03
1.834585564211010933e-03
1.834349939599633217e-03
1.834203256294131279e-03
1.834053429774940014e-03
1.833898830227553844e-03
1.833740621805191040e-03
1.833578106015920639e-03
1.833411399275064468e-03
1.833240501582622528e-03
1.833064947277307510e-03
1.832888228818774223e-03
1.840750803239643574e-03
1.837112242355942726e-03
1.832672627642750740e-03
1.832393929362297058e-03
1.832230947911739349e-03
1.832063077017664909e-03
1.831892761401832104e-03
1.831721048802137375e-03
1.831545727327466011e-03
1.831367029808461666e-03
1.831185072660446167e-03
1.830999855883419514e-03
1.830811263062059879e-03
1.830619410611689091e-03
1.830424065701663494e-03
1.830225693993270397e-03
1.833269605413079262e-03
1.830027322284877300e-03
1.831394503824412823e-03
1.829649670980870724e-03
1.829445245675742626e-03
1.829234883189201355e-03
1.829045475460588932e-03
1.828855834901332855e-03
1.828664680942893028e-03
1.828471547923982143e-03
1.828275853767991066e-03
1.828078413382172585e-03
1.827878295443952084e-03
1.827676314860582352e-03
1.829413231462240219e-03
1.840015407651662827e-03
1.827273750677704811e-03
1.827156986109912395e-03
1.826845109462738037e-03
1.826630206778645515e-03
1.826437190175056458e-03
1.826243591494858265e-03
1.826048013754189014e-03
1.825850224122405052e-03
1.825650571845471859e-03
1.825448125600814819e-03
1.825243700295686722e-03
1.825045328587293625e-03
1.849113381467759609e-03
1.824759645387530327e-03
1.825176412239670753e-03
1.824363251216709614e-03
1.824160688556730747e-03
1.823964295908808708e-03
1.823767088353633881e-03
1.823567319661378860e-03
1.823364989832043648e-03
1.823160564526915550e-03
1.822953694500029087e-03
1.822744146920740604e-03
1.822532038204371929e-03
1.822317834012210369e-03
1.822118880227208138e-03
1.827688771300017834e-03
1.826154999434947968e-03
1.821678481064736843e-03
1.821445766836404800e-03
1.821192447096109390e-03
1.820993144065141678e-03
1.820798497647047043e-03
1.820603501982986927e-03
1.820409204810857773e-03
1.820215606130659580e-03
1.820023055188357830e-03
1.819831784814596176e-03
1.819642609916627407e-03
1.819455297663807869e-03
1.819270662963390350e-03
1.819407800212502480e-03
1.819583470933139324e-03
1.819862518459558487e-03
1.818948076106607914e-03
1.818522810935974121e-03
1.818353659473359585e-03
1.818204415030777454e-03
1.818061457015573978e-03
1.817922573536634445e-03
1.817786716856062412e-03
1.817654236219823360e-03
1.817525015212595463e-03
1.817399170249700546e-03
1.817276119254529476e-03
1.817156211473047733e-03
1.817039214074611664e-03
1.827600994147360325e-03
1.821584417484700680e-03
1.816950505599379539e-03
1.816874835640192032e-03
1.816630712710320950e-03
1.816514180973172188e-03
1.816422562114894390e-03
1.816336065530776978e-03
1.816250616684556007e-03
1.816166448406875134e-03
1.816083444282412529e-03
1.816001487895846367e-03
1.815920230001211166e-03
1.815840252675116062e-03
1.815760973840951920e-03
1.815682160668075085e-03
1.815604162402451038e-03
1.815526513382792473e-03
1.815449912101030350e-03
1.817916869185864925e-03
1.823942176997661591e-03
1.816291362047195435e-03
1.815370516851544380e-03
1.815164694562554359e-03
1.815081690438091755e-03
1.815013471059501171e-03
1.814946532249450684e-03
1.814879360608756542e-03
1.814812188968062401e-03
1.814744900912046432e-03
1.814677729271352291e-03
1.814610208384692669e-03
1.815205090679228306e-03
1.816376228816807270e-03
1.815261086449027061e-03
1.814593444578349590e-03
1.814361196011304855e-03
1.814277260564267635e-03
1.814214629121124744e-03
1.814150717109441757e-03
1.814087037928402424e-03
