2.397266682237386703e-03
2.021590480580925941e-03
1.951024634763598442e-03
1.933558844029903412e-03
1.925071701407432556e-03
1.917164190672338009e-03
1.910568331368267536e-03
1.903829514048993587e-03
1.897524925880134106e-03
1.890726038254797459e-03
1.883740536868572235e-03
1.877497299574315548e-03
1.871418091468513012e-03
1.865602796897292137e-03
1.857724389992654324e-03
1.851166482083499432e-03
1.844876795075833797e-03
1.838639611378312111e-03
1.832189853303134441e-03
1.825825893320143223e-03
1.819429337047040462e-03
1.812477246858179569e-03
1.805703854188323021e-03
1.798822777345776558e-03
1.791757531464099884e-03
1.784469000995159149e-03
1.777070341631770134e-03
1.769255730323493481e-03
1.760421670041978359e-03
1.750473747961223125e-03
1.740968669764697552e-03
1.731899217702448368e-03
1.723236637189984322e-03
1.715143909677863121e-03
1.707790186628699303e-03
1.698686974123120308e-03
1.692964462563395500e-03
1.684931106865406036e-03
1.678554923273622990e-03
1.673827879130840302e-03
1.668029348365962505e-03
1.660161884501576424e-03
1.659621368162333965e-03
1.649840502068400383e-03
1.647398341447114944e-03
1.644850126467645168e-03
1.634390559047460556e-03
1.632560160942375660e-03
1.634496613405644894e-03
1.619872986339032650e-03
1.619242830201983452e-03
1.619654009118676186e-03
1.608858117833733559e-03
1.603649347089231014e-03
1.599930576048791409e-03
1.596091664396226406e-03
1.593385008163750172e-03
1.603539218194782734e-03
1.588980667293071747e-03
1.591333188116550446e-03
1.577595132403075695e-03
1.579227275215089321e-03
1.571755041368305683e-03
1.578497234731912613e-03
1.567430794239044189e-03
1.571930013597011566e-03
1.561987679451704025e-03
1.556839910335838795e-03
1.558174612000584602e-03
1.549457549117505550e-03
1.547730877064168453e-03
1.568377250805497169e-03
1.542725483886897564e-03
1.543373800814151764e-03
1.543869497254490852e-03
1.532399095594882965e-03
1.528140157461166382e-03
1.524458755739033222e-03
1.522477250546216965e-03
1.522647682577371597e-03
1.512252143584191799e-03
1.506709260866045952e-03
1.531703746877610683e-03
1.502602011896669865e-03
1.498429686762392521e-03
1.528768800199031830e-03
1.493980758823454380e-03
1.482825609855353832e-03
1.504126819781959057e-03
1.472832052968442440e-03
1.470496761612594128e-03
1.581713207997381687e-03
1.469064271077513695e-03
1.456978265196084976e-03
1.453316654078662395e-03
1.450680894777178764e-03
1.469227368943393230e-03
1.446487382054328918e-03
1.449547125957906246e-03
1.434113364666700363e-03
1.466321526095271111e-03
1.432567136362195015e-03
1.424344605766236782e-03
1.421215245500206947e-03
1.422020490281283855e-03
1.414048485457897186e-03
1.412220532074570656e-03
1.419765292666852474e-03
1.433391822502017021e-03
1.413714955560863018e-03
1.443284330889582634e-03
1.397314481437206268e-03
1.391585101373493671e-03
1.390252495184540749e-03
1.381954993121325970e-03
1.378441811539232731e-03
1.371868071146309376e-03
1.413750811479985714e-03
1.361803966574370861e-03
1.361098606139421463e-03
1.430840464308857918e-03
1.366741722449660301e-03
1.352440565824508667e-03
1.359229790978133678e-03
1.354109728708863258e-03
1.360915484838187695e-03
1.358099863864481449e-03
1.345572294667363167e-03
1.348283258266746998e-03
1.329223741777241230e-03
1.344718504697084427e-03
1.323170959949493408e-03
1.325761782936751842e-03
1.319078612141311169e-03
1.324100419878959656e-03
1.330619095824658871e-03
1.335051842033863068e-03
1.335942186415195465e-03
1.331968698650598526e-03
1.329470076598227024e-03
1.322765136137604713e-03
1.326782512478530407e-03
1.315948669798672199e-03
1.314921304583549500e-03
1.311773667111992836e-03
1.312806620262563229e-03
1.303402823396027088e-03
1.307697501033544540e-03
1.300192787311971188e-03
1.294842339120805264e-03
1.300033763982355595e-03
1.292375382035970688e-03
1.292336266487836838e-03
1.294290064834058285e-03
1.287933089770376682e-03
1.281318487599492073e-03
1.271537272259593010e-03
1.272133784368634224e-03
1.266668899916112423e-03
1.268643885850906372e-03
1.261252094991505146e-03
1.262651523575186729e-03
1.252348884008824825e-03
1.248040120117366314e-03
1.248854328878223896e-03
1.242813887074589729e-03
1.241645426489412785e-03
1.239285222254693508e-03
1.238789642229676247e-03
1.237669959664344788e-03
1.245548832230269909e-03
1.254236209206283092e-03
1.266864128410816193e-03
1.262162928469479084e-03
1.257236464880406857e-03
1.254679984413087368e-03
1.248762127943336964e-03
1.239011646248400211e-03
1.231752918101847172e-03
1.233739079907536507e-03
1.226381980814039707e-03
1.218448742292821407e-03
1.210593618452548981e-03
1.208533532917499542e-03
1.222708146087825298e-03
1.234477153047919273e-03
1.234658411704003811e-03
1.234564930200576782e-03
1.224030856974422932e-03
1.207540626637637615e-03
1.201611710712313652e-03
1.190404407680034637e-03
1.264088437892496586e-03
1.188156078569591045e-03
1.191478339023888111e-03
1.196027384139597416e-03
1.224453095346689224e-03
1.228354289196431637e-03
1.209746231324970722e-03
1.222607912495732307e-03
1.211183844134211540e-03
1.216418575495481491e-03
1.208639587275683880e-03
1.197551260702311993e-03
1.200759084895253181e-03
1.189251313917338848e-03
1.165400026366114616e-03
1.165405265055596828e-03
1.158860744908452034e-03
1.168523333035409451e-03
1.164007349871098995e-03
1.161703490652143955e-03
1.157659455202519894e-03
1.152548938989639282e-03
1.148785930126905441e-03
1.145591377280652523e-03
1.148437033407390118e-03
1.144694280810654163e-03
1.172543619759380817e-03
1.144309411756694317e-03
1.190111739560961723e-03
1.145818503573536873e-03
1.200767350383102894e-03
1.151544740423560143e-03
1.191739109344780445e-03
1.165168010629713535e-03
1.167828566394746304e-03
1.163880457170307636e-03
1.150953816249966621e-03
1.148342154920101166e-03
1.135252299718558788e-03
1.125738373957574368e-03
1.120421802625060081e-03
1.117491279728710651e-03
1.120257074944674969e-03
1.121321925893425941e-03
1.128623727709054947e-03
1.140112988650798798e-03
1.143926288932561874e-03
1.151147414930164814e-03
1.161547028459608555e-03
1.156068756245076656e-03
1.151201198808848858e-03
1.143110101111233234e-03
1.139397500082850456e-03
1.121953595429658890e-03
1.115693477913737297e-03
1.106293988414108753e-03
1.102230278775095940e-03
1.096607767976820469e-03
1.097625470720231533e-03
1.101348432712256908e-03
1.123679568991065025e-03
1.123635913245379925e-03
1.148313167504966259e-03
1.138547435402870178e-03
1.119544846005737782e-03
1.144322799518704414e-03
1.133119454607367516e-03
1.139695639722049236e-03
1.130761462263762951e-03
1.127948053181171417e-03
1.135316444560885429e-03
1.127252937294542789e-03
1.129783457145094872e-03
1.121447538025677204e-03
1.119194901548326015e-03
1.112371217459440231e-03
1.097840140573680401e-03
1.097939792089164257e-03
1.086025382392108440e-03
1.085246796719729900e-03
1.074969652108848095e-03
1.070696394890546799e-03
1.069015474058687687e-03
1.068694051355123520e-03
1.065019750967621803e-03
1.150734024122357368e-03
1.074606436304748058e-03
1.115015475079417229e-03
1.087332842871546745e-03
1.094568637199699879e-03
1.103156828321516514e-03
1.091290963813662529e-03
1.098405220545828342e-03
1.106051029637455940e-03
1.105432049371302128e-03
1.094000414013862610e-03
1.077882945537567139e-03
1.068677986040711403e-03
1.072265091352164745e-03
1.047843601554632187e-03
1.074282568879425526e-03
1.068507786840200424e-03
1.047129044309258461e-03
1.045715063810348511e-03
1.046326826326549053e-03
1.043107360601425171e-03
1.040553441271185875e-03
1.040696166455745697e-03
1.037273905239999294e-03
1.036147703416645527e-03
1.036667614243924618e-03
1.037704874761402607e-03
1.038935850374400616e-03
1.039836904965341091e-03
1.047251862473785877e-03
1.049354090355336666e-03
1.044954406097531319e-03
1.042648800648748875e-03
1.033259322866797447e-03
1.058453344739973545e-03
1.059023197740316391e-03
1.055904896929860115e-03
1.068877754732966423e-03
1.057680114172399044e-03
1.063968171365559101e-03
1.066229422576725483e-03
1.065649325028061867e-03
1.055261935107409954e-03
1.055354136042296886e-03
1.046331715770065784e-03
1.016087830066680908e-03
1.014586421661078930e-03
1.010404550470411777e-03
1.020285184495151043e-03
1.045584795065224171e-03
1.023533171974122524e-03
1.052792766131460667e-03
1.036657951772212982e-03
1.082086935639381409e-03
1.061902381479740143e-03
1.064542215317487717e-03
1.060511800460517406e-03
1.057009678333997726e-03
1.055428525432944298e-03
1.052262727171182632e-03
1.040754141286015511e-03
1.029127859510481358e-03
1.005356316454708576e-03
1.016218215227127075e-03
1.010489417240023613e-03
9.935847483575344086e-04
9.923503967002034187e-04
1.002911012619733810e-03
9.920627344399690628e-04
1.151668722741305828e-03
1.014253241010010242e-03
1.016229041852056980e-03
9.872197406366467476e-04
9.936103597283363342e-04
9.882493177428841591e-04
1.104716095142066479e-03
9.832701180130243301e-04
9.834273951128125191e-04
1.075960462912917137e-03
9.810082847252488136e-04
9.825567249208688736e-04
9.844177402555942535e-04
9.810174815356731415e-04
1.035150839015841484e-03
9.788535535335540771e-04
1.022690325044095516e-03
9.831204079091548920e-04
9.946423815563321114e-04
9.932798566296696663e-04
1.032264321111142635e-03
9.816673118621110916e-04
1.059483271092176437e-03
1.013717032037675381e-03
1.030331244692206383e-03
1.029499457217752934e-03
1.038705813698470592e-03
1.022949581965804100e-03
1.021486590616405010e-03
1.021244213916361332e-03
1.024617347866296768e-03
1.012259745039045811e-03
9.691363084129989147e-04
1.003782614134252071e-03
9.993156418204307556e-04
9.643159573897719383e-04
1.003323704935610294e-03
9.893472306430339813e-04
9.707517456263303757e-04
9.637016919441521168e-04
9.740186505950987339e-04
9.656893671490252018e-04
9.723071125335991383e-04
9.766297880560159683e-04
9.742639376781880856e-04
9.811967611312866211e-04
1.013225526548922062e-03
9.791556512936949730e-04
9.659694624133408070e-04
9.518020669929683208e-04
9.557958110235631466e-04
9.532680269330739975e-04
1.050824765115976334e-03
9.744829148985445499e-04
9.932868415489792824e-04
9.518380975350737572e-04
9.893685346469283104e-04
9.701038361527025700e-04
9.777257218956947327e-04
9.484292822889983654e-04
9.729604353196918964e-04
9.460207656957209110e-04
9.453418315388262272e-04
9.780076798051595688e-04
9.961635805666446686e-04
1.003412064164876938e-03
9.838218102231621742e-04
9.414947126060724258e-04
9.413051302544772625e-04
9.683758253231644630e-04
9.387687314301729202e-04
9.369723848067224026e-04
9.654746972955763340e-04
9.348570602014660835e-04
1.131562050431966782e-03
9.617021423764526844e-04
9.865579195320606232e-04
9.722296381369233131e-04
9.686255943961441517e-04
9.670936269685626030e-04
9.464669856242835522e-04
9.424220770597457886e-04
9.325508144684135914e-04
9.607266983948647976e-04
9.491744567640125751e-04
9.302921826019883156e-04
9.330136817879974842e-04
9.327371371909976006e-04
9.370842017233371735e-04
9.338178206235170364e-04
9.406958124600350857e-04
1.025736448355019093e-03
9.422557777725160122e-04
9.844165761023759842e-04
9.227861883118748665e-04
9.703011019155383110e-04
9.428330231457948685e-04
9.855710668489336967e-04
9.970557875931262970e-04
9.539914899505674839e-04
9.282294777221977711e-04
9.797315578907728195e-04
9.555776487104594707e-04
9.238100610673427582e-04
9.412731742486357689e-04
9.677066700533032417e-04
9.169018594548106194e-04
9.174852166324853897e-04
9.335996583104133606e-04
9.175687446258962154e-04
9.178114705719053745e-04
9.248446440324187279e-04
9.190248092636466026e-04
9.832642972469329834e-04
9.339996031485497952e-04
9.171369601972401142e-04
9.156732121482491493e-04
9.111726540140807629e-04
9.136596345342695713e-04
9.372866479679942131e-04
9.736139327287673950e-04
1.000929274596273899e-03
9.268670692108571529e-04
1.012671738862991333e-03
9.310743771493434906e-04
9.235132019966840744e-04
9.926614584401249886e-04
9.314401540905237198e-04
9.686459088698029518e-04
9.752280893735587597e-04
9.599759941920638084e-04
9.834081865847110748e-04
9.588907123543322086e-04
9.811635827645659447e-04
9.608821710571646690e-04
9.585386724211275578e-04
9.631700231693685055e-04
9.372951462864875793e-04
9.162295027635991573e-04
9.095109999179840088e-04
9.038121206685900688e-04
1.086613861843943596e-03
9.343634592369198799e-04
9.410409838892519474e-04
9.597673197276890278e-04
9.454867104068398476e-04
9.139527101069688797e-04
9.077804279513657093e-04
9.035611874423921108e-04
8.938970277085900307e-04
9.312781039625406265e-04
8.935967925935983658e-04
8.965209708549082279e-04
8.940919651649892330e-04
1.037945854477584362e-03
9.076463757082819939e-04
9.189179982058703899e-04
8.964315056800842285e-04
8.993860101327300072e-04
8.964833104982972145e-04
8.890316821634769440e-04
8.973017684184014797e-04
8.879277156665921211e-04
9.480685694143176079e-04
9.026042534969747066e-04
9.700366645120084286e-04
9.363527060486376286e-04
9.048082865774631500e-04
8.865602430887520313e-04
8.942672284319996834e-04
9.324685670435428619e-04
8.863079128786921501e-04
9.031979134306311607e-04
9.379539988003671169e-04
9.054919937625527382e-04
8.834914769977331161e-04
8.781080250628292561e-04
8.768294355832040310e-04
9.254928445443511009e-04
8.823874522931873798e-04
9.320919052697718143e-04
9.077457361854612827e-04
9.326743893325328827e-04
9.180808556266129017e-04
9.193193400278687477e-04
9.252193267457187176e-04
8.768402622081339359e-04
8.874494233168661594e-04
8.811621228232979774e-04
8.766355458647012711e-04
8.685072534717619419e-04
9.808130562305450439e-04
8.808496058918535709e-04
8.730247500352561474e-04
8.797608898021280766e-04
8.775137830525636673e-04
8.756875758990645409e-04
8.665064815431833267e-04
8.641015738248825073e-04
8.669222588650882244e-04
8.674388518556952477e-04
9.050189983099699020e-04
8.636713027954101562e-04
8.721071062609553337e-04
8.609144715592265129e-04
8.684044587425887585e-04
8.616641862317919731e-04
8.641236345283687115e-04
8.583702729083597660e-04
8.566715987399220467e-04
8.566700853407382965e-04
8.586427429690957069e-04
8.696147706359624863e-04
8.706831722520291805e-04
9.154162253253161907e-04
8.998071425594389439e-04
9.237983613274991512e-04
9.377145324833691120e-04
9.201118373312056065e-04
8.530167397111654282e-04
8.693517302162945271e-04
8.615215192548930645e-04
8.633057586848735809e-04
9.672893211245536804e-04
8.902027038857340813e-04
9.369172039441764355e-04
9.175691520795226097e-04
8.959699189290404320e-04
8.939863764680922031e-04
8.695973083376884460e-04
8.492107153870165348e-04
8.451379835605621338e-04
8.462150581181049347e-04
8.485463913530111313e-04
8.789059356786310673e-04
9.269820875488221645e-04
8.818620699457824230e-04
9.247228153981268406e-04
8.895318605937063694e-04
8.986028260551393032e-04
8.686522487550973892e-04
8.877307409420609474e-04
8.836533525027334690e-04
8.720587356947362423e-04
8.462992263957858086e-04
8.445681305602192879e-04
8.376315818168222904e-04
8.633771794848144054e-04
8.412544266320765018e-04
8.627100032754242420e-04
9.410257916897535324e-04
8.882228867150843143e-04
8.938895771279931068e-04
8.759523043408989906e-04
8.355390164069831371e-04
9.514525881968438625e-04
8.761304779909551144e-04
8.588798227719962597e-04
8.325735107064247131e-04
8.329696720466017723e-04
8.459179662168025970e-04
8.376289042644202709e-04
8.380290819332003593e-04
8.417302742600440979e-04
9.273224859498441219e-04
8.899366366676986217e-04
8.873588521964848042e-04
8.447599248029291630e-04
9.031175286509096622e-04
8.452023030258715153e-04
8.744071819819509983e-04
8.284246432594954967e-04
8.552022045478224754e-04
8.423058316111564636e-04
8.921342669054865837e-04
8.547978941351175308e-04
8.258339948952198029e-04
8.251533145084977150e-04
8.383528329432010651e-04
9.162374190054833889e-04
8.922237902879714966e-04
8.727935492061078548e-04
8.238100563175976276e-04
8.205413469113409519e-04
8.277606684714555740e-04
8.313048165291547775e-04
8.195327827706933022e-04
8.372406009584665298e-04
8.810787112452089787e-04
8.350078132934868336e-04
8.388998103328049183e-04
8.457387448288500309e-04
8.157200645655393600e-04
8.215893758460879326e-04
8.194810943678021431e-04
8.180570439435541630e-04
8.927499293349683285e-04
8.262061164714396000e-04
8.583430899307131767e-04
8.582713198848068714e-04
8.153787348419427872e-04
9.418205008842051029e-04
8.265742799267172813e-04
8.390346192754805088e-04
8.231541141867637634e-04
8.831237792037427425e-04
8.305632509291172028e-04
8.657482103444635868e-04
8.935894002206623554e-04
8.589071221649646759e-04
8.163510356098413467e-04
8.268123492598533630e-04
8.089608745649456978e-04
8.178356220014393330e-04
8.059888496063649654e-04
8.546190802007913589e-04
8.302249480038881302e-04
8.034543716348707676e-04
8.210288942791521549e-04
8.206554921343922615e-04
8.142158039845526218e-04
8.008211734704673290e-04
8.270145044662058353e-04
8.419252117164433002e-04
8.427121792919933796e-04
8.134776726365089417e-04
8.202331373468041420e-04
7.996261119842529297e-04
9.213424636982381344e-04
8.001077221706509590e-04
8.186046616174280643e-04
7.978161447681486607e-04
8.039239910431206226e-04
8.039519889280200005e-04
9.136718581430613995e-04
8.047042647376656532e-04
8.661896572448313236e-04
8.645792840979993343e-04
8.594325627200305462e-04
8.382856030948460102e-04
8.219906594604253769e-04
7.970889564603567123e-04
7.928072591312229633e-04
7.949523278512060642e-04
8.260629256255924702e-04
8.789722342044115067e-04
8.385184919461607933e-04
8.374486933462321758e-04
8.054341888055205345e-04
8.174222894012928009e-04
8.152425289154052734e-04
7.949544815346598625e-04
7.924678502604365349e-04
8.319555199705064297e-04
8.333302102982997894e-04
8.032275945879518986e-04
8.583714370615780354e-04
8.113587973639369011e-04
8.292366983368992805e-04
7.969224825501441956e-04
7.976980414241552353e-04
7.895642775110900402e-04
8.792166481725871563e-04
8.780375355854630470e-04
8.319041808135807514e-04
7.859527249820530415e-04
7.870530826039612293e-04
7.891602581366896629e-04
8.997417171485722065e-04
7.995961350388824940e-04
8.142072474583983421e-04
8.257186855189502239e-04
8.571027428843080997e-04
8.266416261903941631e-04
7.817156729288399220e-04
7.812076364643871784e-04
8.252818952314555645e-04
8.193160756491124630e-04
7.903259829618036747e-04
8.071691263467073441e-04
8.638105937279760838e-04
8.476285729557275772e-04
7.816381403245031834e-04
7.836979348212480545e-04
8.106977329589426517e-04
7.763057365082204342e-04
8.888258016668260098e-04
7.799769518896937370e-04
7.808776572346687317e-04
9.129751124419271946e-04
7.940976647660136223e-04
7.859888719394803047e-04
8.312392747029662132e-04
8.304166840389370918e-04
8.256440050899982452e-04
7.801116444170475006e-04
7.741352892480790615e-04
7.973592728376388550e-04
7.763330359011888504e-04
7.777952705509960651e-04
8.168368367478251457e-04
7.884402293711900711e-04
8.441398385912179947e-04
7.746351184323430061e-04
7.948690908960998058e-04
7.942655938677489758e-04
7.753859972581267357e-04
8.339376072399318218e-04
7.695208187215030193e-04
7.960434886626899242e-04
8.627921924926340580e-04
9.093079133890569210e-04
8.064882131293416023e-04
8.446288993582129478e-04
7.760142907500267029e-04
8.286014199256896973e-04
7.962348754517734051e-04
8.044628193601965904e-04
7.823803462088108063e-04
7.510783616453409195e-04
9.149537654593586922e-04
7.813132251612842083e-04
7.590990280732512474e-04
8.254537242464721203e-04
7.825547945685684681e-04
7.946697296574711800e-04
7.735059480182826519e-04
7.478361949324607849e-04
8.145306492224335670e-04
7.651732303202152252e-04
7.468927651643753052e-04
7.673761574551463127e-04
7.511312724091112614e-04
7.438628235831856728e-04
8.486930746585130692e-04
7.432602578774094582e-04
7.738522253930568695e-04
7.502310327254235744e-04
8.035816135816276073e-04
7.619914831593632698e-04
7.845636573620140553e-04
8.198982104659080505e-04
7.662764983251690865e-04
7.708697812631726265e-04
8.244480122812092304e-04
7.669648621231317520e-04
8.247768273577094078e-04
7.930649444460868835e-04
7.616053335368633270e-04
7.518646307289600372e-04
7.409150130115449429e-04
8.168954518623650074e-04
7.371936808340251446e-04
8.262210758402943611e-04
8.348622941412031651e-04
7.776265265420079231e-04
7.355803390964865685e-04
9.425557800568640232e-04
7.392123807221651077e-04
7.395331049337983131e-04
7.378093432635068893e-04
9.059364092536270618e-04
7.362972828559577465e-04
7.288681808859109879e-04
7.455088780261576176e-04
8.248830563388764858e-04
8.190830121748149395e-04
7.619985262863337994e-04
7.324382313527166843e-04
7.521648076362907887e-04
7.289561326615512371e-04
8.448091102764010429e-04
7.876300951465964317e-04
7.852258277125656605e-04
7.903700461611151695e-04
7.307548075914382935e-04
7.498275372199714184e-04
7.854382274672389030e-04
7.937640766613185406e-04
7.294456590898334980e-04
7.268664194270968437e-04
7.716119871474802494e-04
7.811711402609944344e-04
7.299128919839859009e-04
7.271551876328885555e-04
7.254219381138682365e-04
8.519073016941547394e-04
7.250198395922780037e-04
7.713302620686590672e-04
7.429821416735649109e-04
7.212394266389310360e-04
9.000809513963758945e-04
7.211231859400868416e-04
7.352418033406138420e-04
7.176364888437092304e-04
7.585004786960780621e-04
7.305311737582087517e-04
7.272365619428455830e-04
7.948226993903517723e-04
7.670121267437934875e-04
7.718152482993900776e-04
7.150849560275673866e-04
7.246360764838755131e-04
7.254816009663045406e-04
7.159801898524165154e-04
8.484359714202582836e-04
7.620361866429448128e-04
7.456244784407317638e-04
8.074659854173660278e-04
7.632519700564444065e-04
7.910179556347429752e-04
7.200010004453361034e-04
7.403329946100711823e-04
7.763784960843622684e-04
7.695168023928999901e-04
7.615440408699214458e-04
7.248065085150301456e-04
7.113398169167339802e-04
7.164322887547314167e-04
8.475287468172609806e-04
7.723260787315666676e-04
7.477778126485645771e-04
7.642467389814555645e-04
7.249857299029827118e-04
7.112323655746877193e-04
7.139332010410726070e-04
7.084062672220170498e-04
8.406980196014046669e-04
7.598292431794106960e-04
7.225554436445236206e-04
7.110778824426233768e-04
7.401668699458241463e-04
7.113830652087926865e-04
7.375379209406673908e-04
7.084287935867905617e-04
8.948055328801274300e-04
7.117574568837881088e-04
7.054025190882384777e-04
7.058024639263749123e-04
7.337205461226403713e-04
7.296850671991705894e-04
7.921856013126671314e-04
7.359618903137743473e-04
7.761835586279630661e-04
7.129150908440351486e-04
7.172662881202995777e-04
7.352150860242545605e-04
7.118354551494121552e-04
7.068956037983298302e-04
7.864694343879818916e-04
7.810028619132936001e-04
7.815116550773382187e-04
7.490462739951908588e-04
7.031240966171026230e-04
9.285098640248179436e-04
7.046387181617319584e-04
7.202056003734469414e-04
7.091455045156180859e-04
7.752369274385273457e-04
7.256601238623261452e-04
7.605945575051009655e-04
7.631652406416833401e-04
7.178910891525447369e-04
7.105825352482497692e-04
7.290960056707262993e-04
7.730573415756225586e-04
7.000679033808410168e-04
7.093423628248274326e-04
7.566999993287026882e-04
7.488548289984464645e-04
6.939809536561369896e-04
8.784474921412765980e-04
7.019699551165103912e-04
6.964852218516170979e-04
8.198057767003774643e-04
7.238211110234260559e-04
7.062914664857089520e-04
8.116636308841407299e-04
7.595038623549044132e-04
7.455032900907099247e-04
6.934847915545105934e-04
7.795356796123087406e-04
7.438922766596078873e-04
7.104942342266440392e-04
7.154081831686198711e-04
7.073376327753067017e-04
6.905281916260719299e-04
8.259891183115541935e-04
7.312108646146953106e-04
7.045900565572082996e-04
7.396527216769754887e-04
7.354811532422900200e-04
6.906350608915090561e-04
8.521952549926936626e-04
6.923720357008278370e-04
6.863671005703508854e-04
7.337448187172412872e-04
7.189077441580593586e-04
7.047533872537314892e-04
7.596263894811272621e-04
7.241455023176968098e-04
7.142708636820316315e-04
7.001969497650861740e-04
6.863336311653256416e-04
8.013051119633018970e-04
7.004942162893712521e-04
7.779321749694645405e-04
7.117828936316072941e-04
6.825435557402670383e-04
7.094483007676899433e-04
7.333845132961869240e-04
7.724100141786038876e-04
7.103095995262265205e-04
7.194267236627638340e-04
7.579117664135992527e-04
7.071564323268830776e-04
6.825822638347744942e-04
7.574151968583464622e-04
7.275277748703956604e-04
6.790372426621615887e-04
8.248439407907426357e-04
7.126894779503345490e-04
7.659044349566102028e-04
6.989121902734041214e-04
6.777232047170400620e-04
7.545441621914505959e-04
6.821383140049874783e-04
9.162243804894387722e-04
7.001165067777037621e-04
6.877011037431657314e-04
7.049967534840106964e-04
6.951827090233564377e-04
7.303157472051680088e-04
7.170113385654985905e-04
6.948338123038411140e-04
6.771039916202425957e-04
6.754799396730959415e-04
8.397032506763935089e-04
7.064141100272536278e-04
7.362455944530665874e-04
6.756718503311276436e-04
8.436816860921680927e-04
7.263905135914683342e-04
7.447022362612187862e-04
6.755345384590327740e-04
6.996595184318721294e-04
6.744376150891184807e-04
7.897447212599217892e-04
7.262199069373309612e-04
6.762421689927577972e-04
8.656865684315562248e-04
6.717807264067232609e-04
6.842961302027106285e-04
8.197267306968569756e-04
7.266337051987648010e-04
7.113190367817878723e-04
6.719125667586922646e-04
6.854522507637739182e-04
6.785306031815707684e-04
6.847073091194033623e-04
7.015841547399759293e-04
6.697892094962298870e-04
8.909823955036699772e-04
6.674522883258759975e-04
6.740686367265880108e-04
7.004886283539235592e-04
6.886570481583476067e-04
7.142691174522042274e-04
7.069318671710789204e-04
6.770231993868947029e-04
7.922794902697205544e-04
6.996932788752019405e-04
6.957257282920181751e-04
6.773471832275390625e-04
6.666047847829759121e-04
8.525219745934009552e-04
6.651320145465433598e-04
6.677764467895030975e-04
7.581725949421525002e-04
7.385702338069677353e-04
6.877313717268407345e-04
6.706753629259765148e-04
6.933966651558876038e-04
7.061557844281196594e-04
7.152123143896460533e-04
6.671285955235362053e-04
6.686981651000678539e-04
7.913229637779295444e-04
6.807330646552145481e-04
6.791762425564229488e-04
6.865045288577675819e-04
6.880273576825857162e-04
7.366592762991786003e-04
7.097678026184439659e-04
6.815544911660254002e-04
6.729419110342860222e-04
6.596884923055768013e-04
8.010104065760970116e-04
7.016162853688001633e-04
6.902588647790253162e-04
6.991321570239961147e-04
6.887891795486211777e-04
6.630595889873802662e-04
6.636797334067523479e-04
7.775156991556286812e-04
6.692631286568939686e-04
6.603272049687802792e-04
7.400992908515036106e-04
7.111129816621541977e-04
6.651380099356174469e-04
6.739428499713540077e-04
7.720590219832956791e-04
6.985850632190704346e-04
6.797164678573608398e-04
6.903490284457802773e-04
7.318445132113993168e-04
6.575773004442453384e-04
8.583783637732267380e-04
6.968929665163159370e-04
6.569113465957343578e-04
6.793199572712182999e-04
7.006151136010885239e-04
6.897526909597218037e-04
6.587071111425757408e-04
7.159386877901852131e-04
7.355675334110856056e-04
6.671862211078405380e-04
7.277408149093389511e-04
6.983588100410997868e-04
6.997408345341682434e-04
6.914749974384903908e-04
6.568461540155112743e-04
6.630958523601293564e-04
6.698021898046135902e-04
6.569511024281382561e-04
8.067088783718645573e-04
6.756518268957734108e-04
6.599526968784630299e-04
7.046266691759228706e-04
7.154499180614948273e-04
6.895070546306669712e-04
6.749703316017985344e-04
6.607175455428659916e-04
6.728789885528385639e-04
6.537785520777106285e-04
7.999076624400913715e-04
6.633372395299375057e-04
6.523408810608088970e-04
7.051590946502983570e-04
6.508086808025836945e-04
7.489211857318878174e-04
6.516666035167872906e-04
7.442550850100815296e-04
6.751270848326385021e-04
6.521538598462939262e-04
6.940808962099254131e-04
7.468740222975611687e-04
6.490376545116305351e-04
7.222341373562812805e-04
6.555772852152585983e-04
6.516378489322960377e-04
6.607834366150200367e-04
6.512464606203138828e-04
6.653743330389261246e-04
7.647247402928769588e-04
6.476295529864728451e-04
6.514125852845609188e-04
7.772367098368704319e-04
7.082273368723690510e-04
6.634484161622822285e-04
6.474243709817528725e-04
6.446546176448464394e-04
7.165723363868892193e-04
6.972632254473865032e-04
6.588571122847497463e-04
8.064825087785720825e-04
6.841884460300207138e-04
6.919763400219380856e-04
6.504995399154722691e-04
6.487708888016641140e-04
7.694695959798991680e-04
7.012310088612139225e-04
6.488435901701450348e-04
6.792964995838701725e-04
6.619170308113098145e-04
6.689284346066415310e-04
7.179850945249199867e-04
6.998564349487423897e-04
6.659629871137440205e-04
6.415607640519738197e-04
7.784601766616106033e-04
6.941069150343537331e-04
6.919615552760660648e-04
6.458724965341389179e-04
8.955061784945428371e-04
6.605280796065926552e-04
6.610944401472806931e-04
6.436867406591773033e-04
6.642517982982099056e-04
6.541493930853903294e-04
6.573443533852696419e-04
6.929845549166202545e-04
6.718271179124712944e-04
6.386401946656405926e-04
7.039972115308046341e-04
6.392997456714510918e-04
7.166354334913194180e-04
6.652725860476493835e-04
6.604800000786781311e-04
6.410481291823089123e-04
6.841434515081346035e-04
7.013623835518956184e-04
6.377017707563936710e-04
8.527034660801291466e-04
6.423914455808699131e-04
6.519849412143230438e-04
6.690337904728949070e-04
6.954240379855036736e-04
6.750384345650672913e-04
6.457985728047788143e-04
7.350686355493962765e-04
6.935124984011054039e-04
6.614726153202354908e-04
6.354348734021186829e-04
7.872389396652579308e-04
6.917885621078312397e-04
6.736959330737590790e-04
6.684695836156606674e-04
6.401237333193421364e-04
8.506895974278450012e-04
6.364182336255908012e-04
6.685623084194958210e-04
6.713065668009221554e-04
6.467318162322044373e-04
6.457005511038005352e-04
7.215570076368749142e-04
7.115482585504651070e-04
6.666480912826955318e-04
6.339633837342262268e-04
6.381018320098519325e-04
7.344045443460345268e-04
7.053810986690223217e-04
6.496444693766534328e-04
6.501732859760522842e-04
7.535791955888271332e-04
6.894136313349008560e-04
6.296735955402255058e-04
9.199311025440692902e-04
6.669959402643144131e-04
6.470853695645928383e-04
6.971736438572406769e-04
6.272642058320343494e-04
6.861339788883924484e-04
6.355939549393951893e-04
6.486843340098857880e-04
7.169282762333750725e-04
6.309901364147663116e-04
7.902412908151745796e-04
6.266170530579984188e-04
6.817423854954540730e-04
6.282515823841094971e-04
6.919522420503199100e-04
6.683488609269261360e-04
6.258020293898880482e-04
6.818062392994761467e-04
6.253358442336320877e-04
6.601155037060379982e-04
6.555424770340323448e-04
6.482340395450592041e-04
6.333956844173371792e-04
6.827263277955353260e-04
7.108640274964272976e-04
6.890252116136252880e-04
6.246039993129670620e-04
7.485208916477859020e-04
6.345289293676614761e-04
6.339622777886688709e-04
7.504365057684481144e-04
6.684785475954413414e-04
6.301779649220407009e-04
7.480553467757999897e-04
6.967806839384138584e-04
6.231977604329586029e-04
6.361834239214658737e-04
7.524238317273557186e-04
6.611932185478508472e-04
6.487476057372987270e-04
6.410042406059801579e-04
7.534965989179909229e-04
6.797641399316489697e-04
6.515033310279250145e-04
6.365879671648144722e-04
6.254630279727280140e-04
7.945329998619854450e-04
6.441638106480240822e-04
7.132870960049331188e-04
6.655509932897984982e-04
6.258534849621355534e-04
6.341757834888994694e-04
7.411185069940984249e-04
6.228646379895508289e-04
6.525714998133480549e-04
6.676748162135481834e-04
6.241037044674158096e-04
8.200553711503744125e-04
6.221454241313040257e-04
6.856773979961872101e-04
6.272080936469137669e-04
8.258993038907647133e-04
6.291496101766824722e-04
6.215171306394040585e-04
6.234063184820115566e-04
7.623800775036215782e-04
6.368316244333982468e-04
6.157861789688467979e-04
7.882436621002852917e-04
6.557352608069777489e-04
7.095735054463148117e-04
6.664677639491856098e-04
6.289992597885429859e-04
6.683471729047596455e-04
6.238878704607486725e-04
7.232904317788779736e-04
6.708413711749017239e-04
6.585129885934293270e-04
6.165073136799037457e-04
6.868001073598861694e-04
6.533070118166506290e-04
6.231507868506014347e-04
6.356425583362579346e-04
6.974937277846038342e-04
6.814292864874005318e-04
6.658953498117625713e-04
6.151455454528331757e-04
7.466481765732169151e-04
6.148417596705257893e-04
6.343927816487848759e-04
6.261644884943962097e-04
6.410783389583230019e-04
6.384092848747968674e-04
6.235500914044678211e-04
8.700094185769557953e-04
7.207291200757026672e-04
6.224224925972521305e-04
6.131161353550851345e-04
7.315264665521681309e-04
6.713525508530437946e-04
6.344143766909837723e-04
6.493426626548171043e-04
6.214721361175179482e-04
6.307027651928365231e-04
6.908869254402816296e-04
6.324598216451704502e-04
6.280636880546808243e-04
7.233570795506238937e-04
6.733462214469909668e-04
6.131582777015864849e-04
8.617162238806486130e-04
6.155405426397919655e-04
6.100719328969717026e-04
7.066556136123836040e-04
6.803490687161684036e-04
6.349612958729267120e-04
6.230669096112251282e-04
6.237014895305037498e-04
6.107332301326096058e-04
6.785278092138469219e-04
6.218929192982614040e-04
6.850148783996701241e-04
6.553278071805834770e-04
6.201162468641996384e-04
6.115215946920216084e-04
6.066249916329979897e-04
7.130446028895676136e-04
6.569374818354845047e-04
6.303089321590960026e-04
6.136381998658180237e-04
6.087171495892107487e-04
8.177061681635677814e-04
6.075204582884907722e-04
6.085616187192499638e-04
6.221689982339739799e-04
7.106897537596523762e-04
6.120066391304135323e-04
6.399245467036962509e-04
6.155332666821777821e-04
6.434082752093672752e-04
6.861008005216717720e-04
6.048761424608528614e-04
6.702321697957813740e-04
6.030608783476054668e-04
6.940247840248048306e-04
6.044669426046311855e-04
6.299145752564072609e-04
6.263576215133070946e-04
6.146874511614441872e-04
6.470366497524082661e-04
6.891217781230807304e-04
6.269580917432904243e-04
6.450586370192468166e-04
6.119511672295629978e-04
6.338032544590532780e-04
6.796886445954442024e-04
6.474348483607172966e-04
6.088633672334253788e-04
7.108263089321553707e-04
6.354985525831580162e-04
6.024035974405705929e-04
6.212879088707268238e-04
6.297856452874839306e-04
6.638330523855984211e-04
6.011479999870061874e-04
7.988833240233361721e-04
6.081561441533267498e-04
6.883448222652077675e-04
6.109101814217865467e-04
6.070390809327363968e-04
6.055504782125353813e-04
6.291288300417363644e-04
7.014510920271277428e-04
6.045678164809942245e-04
6.474092951975762844e-04
6.209924467839300632e-04
6.131799309514462948e-04
7.046005921438336372e-04
6.318871746771037579e-04
5.994923412799835205e-04
6.099370657466351986e-04
6.750674219802021980e-04
6.536792498081922531e-04
6.147001986391842365e-04
5.982463480904698372e-04
9.008973138406872749e-04
6.053279503248631954e-04
6.001279689371585846e-04
6.192997097969055176e-04
7.073489250615239143e-04
5.959225236438214779e-04
6.310484022833406925e-04
6.156563758850097656e-04
6.064420449547469616e-04
6.053596152924001217e-04
6.625538808293640614e-04
6.646208348684012890e-04
6.274897605180740356e-04
6.045566406100988388e-04
6.017001578584313393e-04
6.057958235032856464e-04
6.597529281862080097e-04
5.959566915407776833e-04
7.893342990428209305e-04
6.029523792676627636e-04
6.384225562214851379e-04
6.009836797602474689e-04
7.389395614154636860e-04
6.132175331003963947e-04
6.046658381819725037e-04
5.957152461633086205e-04
5.996769759804010391e-04
6.192954024299979210e-04
6.538644665852189064e-04
6.042885361239314079e-04
7.462080102413892746e-04
5.945643060840666294e-04
6.382708088494837284e-04
6.193928420543670654e-04
6.343417917378246784e-04
6.091322284191846848e-04
6.165000377222895622e-04
6.748144514858722687e-04
6.131195696070790291e-04
6.156835006549954414e-04
6.300340755842626095e-04
6.809490732848644257e-04
6.376579985953867435e-04
5.945766461081802845e-04
6.016751285642385483e-04
6.149079999886453152e-04
6.222575320862233639e-04
5.961834685876965523e-04
6.438874406740069389e-04
6.667732959613204002e-04
6.313529447652399540e-04
6.191557622514665127e-04
5.906609585508704185e-04
5.930943880230188370e-04
6.090604583732783794e-04
6.556349690072238445e-04
6.126742227934300900e-04
6.072442047297954559e-04
6.010987563058733940e-04
5.922149284742772579e-04
6.581802153959870338e-04
5.905247526243329048e-04
6.745878490619361401e-04
6.302632973529398441e-04
5.894324276596307755e-04
7.112720631994307041e-04
6.212113075889647007e-04
5.888179875910282135e-04
6.302624824456870556e-04
5.880713579244911671e-04
6.806674064137041569e-04
6.323944544419646263e-04
6.197530310600996017e-04
5.957948742434382439e-04
6.940386374481022358e-04
6.429231725633144379e-04
6.048666546121239662e-04
7.287590997293591499e-04
6.447987980209290981e-04
5.893508205190300941e-04
5.912912311032414436e-04
6.009424105286598206e-04
6.047452916391193867e-04
6.628909613937139511e-04
5.972077487967908382e-04
5.928711616434156895e-04
5.944960284978151321e-04
6.056284764781594276e-04
7.035865564830601215e-04
6.061483290977776051e-04
6.312311743386089802e-04
5.985993193462491035e-04
6.019365391694009304e-04
6.284116534516215324e-04
6.699733785353600979e-04
6.365306908264756203e-04
5.976798129267990589e-04
6.007826887071132660e-04
5.888762534596025944e-04
6.320367683656513691e-04
6.418293341994285583e-04
5.973419174551963806e-04
6.383758154697716236e-04
6.183348596096038818e-04
6.457361741922795773e-04
5.970900529064238071e-04
6.323440466076135635e-04
5.814749747514724731e-04
7.980311056599020958e-04
6.040700827725231647e-04
5.912724300287663937e-04
6.814217194914817810e-04
5.876332288607954979e-04
6.025027832947671413e-04
5.996641702950000763e-04
6.983780767768621445e-04
6.331275799311697483e-04
5.955061060376465321e-04
7.024735095910727978e-04
6.472397944889962673e-04
6.023101741448044777e-04
6.408916087821125984e-04
