2.467844402417540550e-03
2.074754564091563225e-03
1.945537165738642216e-03
1.910502556711435318e-03
1.888797385618090630e-03
1.872452092356979847e-03
1.858967123553156853e-03
1.849442603997886181e-03
1.841593068093061447e-03
1.833340036682784557e-03
1.825649058446288109e-03
1.819226425141096115e-03
1.813274691812694073e-03
1.807355205528438091e-03
1.801703590899705887e-03
1.796222291886806488e-03
1.791320042684674263e-03
1.786564360372722149e-03
1.781879342161118984e-03
1.777123194187879562e-03
1.771844225004315376e-03
1.768108340911567211e-03
1.764590735547244549e-03
1.761170686222612858e-03
1.757712103426456451e-03
1.754297991283237934e-03
1.750801224261522293e-03
1.747233909554779530e-03
1.743621076457202435e-03
1.740046427585184574e-03
1.736451289616525173e-03
1.732932403683662415e-03
1.729552401229739189e-03
1.726376242004334927e-03
1.723301829770207405e-03
1.720254425890743732e-03
1.717240083962678909e-03
1.714191050268709660e-03
1.711126300506293774e-03
1.707997522316873074e-03
1.702233450487256050e-03
1.698472187854349613e-03
1.694914768449962139e-03
1.691521378234028816e-03
1.688201096840202808e-03
1.684982678852975368e-03
1.681841560639441013e-03
1.678752829320728779e-03
1.675708335824310780e-03
1.672698883339762688e-03
1.669700955972075462e-03
1.666753669269382954e-03
1.663833390921354294e-03
1.660989713855087757e-03
1.658118446357548237e-03
1.655174652114510536e-03
1.652775332331657410e-03
1.649785786867141724e-03
1.647457480430603027e-03
1.644635107368230820e-03
1.642080605961382389e-03
1.639986759983003139e-03
1.638161600567400455e-03
1.636740402318537235e-03
1.632731175050139427e-03
1.631189719773828983e-03
1.629123697057366371e-03
1.627119374461472034e-03
1.624462893232703209e-03
1.623252872377634048e-03
1.621620147489011288e-03
1.619449933059513569e-03
1.616608817130327225e-03
1.614757464267313480e-03
1.612986321561038494e-03
1.611196086741983891e-03
1.610122038982808590e-03
1.607720158062875271e-03
1.606167992576956749e-03
1.604420249350368977e-03
1.603513257578015327e-03
1.600944437086582184e-03
1.598860137164592743e-03
1.596373505890369415e-03
1.594687928445637226e-03
1.601241994649171829e-03
1.593053457327187061e-03
1.590332132764160633e-03
1.589082297869026661e-03
1.586980535648763180e-03
1.585486344993114471e-03
1.584715559147298336e-03
1.582985976710915565e-03
1.586538506671786308e-03
1.579653704538941383e-03
1.578752649948000908e-03
1.583039178512990475e-03
1.578488270752131939e-03
1.574788591824471951e-03
1.572668435983359814e-03
1.575631671585142612e-03
1.571526401676237583e-03
1.568491221405565739e-03
1.567599480040371418e-03
1.572164124809205532e-03
1.565202372148633003e-03
1.564614241942763329e-03
1.563009922392666340e-03
1.560218050144612789e-03
1.557858195155858994e-03
1.557130948640406132e-03
1.564049278385937214e-03
1.554057700559496880e-03
1.552618807181715965e-03
1.554462476633489132e-03
1.552691916003823280e-03
1.550800050608813763e-03
1.546991406939923763e-03
1.545245642773807049e-03
1.545170554891228676e-03
1.542097190394997597e-03
1.541557954624295235e-03
1.539845601655542850e-03
1.537349540740251541e-03
1.544319326058030128e-03
1.535249641165137291e-03
1.533004688099026680e-03
1.539856661111116409e-03
1.529467059299349785e-03
1.527301734313368797e-03
1.529683126136660576e-03
1.525271451100707054e-03
1.530694076791405678e-03
1.523556769825518131e-03
1.523456652648746967e-03
1.523038605228066444e-03
1.520572579465806484e-03
1.516628195531666279e-03
1.521681318990886211e-03
1.516479998826980591e-03
1.513679861091077328e-03
1.518086413852870464e-03
1.510873087681829929e-03
1.507827430032193661e-03
1.516216667369008064e-03
1.505096559412777424e-03
1.503024832345545292e-03
1.506586093455553055e-03
1.501523540355265141e-03
1.503234612755477428e-03
1.505221473053097725e-03
1.502051134593784809e-03
1.500218873843550682e-03
1.496032928116619587e-03
1.493083545938134193e-03
1.493077958002686501e-03
1.491146977059543133e-03
1.493859686888754368e-03
1.492037205025553703e-03
1.493309624493122101e-03
1.490157796069979668e-03
1.488573965616524220e-03
1.484000007621943951e-03
1.483327243477106094e-03
1.481328974477946758e-03
1.484874286688864231e-03
1.483864150941371918e-03
1.484118751250207424e-03
1.481177750974893570e-03
1.477312762290239334e-03
1.475073047913610935e-03
1.473752316087484360e-03
1.473598647862672806e-03
1.478222664445638657e-03
1.474721706472337246e-03
1.476010424084961414e-03
1.472528092563152313e-03
1.470089773647487164e-03
1.468076370656490326e-03
1.466146088205277920e-03
1.463427324779331684e-03
1.462172134779393673e-03
1.461748499423265457e-03
1.469131908379495144e-03
1.462300308048725128e-03
1.465378678403794765e-03
1.462683314457535744e-03
1.459643477573990822e-03
1.455520163290202618e-03
1.453211181797087193e-03
1.451958436518907547e-03
1.458309823647141457e-03
1.455584773793816566e-03
1.454627024941146374e-03
1.450654119253158569e-03
1.451345044188201427e-03
1.448784023523330688e-03
1.444033230654895306e-03
1.455533318221569061e-03
1.443371176719665527e-03
1.441872096620500088e-03
1.439894665963947773e-03
1.442173728719353676e-03
1.439843326807022095e-03
1.437480794265866280e-03
1.435950631275773048e-03
1.437013619579374790e-03
1.441978849470615387e-03
1.438829582184553146e-03
1.433660858310759068e-03
1.430429634638130665e-03
1.428209594450891018e-03
1.433145953342318535e-03
1.426453120075166225e-03
1.429781899787485600e-03
1.432916265912353992e-03
1.429027295671403408e-03
1.426581293344497681e-03
1.421196502633392811e-03
1.418794039636850357e-03
1.417564344592392445e-03
1.419421751052141190e-03
1.420891145244240761e-03
1.424125395715236664e-03
1.421068212948739529e-03
1.418561907485127449e-03
1.414679922163486481e-03
1.410934957675635815e-03
1.409665797837078571e-03
1.411396660842001438e-03
1.418617903254926205e-03
1.413577701896429062e-03
1.410479424521327019e-03
1.405743649229407310e-03
1.403322210535407066e-03
1.411931822076439857e-03
1.404450624249875546e-03
1.411501085385680199e-03
1.405534567311406136e-03
1.403572619892656803e-03
1.401180750690400600e-03
1.397739630192518234e-03
1.394634251482784748e-03
1.397540094330906868e-03
1.401999616064131260e-03
1.398201449774205685e-03
1.392949605360627174e-03
1.389883342199027538e-03
1.402330584824085236e-03
1.389857265166938305e-03
1.396629493683576584e-03
1.392020029015839100e-03
1.386368996463716030e-03
1.385490875691175461e-03
1.397385029122233391e-03
1.387502998113632202e-03
1.385439303703606129e-03
1.387779717333614826e-03
1.382702495902776718e-03
1.385149778798222542e-03
1.381815527565777302e-03
1.378034707158803940e-03
1.379120745696127415e-03
1.375876250676810741e-03
1.384734176099300385e-03
1.381317269988358021e-03
1.374321174807846546e-03
1.374342245981097221e-03
1.384338480420410633e-03
1.376701518893241882e-03
1.370018115267157555e-03
1.411421457305550575e-03
1.376551925204694271e-03
1.368950586766004562e-03
1.366910524666309357e-03
1.371488557197153568e-03
1.365566626191139221e-03
1.369441393762826920e-03
1.364667084999382496e-03
1.363139832392334938e-03
1.363340066745877266e-03
1.384187722578644753e-03
1.360783702693879604e-03
1.360001042485237122e-03
1.359260175377130508e-03
1.363572315312922001e-03
1.358276698738336563e-03
1.359593588858842850e-03
1.359013142064213753e-03
1.355850836262106895e-03
1.365008414722979069e-03
1.359973452053964138e-03
1.355423941276967525e-03
1.352758612483739853e-03
1.352395396679639816e-03
1.366149168461561203e-03
1.357138273306190968e-03
1.352951279841363430e-03
1.350108068436384201e-03
1.349521800875663757e-03
1.350330538116395473e-03
1.349112484604120255e-03
1.361088943667709827e-03
1.347920158877968788e-03
1.346123171970248222e-03
1.344647374935448170e-03
1.344967982731759548e-03
1.346425269730389118e-03
1.344224554486572742e-03
1.343898591585457325e-03
1.355886226519942284e-03
1.346321660093963146e-03
1.339950482361018658e-03
1.342643401585519314e-03
1.341266324743628502e-03
1.338758389465510845e-03
1.338467001914978027e-03
1.339543261565268040e-03
1.341375056654214859e-03
1.342724775895476341e-03
1.337240566499531269e-03
1.333781052380800247e-03
1.342631992883980274e-03
1.336335204541683197e-03
1.331846928223967552e-03
1.339189126156270504e-03
1.331254490651190281e-03
1.334021100774407387e-03
1.339767011813819408e-03
1.331811537966132164e-03
1.327899750322103500e-03
1.346306176856160164e-03
1.326955272816121578e-03
1.327105914242565632e-03
1.326028606854379177e-03
1.328350277617573738e-03
1.329517108388245106e-03
1.326291123405098915e-03
1.327134319581091404e-03
1.322230673395097256e-03
1.332395127974450588e-03
1.326594618149101734e-03
1.320308889262378216e-03
1.328160054981708527e-03
1.326970756053924561e-03
1.319625996984541416e-03
1.318191876634955406e-03
1.336285495199263096e-03
1.323009491898119450e-03
1.320754061453044415e-03
1.315358094871044159e-03
1.322558382526040077e-03
1.323765725828707218e-03
1.314867171458899975e-03
1.314523397013545036e-03
1.327804522588849068e-03
1.319585484452545643e-03
1.315258792601525784e-03
1.312010805122554302e-03
1.339833950623869896e-03
1.309179584495723248e-03
1.308345585130155087e-03
1.325828954577445984e-03
1.313694985583424568e-03
1.310182502493262291e-03
1.306968508288264275e-03
1.306498539634048939e-03
1.308327075093984604e-03
1.315872883424162865e-03
1.311272731982171535e-03
1.306994934566318989e-03
1.304022734984755516e-03
1.328846556134521961e-03
1.301103737205266953e-03
1.300766482017934322e-03
1.304679666645824909e-03
1.314877299591898918e-03
1.300680451095104218e-03
1.299669384025037289e-03
1.299136900343000889e-03
1.298014190979301929e-03
1.296547357924282551e-03
1.299176015891134739e-03
1.298508606851100922e-03
1.304942532442510128e-03
1.293558627367019653e-03
1.293549197725951672e-03
1.304356614127755165e-03
1.301640761084854603e-03
1.292916131205856800e-03
1.298065879382193089e-03
1.291885739192366600e-03
1.289042760618031025e-03
1.313781482167541981e-03
1.291999360546469688e-03
1.293411245569586754e-03
1.287805149331688881e-03
1.323753152973949909e-03
1.285565667785704136e-03
1.286279293708503246e-03
1.288069062866270542e-03
1.299582305364310741e-03
1.290345215238630772e-03
1.283781370148062706e-03
1.290799817070364952e-03
1.281608012504875660e-03
1.288484199903905392e-03
1.280708354897797108e-03
1.308288541622459888e-03
1.282240846194326878e-03
1.280366093851625919e-03
1.278757117688655853e-03
1.281152362935245037e-03
1.280613127164542675e-03
1.278464915230870247e-03
1.285980339162051678e-03
1.278362469747662544e-03
1.275647897273302078e-03
1.277593546546995640e-03
1.283125486224889755e-03
1.273798407055437565e-03
1.321780495345592499e-03
1.277489122003316879e-03
1.272431574761867523e-03
1.272231689654290676e-03
1.282462268136441708e-03
1.279745018109679222e-03
1.274803536944091320e-03
1.270629116334021091e-03
1.279747113585472107e-03
1.273750793188810349e-03
1.272489898838102818e-03
1.269421540200710297e-03
1.278101233765482903e-03
1.267014537006616592e-03
1.270699664019048214e-03
1.269720843993127346e-03
1.273805042728781700e-03
1.266320818103849888e-03
1.266893232241272926e-03
1.275552669540047646e-03
1.269011409021914005e-03
1.263640937395393848e-03
1.273622154258191586e-03
1.267298590391874313e-03
1.265243976376950741e-03
1.264222082681953907e-03
1.265303813852369785e-03
1.261469791643321514e-03
1.263457816094160080e-03
1.259746379218995571e-03
1.273877685889601707e-03
1.262559904716908932e-03
1.258963951840996742e-03
1.268485095351934433e-03
1.270067412406206131e-03
1.258117612451314926e-03
1.256384653970599174e-03
1.260123564861714840e-03
1.258885487914085388e-03
1.262220554053783417e-03
1.255934825167059898e-03
1.259988290257751942e-03
1.252364367246627808e-03
1.268944703042507172e-03
1.254766597412526608e-03
1.252619316801428795e-03
1.250555156730115414e-03
1.254297443665564060e-03
1.249220105819404125e-03
1.250830478966236115e-03
1.248570508323609829e-03
1.249662134796380997e-03
1.248165150173008442e-03
1.247375970706343651e-03
1.248689834028482437e-03
1.251479843631386757e-03
1.250368892215192318e-03
1.251056790351867676e-03
1.245202845893800259e-03
1.247650827281177044e-03
1.242945203557610512e-03
1.242066733539104462e-03
1.250051427632570267e-03
1.241553807631134987e-03
1.262035337276756763e-03
1.245106337592005730e-03
1.242543570697307587e-03
1.240783836692571640e-03
1.247804262675344944e-03
1.238146331161260605e-03
1.248690532520413399e-03
1.236887997947633266e-03
1.276870723813772202e-03
1.238107681274414062e-03
1.238200347870588303e-03
1.235764240846037865e-03
1.268535503186285496e-03
1.234015217050909996e-03
1.233646529726684093e-03
1.257205498404800892e-03
1.240522018633782864e-03
1.238379860296845436e-03
1.232045469805598259e-03
1.261856756173074245e-03
1.235984498634934425e-03
1.233753748238086700e-03
1.230074674822390079e-03
1.251256908290088177e-03
1.232523471117019653e-03
1.230264781042933464e-03
1.228513545356690884e-03
1.242696424014866352e-03
1.235657138749957085e-03
1.227707834914326668e-03
1.231728703714907169e-03
1.233661198057234287e-03
1.235361793078482151e-03
1.228250446729362011e-03
1.229327986948192120e-03
1.224666135385632515e-03
1.233010319992899895e-03
1.224487321451306343e-03
1.224892446771264076e-03
1.227516331709921360e-03
1.223979401402175426e-03
1.224144129082560539e-03
1.221476937644183636e-03
1.225566375069320202e-03
1.223655068315565586e-03
1.225150073878467083e-03
1.220622565597295761e-03
1.220573205500841141e-03
1.219002064317464828e-03
1.219279365614056587e-03
1.220815931446850300e-03
1.222630613483488560e-03
1.232418580912053585e-03
1.223015715368092060e-03
1.216155476868152618e-03
1.248410437256097794e-03
1.215533586218953133e-03
1.216193893924355507e-03
1.219906262122094631e-03
1.229086890816688538e-03
1.213620649650692940e-03
1.213196781463921070e-03
1.228287583217024803e-03
1.215263851918280125e-03
1.214993302710354328e-03
1.218783203512430191e-03
1.210992923006415367e-03
1.268104766495525837e-03
1.214264659211039543e-03
1.210963702760636806e-03
1.209851005114614964e-03
1.211440772749483585e-03
1.209798967465758324e-03
1.208060653880238533e-03
1.224775100126862526e-03
1.209881505928933620e-03
1.211430178955197334e-03
1.214475138112902641e-03
1.213890966027975082e-03
1.209820387884974480e-03
1.206896384246647358e-03
1.210508169606328011e-03
1.205052481964230537e-03
1.219627680256962776e-03
1.207340392284095287e-03
1.204664236865937710e-03
1.211181865073740482e-03
1.222442602738738060e-03
1.203173189423978329e-03
1.202726503834128380e-03
1.208684407174587250e-03
1.206195913255214691e-03
1.207878231070935726e-03
1.210674876347184181e-03
1.199954422190785408e-03
1.262358971871435642e-03
1.204875763505697250e-03
1.199182472191751003e-03
1.200210535898804665e-03
1.210181158967316151e-03
1.201094710268080235e-03
1.197726232931017876e-03
1.204476109705865383e-03
1.219278550706803799e-03
1.199177466332912445e-03
1.198320183902978897e-03
1.196638797409832478e-03
1.209306879900395870e-03
1.196292345412075520e-03
1.208319445140659809e-03
1.195017830468714237e-03
1.206417451612651348e-03
1.204241416417062283e-03
1.193230506032705307e-03
1.232907990925014019e-03
1.192601746879518032e-03
1.192541443742811680e-03
1.191746094264090061e-03
1.200420898385345936e-03
1.191175426356494427e-03
1.216595759615302086e-03
1.199901802465319633e-03
1.190293813124299049e-03
1.229680958203971386e-03
1.190836541354656219e-03
1.189935603179037571e-03
1.199721475131809711e-03
1.189078669995069504e-03
1.238050754182040691e-03
1.189229893498122692e-03
1.189507544040679932e-03
1.191057614050805569e-03
1.200799481011927128e-03
1.197278732433915138e-03
1.186629058793187141e-03
1.193912699818611145e-03
1.185969682410359383e-03
1.200808910652995110e-03
1.189939794130623341e-03
1.184754539281129837e-03
1.186683773994445801e-03
1.202466199174523354e-03
1.187479007057845592e-03
1.185749773867428303e-03
1.200384343974292278e-03
1.185268396511673927e-03
1.187740126624703407e-03
1.193845644593238831e-03
1.181725645437836647e-03
1.241707243025302887e-03
1.184541964903473854e-03
1.180798280984163284e-03
1.180510735139250755e-03
1.188375405035912991e-03
1.180337043479084969e-03
1.181054976768791676e-03
1.192737952806055546e-03
1.194029464386403561e-03
1.180435181595385075e-03
1.185300410725176334e-03
1.180704683065414429e-03
1.202794956043362617e-03
1.189753646031022072e-03
1.179946819320321083e-03
1.181855914182960987e-03
1.176536898128688335e-03
1.176968798972666264e-03
1.184707041829824448e-03
1.178645296022295952e-03
1.181391533464193344e-03
1.176826772280037403e-03
1.175031880848109722e-03
1.200604252517223358e-03
1.185645698569715023e-03
1.174041070044040680e-03
1.175359124317765236e-03
1.199142541736364365e-03
1.181730302050709724e-03
1.172656076960265636e-03
1.180160790681838989e-03
1.198889920487999916e-03
1.172886695712804794e-03
1.172828022390604019e-03
1.173138967715203762e-03
1.174282282590866089e-03
1.192522118799388409e-03
1.179069280624389648e-03
1.170490286312997341e-03
1.204873202368617058e-03
1.177842379547655582e-03
1.169940107502043247e-03
1.182795152999460697e-03
1.170511473901569843e-03
1.173372962512075901e-03
1.168740098364651203e-03
1.175605691969394684e-03
1.168524147942662239e-03
1.169524155557155609e-03
1.167303882539272308e-03
1.187848858535289764e-03
1.172645133920013905e-03
1.167888287454843521e-03
1.189388218335807323e-03
1.173836062662303448e-03
1.165591645985841751e-03
1.185493194498121738e-03
1.178984530270099640e-03
1.168679213151335716e-03
1.166864181868731976e-03
1.168035552836954594e-03
1.171355601400136948e-03
1.178184524178504944e-03
1.163609675131738186e-03
1.210929127410054207e-03
1.163183595053851604e-03
1.163053093478083611e-03
1.177226658910512924e-03
1.162185100838541985e-03
1.220380421727895737e-03
1.161842839792370796e-03
1.164600136689841747e-03
1.162416767328977585e-03
1.177253318019211292e-03
1.170593663118779659e-03
1.160737825557589531e-03
1.188480295240879059e-03
1.169956405647099018e-03
1.160641433671116829e-03
1.182036590762436390e-03
1.162502216175198555e-03
1.168853486888110638e-03
1.158609404228627682e-03
1.177779398858547211e-03
1.160766580142080784e-03
1.170013565570116043e-03
1.168187358416616917e-03
1.157864695414900780e-03
1.165992696769535542e-03
1.186053967103362083e-03
1.160715473815798759e-03
1.156189711764454842e-03
1.156431389972567558e-03
1.179594779387116432e-03
1.163830864243209362e-03
1.156286220066249371e-03
1.178489648737013340e-03
1.161576947197318077e-03
1.156077720224857330e-03
1.162939355708658695e-03
1.157675753347575665e-03
1.154963509179651737e-03
1.171848271042108536e-03
1.158375758677721024e-03
1.157472608610987663e-03
1.164984423667192459e-03
1.152337179519236088e-03
1.178044243715703487e-03
1.163121080026030540e-03
1.154465833678841591e-03
1.152836717665195465e-03
1.158806961029767990e-03
1.151225878857076168e-03
1.152963028289377689e-03
1.149980467744171619e-03
1.260614022612571716e-03
1.164882211014628410e-03
1.150333788245916367e-03
1.149278366938233376e-03
1.149129820987582207e-03
1.149087329395115376e-03
1.170432195067405701e-03
1.153349643573164940e-03
1.151681644842028618e-03
1.150970230810344219e-03
1.153104356490075588e-03
1.147095113992691040e-03
1.148286391980946064e-03
1.146752736531198025e-03
1.191689982078969479e-03
1.151191303506493568e-03
1.146451570093631744e-03
1.154550351202487946e-03
1.147561473771929741e-03
1.146952505223453045e-03
1.154201338067650795e-03
1.150655676610767841e-03
1.169223221950232983e-03
1.150731812231242657e-03
1.146378694102168083e-03
1.155451987870037556e-03
1.165347872301936150e-03
1.143502537161111832e-03
1.143425004556775093e-03
1.156771671958267689e-03
1.142365159466862679e-03
1.183392712846398354e-03
1.149826450273394585e-03
1.147110364399850368e-03
1.148306997492909431e-03
1.145161222666501999e-03
1.146227470599114895e-03
1.140825217589735985e-03
1.212488859891891479e-03
1.146424096077680588e-03
1.141701708547770977e-03
1.140292268246412277e-03
1.142537803389132023e-03
1.144037465564906597e-03
1.138474442996084690e-03
1.150826574303209782e-03
1.138451392762362957e-03
1.147401984781026840e-03
1.168636255897581577e-03
1.141846412792801857e-03
1.136651611886918545e-03
1.137424609623849392e-03
1.161979394964873791e-03
1.142681692726910114e-03
1.136914012022316456e-03
1.170452800579369068e-03
1.145371817983686924e-03
1.134335645474493504e-03
1.139657804742455482e-03
1.148425857536494732e-03
1.134738326072692871e-03
1.147698727436363697e-03
1.138159190304577351e-03
1.135560567490756512e-03
1.144503010436892509e-03
1.133068231865763664e-03
1.181167783215641975e-03
1.132423407398164272e-03
1.133929356001317501e-03
1.132725854404270649e-03
1.150485593825578690e-03
1.135675818659365177e-03
1.132314791902899742e-03
1.137796905823051929e-03
1.129653654061257839e-03
1.192157622426748276e-03
1.137190032750368118e-03
1.129764947108924389e-03
1.128482166677713394e-03
1.146321650594472885e-03
1.128489500842988491e-03
1.148786162957549095e-03
1.136555103585124016e-03
1.128177973441779613e-03
1.136856968514621258e-03
1.157689490355551243e-03
1.130561693571507931e-03
1.125265029259026051e-03
1.126146642491221428e-03
1.153017743490636349e-03
1.135617494583129883e-03
1.126928720623254776e-03
1.142114750109612942e-03
1.135228550992906094e-03
1.123534864746034145e-03
1.155823352746665478e-03
1.134506193920969963e-03
1.126484712585806847e-03
1.137266750447452068e-03
1.127431867644190788e-03
1.122612506151199341e-03
1.121901907026767731e-03
1.132771605625748634e-03
1.124673523008823395e-03
1.167123322375118732e-03
1.124676899053156376e-03
1.124739530496299267e-03
1.130773569457232952e-03
1.123871421441435814e-03
1.123813563026487827e-03
1.122064306400716305e-03
1.164463348686695099e-03
1.122431480325758457e-03
1.123877009376883507e-03
1.127874944359064102e-03
1.120127853937447071e-03
1.120338798500597477e-03
1.123990397900342941e-03
1.140975626185536385e-03
1.125869574025273323e-03
1.118355547077953815e-03
1.142578665167093277e-03
1.129294396378099918e-03
1.121432869695127010e-03
1.123709604144096375e-03
1.138071180321276188e-03
1.119312713854014874e-03
1.126328716054558754e-03
1.128857722505927086e-03
1.115082530304789543e-03
1.117418287321925163e-03
1.166577334515750408e-03
1.114711980335414410e-03
1.114557730033993721e-03
1.113947830162942410e-03
1.114288694225251675e-03
1.116108149290084839e-03
1.125970389693975449e-03
1.112961792387068272e-03
1.121063251048326492e-03
1.122186076827347279e-03
1.113488804548978806e-03
1.119914115406572819e-03
1.111842226237058640e-03
1.221041660755872726e-03
1.132466364651918411e-03
1.112365163862705231e-03
1.111562363803386688e-03
1.111326040700078011e-03
1.114005804993212223e-03
1.128664822317659855e-03
1.113038975745439529e-03
1.120067434385418892e-03
1.109719043597579002e-03
1.111439312808215618e-03
1.117897802032530308e-03
1.120815635658800602e-03
1.110925339162349701e-03
1.109354896470904350e-03
1.108782133087515831e-03
1.162899425253272057e-03
1.109307399019598961e-03
1.108282594941556454e-03
1.107499818317592144e-03
1.110213808715343475e-03
1.136967213824391365e-03
1.117836101911962032e-03
1.106683164834976196e-03
1.190895680338144302e-03
1.111326622776687145e-03
1.106577343307435513e-03
1.106211682781577110e-03
1.111323479562997818e-03
1.108256285078823566e-03
1.110268640331923962e-03
1.108127180486917496e-03
1.115479972213506699e-03
1.104395720176398754e-03
1.105068251490592957e-03
1.119708642363548279e-03
1.120184315368533134e-03
1.106646377593278885e-03
1.108863274566829205e-03
1.115545863285660744e-03
1.106211100704967976e-03
1.105557777918875217e-03
1.108116353861987591e-03
1.104567898437380791e-03
1.124949194490909576e-03
1.104332157410681248e-03
1.120472326874732971e-03
1.111893099732697010e-03
1.101957866922020912e-03
1.174438511952757835e-03
1.105509814806282520e-03
1.102675800211727619e-03
1.100938301533460617e-03
1.137394458055496216e-03
1.103037619031965733e-03
1.108700293116271496e-03
1.103947637602686882e-03
1.103009562939405441e-03
1.104204682633280754e-03
1.098238746635615826e-03
1.099144690670073032e-03
1.099426881410181522e-03
1.140602515079081059e-03
1.105174422264099121e-03
1.105034141801297665e-03
1.104436698369681835e-03
1.099976943805813789e-03
1.096516032703220844e-03
1.100182300433516502e-03
1.095952000468969345e-03
1.104028429836034775e-03
1.098015927709639072e-03
1.100426656194031239e-03
1.096394262276589870e-03
1.111788558773696423e-03
1.095925807021558285e-03
1.096183783374726772e-03
1.095688785426318645e-03
1.105606788769364357e-03
1.093773869797587395e-03
1.096297637559473515e-03
1.093917875550687313e-03
1.121181994676589966e-03
1.093324040994048119e-03
1.092685619369149208e-03
1.092974678613245487e-03
1.092861290089786053e-03
1.134662656113505363e-03
1.103320624679327011e-03
1.098007895052433014e-03
1.103700953535735607e-03
1.095616142265498638e-03
1.107787247747182846e-03
1.111991237848997116e-03
1.090653822757303715e-03
1.090807840228080750e-03
1.097031286917626858e-03
1.103939954191446304e-03
1.089585013687610626e-03
1.090485020540654659e-03
1.091182348318397999e-03
1.138129387982189655e-03
1.090404461137950420e-03
1.091425772756338120e-03
1.094010891392827034e-03
1.093709492124617100e-03
1.088365213945508003e-03
1.088108518160879612e-03
1.093457918614149094e-03
1.103585935197770596e-03
1.099505810998380184e-03
1.088379882276058197e-03
1.139350933954119682e-03
1.090381178073585033e-03
1.089574769139289856e-03
1.087716314941644669e-03
1.108512631617486477e-03
1.087068812921643257e-03
1.114540733397006989e-03
1.095817540772259235e-03
1.085568917915225029e-03
1.153865247033536434e-03
1.090960809960961342e-03
1.086995704099535942e-03
1.085850992240011692e-03
1.120618428103625774e-03
1.086694654077291489e-03
1.093241618946194649e-03
1.091859769076108932e-03
1.089781639166176319e-03
1.083161099813878536e-03
1.089380006305873394e-03
1.086419797502458096e-03
1.090868958272039890e-03
1.082805567421019077e-03
1.082487287931144238e-03
1.093898317776620388e-03
1.086460310034453869e-03
1.117073930799961090e-03
1.097291591577231884e-03
1.082900562323629856e-03
1.087593263946473598e-03
1.085883122868835926e-03
1.081004273146390915e-03
1.099012210033833981e-03
1.083655282855033875e-03
1.079709618352353573e-03
1.121788984164595604e-03
1.091989688575267792e-03
1.081826048903167248e-03
1.080643036402761936e-03
1.096892170608043671e-03
1.086608157493174076e-03
1.078341971151530743e-03
1.083403825759887695e-03
1.101433648727834225e-03
1.088711083866655827e-03
1.079666777513921261e-03
1.104592112824320793e-03
1.086602802388370037e-03
1.078014494851231575e-03
1.124460599385201931e-03
1.083780080080032349e-03
1.085527590475976467e-03
1.083515468053519726e-03
1.079433714039623737e-03
1.077392487786710262e-03
1.075739506632089615e-03
1.077675842680037022e-03
1.077408087439835072e-03
1.098727225326001644e-03
1.077899476513266563e-03
1.094507984817028046e-03
1.081099617294967175e-03
1.077376538887619972e-03
1.078154775314033031e-03
1.082119881175458431e-03
1.076683169230818748e-03
1.076054642908275127e-03
1.092335791327059269e-03
1.079752692021429539e-03
1.075897132977843285e-03
1.087553333491086960e-03
1.074742292985320091e-03
1.087336568161845207e-03
1.107060350477695465e-03
1.077424967661499977e-03
1.072701299563050270e-03
1.074881758540868759e-03
1.093198545277118683e-03
1.083867391571402550e-03
1.072460319846868515e-03
1.153675955720245838e-03
1.072103623300790787e-03
1.073977560736238956e-03
1.070619560778141022e-03
1.134215272031724453e-03
1.073491293936967850e-03
1.070680213160812855e-03
1.074651139788329601e-03
1.099010929465293884e-03
1.075405860319733620e-03
1.079898211173713207e-03
1.074181287549436092e-03
1.068929675966501236e-03
1.076256739906966686e-03
1.071845064871013165e-03
1.087636686861515045e-03
1.068222103640437126e-03
1.161046209745109081e-03
1.072803395800292492e-03
1.070179161615669727e-03
1.071518636308610439e-03
1.084678107872605324e-03
1.067067147232592106e-03
1.172936172224581242e-03
1.076367683708667755e-03
1.066562952473759651e-03
1.066380762495100498e-03
1.076694461517035961e-03
1.066140481270849705e-03
1.065974589437246323e-03
1.093699480406939983e-03
1.077749766409397125e-03
1.068999408744275570e-03
1.081683556549251080e-03
1.065367716364562511e-03
1.168159884400665760e-03
1.072717481292784214e-03
1.065045711584389210e-03
1.065694959834218025e-03
1.077716122381389141e-03
1.066477852873504162e-03
1.064637908712029457e-03
1.086593605577945709e-03
1.064221723936498165e-03
1.112163183279335499e-03
1.067752018570899963e-03
1.072452520020306110e-03
1.073655439540743828e-03
1.074497820809483528e-03
1.062653609551489353e-03
1.187082030810415745e-03
1.076862099580466747e-03
1.064809155650436878e-03
1.062858384102582932e-03
1.063486095517873764e-03
1.095311949029564857e-03
1.066524069756269455e-03
1.072805258445441723e-03
1.061639166437089443e-03
1.076853950507938862e-03
1.061325892806053162e-03
1.150634838268160820e-03
1.061411341652274132e-03
1.063472707755863667e-03
1.063531613908708096e-03
1.082174712792038918e-03
1.060207374393939972e-03
1.118258107453584671e-03
1.059429487213492393e-03
1.059125643223524094e-03
1.084570307284593582e-03
1.062277937307953835e-03
1.066069933585822582e-03
1.062325318343937397e-03
1.058544148690998554e-03
1.063786563463509083e-03
1.058244961313903332e-03
1.067904871888458729e-03
1.059196423739194870e-03
1.071877079084515572e-03
1.058176276274025440e-03
1.145241083577275276e-03
1.064119860529899597e-03
1.059336005710065365e-03
1.061551622115075588e-03
1.077605411410331726e-03
1.062247320078313351e-03
1.063034287653863430e-03
1.058204215951263905e-03
1.071375561878085136e-03
1.059348811395466328e-03
1.056837150827050209e-03
1.074458006769418716e-03
1.055315718986093998e-03
1.064307405613362789e-03
1.109230564907193184e-03
1.056063105352222919e-03
1.054882304742932320e-03
1.054271007888019085e-03
1.059429952874779701e-03
1.073710620403289795e-03
1.054112799465656281e-03
1.134715857915580273e-03
1.055413275025784969e-03
1.056456123478710651e-03
1.053967629559338093e-03
1.127291121520102024e-03
1.054316060617566109e-03
1.053148298524320126e-03
1.062208670191466808e-03
1.067510107532143593e-03
1.052084146067500114e-03
1.123005058616399765e-03
1.061333459801971912e-03
1.056379056535661221e-03
1.051760278642177582e-03
1.051340834237635136e-03
1.061466638930141926e-03
1.054687774740159512e-03
1.074839616194367409e-03
1.053069252520799637e-03
1.058741938322782516e-03
1.051938277669250965e-03
1.075114822015166283e-03
1.056079869158565998e-03
1.051319180987775326e-03
1.049707760103046894e-03
1.089966157451272011e-03
1.064277836121618748e-03
1.052311738021671772e-03
1.074627856723964214e-03
1.063344418071210384e-03
1.049621729180216789e-03
1.069522229954600334e-03
1.078704372048377991e-03
1.048504374921321869e-03
1.048299949616193771e-03
1.071562757715582848e-03
1.049628248438239098e-03
1.062864088453352451e-03
1.055581844411790371e-03
1.048102974891662598e-03
1.046935678459703922e-03
1.067289849743247032e-03
1.046663965098559856e-03
1.098763081245124340e-03
1.058760797604918480e-03
1.054877764545381069e-03
1.053440500982105732e-03
1.046393881551921368e-03
1.113568316213786602e-03
1.047848374582827091e-03
1.046571880578994751e-03
1.045131240971386433e-03
1.051607308909296989e-03
1.058743102476000786e-03
1.058817259036004543e-03
1.045050215907394886e-03
1.045460347086191177e-03
1.065082265995442867e-03
1.061118091456592083e-03
1.049879007041454315e-03
1.045080949552357197e-03
1.092982129193842411e-03
1.043416559696197510e-03
1.044246833771467209e-03
1.045721699483692646e-03
1.044144621118903160e-03
1.042895484715700150e-03
1.044521457515656948e-03
1.044725533574819565e-03
1.067036762833595276e-03
1.043016789481043816e-03
1.084409886971116066e-03
1.054742257110774517e-03
1.044024829752743244e-03
1.073888503015041351e-03
1.041281153447926044e-03
1.043267431668937206e-03
1.055693835951387882e-03
1.066319528035819530e-03
1.040796283632516861e-03
1.040457631461322308e-03
1.056169392541050911e-03
1.048539881594479084e-03
1.045678509399294853e-03
1.041251118294894695e-03
1.119629014283418655e-03
1.040424103848636150e-03
1.040663686580955982e-03
1.044828910380601883e-03
1.071773935109376907e-03
1.054547261446714401e-03
1.038744929246604443e-03
1.038687303662300110e-03
1.073622377589344978e-03
1.054886495694518089e-03
1.040086965076625347e-03
1.038589281961321831e-03
1.037775538861751556e-03
1.038145739585161209e-03
1.041813287883996964e-03
1.060169888660311699e-03
1.052202540449798107e-03
1.037551788613200188e-03
1.110105891712009907e-03
1.036825589835643768e-03
1.038510119542479515e-03
1.036412315443158150e-03
1.045029377564787865e-03
1.041579409502446651e-03
1.047465484589338303e-03
1.036269706673920155e-03
1.166896661743521690e-03
1.052381820045411587e-03
1.036632456816732883e-03
1.036559930071234703e-03
1.038593705743551254e-03
1.070351689122617245e-03
1.038589631207287312e-03
1.046750461682677269e-03
1.040691160596907139e-03
1.051347237080335617e-03
1.037871814332902431e-03
1.036624424159526825e-03
1.045046374201774597e-03
1.050918595865368843e-03
1.033524749800562859e-03
1.131227123551070690e-03
1.046121818944811821e-03
1.036429079249501228e-03
1.032997155562043190e-03
1.033543609082698822e-03
1.051893923431634903e-03
1.034350367262959480e-03
1.032833242788910866e-03
1.055308501236140728e-03
1.057125162333250046e-03
1.033658743835985661e-03
1.036421745084226131e-03
1.060987939126789570e-03
1.035347231663763523e-03
1.043052063323557377e-03
1.034729648381471634e-03
1.045480486936867237e-03
1.041771727614104748e-03
1.033135806210339069e-03
1.030752668157219887e-03
1.141171087510883808e-03
1.035948167555034161e-03
1.032338826917111874e-03
1.033945474773645401e-03
1.049574464559555054e-03
1.029935665428638458e-03
1.047397265210747719e-03
1.029570004902780056e-03
1.060771639458835125e-03
1.035705674439668655e-03
1.030714483931660652e-03
1.028957078233361244e-03
1.028819824568927288e-03
1.035469467751681805e-03
1.045378856360912323e-03
1.034823828376829624e-03
1.031336141750216484e-03
1.029144506901502609e-03
1.034349086694419384e-03
1.063041039742529392e-03
1.035069115459918976e-03
1.034019282087683678e-03
1.035031047649681568e-03
1.033284817822277546e-03
1.029896782711148262e-03
1.027072081342339516e-03
1.039115246385335922e-03
1.028391416184604168e-03
1.036693109199404716e-03
1.030376181006431580e-03
1.046648365445435047e-03
1.034773769788444042e-03
1.029523788020014763e-03
1.034158864058554173e-03
1.033977605402469635e-03
1.027824007906019688e-03
1.040760544128715992e-03
1.027388381771743298e-03
1.026723650284111500e-03
1.045323908329010010e-03
1.025668112561106682e-03
1.055336324498057365e-03
1.053080311976373196e-03
1.024641795083880424e-03
1.024868222884833813e-03
1.031185267493128777e-03
1.036411966197192669e-03
1.024247845634818077e-03
1.025309902615845203e-03
1.025538542307913303e-03
1.091689802706241608e-03
1.032589352689683437e-03
1.027362071909010410e-03
1.025698729790747166e-03
1.046113786287605762e-03
1.033129985444247723e-03
1.022913493216037750e-03
1.028220169246196747e-03
1.053996267728507519e-03
1.033156528137624264e-03
1.033089472912251949e-03
1.023005112074315548e-03
1.115257269702851772e-03
1.035348628647625446e-03
1.023456105031073093e-03
1.022546784952282906e-03
1.040727598592638969e-03
1.021594973281025887e-03
1.029913779348134995e-03
1.028407597914338112e-03
1.021395437419414520e-03
1.028896193020045757e-03
1.023952616378664970e-03
1.047807862050831318e-03
1.021503354422748089e-03
1.056931447237730026e-03
1.028902013786137104e-03
1.031792955473065376e-03
1.020874129608273506e-03
1.126652699895203114e-03
1.033007400110363960e-03
1.022154814563691616e-03
1.020884839817881584e-03
1.021987176500260830e-03
1.064187032170593739e-03
1.019229879602789879e-03
1.019308692775666714e-03
1.026457757689058781e-03
1.039696275256574154e-03
1.019214862026274204e-03
1.020229887217283249e-03
1.018176903016865253e-03
1.054658088833093643e-03
1.042771153151988983e-03
1.023015007376670837e-03
1.019579474814236164e-03
1.019601477310061455e-03
1.068730955012142658e-03
1.018369453959167004e-03
1.017246046103537083e-03
1.053280313499271870e-03
1.030049403198063374e-03
1.018914976157248020e-03
1.057051238603889942e-03
1.029320177622139454e-03
1.019105082377791405e-03
1.072001061402261257e-03
1.031706808134913445e-03
1.016832771711051464e-03
1.017312752082943916e-03
1.048010191880166531e-03
1.042025513015687466e-03
1.016466529108583927e-03
1.021696836687624454e-03
1.044041244313120842e-03
1.017815317027270794e-03
1.053244923241436481e-03
1.024229568429291248e-03
1.015812624245882034e-03
1.090265461243689060e-03
1.025739824399352074e-03
1.016306690871715546e-03
1.019338727928698063e-03
1.040685572661459446e-03
1.028283149935305119e-03
1.016757567413151264e-03
1.094692270271480083e-03
1.017631730064749718e-03
1.014398178085684776e-03
1.021566917188465595e-03
1.041970332153141499e-03
1.020451192744076252e-03
1.027678488753736019e-03
1.024142955429852009e-03
1.016514725051820278e-03
1.061479211784899235e-03
1.018816488794982433e-03
1.015516580082476139e-03
1.025843550451099873e-03
1.018798560835421085e-03
1.034706714563071728e-03
1.012189430184662342e-03
1.059681759215891361e-03
1.025226199999451637e-03
1.012786407954990864e-03
1.088054734282195568e-03
1.012653345242142677e-03
1.012010383419692516e-03
1.026866259053349495e-03
1.022184733301401138e-03
1.018020673654973507e-03
1.014587352983653545e-03
1.047100289724767208e-03
1.022855518385767937e-03
1.012245775200426579e-03
1.119431690312922001e-03
1.012545544654130936e-03
1.014207024127244949e-03
1.013533561490476131e-03
1.045841956511139870e-03
1.020061667077243328e-03
1.019157934933900833e-03
1.015919493511319160e-03
1.009787782095372677e-03
1.017578644677996635e-03
1.013314467854797840e-03
1.020779716782271862e-03
