2.252910751849412918e-03
1.992383040487766266e-03
1.936667598783969879e-03
1.929022022522985935e-03
1.925260527059435844e-03
1.922582974657416344e-03
1.919985748827457428e-03
1.917278394103050232e-03
1.914316089823842049e-03
1.911244937218725681e-03
1.907720696181058884e-03
1.903952914290130138e-03
1.899523078463971615e-03
1.894635381177067757e-03
1.889341278001666069e-03
1.883629709482192993e-03
1.877403585240244865e-03
1.871124259196221828e-03
1.863973564468324184e-03
1.859000185504555702e-03
1.847916748374700546e-03
1.840429613366723061e-03
1.836974872276186943e-03
1.828458975069224834e-03
1.820261357352137566e-03
1.817179494537413120e-03
1.808593282476067543e-03
1.809216686524450779e-03
1.801623264327645302e-03
1.797175733372569084e-03
1.807074295356869698e-03
1.791702234186232090e-03
1.786965760402381420e-03
1.780900172889232635e-03
1.776950201019644737e-03
1.794329960830509663e-03
1.777386059984564781e-03
1.775211887434124947e-03
1.760364626534283161e-03
1.770105329342186451e-03
1.759522245265543461e-03
1.748912036418914795e-03
1.757493126206099987e-03
1.754394499585032463e-03
1.736315549351274967e-03
1.751555828377604485e-03
1.730191521346569061e-03
1.743997563607990742e-03
1.730611431412398815e-03
1.733655110001564026e-03
1.749364426359534264e-03
1.715998048894107342e-03
1.743342494592070580e-03
1.722363289445638657e-03
1.703308429569005966e-03
1.724360045045614243e-03
1.711199525743722916e-03
1.694641076028347015e-03
1.719223218970000744e-03
1.715787686407566071e-03
1.697803614661097527e-03
1.682151574641466141e-03
1.707860152237117290e-03
1.695656217634677887e-03
1.680818852037191391e-03
1.678558648563921452e-03
1.673146733082830906e-03
1.703924848698079586e-03
1.672477344982326031e-03
1.686041592620313168e-03
1.693878090009093285e-03
1.670549507252871990e-03
1.733140088617801666e-03
1.666661468334496021e-03
1.657202257774770260e-03
1.661044312641024590e-03
1.668002689257264137e-03
1.650740043260157108e-03
1.725081936456263065e-03
1.660995301790535450e-03
1.649067504331469536e-03
1.647332333959639072e-03
1.648507663048803806e-03
1.643663388676941395e-03
1.643049065023660660e-03
1.678526285104453564e-03
1.648995326831936836e-03
1.647498225793242455e-03
1.662271446548402309e-03
1.651635859161615372e-03
1.639535534195601940e-03
1.646784017793834209e-03
1.636986853554844856e-03
1.630468759685754776e-03
1.653813291341066360e-03
1.633862266317009926e-03
1.631762832403182983e-03
1.684544491581618786e-03
1.634742715395987034e-03
1.624139607883989811e-03
1.654630643315613270e-03
1.630352227948606014e-03
1.621804432943463326e-03
1.623859745450317860e-03
1.619956921786069870e-03
1.619037357158958912e-03
1.630367245525121689e-03
1.622830517590045929e-03
1.639306196011602879e-03
1.628316822461783886e-03
1.616497756913304329e-03
1.617951202206313610e-03
1.613965956494212151e-03
1.611957908608019352e-03
1.643571071326732635e-03
1.611498184502124786e-03
1.606952981092035770e-03
1.607032027095556259e-03
1.607863232493400574e-03
1.678747357800602913e-03
1.613596337847411633e-03
1.600875868462026119e-03
1.626359182409942150e-03
1.601962023414671421e-03
1.602425705641508102e-03
1.637654844671487808e-03
1.599114504642784595e-03
1.594060333445668221e-03
1.617765752598643303e-03
1.609419821761548519e-03
1.621581963263452053e-03
1.592630171217024326e-03
1.597112859599292278e-03
1.598614035174250603e-03
1.588616985827684402e-03
1.584199722856283188e-03
1.588350976817309856e-03
1.593587570823729038e-03
1.637295703403651714e-03
1.585429534316062927e-03
1.599780633114278316e-03
1.597985625267028809e-03
1.582089811563491821e-03
1.583848264999687672e-03
1.582971191965043545e-03
1.597949303686618805e-03
1.591198728419840336e-03
1.572785200551152229e-03
1.591187668964266777e-03
1.589243416674435139e-03
1.593897235579788685e-03
1.591474632732570171e-03
1.574058784171938896e-03
1.574060064740478992e-03
1.569483545608818531e-03
1.566534163430333138e-03
1.560808741487562656e-03
1.560612465254962444e-03
1.559022348374128342e-03
1.558914780616760254e-03
1.557711977511644363e-03
1.561512937769293785e-03
1.556618604809045792e-03
1.556927803903818130e-03
1.574497786350548267e-03
1.563097815960645676e-03
1.560832723043859005e-03
1.548445899970829487e-03
1.565319835208356380e-03
1.578970346599817276e-03
1.577891642227768898e-03
1.582541619427502155e-03
1.556204748339951038e-03
1.539909164421260357e-03
1.545388717204332352e-03
1.545599894598126411e-03
1.543795806355774403e-03
1.542564597912132740e-03
1.534026116132736206e-03
1.554287271574139595e-03
1.551416935399174690e-03
1.529829343780875206e-03
1.560443779453635216e-03
1.531398505903780460e-03
1.535923802293837070e-03
1.526085659861564636e-03
1.543506048619747162e-03
1.522495411336421967e-03
1.522752223536372185e-03
1.570726977661252022e-03
1.526866108179092407e-03
1.530464855022728443e-03
1.518351258710026741e-03
1.518243807367980480e-03
1.547090476378798485e-03
1.546657294966280460e-03
1.523497747257351875e-03
1.545922365039587021e-03
1.540641416795551777e-03
1.551169785670936108e-03
1.536431256681680679e-03
1.525590196251869202e-03
1.518881763331592083e-03
1.536815077997744083e-03
1.529510598629713058e-03
1.503263833001255989e-03
1.575669040903449059e-03
1.510564354248344898e-03
1.511287409812211990e-03
1.508224522694945335e-03
1.500381738878786564e-03
1.518210046924650669e-03
1.562182675115764141e-03
1.508796238340437412e-03
1.495407661423087120e-03
1.544533413834869862e-03
1.504054991528391838e-03
1.545864972285926342e-03
1.536572235636413097e-03
1.535451505333185196e-03
1.536744879558682442e-03
1.512330025434494019e-03
1.501318183727562428e-03
1.493159914389252663e-03
1.487850211560726166e-03
1.487276633270084858e-03
1.496162032708525658e-03
1.488141599111258984e-03
1.494087977334856987e-03
1.504560234025120735e-03
1.484449487179517746e-03
1.560072530992329121e-03
1.499800011515617371e-03
1.488540205173194408e-03
1.506304484792053699e-03
1.521075610071420670e-03
1.513812923803925514e-03
1.482244580984115601e-03
1.489657326601445675e-03
1.531978836283087730e-03
1.477240235544741154e-03
1.479099853895604610e-03
1.478326157666742802e-03
1.484031789004802704e-03
1.494802185334265232e-03
1.494126045145094395e-03
1.478486927226185799e-03
1.469734124839305878e-03
1.485470682382583618e-03
1.492849085479974747e-03
1.478940364904701710e-03
1.464778673835098743e-03
1.515379524789750576e-03
1.471338910050690174e-03
1.524714054539799690e-03
1.462917891331017017e-03
1.458792830817401409e-03
1.460734289139509201e-03
1.458098762668669224e-03
1.493079354986548424e-03
1.458241022191941738e-03
1.491670380346477032e-03
1.528931432403624058e-03
1.486306777223944664e-03
1.448070281185209751e-03
1.442642533220350742e-03
1.527104876004159451e-03
1.466594520024955273e-03
1.437595929019153118e-03
1.465060166083276272e-03
1.463178545236587524e-03
1.479891361668705940e-03
1.468485803343355656e-03
1.463178079575300217e-03
1.438061706721782684e-03
1.455606659874320030e-03
1.439222833141684532e-03
1.440295833162963390e-03
1.485972083173692226e-03
1.442401320673525333e-03
1.430060132406651974e-03
1.432709512300789356e-03
1.443951623514294624e-03
1.464009634219110012e-03
1.416799146682024002e-03
1.454323180951178074e-03
1.436717226170003414e-03
1.418971922248601913e-03
1.457348349504172802e-03
1.434419536963105202e-03
1.462075626477599144e-03
1.421422464773058891e-03
1.413679099641740322e-03
1.448402996174991131e-03
1.411460689269006252e-03
1.447588438168168068e-03
1.434808480553328991e-03
1.438460079953074455e-03
1.469935406930744648e-03
1.492458744905889034e-03
1.418225816451013088e-03
1.398273860104382038e-03
1.422685221768915653e-03
1.407233299687504768e-03
1.404499169439077377e-03
1.391735277138650417e-03
1.403312315233051777e-03
1.395961968228220940e-03
1.388624892570078373e-03
1.415769336745142937e-03
1.383323804475367069e-03
1.414535916410386562e-03
1.394003513269126415e-03
1.413925434462726116e-03
1.381042296998202801e-03
1.379105960950255394e-03
1.380089903250336647e-03
1.407009433023631573e-03
1.375541789457201958e-03
1.422172179445624352e-03
1.401185407303273678e-03
1.382259768433868885e-03
1.428963732905685902e-03
1.434022444300353527e-03
1.380548463203012943e-03
1.408945652656257153e-03
1.407758449204266071e-03
1.447970164008438587e-03
1.370728597976267338e-03
1.359379501082003117e-03
1.383793074637651443e-03
1.369702280499041080e-03
1.375890686176717281e-03
1.413252553902566433e-03
1.360248425044119358e-03
1.388669596053659916e-03
1.353195519186556339e-03
1.365549745969474316e-03
1.448746421374380589e-03
1.367723103612661362e-03
1.399989239871501923e-03
1.410512602888047695e-03
1.400906359776854515e-03
1.376418862491846085e-03
1.363723888061940670e-03
1.362634357064962387e-03
1.382032758556306362e-03
1.355126150883734226e-03
1.358644571155309677e-03
1.428720541298389435e-03
1.392928417772054672e-03
1.382206915877759457e-03
1.344368094578385353e-03
1.360705122351646423e-03
1.365725067444145679e-03
1.369492150843143463e-03
1.341848983429372311e-03
1.390690216794610023e-03
1.353308791294693947e-03
1.357158413156867027e-03
1.335320645011961460e-03
1.373255858197808266e-03
1.381404581479728222e-03
1.367784803733229637e-03
1.368021359667181969e-03
1.372909871861338615e-03
1.394044840708374977e-03
1.348881516605615616e-03
1.347042387351393700e-03
1.358588342554867268e-03
1.324544427916407585e-03
1.318580703809857368e-03
1.363822724670171738e-03
1.369928475469350815e-03
1.362651935778558254e-03
1.341038849204778671e-03
1.324613811448216438e-03
1.345358672551810741e-03
1.324965967796742916e-03
1.337260939180850983e-03
1.322743017226457596e-03
1.361396512947976589e-03
1.367553137242794037e-03
1.318206544965505600e-03
1.319521106779575348e-03
1.312814187258481979e-03
1.377636101096868515e-03
1.315598958171904087e-03
1.313857850618660450e-03
1.308962469920516014e-03
1.320811104960739613e-03
1.358808134682476521e-03
1.309585059061646461e-03
1.327242003753781319e-03
1.315789413638412952e-03
1.354827079921960831e-03
1.339379465207457542e-03
1.358699402771890163e-03
1.314391032792627811e-03
1.309278770349919796e-03
1.310601946897804737e-03
1.301890471950173378e-03
1.292266766540706158e-03
1.328255631960928440e-03
1.345279510132968426e-03
1.323653734289109707e-03
1.357775297947227955e-03
1.289527863264083862e-03
1.317433314397931099e-03
1.321805873885750771e-03
1.296125585213303566e-03
1.288161263801157475e-03
1.312289852648973465e-03
1.292151864618062973e-03
1.302248914726078510e-03
1.304455101490020752e-03
1.304089091718196869e-03
1.286845421418547630e-03
1.319843111559748650e-03
1.281328150071203709e-03
1.344639225862920284e-03
1.320825773291289806e-03
1.285468460991978645e-03
1.326510217040777206e-03
1.275088987313210964e-03
1.308790524490177631e-03
1.290319953113794327e-03
1.315016299486160278e-03
1.336084678769111633e-03
1.285578706301748753e-03
1.271054963581264019e-03
1.305690966546535492e-03
1.283593010157346725e-03
1.301221782341599464e-03
1.303264987654983997e-03
1.312096486799418926e-03
1.286992453970015049e-03
1.309268292970955372e-03
1.280128373764455318e-03
1.360577531158924103e-03
1.273237052373588085e-03
1.291656517423689365e-03
1.269605010747909546e-03
1.260583638213574886e-03
1.336103770881891251e-03
1.278273295611143112e-03
1.292489003390073776e-03
1.265152473933994770e-03
1.326939207501709461e-03
1.295202178880572319e-03
1.351191429421305656e-03
1.288933097384870052e-03
1.302093616686761379e-03
1.270777662284672260e-03
1.316023408435285091e-03
1.275780145078897476e-03
1.266854582354426384e-03
1.319394679740071297e-03
1.253607100807130337e-03
1.247982727363705635e-03
1.267057727091014385e-03
1.279202871955931187e-03
1.252053421922028065e-03
1.322030206210911274e-03
1.302943681366741657e-03
1.261527766473591328e-03
1.266059465706348419e-03
1.258930540643632412e-03
1.299635041505098343e-03
1.304995501413941383e-03
1.308950828388333321e-03
1.333857304416596889e-03
1.297781360335648060e-03
1.277602510526776314e-03
1.246420666575431824e-03
1.245812163688242435e-03
1.238485332578420639e-03
1.252508955076336861e-03
1.250374712981283665e-03
1.228979788720607758e-03
1.265392173081636429e-03
1.279742922633886337e-03
1.243418781086802483e-03
1.276653376407921314e-03
1.237866585142910480e-03
1.328929909504950047e-03
1.229090266861021519e-03
1.229276065714657307e-03
1.222008490003645420e-03
1.224105944857001305e-03
1.246545347385108471e-03
1.238106517121195793e-03
1.254513859748840332e-03
1.244730548933148384e-03
1.251947367563843727e-03
1.292991335503757000e-03
1.228793174959719181e-03
1.296741305850446224e-03
1.220569247379899025e-03
1.237513264641165733e-03
1.268471241928637028e-03
1.217410666868090630e-03
1.271577668376266956e-03
1.228310400620102882e-03
1.295373658649623394e-03
1.295628142543137074e-03
1.461482723243534565e-03
2.017102902755141258e-03
1.368083292618393898e-03
1.280120341107249260e-03
1.230609137564897537e-03
1.213927404023706913e-03
1.210561953485012054e-03
1.218663179315626621e-03
1.267573563382029533e-03
1.235890784300863743e-03
1.281578210182487965e-03
1.215508207678794861e-03
1.223625265993177891e-03
1.225281739607453346e-03
1.209537149406969547e-03
1.221899990923702717e-03
1.229589805006980896e-03
1.219625701196491718e-03
1.218918361701071262e-03
1.232412178069353104e-03
1.230774330906569958e-03
1.206244691275060177e-03
1.235693343915045261e-03
1.274192356504499912e-03
1.208553905598819256e-03
1.229608315043151379e-03
1.227577100507915020e-03
1.238757511600852013e-03
1.244610757566988468e-03
1.220700098201632500e-03
1.243568141944706440e-03
1.256195944733917713e-03
1.245015533640980721e-03
1.220966340042650700e-03
1.218207064084708691e-03
1.215632655657827854e-03
1.276481198146939278e-03
1.216311473399400711e-03
1.273191999644041061e-03
1.321979332715272903e-03
1.283349585719406605e-03
1.220797654241323471e-03
1.215366530232131481e-03
1.194166950881481171e-03
1.255849958397448063e-03
1.196486409753561020e-03
1.207171590067446232e-03
1.204380998387932777e-03
1.217464217916131020e-03
1.973810140043497086e-03
1.673204358667135239e-03
1.479639206081628799e-03
1.395724480971693993e-03
1.322879572398960590e-03
1.292811590246856213e-03
1.282077166251838207e-03
1.277468516491353512e-03
1.282750279642641544e-03
1.223215600475668907e-03
1.221676589921116829e-03
1.238832250237464905e-03
1.239840872585773468e-03
1.215100986883044243e-03
1.231855596415698528e-03
1.279245014302432537e-03
1.232364214956760406e-03
1.233931281603872776e-03
1.255961018614470959e-03
1.213250332511961460e-03
1.218439312651753426e-03
1.272452529519796371e-03
1.224356004968285561e-03
1.273176516406238079e-03
1.212299452163279057e-03
1.236879848875105381e-03
1.255459152162075043e-03
1.206774380989372730e-03
1.221774611622095108e-03
1.209700945764780045e-03
1.262639416381716728e-03
1.220352714881300926e-03
1.224375329911708832e-03
1.221598824486136436e-03
1.263125683180987835e-03
1.252816873602569103e-03
1.222283346578478813e-03
1.198802026920020580e-03
1.241015968844294548e-03
1.214807271026074886e-03
1.200292608700692654e-03
1.199671183712780476e-03
1.209188951179385185e-03
1.204783795401453972e-03
1.244461163878440857e-03
1.352256629616022110e-03
1.300787553191184998e-03
1.311418134719133377e-03
1.257938565686345100e-03
1.205468317493796349e-03
1.201021368615329266e-03
1.198261161334812641e-03
1.196914236061275005e-03
1.199577702209353447e-03
1.199771417304873466e-03
1.194642623886466026e-03
1.230881316587328911e-03
1.193849253468215466e-03
1.235211500898003578e-03
1.194735523313283920e-03
1.204070984385907650e-03
1.189589267596602440e-03
1.248021842911839485e-03
1.214490504935383797e-03
1.211886992678046227e-03
1.187546527944505215e-03
1.233831164427101612e-03
1.189755857922136784e-03
1.247285865247249603e-03
1.220272621139883995e-03
1.182501320727169514e-03
1.223981031216681004e-03
1.190162845887243748e-03
1.181957544758915901e-03
1.187210087664425373e-03
1.219413708895444870e-03
1.222379039973020554e-03
1.179749262519180775e-03
1.179828192107379436e-03
1.226082094945013523e-03
1.213083625771105289e-03
1.330374740064144135e-03
1.326841302216053009e-03
1.820400939323008060e-03
1.465955283492803574e-03
1.316232024691998959e-03
1.249994616955518723e-03
1.199839054606854916e-03
1.182732288725674152e-03
1.174455625005066395e-03
1.176755526103079319e-03
1.202694955281913280e-03
1.221046200953423977e-03
1.199786551296710968e-03
1.225871848873794079e-03
1.171961775980889797e-03
1.180560793727636337e-03
1.208513043820858002e-03
1.607611426152288914e-03
1.289997831918299198e-03
1.285545993596315384e-03
1.227474887855350971e-03
1.365834381431341171e-03
1.373681472614407539e-03
1.216218806803226471e-03
1.169219147413969040e-03
1.166628091596066952e-03
1.163054839707911015e-03
1.161502441391348839e-03
1.160598709248006344e-03
1.160347484983503819e-03
1.166002126410603523e-03
1.179750077426433563e-03
1.173539785668253899e-03
1.203877851366996765e-03
1.181426923722028732e-03
1.174937351606786251e-03
1.168640912510454655e-03
1.160738524049520493e-03
1.167659414932131767e-03
1.224270788952708244e-03
1.163708395324647427e-03
1.162862288765609264e-03
1.166348578408360481e-03
1.170711824670433998e-03
1.193976146169006824e-03
1.677969703450798988e-03
1.307203550823032856e-03
1.225402927957475185e-03
1.213475945405662060e-03
1.209557172842323780e-03
1.207776600494980812e-03
1.167808310128748417e-03
1.621520146727561951e-03
1.469403039664030075e-03
1.221356331370770931e-03
1.525266212411224842e-03
1.240667654201388359e-03
1.169291674159467220e-03
1.153954188339412212e-03
1.152150449343025684e-03
1.148795126937329769e-03
1.147622708231210709e-03
1.146943541243672371e-03
1.145491492934525013e-03
1.144818728789687157e-03
1.144093926995992661e-03
1.144077046774327755e-03
1.144176698289811611e-03
1.171710900962352753e-03
1.153552439063787460e-03
1.176691614091396332e-03
1.154158380813896656e-03
1.162137603387236595e-03
1.201167237013578415e-03
1.139608211815357208e-03
1.146213267929852009e-03
1.190667622722685337e-03
1.357007422484457493e-03
1.366914482787251472e-03
1.228367444127798080e-03
1.152916927821934223e-03
1.180244144052267075e-03
1.175955403596162796e-03
1.211231923662126064e-03
1.144653069786727428e-03
1.246136962436139584e-03
1.262761885300278664e-03
1.624355325475335121e-03
1.328541780821979046e-03
1.184662571176886559e-03
1.145660062320530415e-03
1.135544502176344395e-03
1.149945426732301712e-03
1.140874344855546951e-03
1.134438323788344860e-03
1.182176405563950539e-03
1.137368730269372463e-03
1.144240144640207291e-03
1.218311488628387451e-03
1.138871884904801846e-03
1.192046911455690861e-03
1.135374186560511589e-03
1.154019497334957123e-03
1.143471570685505867e-03
1.192086725495755672e-03
1.148135517723858356e-03
1.139824162237346172e-03
1.152128679677844048e-03
1.162657863460481167e-03
1.188185298815369606e-03
1.179634127765893936e-03
1.155051402747631073e-03
1.154132769443094730e-03
1.135168015025556087e-03
1.180262072011828423e-03
1.212724600918591022e-03
1.209377078339457512e-03
1.436025137081742287e-03
1.212179544381797314e-03
1.343758543953299522e-03
1.469571492634713650e-03
1.193498610518872738e-03
1.269980915822088718e-03
1.212643925100564957e-03
1.202295417897403240e-03
1.136159058660268784e-03
1.125378883443772793e-03
1.122894696891307831e-03
1.120687811635434628e-03
1.120015513151884079e-03
1.121126115322113037e-03
1.123784808441996574e-03
1.117735286243259907e-03
1.122775953263044357e-03
1.136265345849096775e-03
1.131763099692761898e-03
1.115783816203474998e-03
1.125089940614998341e-03
1.115494756959378719e-03
1.117662177421152592e-03
1.117657986469566822e-03
1.154003548435866833e-03
1.123158028349280357e-03
1.153863850049674511e-03
1.122775021940469742e-03
1.140378182753920555e-03
1.148001640103757381e-03
1.183263491839170456e-03
1.176543766632676125e-03
1.142089720815420151e-03
1.154216355644166470e-03
1.135658938437700272e-03
1.239003497175872326e-03
1.156796235591173172e-03
1.116697676479816437e-03
1.147684408351778984e-03
1.113508013077080250e-03
1.156245009042322636e-03
1.120649743825197220e-03
1.114555518142879009e-03
1.172477263025939465e-03
1.140248496085405350e-03
1.139777130447328091e-03
1.159845152869820595e-03
1.121510635130107403e-03
1.135912258177995682e-03
1.132600940763950348e-03
1.293816370889544487e-03
1.725388341583311558e-03
1.217653159983456135e-03
1.177487312816083431e-03
1.123191090300679207e-03
1.111437450163066387e-03
1.108116237446665764e-03
1.149359624832868576e-03
1.120182801969349384e-03
1.116553088650107384e-03
1.112279249355196953e-03
1.141100423410534859e-03
1.101414905861020088e-03
1.139297732152044773e-03
1.127766445279121399e-03
1.110360259190201759e-03
1.130221178755164146e-03
1.161338528618216515e-03
1.132016768679022789e-03
1.106123090721666813e-03
1.262905076146125793e-03
1.344128744676709175e-03
1.130035030655562878e-03
1.106070354580879211e-03
1.124960137531161308e-03
1.170829753391444683e-03
1.102182781323790550e-03
1.134594203904271126e-03
1.149833784438669682e-03
1.163735752925276756e-03
1.115801976993680000e-03
1.117543783038854599e-03
1.120971050113439560e-03
1.554048852995038033e-03
1.227273372933268547e-03
1.165164867416024208e-03
1.117913750931620598e-03
1.103292917832732201e-03
1.103489077650010586e-03
1.306413672864437103e-03
1.608647173270583153e-03
1.331601524725556374e-03
1.190824783407151699e-03
1.140590873546898365e-03
1.420009997673332691e-03
1.226349850185215473e-03
1.157927443273365498e-03
1.102246693335473537e-03
1.105165691114962101e-03
1.111025456339120865e-03
1.126559218391776085e-03
1.095453277230262756e-03
1.156345941126346588e-03
1.092052320018410683e-03
1.108868396840989590e-03
1.101835398003458977e-03
1.092286314815282822e-03
1.170414267107844353e-03
1.166155445389449596e-03
1.127188326790928841e-03
1.148353796452283859e-03
1.656207256019115448e-03
1.175859244540333748e-03
1.116540282964706421e-03
1.094803446903824806e-03
1.101862173527479172e-03
1.090764068067073822e-03
1.097292057238519192e-03
1.108115073293447495e-03
1.089471974410116673e-03
1.088438439182937145e-03
1.092937309294939041e-03
1.133068115450441837e-03
1.122291898354887962e-03
1.459996798075735569e-03
1.348936348222196102e-03
1.153970602899789810e-03
1.109343720600008965e-03
1.142185996286571026e-03
1.767361070960760117e-03
1.330953557044267654e-03
1.123989233747124672e-03
1.110897981561720371e-03
1.105356146581470966e-03
1.121216337196528912e-03
1.092517748475074768e-03
1.089210272766649723e-03
1.121581415645778179e-03
1.120104803703725338e-03
1.085338531993329525e-03
1.088008633814752102e-03
1.100078690797090530e-03
1.090096891857683659e-03
1.092914608307182789e-03
1.552234636619687080e-03
1.202867249958217144e-03
1.158941187895834446e-03
1.147354138083755970e-03
1.144064473919570446e-03
1.137969316914677620e-03
1.137096318416297436e-03
1.320117735303938389e-03
1.259111915715038776e-03
1.151756034232676029e-03
1.320238807238638401e-03
1.256407122127711773e-03
1.414512284100055695e-03
1.574700116179883480e-03
1.197474892251193523e-03
1.114597311243414879e-03
1.091307844035327435e-03
1.085079857148230076e-03
1.084535149857401848e-03
1.082653761841356754e-03
1.081911730580031872e-03
1.099435263313353062e-03
1.103530521504580975e-03
1.081174123100936413e-03
1.095029059797525406e-03
1.449928968213498592e-03
1.284362515434622765e-03
1.113228499889373779e-03
1.098763779737055302e-03
1.080931629985570908e-03
1.109645352698862553e-03
1.078963396139442921e-03
1.111729419790208340e-03
1.079775393009185791e-03
1.087602926418185234e-03
1.079450245015323162e-03
1.076944521628320217e-03
1.158795552328228951e-03
1.119234017096459866e-03
1.317803864367306232e-03
1.688190968707203865e-03
1.322949188761413097e-03
1.161438412964344025e-03
1.094263861887156963e-03
1.090242411009967327e-03
1.099821063689887524e-03
1.076837419532239437e-03
1.097800792194902897e-03
1.082475413568317890e-03
1.081396825611591339e-03
1.081303693354129791e-03
1.098209409974515438e-03
1.120259286835789680e-03
1.138954190537333488e-03
1.102304086089134216e-03
1.076689455658197403e-03
1.213843817822635174e-03
1.316106412559747696e-03
1.743740052916109562e-03
1.239699660800397396e-03
1.112386584281921387e-03
1.085554715245962143e-03
1.079037203453481197e-03
1.090399688109755516e-03
1.074381405487656593e-03
1.083995797671377659e-03
1.195841236039996147e-03
1.495231408625841141e-03
1.129449694417417049e-03
1.083764247596263885e-03
1.079962938092648983e-03
1.072681043297052383e-03
1.110311364755034447e-03
1.076334738172590733e-03
1.102031907066702843e-03
1.107517979107797146e-03
1.078361179679632187e-03
1.094940933398902416e-03
1.322931027971208096e-03
1.331995357759296894e-03
1.116962404921650887e-03
1.079429406672716141e-03
1.070152968168258667e-03
1.068615587428212166e-03
1.123188179917633533e-03
1.108516473323106766e-03
1.147495699115097523e-03
1.185641041956841946e-03
1.081672613508999348e-03
1.077109132893383503e-03
1.088550547137856483e-03
1.069870428182184696e-03
1.071544946171343327e-03
1.082855276763439178e-03
1.108793192543089390e-03
1.070187543518841267e-03
1.125796581618487835e-03
1.182468957267701626e-03
1.370941055938601494e-03
1.231500180438160896e-03
1.453524688258767128e-03
1.238728757016360760e-03
1.096576917916536331e-03
1.283561345189809799e-03
1.076676882803440094e-03
1.077004941180348396e-03
1.069479039870202541e-03
1.065733260475099087e-03
1.064595882780849934e-03
1.063862117007374763e-03
1.063395407982170582e-03
1.064348034560680389e-03
1.063490635715425014e-03
1.064855139702558517e-03
1.080968300811946392e-03
1.077208085916936398e-03
1.070991740562021732e-03
1.068980433046817780e-03
1.080285292118787766e-03
1.063425675965845585e-03
1.061688177287578583e-03
1.094547449611127377e-03
1.070755184628069401e-03
1.084862858988344669e-03
1.068662852048873901e-03
1.106203999370336533e-03
1.115140621550381184e-03
1.104747294448316097e-03
1.109810662455856800e-03
1.061042537912726402e-03
1.061138929799199104e-03
1.090183388441801071e-03
1.122794812545180321e-03
1.092983642593026161e-03
1.098602660931646824e-03
1.137528335675597191e-03
1.403957605361938477e-03
1.632619299925863743e-03
1.133404322899878025e-03
1.072959508746862411e-03
1.062259892933070660e-03
1.063233939930796623e-03
1.057941815815865993e-03
1.064701471477746964e-03
1.097255968488752842e-03
1.069969614036381245e-03
1.084645627997815609e-03
1.095923944376409054e-03
1.056104665622115135e-03
1.140005071647465229e-03
1.056803506799042225e-03
1.128771225921809673e-03
1.062635215930640697e-03
1.093483529984951019e-03
1.071544829756021500e-03
1.100689521990716457e-03
1.066922559402883053e-03
1.097958302125334740e-03
1.055914326570928097e-03
1.186568755656480789e-03
1.370479702018201351e-03
1.298185787163674831e-03
1.190719776786863804e-03
1.075711217708885670e-03
1.069349818862974644e-03
1.075850683264434338e-03
1.058704569004476070e-03
1.096197753213346004e-03
1.060424954630434513e-03
1.109375501982867718e-03
1.078093657270073891e-03
1.111053046770393848e-03
1.053639221936464310e-03
1.121372682973742485e-03
1.094636390917003155e-03
1.051259110681712627e-03
1.071770093403756618e-03
1.093220082111656666e-03
1.058329595252871513e-03
1.101773115806281567e-03
1.078269910067319870e-03
1.086829928681254387e-03
1.057595363818109035e-03
1.099462388083338737e-03
1.151393749751150608e-03
1.353421714156866074e-03
1.350808306597173214e-03
1.180132268927991390e-03
1.156071200966835022e-03
1.254523172974586487e-03
1.391456811688840389e-03
1.104627968743443489e-03
1.059938222169876099e-03
1.055039698258042336e-03
1.052851788699626923e-03
1.051557133905589581e-03
1.084840507246553898e-03
1.122108777053654194e-03
1.061087707057595253e-03
1.068452605977654457e-03
1.064413459971547127e-03
1.051258994266390800e-03
1.058703754097223282e-03
1.126146176829934120e-03
1.055549364537000656e-03
1.112265861593186855e-03
1.067766570486128330e-03
1.055153668858110905e-03
1.058860798366367817e-03
1.108938246034085751e-03
1.066788798198103905e-03
1.054513501003384590e-03
1.079788198694586754e-03
1.059246016666293144e-03
1.080496935173869133e-03
1.052858657203614712e-03
1.082687871530652046e-03
1.055301632732152939e-03
1.089210622012615204e-03
1.051165745593607426e-03
1.054868334904313087e-03
1.100103487260639668e-03
1.107043237425386906e-03
1.142032793723046780e-03
1.043558237142860889e-03
1.041200011968612671e-03
1.057384302839636803e-03
1.101144705899059772e-03
1.053829910233616829e-03
1.044815173372626305e-03
1.039862981997430325e-03
1.100627239793539047e-03
1.057748682796955109e-03
1.080466201528906822e-03
1.067553064785897732e-03
1.043071155436336994e-03
1.098093576729297638e-03
1.040822942741215229e-03
1.039739116095006466e-03
1.069814432412385941e-03
1.087533775717020035e-03
1.052442472428083420e-03
1.038893708027899265e-03
1.079202396795153618e-03
1.086566131561994553e-03
1.119940541684627533e-03
1.134182210080325603e-03
1.149352290667593479e-03
1.052973559126257896e-03
1.048992504365742207e-03
1.080233021639287472e-03
1.070256927050650120e-03
1.060360227711498737e-03
1.076180953532457352e-03
1.088230055756866932e-03
1.045286306180059910e-03
1.043973374180495739e-03
1.132096163928508759e-03
1.044714357703924179e-03
1.044211909174919128e-03
1.032582600601017475e-03
1.038954360410571098e-03
1.099517336115241051e-03
1.049815677106380463e-03
1.117625040933489799e-03
1.046148827299475670e-03
1.049106474965810776e-03
1.141169923357665539e-03
1.692565856501460075e-03
1.167396549135446548e-03
1.080900779925286770e-03
1.064159208908677101e-03
1.032815547659993172e-03
1.031710649840533733e-03
1.059384318068623543e-03
1.074707484804093838e-03
1.691486337222158909e-03
1.202852465212345123e-03
1.120230997912585735e-03
1.294983434490859509e-03
1.274039386771619320e-03
1.074636122211813927e-03
1.041538547724485397e-03
1.040333183482289314e-03
1.036759349517524242e-03
1.033614389598369598e-03
1.031684805639088154e-03
1.034435001201927662e-03
1.106076175346970558e-03
1.121998298913240433e-03
1.435206970199942589e-03
1.157339895144104958e-03
1.044573611579835415e-03
1.031900639645755291e-03
1.032604952342808247e-03
1.044955570250749588e-03
1.070340746082365513e-03
1.068340847268700600e-03
1.028762431815266609e-03
1.053359243087470531e-03
1.028512604534626007e-03
1.026669633574783802e-03
1.099820830859243870e-03
1.025850418955087662e-03
1.055301632732152939e-03
1.080830697901546955e-03
1.055670087225735188e-03
1.070285565219819546e-03
1.056512352079153061e-03
1.028415979817509651e-03
1.024775323458015919e-03
1.069032819941639900e-03
1.024209894239902496e-03
1.051710918545722961e-03
1.077751279808580875e-03
1.030403422191739082e-03
1.027405960485339165e-03
1.043837750330567360e-03
1.098708715289831161e-03
1.126175513491034508e-03
1.072688610292971134e-03
1.045086886733770370e-03
1.031362335197627544e-03
1.035784953273832798e-03
1.026770914904773235e-03
1.042777206748723984e-03
1.074127503670752048e-03
1.045403652824461460e-03
1.062810071744024754e-03
1.039037248119711876e-03
1.033986685797572136e-03
1.028628903441131115e-03
1.055520144291222095e-03
1.078201225027441978e-03
1.064276206307113171e-03
1.028877566568553448e-03
1.019444665871560574e-03
1.031251274980604649e-03
1.109413453377783298e-03
1.068112673237919807e-03
1.138463034294545650e-03
1.033141626976430416e-03
1.282918150536715984e-03
1.426498522050678730e-03
1.130897086113691330e-03
1.087755896151065826e-03
1.079219509847462177e-03
1.075328560546040535e-03
1.117058098316192627e-03
1.021798467263579369e-03
1.028122147545218468e-03
1.049023820087313652e-03
1.737574581056833267e-03
1.429537311196327209e-03
1.148506184108555317e-03
1.189253060147166252e-03
1.502049271948635578e-03
1.171921147033572197e-03
1.108469325117766857e-03
1.098715350963175297e-03
1.181082916446030140e-03
1.374118146486580372e-03
1.093134167604148388e-03
1.302721910178661346e-03
1.061173388734459877e-03
1.025173347443342209e-03
1.020862255245447159e-03
1.019699033349752426e-03
1.018945826217532158e-03
1.018327428027987480e-03
1.017790753394365311e-03
1.017305534332990646e-03
1.016878290101885796e-03
1.016465132124722004e-03
1.016204943880438805e-03
1.015465473756194115e-03
1.015098649077117443e-03
1.014557201415300369e-03
1.013984088785946369e-03
1.026455429382622242e-03
1.070719095878303051e-03
1.016807509586215019e-03
1.023005228489637375e-03
1.053877291269600391e-03
1.026097452268004417e-03
1.082808477804064751e-03
1.076922053471207619e-03
1.070839236490428448e-03
1.680015120655298233e-03
1.282165641896426678e-03
1.063686911948025227e-03
1.022304524667561054e-03
1.015079673379659653e-03
1.018096576444804668e-03
1.009964500553905964e-03
1.033788430504500866e-03
1.056171255186200142e-03
1.267880783416330814e-03
1.146263792179524899e-03
1.602880773134529591e-03
1.307066064327955246e-03
1.118724583648145199e-03
1.032510423101484776e-03
1.018625451251864433e-03
1.014223671518266201e-03
1.026506070047616959e-03
1.013978733681142330e-03
1.027192454785108566e-03
1.021037111058831215e-03
1.020891941152513027e-03
1.010950072668492794e-03
1.108811469748616219e-03
1.019346411339938641e-03
1.051099272444844246e-03
1.028357539325952530e-03
1.112916390411555767e-03
1.057325745932757854e-03
1.017733942717313766e-03
1.378707122057676315e-03
1.161276013590395451e-03
1.268190215341746807e-03
1.150685711763799191e-03
1.038180897012352943e-03
1.012125285342335701e-03
1.007914892397820950e-03
1.006858656182885170e-03
1.035273540765047073e-03
1.080338843166828156e-03
1.025975914672017097e-03
1.036056899465620518e-03
1.009772415272891521e-03
1.006844220682978630e-03
1.003974350169301033e-03
1.009705127216875553e-03
1.047399127855896950e-03
1.004065270535647869e-03
1.069289748556911945e-03
1.062328461557626724e-03
1.012730412185192108e-03
1.028906786814332008e-03
1.042727730236947536e-03
1.010423991829156876e-03
1.003590994514524937e-03
1.005012658424675465e-03
1.021128962747752666e-03
1.021304284222424030e-03
1.005737110972404480e-03
1.158176688477396965e-03
1.867334358394145966e-03
1.485529821366071701e-03
1.389643293805420399e-03
1.356409979052841663e-03
1.291619846597313881e-03
1.273525762371718884e-03
1.266264938749372959e-03
1.261039404198527336e-03
1.256794319488108158e-03
1.253115711733698845e-03
1.249885302968323231e-03
1.246947445906698704e-03
1.243432168848812580e-03
1.238733064383268356e-03
1.234925701282918453e-03
1.232439186424016953e-03
1.219072029925882816e-03
1.179504906758666039e-03
1.162071712315082550e-03
1.304932986386120319e-03
1.627874677069485188e-03
1.365680713206529617e-03
1.244059181772172451e-03
1.210360322147607803e-03
1.202984014526009560e-03
1.199302263557910919e-03
1.184638240374624729e-03
1.147927134297788143e-03
1.132201985456049442e-03
1.122015877626836300e-03
1.116297207772731781e-03
1.131704426370561123e-03
1.138947671279311180e-03
1.096894964575767517e-03
1.092851511202752590e-03
1.120559172704815865e-03
1.376710133627057076e-03
1.174441538751125336e-03
1.367503078654408455e-03
1.215775031596422195e-03
1.061364542692899704e-03
1.039260998368263245e-03
1.038066809996962547e-03
1.045479555614292622e-03
1.029159524478018284e-03
1.054763910360634327e-03
1.073169638402760029e-03
1.064469688571989536e-03
1.085514784790575504e-03
1.090534613467752934e-03
1.037580892443656921e-03
1.032455009408295155e-03
1.032285275869071484e-03
1.023137127049267292e-03
1.019763876684010029e-03
1.022935030050575733e-03
1.017924747429788113e-03
1.048478530719876289e-03
1.083187293261289597e-03
1.078897970728576183e-03
1.071692095138132572e-03
1.064812066033482552e-03
1.040244475007057190e-03
1.087854499928653240e-03
1.081653172150254250e-03
1.052634208463132381e-03
1.082156552001833916e-03
1.012100721709430218e-03
1.024614321067929268e-03
1.035801135003566742e-03
1.051619183272123337e-03
1.027891645208001137e-03
1.028671395033597946e-03
1.007374143227934837e-03
1.010089064948260784e-03
1.035779132507741451e-03
1.054977066814899445e-03
1.062619732692837715e-03
1.081691589206457138e-03
1.064770272932946682e-03
1.018114387989044189e-03
1.029165345244109631e-03
1.049499143846333027e-03
1.115579274483025074e-03
1.036737463437020779e-03
1.041671144776046276e-03
1.060550450347363949e-03
1.054793130606412888e-03
1.022037817165255547e-03
1.004882971756160259e-03
1.091748592443764210e-03
1.033910200931131840e-03
1.015940099023282528e-03
1.080031506717205048e-03
1.004398567602038383e-03
1.002648379653692245e-03
1.018287730403244495e-03
9.989651152864098549e-04
9.991164552047848701e-04
1.031307270750403404e-03
1.009318162687122822e-03
1.017774804495275021e-03
1.039876951836049557e-03
1.013148343190550804e-03
1.020207651890814304e-03
1.037065754644572735e-03
1.438679988496005535e-03
1.327424542978405952e-03
1.137107610702514648e-03
1.014534151181578636e-03
9.966049110516905785e-04
9.960406459867954254e-04
1.003499841317534447e-03
1.009928528219461441e-03
1.008214312605559826e-03
1.024454250000417233e-03
1.006523147225379944e-03
9.883493185043334961e-04
9.933449327945709229e-04
1.004413468763232231e-03
1.007324899546802044e-03
1.015513436868786812e-03
9.891410591080784798e-04
9.945899946615099907e-04
1.044630305841565132e-03
1.046311459504067898e-03
9.886352345347404480e-04
1.011732034385204315e-03
9.853730443865060806e-04
1.047384226694703102e-03
1.006535720080137253e-03
1.057993154972791672e-03
1.025465666316449642e-03
1.065858057700097561e-03
1.008875085972249508e-03
1.113412203267216682e-03
1.050475169904530048e-03
1.001549069769680500e-03
1.013476168736815453e-03
1.010412583127617836e-03
9.909303626045584679e-04
1.031662104651331902e-03
1.010849024169147015e-03
1.009898725897073746e-03
9.832492796704173088e-04
9.911067318171262741e-04
9.862406877800822258e-04
9.840168058872222900e-04
1.025062869302928448e-03
1.005883328616619110e-03
1.036565634422004223e-03
1.027569989673793316e-03
9.967332007363438606e-04
1.020224764943122864e-03
9.774558711796998978e-04
