3.554521361365914345e-03
2.312510041519999504e-03
2.107310108840465546e-03
2.047209534794092178e-03
2.015596488490700722e-03
1.992927864193916321e-03
1.975116552785038948e-03
1.960998401045799255e-03
1.949545578099787235e-03
1.939343637786805630e-03
1.930490252561867237e-03
1.923486706800758839e-03
1.917474670335650444e-03
1.912342617288231850e-03
1.908097416162490845e-03
1.904416363686323166e-03
1.901027630083262920e-03
1.897808630019426346e-03
1.894754008390009403e-03
1.891985302790999413e-03
1.889353501610457897e-03
1.886792364530265331e-03
1.884349389001727104e-03
1.882083830423653126e-03
1.879998133517801762e-03
1.878043753094971180e-03
1.876215334050357342e-03
1.874457695521414280e-03
1.872738823294639587e-03
1.871062791906297207e-03
1.869501662440598011e-03
1.868011080659925938e-03
1.866554608568549156e-03
1.865102094598114491e-03
1.863593584857881069e-03
1.862234086729586124e-03
1.860912307165563107e-03
1.859615324065089226e-03
1.858323579654097557e-03
1.857046270743012428e-03
1.855776761658489704e-03
1.854516216553747654e-03
1.853256602771580219e-03
1.851985114626586437e-03
1.850709901191294193e-03
1.849415944889187813e-03
1.848054234869778156e-03
1.846563885919749737e-03
1.844954793341457844e-03
1.843497273512184620e-03
1.842079451307654381e-03
1.840645563788712025e-03
1.839155913330614567e-03
1.837570103816688061e-03
1.835748436860740185e-03
1.833498012274503708e-03
1.830891007557511330e-03
1.828136388212442398e-03
1.825199462473392487e-03
1.822686288505792618e-03
1.820605248212814331e-03
1.818692777305841446e-03
1.816763076931238174e-03
1.814777846448123455e-03
1.812667469494044781e-03
1.810517627745866776e-03
1.808398053981363773e-03
1.806307700462639332e-03
1.804243074730038643e-03
1.802200451493263245e-03
1.800153870135545731e-03
1.798122539184987545e-03
1.796082244254648685e-03
1.793953706510365009e-03
1.791794900782406330e-03
1.789834699593484402e-03
1.788025605492293835e-03
1.786317792721092701e-03
1.784630119800567627e-03
1.781454426236450672e-03
1.779454760253429413e-03
1.777417724952101707e-03
1.775527489371597767e-03
1.773688127286732197e-03
1.771907322108745575e-03
1.770197297446429729e-03
1.768487505614757538e-03
1.766602043062448502e-03
1.764554530382156372e-03
1.762974075973033905e-03
1.761456253007054329e-03
1.759959734044969082e-03
1.758485217578709126e-03
1.757023390382528305e-03
1.755602657794952393e-03
1.754226977936923504e-03
1.752854324877262115e-03
1.751439645886421204e-03
1.750016352161765099e-03
1.748565584421157837e-03
1.747067435644567013e-03
1.745579880662262440e-03
1.744061941280961037e-03
1.742328167892992496e-03
1.740361796692013741e-03
1.738504390232264996e-03
1.736886217258870602e-03
1.735381316393613815e-03
1.733886427246034145e-03
1.732402364723384380e-03
1.730865682475268841e-03
1.729338080622255802e-03
1.727856346406042576e-03
1.726414426229894161e-03
1.725036185234785080e-03
1.723643857985734940e-03
1.722272834740579128e-03
1.720875734463334084e-03
1.719597959890961647e-03
1.718297135084867477e-03
1.716978847980499268e-03
1.715693273581564426e-03
1.714472309686243534e-03
1.713182078674435616e-03
1.711946795694530010e-03
1.710770418867468834e-03
1.709486707113683224e-03
1.708290074020624161e-03
1.707079703919589520e-03
1.705849426798522472e-03
1.704689348116517067e-03
1.703447662293910980e-03
1.702221808955073357e-03
1.701025292277336121e-03
1.699853455647826195e-03
1.698793377727270126e-03
1.697407686151564121e-03
1.696294406428933144e-03
1.694818027317523956e-03
1.693847822025418282e-03
1.692294259555637836e-03
1.691019977442920208e-03
1.690164091996848583e-03
1.688695279881358147e-03
1.687751384451985359e-03
1.686488860286772251e-03
1.685476396232843399e-03
1.684554270468652248e-03
1.683729467913508415e-03
1.682675909250974655e-03
1.681557972915470600e-03
1.680245157331228256e-03
1.679255976341664791e-03
1.678546308539807796e-03
1.677268883213400841e-03
1.676286221481859684e-03
1.675440696999430656e-03
1.674385392107069492e-03
1.674010767601430416e-03
1.672462443821132183e-03
1.671747886575758457e-03
1.671603298746049404e-03
1.669892109930515289e-03
1.669639139436185360e-03
1.668131561018526554e-03
1.667555188760161400e-03
1.666298601776361465e-03
1.665902324020862579e-03
1.665456104092299938e-03
1.664731767959892750e-03
1.663220929913222790e-03
1.662216498516499996e-03
1.661405665799975395e-03
1.660651410929858685e-03
1.660104957409203053e-03
1.659676316194236279e-03
1.659115776419639587e-03
1.658255117945373058e-03
1.657694228924810886e-03
1.657142071053385735e-03
1.656165230087935925e-03
1.655717846006155014e-03
1.655063009820878506e-03
1.653976156376302242e-03
1.652846811339259148e-03
1.651866827160120010e-03
1.651352620683610439e-03
1.650975784286856651e-03
1.650796853937208652e-03
1.650503487326204777e-03
1.649323385208845139e-03
1.649130019359290600e-03
1.647442928515374660e-03
1.647149212658405304e-03
1.647118711844086647e-03
1.646607881411910057e-03
1.646258169785141945e-03
1.645184704102575779e-03
1.643789815716445446e-03
1.644318341277539730e-03
1.642970833927392960e-03
1.642806921154260635e-03
1.642249990254640579e-03
1.641508075408637524e-03
1.640808652155101299e-03
1.639375463128089905e-03
1.638852292671799660e-03
1.639086520299315453e-03
1.639207359403371811e-03
1.638952409848570824e-03
1.638386165723204613e-03
1.637731562368571758e-03
1.637640525586903095e-03
1.636403845623135567e-03
1.636687084101140499e-03
1.635400345548987389e-03
1.635310123674571514e-03
1.634860527701675892e-03
1.634305343031883240e-03
1.633959705941379070e-03
1.633216394111514091e-03
1.632199855521321297e-03
1.630637329071760178e-03
1.630063634365797043e-03
1.629627193324267864e-03
1.629160135053098202e-03
1.629917067475616932e-03
1.629345701076090336e-03
1.629860606044530869e-03
1.628741621971130371e-03
1.628513331525027752e-03
1.627111574634909630e-03
1.625600620172917843e-03
1.625068951398134232e-03
1.624799333512783051e-03
1.624179072678089142e-03
1.623705262318253517e-03
1.627519144676625729e-03
1.623090473003685474e-03
1.622610841877758503e-03
1.622391282580792904e-03
1.621944946236908436e-03
1.621055998839437962e-03
1.625017146579921246e-03
1.620256807655096054e-03
1.619684509932994843e-03
1.619473448954522610e-03
1.619232469238340855e-03
1.621327945031225681e-03
1.618339680135250092e-03
1.618073089048266411e-03
1.618017675355076790e-03
1.617135247215628624e-03
1.615918707102537155e-03
1.615426270291209221e-03
1.615256071090698242e-03
1.615592511370778084e-03
1.615375047549605370e-03
1.615752698853611946e-03
1.614549197256565094e-03
1.614095992408692837e-03
1.612460473552346230e-03
1.611700165085494518e-03
1.611219602636992931e-03
1.610682695172727108e-03
1.611224142834544182e-03
1.613134285435080528e-03
1.611510058864951134e-03
1.610412145964801311e-03
1.608352642506361008e-03
1.607785699889063835e-03
1.608014688827097416e-03
1.606824109330773354e-03
1.606421195901930332e-03
1.605897909030318260e-03
1.610308419913053513e-03
1.606052392162382603e-03
1.604701159521937370e-03
1.607179059647023678e-03
1.604947610758244991e-03
1.603451324626803398e-03
1.606743549928069115e-03
1.603468321263790131e-03
1.603985787369310856e-03
1.602008589543402195e-03
1.601641764864325523e-03
1.601869589649140835e-03
1.601002295501530170e-03
1.603195094503462315e-03
1.601823023520410061e-03
1.600364106707274914e-03
1.599344075657427311e-03
1.599629409611225128e-03
1.601351657882332802e-03
1.600438496097922325e-03
1.598687726072967052e-03
1.597452559508383274e-03
1.598769449628889561e-03
1.598282251507043839e-03
1.598870265297591686e-03
1.596752670593559742e-03
1.594537403434514999e-03
1.593073015101253986e-03
1.592357992194592953e-03
1.595435081981122494e-03
1.592078595422208309e-03
1.590648083947598934e-03
1.590002560988068581e-03
1.595960231497883797e-03
1.589268445968627930e-03
1.588601386174559593e-03
1.592244720086455345e-03
1.589806866832077503e-03
1.587800215929746628e-03
1.586957368999719620e-03
1.587554928846657276e-03
1.586695667356252670e-03
1.585597055964171886e-03
1.585233141668140888e-03
1.590011874213814735e-03
1.585551188327372074e-03
1.584276789799332619e-03
1.584812183864414692e-03
1.586616621352732182e-03
1.582787372171878815e-03
1.582389464601874352e-03
1.587250968441367149e-03
1.583198085427284241e-03
1.583417411893606186e-03
1.581721240654587746e-03
1.580697717145085335e-03
1.580269890837371349e-03
1.582246972247958183e-03
1.579802134074270725e-03
1.582172582857310772e-03
1.579869654960930347e-03
1.578584546223282814e-03
1.582670025527477264e-03
1.580095267854630947e-03
1.578170922584831715e-03
1.577309449203312397e-03
1.577381510287523270e-03
1.580185024067759514e-03
1.578326220624148846e-03
1.577047281898558140e-03
1.575517002493143082e-03
1.577926333993673325e-03
1.574804307892918587e-03
1.574963098391890526e-03
1.574040856212377548e-03
1.573524437844753265e-03
1.573982066474854946e-03
1.573971239849925041e-03
1.572524663060903549e-03
1.573423738591372967e-03
1.574963098391890526e-03
1.572898356243968010e-03
1.571162603795528412e-03
1.571750501170754433e-03
1.572820008732378483e-03
1.570415333844721317e-03
1.569825806654989719e-03
1.570368418470025063e-03
1.569374464452266693e-03
1.571492291986942291e-03
1.570766209624707699e-03
1.569280517287552357e-03
1.568185747601091862e-03
1.568053034134209156e-03
1.567754079587757587e-03
1.571598812006413937e-03
1.569080166518688202e-03
1.567624974995851517e-03
1.566280610859394073e-03
1.566017162986099720e-03
1.570949330925941467e-03
1.567172585055232048e-03
1.566571299917995930e-03
1.565075013786554337e-03
1.576139009557664394e-03
1.565510290674865246e-03
1.564160105772316456e-03
1.563975820317864418e-03
1.566817518323659897e-03
1.565472339279949665e-03
1.564344041980803013e-03
1.563212135806679726e-03
1.570328255183994770e-03
1.562452991493046284e-03
1.562036806717514992e-03
1.566243590787053108e-03
1.563676865771412849e-03
1.561606186442077160e-03
1.561171840876340866e-03
1.561084412969648838e-03
1.560435630381107330e-03
1.560099772177636623e-03
1.560973701998591423e-03
1.561333425343036652e-03
1.559206051751971245e-03
1.559075200930237770e-03
1.558883348479866982e-03
1.558924210257828236e-03
1.558381365612149239e-03
1.558375777676701546e-03
1.560306642204523087e-03
1.559564378112554550e-03
1.557861105538904667e-03
1.556536415591835976e-03
1.566753373481333256e-03
1.557637704536318779e-03
1.555917435325682163e-03
1.555386348627507687e-03
1.560583128593862057e-03
1.556183444336056709e-03
1.555857597850263119e-03
1.554452464915812016e-03
1.553913229145109653e-03
1.556896371766924858e-03
1.553741283714771271e-03
1.555428490974009037e-03
1.555259688757359982e-03
1.552915782667696476e-03
1.553077599965035915e-03
1.551922759972512722e-03
1.551826018840074539e-03
1.552727189846336842e-03
1.552666071802377701e-03
1.553386915475130081e-03
1.550595741719007492e-03
1.554369693621993065e-03
1.550963497720658779e-03
1.551640103571116924e-03
1.550453482195734978e-03
1.549277571029961109e-03
1.554921735078096390e-03
1.550715067423880100e-03
1.550327404402196407e-03
1.548725529573857784e-03
1.548295374959707260e-03
1.553229987621307373e-03
1.549786189571022987e-03
1.548714353702962399e-03
1.547212013974785805e-03
1.547752763144671917e-03
1.551604596897959709e-03
1.548706437461078167e-03
1.547798397950828075e-03
1.545980572700500488e-03
1.551232300698757172e-03
1.545949024148285389e-03
1.546438550576567650e-03
1.545133185572922230e-03
1.550592598505318165e-03
1.544835395179688931e-03
1.544843195006251335e-03
1.544678118079900742e-03
1.544964150525629520e-03
1.544025959447026253e-03
1.546111307106912136e-03
1.545777427963912487e-03
1.543857506476342678e-03
1.543128397315740585e-03
1.543018152005970478e-03
1.545460312627255917e-03
1.544374390505254269e-03
1.542702200822532177e-03
1.542271464131772518e-03
1.542385900393128395e-03
1.544661470688879490e-03
1.541591947898268700e-03
1.549566630274057388e-03
1.541720703244209290e-03
1.541785662993788719e-03
1.541334437206387520e-03
1.544931787066161633e-03
1.542788930237293243e-03
1.540389494039118290e-03
1.545794657431542873e-03
1.541179721243679523e-03
1.540646189823746681e-03
1.540081342682242393e-03
1.544358558021485806e-03
1.542384969070553780e-03
1.540699391625821590e-03
1.539137563668191433e-03
1.539073884487152100e-03
1.543695572763681412e-03
1.541430712677538395e-03
1.538649084977805614e-03
1.538920914754271507e-03
1.538303098641335964e-03
1.543162856251001358e-03
1.540297293104231358e-03
1.537643023766577244e-03
1.541187870316207409e-03
1.537373871542513371e-03
1.537273987196385860e-03
1.541122328490018845e-03
1.539843273349106312e-03
1.537358504720032215e-03
1.536917989142239094e-03
1.536633819341659546e-03
1.536613213829696178e-03
1.536750234663486481e-03
1.540511264465749264e-03
1.537985401228070259e-03
1.536273397505283356e-03
1.536316820420324802e-03
1.537603791803121567e-03
1.536544994451105595e-03
1.535638934001326561e-03
1.535891904495656490e-03
1.534846262075006962e-03
1.543223392218351364e-03
1.535318675450980663e-03
1.534931710921227932e-03
1.534342998638749123e-03
1.539947697892785072e-03
1.536616822704672813e-03
1.535672810859978199e-03
1.533765112981200218e-03
1.539910794235765934e-03
1.536159892566502094e-03
1.535914372652769089e-03
1.533406553789973259e-03
1.537148258648812771e-03
1.533240429125726223e-03
1.533861272037029266e-03
1.535205752588808537e-03
1.533509232103824615e-03
1.532690715976059437e-03
1.534676295705139637e-03
1.532307593151926994e-03
1.533400150947272778e-03
1.533221453428268433e-03
1.531840651296079159e-03
1.533971168100833893e-03
1.531849266029894352e-03
1.531666493974626064e-03
1.536751282401382923e-03
1.533575821667909622e-03
1.532302936539053917e-03
1.531202462501823902e-03
1.536355004645884037e-03
1.533001428470015526e-03
1.531837857328355312e-03
1.530835637822747231e-03
1.532862544991075993e-03
1.534720999188721180e-03
1.530169392935931683e-03
1.529925270006060600e-03
1.533246715553104877e-03
1.530332956463098526e-03
1.529710367321968079e-03
1.530984416604042053e-03
1.529225613921880722e-03
1.550677465274930000e-03
1.531618065200746059e-03
1.529265195131301880e-03
1.528737368062138557e-03
1.528932247310876846e-03
1.532358815893530846e-03
1.529086497612297535e-03
1.530034700408577919e-03
1.528485096059739590e-03
1.530964393168687820e-03
1.528719905763864517e-03
1.527772517874836922e-03
1.538191572763025761e-03
1.527720829471945763e-03
1.528199296444654465e-03
1.527473214082419872e-03
1.535094459541141987e-03
1.527595217339694500e-03
1.527474611066281796e-03
1.531042973510921001e-03
1.530086272396147251e-03
1.526598702184855938e-03
1.527884392999112606e-03
1.527316519059240818e-03
1.526387175545096397e-03
1.527213957160711288e-03
1.526947598904371262e-03
1.526595908217132092e-03
1.533486298285424709e-03
1.527806976810097694e-03
1.525983796454966068e-03
1.526815933175384998e-03
1.525825122371315956e-03
1.526073203422129154e-03
1.525150844827294350e-03
1.535324030555784702e-03
1.525222789496183395e-03
1.524723134934902191e-03
1.525693456642329693e-03
1.528751221485435963e-03
1.525781699456274509e-03
1.524075632914900780e-03
1.530171604827046394e-03
1.525396830402314663e-03
1.526218140497803688e-03
1.523516955785453320e-03
1.526343636214733124e-03
1.524805556982755661e-03
1.523584476672112942e-03
1.522962236776947975e-03
1.522797392681241035e-03
1.524963416159152985e-03
1.522560603916645050e-03
1.535720541141927242e-03
1.522492384538054466e-03
1.523079001344740391e-03
1.521975151263177395e-03
1.526106032542884350e-03
1.521619735285639763e-03
1.521775033324956894e-03
1.523835351690649986e-03
1.525753061287105083e-03
1.520893070846796036e-03
1.520909951068460941e-03
1.525127911008894444e-03
1.522172824479639530e-03
1.520222052931785583e-03
1.532776746898889542e-03
1.519882469438016415e-03
1.519855693913996220e-03
1.521067577414214611e-03
1.522647100500762463e-03
1.520254067145287991e-03
1.519133918918669224e-03
1.521864905953407288e-03
1.522556645795702934e-03
1.518834498710930347e-03
1.520629855804145336e-03
1.522666309028863907e-03
1.519639627076685429e-03
1.517870114184916019e-03
1.529376138933002949e-03
1.517800148576498032e-03
1.517386641353368759e-03
1.519551384262740612e-03
1.517458702437579632e-03
1.523033948615193367e-03
1.517163240350782871e-03
1.516545540653169155e-03
1.524119288660585880e-03
1.518671168014407158e-03
1.516429590992629528e-03
1.517508644610643387e-03
1.515802810899913311e-03
1.517510274425148964e-03
1.516712713055312634e-03
1.515400130301713943e-03
1.515884767286479473e-03
1.515592914074659348e-03
1.518786535598337650e-03
1.519314129836857319e-03
1.514715026132762432e-03
1.515324926003813744e-03
1.518285367637872696e-03
1.515063107945024967e-03
1.514783012680709362e-03
1.517798169516026974e-03
1.518049160949885845e-03
1.514119212515652180e-03
1.516120741143822670e-03
1.513529103249311447e-03
1.524630468338727951e-03
1.513506053015589714e-03
1.513992319814860821e-03
1.513284980319440365e-03
1.515593845397233963e-03
1.516693620942533016e-03
1.514642150141298771e-03
1.512913964688777924e-03
1.515559386461973190e-03
1.515929470770061016e-03
1.511723850853741169e-03
1.518220058642327785e-03
1.511310576461255550e-03
1.511674025095999241e-03
1.510751550085842609e-03
1.510807196609675884e-03
1.511644921265542507e-03
1.511280424892902374e-03
1.514433766715228558e-03
1.510484609752893448e-03
1.512157730758190155e-03
1.512688351795077324e-03
1.510012662038207054e-03
1.512505346909165382e-03
1.510713482275605202e-03
1.509645488113164902e-03
1.513899536803364754e-03
1.509951893240213394e-03
1.510944683104753494e-03
1.512523042038083076e-03
1.508794724941253662e-03
1.515832846052944660e-03
1.510160043835639954e-03
1.511282287538051605e-03
1.508252345956861973e-03
1.520632300525903702e-03
1.508105196990072727e-03
1.508623478002846241e-03
1.508082496002316475e-03
1.507774926722049713e-03
1.514581264927983284e-03
1.509424415417015553e-03
1.507335808128118515e-03
1.507888198830187321e-03
1.513039343990385532e-03
1.509670983068645000e-03
1.507944078184664249e-03
1.508217537775635719e-03
1.506690517999231815e-03
1.533923787064850330e-03
1.508272369392216206e-03
1.506483182311058044e-03
1.506383065134286880e-03
1.506469445303082466e-03
1.508359098806977272e-03
1.507141860201954842e-03
1.514629460871219635e-03
1.507706358097493649e-03
1.508596120402216911e-03
1.505561289377510548e-03
1.524797757156193256e-03
1.506746280938386917e-03
1.505427178926765919e-03
1.505518914200365543e-03
1.508233021013438702e-03
1.505417167209088802e-03
1.504879910498857498e-03
1.510499860160052776e-03
1.508077373728156090e-03
1.504680141806602478e-03
1.512094866484403610e-03
1.505306921899318695e-03
1.506495987996459007e-03
1.504716230556368828e-03
1.504229847341775894e-03
1.505884807556867599e-03
1.504801562987267971e-03
1.504915417172014713e-03
1.503855455666780472e-03
1.504141604527831078e-03
1.504060463048517704e-03
1.512018032371997833e-03
1.506565255112946033e-03
1.503314706496894360e-03
1.504985732026398182e-03
1.503704930655658245e-03
1.503210980445146561e-03
1.504258485510945320e-03
1.502893515862524509e-03
1.505067571997642517e-03
1.503409119322896004e-03
1.503183157183229923e-03
1.504228799603879452e-03
1.503537525422871113e-03
1.503181178122758865e-03
1.508543151430785656e-03
1.506444881670176983e-03
1.502108178101480007e-03
1.503068371675908566e-03
1.503658015280961990e-03
1.504816813394427299e-03
1.502276747487485409e-03
1.501863589510321617e-03
1.504600048065185547e-03
1.503616687841713428e-03
1.502699567936360836e-03
1.501538790762424469e-03
1.513740862719714642e-03
1.502247410826385021e-03
1.501339022070169449e-03
1.501541701145470142e-03
1.508245710283517838e-03
1.504488987848162651e-03
1.502103521488606930e-03
1.500757411122322083e-03
1.508077140897512436e-03
1.502583501860499382e-03
1.501093152910470963e-03
1.500949612818658352e-03
1.501166610978543758e-03
1.500200596638023853e-03
1.502167317084968090e-03
1.500291866250336170e-03
1.501199556514620781e-03
1.501715159974992275e-03
1.499969279393553734e-03
1.502923201769590378e-03
1.499873120337724686e-03
1.500593149103224277e-03
1.505534164607524872e-03
1.502095139585435390e-03
1.500562997534871101e-03
1.499939709901809692e-03
1.506447908468544483e-03
1.502523547969758511e-03
1.500555081292986870e-03
1.499691512435674667e-03
1.500196638517081738e-03
1.498817000538110733e-03
1.499670208431780338e-03
1.503562903963029385e-03
1.500926911830902100e-03
1.499245059676468372e-03
1.500122132711112499e-03
1.500978949479758739e-03
1.499271951615810394e-03
1.499178470112383366e-03
1.498360419645905495e-03
1.509972498752176762e-03
1.499227480962872505e-03
1.498062629252672195e-03
1.502134720794856548e-03
1.499599195085465908e-03
1.498000347055494785e-03
1.500863814726471901e-03
1.497409539297223091e-03
1.511857146397233009e-03
1.499890116974711418e-03
1.497340388596057892e-03
1.499180332757532597e-03
1.497311750426888466e-03
1.504087005741894245e-03
1.497112796641886234e-03
1.496949116699397564e-03
1.504609943367540836e-03
1.499753096140921116e-03
1.497310935519635677e-03
1.497662393376231194e-03
1.501302351243793964e-03
1.496757264249026775e-03
1.499069272540509701e-03
1.498458092100918293e-03
1.497179735451936722e-03
1.496780198067426682e-03
1.496178912930190563e-03
1.497161109000444412e-03
1.500164391472935677e-03
1.496470067650079727e-03
1.495871809311211109e-03
1.497681252658367157e-03
1.501361723057925701e-03
1.495486008934676647e-03
1.495807431638240814e-03
1.496098237112164497e-03
1.503876876085996628e-03
1.498466823250055313e-03
1.495170523412525654e-03
1.504902262240648270e-03
1.495893695391714573e-03
1.497420482337474823e-03
1.495140022598206997e-03
1.507836044766008854e-03
1.495955977588891983e-03
1.495511620305478573e-03
1.494927215389907360e-03
1.494746305979788303e-03
1.496004639193415642e-03
1.494757365435361862e-03
1.497078803367912769e-03
1.494065392762422562e-03
1.507416483946144581e-03
1.495043630711734295e-03
1.494529074989259243e-03
1.493831980042159557e-03
1.494414638727903366e-03
1.495382864959537983e-03
1.494677853770554066e-03
1.494332565926015377e-03
1.495064119808375835e-03
1.494203577749431133e-03
1.493954565376043320e-03
1.495536183938384056e-03
1.493170973844826221e-03
1.495424192398786545e-03
1.493004732765257359e-03
1.504369545727968216e-03
1.494809635914862156e-03
1.493934076279401779e-03
1.493329065851867199e-03
1.494322204962372780e-03
1.497310935519635677e-03
1.492633251473307610e-03
1.498619094491004944e-03
1.494059921242296696e-03
1.494689146056771278e-03
1.492239884100854397e-03
1.494079013355076313e-03
1.492236857302486897e-03
1.493180054239928722e-03
1.494085416197776794e-03
1.492681098170578480e-03
1.492960844188928604e-03
1.495013828389346600e-03
1.492679235525429249e-03
1.491513568907976151e-03
1.497832476161420345e-03
1.495440490543842316e-03
1.491298782639205456e-03
1.501666614785790443e-03
1.492700073868036270e-03
1.495267963036894798e-03
1.491003786213696003e-03
1.505311578512191772e-03
1.491704955697059631e-03
1.490998896770179272e-03
1.494514755904674530e-03
1.491540344431996346e-03
1.490847789682447910e-03
1.496231183409690857e-03
1.494721742346882820e-03
1.492656650952994823e-03
1.490352791734039783e-03
1.506531145423650742e-03
1.490291557274758816e-03
1.490549184381961823e-03
1.491317176260054111e-03
1.494549680501222610e-03
1.490193768404424191e-03
1.493780524469912052e-03
1.493649557232856750e-03
1.489727408625185490e-03
1.502060797065496445e-03
1.490023685619235039e-03
1.490463269874453545e-03
1.491278060711920261e-03
1.491495058871805668e-03
1.491155009716749191e-03
1.491005881689488888e-03
1.489567104727029800e-03
1.496759825386106968e-03
1.493450487032532692e-03
1.490681082941591740e-03
1.489229267463088036e-03
1.494083320721983910e-03
1.489487942308187485e-03
1.488735550083220005e-03
1.494963187724351883e-03
1.492181560024619102e-03
1.488525769673287868e-03
1.502308063209056854e-03
1.489076414145529270e-03
1.489753252826631069e-03
1.488431124016642570e-03
1.498069381341338158e-03
1.488853944465517998e-03
1.491193659603595734e-03
1.488180831074714661e-03
1.503576291725039482e-03
1.487864879891276360e-03
1.488147885538637638e-03
1.489192130975425243e-03
1.492096926085650921e-03
1.489473506808280945e-03
1.488005742430686951e-03
1.490067690610885620e-03
1.488544396124780178e-03
1.487665111199021339e-03
1.489466871134936810e-03
1.488977228291332722e-03
1.488255686126649380e-03
1.495297648943960667e-03
1.489929156377911568e-03
1.486936584115028381e-03
1.499759848229587078e-03
1.488262903876602650e-03
1.487412024289369583e-03
1.486753928475081921e-03
1.494018826633691788e-03
1.491218921728432178e-03
1.488398294895887375e-03
1.486861612647771835e-03
1.492997864261269569e-03
1.486626220867037773e-03
1.489007379859685898e-03
1.487901085056364536e-03
1.488969312049448490e-03
1.490066992118954659e-03
1.486184308305382729e-03
1.500957878306508064e-03
1.485891290940344334e-03
1.485812361352145672e-03
1.491068978793919086e-03
1.486022491008043289e-03
1.489045680500566959e-03
1.489003770984709263e-03
1.485528191551566124e-03
1.489476300776004791e-03
1.485469634644687176e-03
1.497460412792861462e-03
1.486716209910809994e-03
1.486389664933085442e-03
1.486171269789338112e-03
1.488642883487045765e-03
1.490334514528512955e-03
1.485193264670670033e-03
1.490059308707714081e-03
1.488515059463679790e-03
1.486615277826786041e-03
1.484722713939845562e-03
1.484645297750830650e-03
1.489255810156464577e-03
1.486132969148457050e-03
1.484497799538075924e-03
1.484430860728025436e-03
1.489786547608673573e-03
1.486984547227621078e-03
1.484226435422897339e-03
1.486888504587113857e-03
1.484134467318654060e-03
1.502813072875142097e-03
1.486784429289400578e-03
1.484656124375760555e-03
1.484158914536237717e-03
1.485128886997699738e-03
1.489181071519851685e-03
1.486553577706217766e-03
1.485031796619296074e-03
1.483894535340368748e-03
1.486091641709208488e-03
1.491484814323484898e-03
1.484095817431807518e-03
1.484258566051721573e-03
1.483904197812080383e-03
1.488824957050383091e-03
1.486091990955173969e-03
1.483139814808964729e-03
1.485077198594808578e-03
1.486936700530350208e-03
1.484982436522841454e-03
1.483960892073810101e-03
1.483609317801892757e-03
1.488743699155747890e-03
1.488152774982154369e-03
1.483592204749584198e-03
1.483248430304229259e-03
1.483626314438879490e-03
1.482705119997262955e-03
1.487074652686715126e-03
1.482840161770582199e-03
1.483769388869404793e-03
1.482264720834791660e-03
1.484880223870277405e-03
1.483314437791705132e-03
1.482249819673597813e-03
1.482269843108952045e-03
1.483816304244101048e-03
1.484915264882147312e-03
1.483105705119669437e-03
1.482591032981872559e-03
1.483013853430747986e-03
1.482360064983367920e-03
1.482869614847004414e-03
1.481927698478102684e-03
1.481534680351614952e-03
1.484313281252980232e-03
1.482094870880246162e-03
1.481927116401493549e-03
1.481913728639483452e-03
1.481612329371273518e-03
1.491007860749959946e-03
1.485159620642662048e-03
1.481809769757091999e-03
1.481581246480345726e-03
1.482880557887256145e-03
1.484513282775878906e-03
1.482701976783573627e-03
1.481243059970438480e-03
1.483103027567267418e-03
1.484765787608921528e-03
1.481959479860961437e-03
1.480581820942461491e-03
1.490258960984647274e-03
1.484402222558856010e-03
1.480412669479846954e-03
1.495957374572753906e-03
1.480785547755658627e-03
1.480586710385978222e-03
1.483439700677990913e-03
1.482584513723850250e-03
1.481598126702010632e-03
1.480394625104963779e-03
1.488920417614281178e-03
1.485109911300241947e-03
1.480997423641383648e-03
1.481296727433800697e-03
1.479785656556487083e-03
1.479913131333887577e-03
1.486617489717900753e-03
1.482818508520722389e-03
1.479704631492495537e-03
1.486902358010411263e-03
1.483243424445390701e-03
1.479424652643501759e-03
1.499584759585559368e-03
1.479757367633283138e-03
1.480472506955265999e-03
1.479270868003368378e-03
1.488811220042407513e-03
1.482422347180545330e-03
1.481057493947446346e-03
1.478977384977042675e-03
1.480316859669983387e-03
1.482268329709768295e-03
1.481684157624840736e-03
1.480821287259459496e-03
1.478713704273104668e-03
1.497039571404457092e-03
1.478684018366038799e-03
1.478702644817531109e-03
1.481223502196371555e-03
1.479541999287903309e-03
1.479520811699330807e-03
1.478876685723662376e-03
1.478477031923830509e-03
1.490169786848127842e-03
1.481803832575678825e-03
1.480716979131102562e-03
1.478336635045707226e-03
1.488141599111258984e-03
1.479457016102969646e-03
1.479028607718646526e-03
1.478566904552280903e-03
1.491049071773886681e-03
1.480197068303823471e-03
1.479936647228896618e-03
1.478089601732790470e-03
1.484201173298060894e-03
1.479882746934890747e-03
1.478515798225998878e-03
1.477486803196370602e-03
1.503887935541570187e-03
1.480144332163035870e-03
1.477361889556050301e-03
1.477278186939656734e-03
1.481424435041844845e-03
1.477205893024802208e-03
1.487033558078110218e-03
1.479886122979223728e-03
1.478156191296875477e-03
1.476957579143345356e-03
1.477362238802015781e-03
1.479118247516453266e-03
1.476617064327001572e-03
1.477040466852486134e-03
1.482913270592689514e-03
1.482103718444705009e-03
1.476169330999255180e-03
1.476278877817094326e-03
1.476448727771639824e-03
1.477666082791984081e-03
1.476719160564243793e-03
1.475732540711760521e-03
1.475652097724378109e-03
1.480035134591162205e-03
1.475522061809897423e-03
1.482925028540194035e-03
1.478281454183161259e-03
1.475168974138796329e-03
1.480576349422335625e-03
1.478730817325413227e-03
1.474970369599759579e-03
1.474813558161258698e-03
1.474707503803074360e-03
1.475389231927692890e-03
1.480111270211637020e-03
1.477175508625805378e-03
1.476951525546610355e-03
1.474446849897503853e-03
1.474551972933113575e-03
1.478029647842049599e-03
1.475695520639419556e-03
1.474227989092469215e-03
1.476226723752915859e-03
1.475555356591939926e-03
1.475243712775409222e-03
1.480600913055241108e-03
1.478401361964643002e-03
1.474721473641693592e-03
1.475876430049538612e-03
1.475012628361582756e-03
1.478879363276064396e-03
1.473987475037574768e-03
1.474227523431181908e-03
1.472126576118171215e-03
1.474962569773197174e-03
1.472175936214625835e-03
1.498290686868131161e-03
1.473221695050597191e-03
1.471441239118576050e-03
1.471330644562840462e-03
1.475279219448566437e-03
1.471171155571937561e-03
1.479925937019288540e-03
1.474438467994332314e-03
1.470949151553213596e-03
1.483865664340555668e-03
1.471516327001154423e-03
1.471318770200014114e-03
1.470494084060192108e-03
1.488251844421029091e-03
1.471213065087795258e-03
1.470677438192069530e-03
1.470237155444920063e-03
1.471964758820831776e-03
1.472664880566298962e-03
1.475891796872019768e-03
1.470301067456603050e-03
1.475858152844011784e-03
1.472026458941400051e-03
1.472136471420526505e-03
1.473847776651382446e-03
1.469396287575364113e-03
1.473397831432521343e-03
1.469227951020002365e-03
1.494786818511784077e-03
1.469756825827062130e-03
1.469402806833386421e-03
1.469369279220700264e-03
1.471368363127112389e-03
1.468867412768304348e-03
1.468684291467070580e-03
1.473578275181353092e-03
1.468832488171756268e-03
1.473948010243475437e-03
1.469125738367438316e-03
1.468538655899465084e-03
1.474943011999130249e-03
1.470426679588854313e-03
1.468650298193097115e-03
1.473273383453488350e-03
1.467989175580441952e-03
1.479602768085896969e-03
1.467752968892455101e-03
1.467638299800455570e-03
1.477041048929095268e-03
1.470547751523554325e-03
1.467627240344882011e-03
1.478677499108016491e-03
1.467836904339492321e-03
1.469541108235716820e-03
1.467957859858870506e-03
1.470080460421741009e-03
1.469259266741573811e-03
1.467957859858870506e-03
1.468650647439062595e-03
1.472830772399902344e-03
1.471013762056827545e-03
1.466648303903639317e-03
1.487903529778122902e-03
1.466520479880273342e-03
1.467364141717553139e-03
1.466500572860240936e-03
1.478422549553215504e-03
1.470107003115117550e-03
1.466181711293756962e-03
1.467810943722724915e-03
1.469501410610973835e-03
1.465993118472397327e-03
1.467133522965013981e-03
1.468382077291607857e-03
1.467261579819023609e-03
1.468017813749611378e-03
1.467879628762602806e-03
1.466972520574927330e-03
1.476092729717493057e-03
1.469717593863606453e-03
1.466094865463674068e-03
1.471488503739237785e-03
1.466468092985451221e-03
1.468481961637735367e-03
1.465224195271730423e-03
1.467243186198174953e-03
1.465109409764409065e-03
1.481539453379809856e-03
1.467173453420400620e-03
1.465512090362608433e-03
1.465242588892579079e-03
1.466693240217864513e-03
1.466234214603900909e-03
1.464898232370615005e-03
1.465921988710761070e-03
1.464860397391021252e-03
1.464509288780391216e-03
1.486467663198709488e-03
1.467296970076858997e-03
1.464413246139883995e-03
1.465479610487818718e-03
1.466223737224936485e-03
1.465185894630849361e-03
1.464053639210760593e-03
1.468987553380429745e-03
1.463901717215776443e-03
1.483190921135246754e-03
1.464075292460620403e-03
1.464796019718050957e-03
1.464438275434076786e-03
1.466971589252352715e-03
1.463848049752414227e-03
1.471704686991870403e-03
1.465776003897190094e-03
1.463804743252694607e-03
1.463361084461212158e-03
1.470783143304288387e-03
1.467288122512400150e-03
1.464906497858464718e-03
1.463613822124898434e-03
1.482967403717339039e-03
1.463109510950744152e-03
1.463515567593276501e-03
1.463953405618667603e-03
1.473439391702413559e-03
1.466130372136831284e-03
1.462674466893076897e-03
1.463136519305408001e-03
1.475512981414794922e-03
1.462965970858931541e-03
1.462659332901239395e-03
1.462421147152781487e-03
1.462468877434730530e-03
1.463173073716461658e-03
1.466937363147735596e-03
1.462276559323072433e-03
1.465392997488379478e-03
1.474860473535954952e-03
1.463666674681007862e-03
1.462393207475543022e-03
1.462012645788490772e-03
1.464801141992211342e-03
1.463169232010841370e-03
1.470942865125834942e-03
1.467320951633155346e-03
1.461830572225153446e-03
1.464027911424636841e-03
1.463346881791949272e-03
1.467731664888560772e-03
1.462859334424138069e-03
1.464216155000030994e-03
1.461618929170072079e-03
1.461786217987537384e-03
1.463263994082808495e-03
1.464040367864072323e-03
1.464223256334662437e-03
1.461726729758083820e-03
1.461627776734530926e-03
1.462656422518193722e-03
1.460862928070127964e-03
1.462795538827776909e-03
1.461851643398404121e-03
1.463917200453579426e-03
1.461946638301014900e-03
1.461278647184371948e-03
1.460935338400304317e-03
1.460520317777991295e-03
1.461896346881985664e-03
1.464764121919870377e-03
1.464694738388061523e-03
1.461692154407501221e-03
1.461957348510622978e-03
1.463130931369960308e-03
1.465965411625802517e-03
1.462660264223814011e-03
1.460716361179947853e-03
1.465609529986977577e-03
1.463243970647454262e-03
1.459966879338026047e-03
1.459820196032524109e-03
1.461883657611906528e-03
1.466966583393514156e-03
1.460606115870177746e-03
1.460139174014329910e-03
1.459931954741477966e-03
1.466912101022899151e-03
1.462537096813321114e-03
1.459850580431520939e-03
1.462998217903077602e-03
1.468347851186990738e-03
1.460143481381237507e-03
1.459807506762444973e-03
1.459535676985979080e-03
1.473454409278929234e-03
1.459876075387001038e-03
1.461214735172688961e-03
1.459759660065174103e-03
1.461506006307899952e-03
1.461061299778521061e-03
1.459037535823881626e-03
1.460913219489157200e-03
1.459464197978377342e-03
1.459937775507569313e-03
1.459181308746337891e-03
1.458694809116423130e-03
1.458434038795530796e-03
1.459127524867653847e-03
1.458363491110503674e-03
1.467626309022307396e-03
1.461888314224779606e-03
1.458142418414354324e-03
1.476017525419592857e-03
1.458099926821887493e-03
1.458575017750263214e-03
1.458095735870301723e-03
1.459129503928124905e-03
1.460796687752008438e-03
1.458300510421395302e-03
1.464364002458751202e-03
1.460533239878714085e-03
1.458128681406378746e-03
1.465439563617110252e-03
1.461198553442955017e-03
1.457588979974389076e-03
1.485056127421557903e-03
1.458783401176333427e-03
1.458031591027975082e-03
1.458810525946319103e-03
1.459242077544331551e-03
1.465148176066577435e-03
1.461100880987942219e-03
1.457127858884632587e-03
1.479142927564680576e-03
1.457029255107045174e-03
1.457737525925040245e-03
1.457361620850861073e-03
1.459655235521495342e-03
1.456863363273441792e-03
1.457382924854755402e-03
1.460206927731633186e-03
1.461601816117763519e-03
1.457510865293443203e-03
1.458227634429931641e-03
1.459418213926255703e-03
1.457028789445757866e-03
1.457674195989966393e-03
1.456875936128199100e-03
1.457348582334816456e-03
1.457979553379118443e-03
1.456204336136579514e-03
1.458180835470557213e-03
1.459858263842761517e-03
1.456369878724217415e-03
1.461162581108510494e-03
1.456489088013768196e-03
1.462945481762290001e-03
1.456571742892265320e-03
1.455893623642623425e-03
1.465724548324942589e-03
1.458974904380738735e-03
1.455686520785093307e-03
1.472185947932302952e-03
1.458281883969902992e-03
1.455971389077603817e-03
1.458633458241820335e-03
1.455518067814409733e-03
1.455389312468469143e-03
1.461433013901114464e-03
1.455544726923108101e-03
1.459561521187424660e-03
1.455392572097480297e-03
1.467003254219889641e-03
1.457390608265995979e-03
1.456255791708827019e-03
1.455529127269983292e-03
1.463628723286092281e-03
1.454972662031650543e-03
1.455082441680133343e-03
1.456712139770388603e-03
1.458997954614460468e-03
1.454859506338834763e-03
1.454791752621531487e-03
1.457257778383791447e-03
1.457741367630660534e-03
1.459296909160912037e-03
1.457334146834909916e-03
1.454468932934105396e-03
1.454406301490962505e-03
1.463669585064053535e-03
1.457145088352262974e-03
1.454543322324752808e-03
1.465339795686304569e-03
1.459026825614273548e-03
1.454802462831139565e-03
1.454849145375192165e-03
1.457476522773504257e-03
1.454852637834846973e-03
1.453977311030030251e-03
1.456545083783566952e-03
1.455751014873385429e-03
1.453867647796869278e-03
1.481502666138112545e-03
1.455080579034984112e-03
1.454586279578506947e-03
1.455229008570313454e-03
1.453750999644398689e-03
