2.707203151658177376e-03
1.924985088407993317e-03
1.842270954512059689e-03
1.811181427910923958e-03
1.790014212019741535e-03
1.775422249920666218e-03
1.763466163538396358e-03
1.751678180880844593e-03
1.741263782605528831e-03
1.731612719595432281e-03
1.722822897136211395e-03
1.714315381832420826e-03
1.706084934994578362e-03
1.698353094980120659e-03
1.690751407295465469e-03
1.683186506852507591e-03
1.675866893492639065e-03
1.668674405664205551e-03
1.661790069192647934e-03
1.655169297009706497e-03
1.648621284402906895e-03
1.642110641114413738e-03
1.635662978515028954e-03
1.629239646717905998e-03
1.622852287255227566e-03
1.616557710804045200e-03
1.610050210729241371e-03
1.603989396244287491e-03
1.598091097548604012e-03
1.592200831510126591e-03
1.586253521963953972e-03
1.580365002155303955e-03
1.574472407810389996e-03
1.568492851220071316e-03
1.562426798045635223e-03
1.556156901642680168e-03
1.550768152810633183e-03
1.546010025776922703e-03
1.544509781524538994e-03
1.532468944787979126e-03
1.586947357282042503e-03
1.522447448223829269e-03
1.519260578788816929e-03
1.562851713970303535e-03
1.555741881020367146e-03
1.505197142250835896e-03
1.503175357356667519e-03
1.605962286703288555e-03
1.513866591267287731e-03
1.511173322796821594e-03
1.485258690081536770e-03
1.547028543427586555e-03
1.487544621340930462e-03
1.619836431927978992e-03
1.514987554401159286e-03
1.473052776418626308e-03
1.477107522077858448e-03
1.477333367802202702e-03
1.462453277781605721e-03
1.533407601527869701e-03
1.449626521207392216e-03
1.455316320061683655e-03
1.474831369705498219e-03
1.459440798498690128e-03
1.432238495908677578e-03
1.432653982192277908e-03
1.552762812934815884e-03
1.449148287065327168e-03
1.434688456356525421e-03
1.572896377183496952e-03
1.416109385900199413e-03
1.411925535649061203e-03
1.863622223027050495e-03
1.457639504224061966e-03
1.405742601491510868e-03
1.398739055730402470e-03
1.396331470459699631e-03
1.493630697950720787e-03
1.425637165084481239e-03
1.389070530422031879e-03
1.383068854920566082e-03
1.553822658024728298e-03
1.450447249226272106e-03
1.375094521790742874e-03
1.374926767311990261e-03
1.370042213238775730e-03
1.423976151272654533e-03
1.397089567035436630e-03
1.364106312394142151e-03
1.359248301014304161e-03
1.355909160338342190e-03
1.623368822038173676e-03
1.393115497194230556e-03
1.347732846625149250e-03
1.385184936225414276e-03
1.379458233714103699e-03
1.362910261377692223e-03
1.398661173880100250e-03
1.332929125055670738e-03
1.497908495366573334e-03
1.360039110295474529e-03
1.333206193521618843e-03
1.323490054346621037e-03
1.320773619227111340e-03
1.317287445999681950e-03
1.319786882959306240e-03
1.463039778172969818e-03
1.333321095444262028e-03
1.319919130764901638e-03
1.357626984827220440e-03
1.301350072026252747e-03
1.415065955370664597e-03
1.349830883555114269e-03
1.293602865189313889e-03
1.703809713944792747e-03
1.290149055421352386e-03
1.292894477955996990e-03
1.284445752389729023e-03
1.281653414480388165e-03
1.396627048961818218e-03
1.283593126572668552e-03
1.278381329029798508e-03
1.278205891139805317e-03
1.409578253515064716e-03
1.302232500165700912e-03
1.277608214877545834e-03
1.350422622635960579e-03
1.261799596250057220e-03
1.267965883016586304e-03
1.257377676665782928e-03
1.280414522625505924e-03
1.365704112686216831e-03
1.267836196348071098e-03
1.256244955584406853e-03
1.392907113768160343e-03
1.259754411876201630e-03
1.245177467353641987e-03
1.326023135334253311e-03
1.265467959456145763e-03
1.238800468854606152e-03
1.231893198564648628e-03
1.599612529389560223e-03
1.248743268661201000e-03
1.230541151016950607e-03
1.224142615683376789e-03
1.221764017827808857e-03
1.219262718223035336e-03
1.218702993355691433e-03
1.412629964761435986e-03
1.217266195453703403e-03
1.213729497976601124e-03
1.363390940241515636e-03
1.253857742995023727e-03
1.237881602719426155e-03
1.208384521305561066e-03
1.213950570672750473e-03
1.284611993469297886e-03
1.199421938508749008e-03
1.388346077874302864e-03
1.229598768986761570e-03
1.191559364087879658e-03
1.274938229471445084e-03
1.245370716787874699e-03
1.201921026222407818e-03
1.195119810290634632e-03
1.310943858698010445e-03
1.183821237646043301e-03
1.184373162686824799e-03
1.581600285135209560e-03
1.236049458384513855e-03
1.183612621389329433e-03
1.177500933408737183e-03
1.370817539282143116e-03
1.177517231553792953e-03
1.165041932836174965e-03
1.335817389190196991e-03
1.191646791994571686e-03
1.162184518761932850e-03
1.212027738802134991e-03
1.194443902932107449e-03
1.167189562693238258e-03
1.153218210674822330e-03
1.150437281467020512e-03
1.192656112834811211e-03
1.150341005995869637e-03
1.150509226135909557e-03
1.147606293670833111e-03
1.142307650297880173e-03
1.144224661402404308e-03
1.446630572900176048e-03
1.155467703938484192e-03
1.149500953033566475e-03
1.149724936112761497e-03
1.195664051920175552e-03
1.159475650638341904e-03
1.129366573877632618e-03
1.135760685428977013e-03
1.378443441353738308e-03
1.165434601716697216e-03
1.127264345996081829e-03
1.140478765591979027e-03
1.275199349038302898e-03
1.140680629760026932e-03
1.122580841183662415e-03
1.118783955462276936e-03
1.417229650542140007e-03
1.131431781686842442e-03
1.124626491218805313e-03
1.162809552624821663e-03
1.188527443446218967e-03
1.109220087528228760e-03
1.136189210228621960e-03
1.143029658123850822e-03
1.110590877942740917e-03
1.167278271168470383e-03
1.195101416669785976e-03
1.111952937208116055e-03
1.095308107323944569e-03
1.158960163593292236e-03
1.178715145215392113e-03
1.095151063054800034e-03
1.133444602601230145e-03
1.088431337848305702e-03
1.086713979020714760e-03
1.300463220104575157e-03
1.086754724383354187e-03
1.098048989661037922e-03
1.086374279111623764e-03
1.288500381633639336e-03
1.097284257411956787e-03
1.084999763406813145e-03
1.075544860213994980e-03
1.474446034990251064e-03
1.145130838267505169e-03
1.088199554942548275e-03
1.073484541848301888e-03
1.068902900442481041e-03
1.079329405911266804e-03
1.101482892408967018e-03
1.088319579139351845e-03
1.064675860106945038e-03
1.111547346226871014e-03
1.206125831231474876e-03
1.074834377504885197e-03
1.061469782143831253e-03
1.065929420292377472e-03
1.243245089426636696e-03
1.089077442884445190e-03
1.053212792612612247e-03
1.106209703721106052e-03
1.065720105543732643e-03
1.063076197169721127e-03
1.159649458713829517e-03
1.059862668626010418e-03
1.156499260105192661e-03
1.091749407351016998e-03
1.048943726345896721e-03
1.198347308672964573e-03
1.064151874743402004e-03
1.044832984916865826e-03
1.040780451148748398e-03
1.050436985678970814e-03
1.047524739988148212e-03
1.045770477503538132e-03
1.035743043757975101e-03
1.048279809765517712e-03
1.127567607909440994e-03
1.038987422361969948e-03
1.031518098898231983e-03
1.422684057615697384e-03
1.106432988308370113e-03
1.038443879224359989e-03
1.023745629936456680e-03
1.032070373184978962e-03
1.023243879899382591e-03
1.023912569507956505e-03
1.022163662128150463e-03
1.030118553899228573e-03
1.193792093545198441e-03
1.021330128423869610e-03
1.012907479889690876e-03
1.067174831405282021e-03
1.015677349641919136e-03
1.015718095004558563e-03
1.013064756989479065e-03
1.007433165796101093e-03
1.005642814561724663e-03
1.012577791698276997e-03
1.071509555913507938e-03
1.024130266159772873e-03
1.001511467620730400e-03
1.002171891741454601e-03
1.000157673843204975e-03
1.510521629825234413e-03
1.061836839653551579e-03
1.007330720312893391e-03
1.000880729407072067e-03
1.127991592511534691e-03
1.070850761607289314e-03
9.922975441440939903e-04
1.063226023688912392e-03
1.013624132610857487e-03
9.942483156919479370e-04
1.206220826134085655e-03
1.016310299746692181e-03
1.030664774589240551e-03
9.831435745581984520e-04
9.822793072089552879e-04
1.185482367873191833e-03
1.029282575473189354e-03
1.000436022877693176e-03
1.082659466192126274e-03
1.075355801731348038e-03
9.760011453181505203e-04
1.015359302982687950e-03
9.944139746949076653e-04
9.860593127086758614e-04
9.753312915563583374e-04
9.778607636690139771e-04
9.789260802790522575e-04
9.764553979039192200e-04
9.680216317065060139e-04
9.664281387813389301e-04
1.019978080876171589e-03
1.043855096213519573e-03
9.675549226813018322e-04
9.805276058614253998e-04
1.201861305162310600e-03
9.704612311907112598e-04
1.000405871309340000e-03
1.039607450366020203e-03
1.027450547553598881e-03
9.552020928822457790e-04
1.037706388160586357e-03
9.543413179926574230e-04
1.148960902355611324e-03
1.128634903579950333e-03
9.672531741671264172e-04
9.519195300526916981e-04
9.490817901678383350e-04
9.476118138991296291e-04
1.060413429513573647e-03
1.042667892761528492e-03
9.446933399885892868e-04
9.564834181219339371e-04
1.291545457206666470e-03
9.568789391778409481e-04
9.540151222608983517e-04
9.897268610075116158e-04
9.620572673156857491e-04
9.649713174439966679e-04
9.478101273998618126e-04
1.051451545208692551e-03
9.688998106867074966e-04
9.338956442661583424e-04
1.000576769001781940e-03
1.028569531626999378e-03
9.335668291896581650e-04
9.534375858493149281e-04
1.145428512245416641e-03
9.458333952352404594e-04
9.907936910167336464e-04
9.301538229919970036e-04
9.250473813153803349e-04
1.147850533016026020e-03
9.256154880858957767e-04
9.302266989834606647e-04
9.239120408892631531e-04
9.510942036285996437e-04
1.163546345196664333e-03
9.204360540024936199e-04
9.181178756989538670e-04
9.174824226647615433e-04
9.515575948171317577e-04
9.393115760758519173e-04
9.255269542336463928e-04
9.238058119080960751e-04
1.073940773494541645e-03
9.641659562475979328e-04
9.305251878686249256e-04
9.199227206408977509e-04
1.188671099953353405e-03
9.221907239407300949e-04
9.267022833228111267e-04
1.080716028809547424e-03
9.729604353196918964e-04
9.052468813024461269e-04
9.469745564274489880e-04
9.311957983300089836e-04
9.060394950211048126e-04
1.005722442641854286e-03
1.016202848404645920e-03
9.185820235870778561e-04
9.077529539354145527e-04
1.097892876714468002e-03
9.609616827219724655e-04
9.250892326235771179e-04
1.016358728520572186e-03
9.395504021085798740e-04
8.971596253104507923e-04
1.280748285353183746e-03
9.057844872586429119e-04
9.075521957129240036e-04
9.108327794820070267e-04
9.135166183114051819e-04
9.075673879124224186e-04
8.878248045220971107e-04
9.694788022898137569e-04
9.714640327729284763e-04
8.989925263449549675e-04
9.187929681502282619e-04
8.996172691695392132e-04
8.997666882351040840e-04
8.972791256383061409e-04
1.249714056029915810e-03
9.141786140389740467e-04
8.957725367508828640e-04
8.884083363227546215e-04
9.757442167028784752e-04
8.849863079376518726e-04
8.771619759500026703e-04
8.758928161114454269e-04
9.151364210993051529e-04
1.096062362194061279e-03
8.905084105208516121e-04
8.798950002528727055e-04
8.763679070398211479e-04
1.072575687430799007e-03
9.244432440027594566e-04
8.714616415090858936e-04
9.115114226005971432e-04
9.023393504321575165e-04
8.694682619534432888e-04
1.002131961286067963e-03
9.627786348573863506e-04
8.707504021003842354e-04
9.155594743788242340e-04
8.771868306212127209e-04
8.943891152739524841e-04
8.625829359516501427e-04
1.476490288041532040e-03
9.427087497897446156e-04
8.659724844619631767e-04
8.602640009485185146e-04
8.594476385042071342e-04
9.066148777492344379e-04
9.145368239842355251e-04
8.635821868665516376e-04
8.659360464662313461e-04
1.077274675481021404e-03
8.795606554485857487e-04
8.733604336157441139e-04
8.616434643045067787e-04
1.205008244141936302e-03
8.553275838494300842e-04
8.557712426409125328e-04
1.034621265716850758e-03
9.226225665770471096e-04
8.807630511000752449e-04
9.890767978504300117e-04
8.888887241482734680e-04
8.917112136259675026e-04
9.070109808817505836e-04
8.916532387956976891e-04
9.050258668139576912e-04
8.497171220369637012e-04
9.466191986575722694e-04
9.581840131431818008e-04
8.424456464126706123e-04
8.599641732871532440e-04
1.161670079454779625e-03
8.410626905970275402e-04
8.414380718022584915e-04
8.463156409561634064e-04
1.017434871755540371e-03
8.603240712545812130e-04
8.401731029152870178e-04
8.366078836843371391e-04
8.356458274647593498e-04
8.457344956696033478e-04
1.125708455219864845e-03
8.579159621149301529e-04
8.451952598989009857e-04
1.022226060740649700e-03
8.964868029579520226e-04
8.428560104221105576e-04
1.091450918465852737e-03
8.545516757294535637e-04
8.392516756430268288e-04
1.055616652593016624e-03
8.903232519514858723e-04
8.617342682555317879e-04
9.588768589310348034e-04
8.886113646440207958e-04
8.680163882672786713e-04
9.655487956479191780e-04
9.119085152633488178e-04
8.490672917105257511e-04
8.387552807107567787e-04
8.304435759782791138e-04
8.305631345137953758e-04
8.226164500229060650e-04
8.267529192380607128e-04
1.111102523282170296e-03
8.282569469884037971e-04
8.329644915647804737e-04
8.176580886356532574e-04
1.250452245585620403e-03
9.616388124413788319e-04
8.162523154169321060e-04
8.152011432684957981e-04
8.138679550029337406e-04
8.135671378113329411e-04
1.788338413462042809e-03
8.587844786234200001e-04
8.171296794898808002e-04
8.115445962175726891e-04
8.101823623292148113e-04
8.255885913968086243e-04
9.440808789804577827e-04
8.477534865960478783e-04
8.253125706687569618e-04
1.005608588457107544e-03
8.712324197404086590e-04
8.148446795530617237e-04
1.151074306108057499e-03
8.500909316353499889e-04
8.178453426808118820e-04
8.084692526608705521e-04
1.112971920520067215e-03
8.305869996547698975e-04
8.108085603453218937e-04
8.023317204788327217e-04
8.075414225459098816e-04
1.199931721203029156e-03
8.567253826186060905e-04
8.002775139175355434e-04
8.328897529281675816e-04
8.218154544010758400e-04
8.188931387849152088e-04
7.987389108166098595e-04
1.214910880662500858e-03
9.186542010866105556e-04
8.077512611635029316e-04
7.983552641235291958e-04
7.968260324560105801e-04
9.771845070645213127e-04
8.742331992834806442e-04
7.923891535028815269e-04
8.239859598688781261e-04
9.180341730825603008e-04
7.899116608314216137e-04
8.591975783929228783e-04
8.059499668888747692e-04
8.780778734944760799e-04
7.979721995070576668e-04
8.082239073701202869e-04
1.131945755332708359e-03
8.011751924641430378e-04
7.937010959722101688e-04
7.860351470299065113e-04
7.842569029890000820e-04
8.671046234667301178e-04
9.459735592827200890e-04
8.060974068939685822e-04
7.904744124971330166e-04
8.172990637831389904e-04
8.313020225614309311e-04
7.839827449060976505e-04
7.889916305430233479e-04
7.966427365317940712e-04
8.542230352759361267e-04
7.943342789076268673e-04
7.820501923561096191e-04
7.954398170113563538e-04
9.585155057720839977e-04
8.226722711697220802e-04
7.880412740632891655e-04
7.950110593810677528e-04
7.949370192363858223e-04
8.088244940154254436e-04
7.741256267763674259e-04
7.725486648268997669e-04
8.623130852356553078e-04
9.332921472378075123e-04
7.832632400095462799e-04
7.758241263218224049e-04
7.698158733546733856e-04
7.967990823090076447e-04
1.108266762457787991e-03
8.117778343148529530e-04
7.741427398286759853e-04
7.690289057791233063e-04
7.671887287870049477e-04
7.673372165299952030e-04
1.156707876361906528e-03
7.791310199536383152e-04
7.664383738301694393e-04
7.643706630915403366e-04
7.976619526743888855e-04
1.000551390461623669e-03
7.860386394895613194e-04
7.691446808166801929e-04
7.637962698936462402e-04
7.842254708521068096e-04
8.045986178331077099e-04
7.891507120802998543e-04
7.599715027026832104e-04
7.636697846464812756e-04
1.048781094141304493e-03
7.631283369846642017e-04
7.742380839772522449e-04
7.675087545067071915e-04
9.602326899766921997e-04
8.344958187080919743e-04
7.556719356216490269e-04
8.006918942555785179e-04
7.976588094606995583e-04
7.546306005679070950e-04
8.906898437999188900e-04
8.322538924403488636e-04
7.837979937903583050e-04
8.286820957437157631e-04
7.524574757553637028e-04
7.508835406042635441e-04
9.828954935073852539e-04
8.072038181126117706e-04
7.562956889159977436e-04
7.585907587781548500e-04
1.283442601561546326e-03
8.005012059584259987e-04
7.491140859201550484e-04
7.562531973235309124e-04
1.138470252044498920e-03
7.467014947906136513e-04
7.640595431439578533e-04
7.448728429153561592e-04
9.072049870155751705e-04
8.417251519858837128e-04
7.458236650563776493e-04
7.491391734220087528e-04
7.434228900820016861e-04
7.421533227898180485e-04
7.700863643549382687e-04
7.731380173936486244e-04
7.470725104212760925e-04
7.501145009882748127e-04
7.405940559692680836e-04
1.428986550308763981e-03
8.457001531496644020e-04
7.448804099112749100e-04
7.417540182359516621e-04
7.380665629170835018e-04
1.033834996633231640e-03
7.377629517577588558e-04
7.395501015707850456e-04
7.356880232691764832e-04
8.061960106715559959e-04
8.453775080852210522e-04
7.345265476033091545e-04
7.346936035901308060e-04
7.363946060650050640e-04
7.910231361165642738e-04
7.350236992351710796e-04
7.392395054921507835e-04
7.320077274926006794e-04
7.316229166463017464e-04
7.319469586946070194e-04
8.408335270360112190e-04
8.587875054217875004e-04
7.294860552065074444e-04
7.367757498286664486e-04
1.043381867930293083e-03
7.295249961316585541e-04
7.398336892947554588e-04
7.327476050704717636e-04
7.962157833389937878e-04
9.332406916655600071e-04
7.590214954689145088e-04
7.253379444591701031e-04
7.395836873911321163e-04
1.068343757651746273e-03
7.517342455685138702e-04
7.383608026430010796e-04
8.523996220901608467e-04
7.713041850365698338e-04
7.344651967287063599e-04
1.002833014354109764e-03
7.661374984309077263e-04
7.654533837921917439e-04
7.867810199968516827e-04
7.335594273172318935e-04
7.485133828595280647e-04
8.326784009113907814e-04
7.636940572410821915e-04
7.211319752968847752e-04
7.180132088251411915e-04
8.504912839271128178e-04
8.332844590768218040e-04
7.402799092233181000e-04
7.164968410506844521e-04
7.472987635992467403e-04
7.165446877479553223e-04
7.344749174080789089e-04
7.174739730544388294e-04
7.163552218116819859e-04
1.172604737803339958e-03
8.066175505518913269e-04
7.148789009079337120e-04
7.127450080588459969e-04
7.125448901206254959e-04
7.204018766060471535e-04
1.105743343941867352e-03
7.666055462323129177e-04
7.171269971877336502e-04
7.245290325954556465e-04
8.070004987530410290e-04
7.255615200847387314e-04
7.139660883694887161e-04
7.232563802972435951e-04
1.052606385201215744e-03
7.406140794046223164e-04
7.233583019115030766e-04
8.272872655652463436e-04
7.403640775009989738e-04
7.077263435348868370e-04
1.109781092964112759e-03
7.052075234241783619e-04
7.205004221759736538e-04
7.129545556381344795e-04
1.224857056513428688e-03
7.713107625022530556e-04
7.039320771582424641e-04
7.078069611452519894e-04
1.115481019951403141e-03
7.080627256073057652e-04
7.133260951377451420e-04
7.142290123738348484e-04
9.992837440222501755e-04
7.441920461133122444e-04
7.159939268603920937e-04
7.256450480781495571e-04
8.059897227212786674e-04
7.468686671927571297e-04
7.021237397566437721e-04
6.986727239564061165e-04
8.516157977283000946e-04
8.162059821188449860e-04
6.995287840254604816e-04
6.998433964326977730e-04
9.855920216068625450e-04
6.969651440158486366e-04
6.946812500245869160e-04
6.978716701269149780e-04
7.214958895929157734e-04
7.335219415836036205e-04
7.372700492851436138e-04
7.140594534575939178e-04
8.935430087149143219e-04
7.592834299430251122e-04
6.972422706894576550e-04
1.186767010949552059e-03
7.409561076201498508e-04
7.017832831479609013e-04
7.030916167423129082e-04
8.968639303930103779e-04
7.361259195022284985e-04
6.887320196256041527e-04
7.335491827689111233e-04
6.926009664312005043e-04
7.158622611314058304e-04
6.941588362678885460e-04
1.256954274140298367e-03
7.554955664090812206e-04
6.871322402730584145e-04
6.856558611616492271e-04
8.160684374161064625e-04
8.242353214882314205e-04
6.922985194250941277e-04
6.836702232249081135e-04
8.871479076333343983e-04
7.124487892724573612e-04
6.912070093676447868e-04
6.824551383033394814e-04
7.260367274284362793e-04
6.829166086390614510e-04
7.195945945568382740e-04
6.841321592219173908e-04
1.267560641281306744e-03
7.456045714206993580e-04
6.797842797823250294e-04
6.854584789834916592e-04
9.392095380462706089e-04
7.033813162706792355e-04
7.010487024672329426e-04
6.910193478688597679e-04
9.097005822695791721e-04
7.561655947938561440e-04
7.077764603309333324e-04
7.623407873325049877e-04
7.298818090930581093e-04
7.084972457960247993e-04
6.776435184292495251e-04
1.439089770428836346e-03
7.271577487699687481e-04
6.838887929916381836e-04
6.733288173563778400e-04
6.970093818381428719e-04
7.008546381257474422e-04
6.999774486757814884e-04
6.727421423420310020e-04
7.140289526432752609e-04
7.378369336947798729e-04
6.722005782648921013e-04
6.774769863113760948e-04
7.253070361912250519e-04
6.720907986164093018e-04
7.039722986519336700e-04
6.684341351501643658e-04
6.946291541680693626e-04
9.875865653157234192e-04
6.719503435306251049e-04
6.714203627780079842e-04
6.676781340502202511e-04
6.667187553830444813e-04
6.668147980235517025e-04
6.891954690217971802e-04
7.286506588570773602e-04
7.108082645572721958e-04
6.834540981799364090e-04
7.760886219330132008e-04
7.524701068177819252e-04
6.903234752826392651e-04
6.691374001093208790e-04
1.196343800984323025e-03
6.887249182909727097e-04
6.748759769834578037e-04
6.657981430180370808e-04
6.979708559811115265e-04
7.504389504902064800e-04
6.815709639340639114e-04
6.665349937975406647e-04
6.722981343045830727e-04
1.056155888363718987e-03
6.870409706607460976e-04
6.749978056177496910e-04
7.480177446268498898e-04
6.779601681046187878e-04
6.749265594407916069e-04
7.950050057843327522e-04
6.668104906566441059e-04
7.600629469379782677e-04
6.690982263535261154e-04
8.450556779280304909e-04
6.780261755920946598e-04
6.570062832906842232e-04
6.604922818951308727e-04
6.607324467040598392e-04
1.066506723873317242e-03
6.562544731423258781e-04
6.648191483691334724e-04
6.871329969726502895e-04
7.524579414166510105e-04
6.755813374184072018e-04
6.525186472572386265e-04
7.684579468332231045e-04
6.876639672555029392e-04
6.871226942166686058e-04
6.577539024874567986e-04
6.518075824715197086e-04
6.514337146654725075e-04
1.277931616641581059e-03
7.588876760564744473e-04
6.683461251668632030e-04
6.512622931040823460e-04
6.594832520931959152e-04
9.923420147970318794e-04
7.091997540555894375e-04
6.507601356133818626e-04
6.790794432163238525e-04
6.900330190546810627e-04
6.855535320937633514e-04
6.537918816320598125e-04
1.074234722182154655e-03
6.466060876846313477e-04
6.491833482868969440e-04
7.852287380956113338e-04
6.979525205679237843e-04
6.544886273331940174e-04
9.682837408035993576e-04
6.809686310589313507e-04
6.876099505461752415e-04
8.099827682599425316e-04
6.872238591313362122e-04
7.462140056304633617e-04
7.129090954549610615e-04
7.081155199557542801e-04
7.612342596985399723e-04
6.418332923203706741e-04
8.151091169565916061e-04
6.682795356027781963e-04
7.303714519366621971e-04
6.732728797942399979e-04
1.009184634312987328e-03
6.582547212019562721e-04
6.490063387900590897e-04
6.563182687386870384e-04
7.252985960803925991e-04
6.845289026387035847e-04
6.426633917726576328e-04
6.390750058926641941e-04
6.409623892977833748e-04
1.108440221287310123e-03
6.501933676190674305e-04
6.459004362113773823e-04
6.473030080087482929e-04
8.731710258871316910e-04
7.220272091217339039e-04
6.373376818373799324e-04
6.991725531406700611e-04
6.369104958139359951e-04
6.552679114975035191e-04
6.870219949632883072e-04
7.129672449082136154e-04
6.589646800421178341e-04
6.331885233521461487e-04
8.888221345841884613e-04
9.269377333112061024e-04
6.350204348564147949e-04
6.333576166070997715e-04
6.334246718324720860e-04
6.320059765130281448e-04
6.314442725852131844e-04
6.351701449602842331e-04
9.675986948423087597e-04
6.584047223441302776e-04
6.321724504232406616e-04
6.975086289457976818e-04
6.374035147018730640e-04
6.358084501698613167e-04
6.633949233219027519e-04
8.400481892749667168e-04
6.713559851050376892e-04
6.371816270984709263e-04
6.311905453912913799e-04
6.573047721758484840e-04
6.321975379250943661e-04
6.279259687289595604e-04
6.348722963593900204e-04
6.387471803463995457e-04
1.080041751265525818e-03
6.878109998069703579e-04
6.321120308712124825e-04
6.453934474848210812e-04
7.920140633359551430e-04
6.739926757290959358e-04
6.431915098801255226e-04
7.311866502277553082e-04
6.758840754628181458e-04
6.542382179759442806e-04
6.776731461286544800e-04
6.529188249260187149e-04
6.232085870578885078e-04
7.513168966397643089e-04
6.486425991170108318e-04
6.220720242708921432e-04
7.724225870333611965e-04
6.972987903282046318e-04
6.217966438271105289e-04
6.266448763199150562e-04
6.248739082366228104e-04
9.126937366090714931e-04
6.583829526789486408e-04
6.352929049171507359e-04
6.192841101437807083e-04
7.074687746353447437e-04
7.166739087551832199e-04
6.619942723773419857e-04
6.247053970582783222e-04
6.185201345942914486e-04
6.183781661093235016e-04
7.548737921752035618e-04
7.499812636524438858e-04
6.346950540319085121e-04
6.184053490869700909e-04
6.237601046450436115e-04
1.191095565445721149e-03
6.613979348912835121e-04
6.218845373950898647e-04
6.305162096396088600e-04
1.012195600196719170e-03
6.180553464218974113e-04
6.159462500363588333e-04
6.520451279357075691e-04
8.539849077351391315e-04
6.510108942165970802e-04
6.219964125193655491e-04
6.159744225442409515e-04
6.429308559745550156e-04
6.156666786409914494e-04
6.131192785687744617e-04
6.190256099216639996e-04
6.260136142373085022e-04
1.010635285638272762e-03
6.716278148815035820e-04
6.167358951643109322e-04
6.303378031589090824e-04
7.534260512329638004e-04
6.562566850334405899e-04
6.115369033068418503e-04
6.438053678721189499e-04
6.111897528171539307e-04
6.303197587840259075e-04
6.106541259214282036e-04
6.240826332941651344e-04
6.115255528129637241e-04
6.516815046779811382e-04
6.116575677879154682e-04
6.098513840697705746e-04
6.415845709852874279e-04
6.080358289182186127e-04
6.257562781684100628e-04
6.081185420043766499e-04
6.204482051543891430e-04
6.098196608945727348e-04
6.585211376659572124e-04
6.128581590019166470e-04
6.077598663978278637e-04
6.106533692218363285e-04
1.184751163236796856e-03
6.371583440341055393e-04
6.165882805362343788e-04
6.078506121411919594e-04
6.308438023552298546e-04
6.266878917813301086e-04
6.203893572092056274e-04
6.062046159058809280e-04
6.120233447290956974e-04
9.831403149291872978e-04
6.157595198601484299e-04
6.025072070769965649e-04
7.059044437482953072e-04
6.275308551266789436e-04
6.139241741038858891e-04
8.036079234443604946e-04
6.527039222419261932e-04
6.046580383554100990e-04
8.939791587181389332e-04
6.353671196848154068e-04
6.279927329160273075e-04
6.019325810484588146e-04
5.999305285513401031e-04
6.723720580339431763e-04
7.038243347778916359e-04
5.984964664094150066e-04
5.984308081679046154e-04
6.079173181205987930e-04
6.194541929289698601e-04
6.321138353087007999e-04
5.988039774820208549e-04
5.964514566585421562e-04
5.960656562820076942e-04
6.064477493055164814e-04
6.721308454871177673e-04
6.226999103091657162e-04
5.976868560537695885e-04
5.979131674394011497e-04
6.215150933712720871e-04
6.393994553945958614e-04
6.330464384518563747e-04
6.004813476465642452e-04
5.932448548264801502e-04
9.600923513062298298e-04
8.090570336207747459e-04
5.975238746032118797e-04
5.956047680228948593e-04
5.926182493567466736e-04
5.920425173826515675e-04
5.918257520534098148e-04
5.998205742798745632e-04
1.092772115953266621e-03
6.221828516572713852e-04
6.069944938644766808e-04
5.903115379624068737e-04
8.321452769450843334e-04
7.625682628713548183e-04
5.943835712969303131e-04
5.956870154477655888e-04
5.900192190892994404e-04
5.891682230867445469e-04
6.086596986278891563e-04
7.116285851225256920e-04
6.354551296681165695e-04
5.913527566008269787e-04
6.103534833528101444e-04
6.154320435598492622e-04
5.963732837699353695e-04
5.943353753536939621e-04
5.908002494834363461e-04
1.183489919640123844e-03
6.631808937527239323e-04
5.932072526775300503e-04
5.914780776947736740e-04
6.014259997755289078e-04
8.000308880582451820e-04
6.227028206922113895e-04
5.889250314794480801e-04
5.889168241992592812e-04
1.048987964168190956e-03
6.105736829340457916e-04
5.844584084115922451e-04
5.868464359082281590e-04
6.183933001011610031e-04
6.022648303769528866e-04
6.245641270652413368e-04
5.986652104184031487e-04
6.837733089923858643e-04
7.059484487399458885e-04
5.852229660376906395e-04
5.919577670283615589e-04
7.868312532082200050e-04
6.777224480174481869e-04
6.069884402677416801e-04
5.906203296035528183e-04
6.645750836469233036e-04
6.883327732793986797e-04
5.830732989124953747e-04
5.837307544425129890e-04
6.007654592394828796e-04
7.547489367425441742e-04
6.059312145225703716e-04
5.795873003080487251e-04
5.812044255435466766e-04
5.794622120447456837e-04
7.685714517720043659e-04
6.768372841179370880e-04
6.057200953364372253e-04
5.832705646753311157e-04
5.803016247227787971e-04
1.492994604632258415e-03
5.815281765535473824e-04
5.899018142372369766e-04
5.768619594164192677e-04
5.762886721640825272e-04
5.771362921223044395e-04
1.763145206496119499e-03
6.328873569145798683e-04
5.822454113513231277e-04
5.757224862463772297e-04
5.756800528615713120e-04
5.763409426435828209e-04
8.478080271743237972e-04
6.038555875420570374e-04
5.953833460807800293e-04
5.794450989924371243e-04
5.853191250935196877e-04
6.505889468826353550e-04
6.058517028577625751e-04
5.771673750132322311e-04
5.761309294030070305e-04
5.793798482045531273e-04
1.204013591632246971e-03
6.510702660307288170e-04
5.789579008705914021e-04
5.727768293581902981e-04
7.483218214474618435e-04
6.997663294896483421e-04
5.910799372941255569e-04
5.781333893537521362e-04
7.748503703624010086e-04
6.749056628905236721e-04
5.892987828701734543e-04
5.714186117984354496e-04
1.645316253416240215e-03
5.777777987532317638e-04
5.829050787724554539e-04
5.699105677194893360e-04
5.692634731531143188e-04
5.936804227530956268e-04
6.043672910891473293e-04
5.937011446803808212e-04
5.680569447576999664e-04
6.130161928012967110e-04
5.822022794745862484e-04
6.012406083755195141e-04
5.675490247085690498e-04
9.515305282548069954e-04
5.928717437200248241e-04
5.777541082352399826e-04
5.692914710380136967e-04
5.728423129767179489e-04
1.034989953041076660e-03
5.662780604325234890e-04
5.832091555930674076e-04
5.678638117387890816e-04
1.160277286544442177e-03
6.821486749686300755e-04
5.874775233678519726e-04
5.645359633490443230e-04
5.670211394317448139e-04
8.343207882717251778e-04
5.981473950669169426e-04
5.849612061865627766e-04
5.677798180840909481e-04
5.700463079847395420e-04
8.466723957099020481e-04
6.020916043780744076e-04
5.737838800996541977e-04
5.624959012493491173e-04
5.672010011039674282e-04
9.403097792528569698e-04
5.757463513873517513e-04
5.773783777840435505e-04
5.616756970994174480e-04
7.032572175376117229e-04
5.725765367969870567e-04
6.010590586811304092e-04
5.655438289977610111e-04
5.603043246082961559e-04
5.620602751150727272e-04
8.330711862072348595e-04
5.966502940282225609e-04
5.829177680425345898e-04
5.674394196830689907e-04
6.214236491359770298e-04
6.710643647238612175e-04
5.609053187072277069e-04
5.639826413244009018e-04
6.154486327432096004e-04
5.598235875368118286e-04
5.960607668384909630e-04
5.644811317324638367e-04
1.104288268834352493e-03
5.822815001010894775e-04
5.732256686314940453e-04
5.618180148303508759e-04
1.229400397278368473e-03
6.413583178073167801e-04
5.584515747614204884e-04
5.555665702559053898e-04
6.621996872127056122e-04
7.644442375749349594e-04
5.893175839446485043e-04
5.555109819397330284e-04
5.714841536246240139e-04
9.065982303582131863e-04
5.961396964266896248e-04
5.710030673071742058e-04
5.884877173230051994e-04
5.642705946229398251e-04
5.806799745187163353e-04
5.541570717468857765e-04
5.909643950872123241e-04
5.652838153764605522e-04
5.541597492992877960e-04
5.570924840867519379e-04
5.795049364678561687e-04
7.032214198261499405e-04
5.964476149529218674e-04
5.678522866219282150e-04
7.152216858230531216e-04
6.247312412597239017e-04
5.776510806754231453e-04
7.090467261150479317e-04
5.618629511445760727e-04
6.745589198544621468e-04
5.525015294551849365e-04
6.795671069994568825e-04
6.923014298081398010e-04
5.503204884007573128e-04
5.539830890484154224e-04
5.521586281247437000e-04
6.230543949641287327e-04
7.155337370932102203e-04
5.620304145850241184e-04
5.574057577177882195e-04
5.566247855313122272e-04
1.134740072302520275e-03
6.022855523042380810e-04
5.612690583802759647e-04
5.528061883524060249e-04
6.266392301768064499e-04
6.471361266449093819e-04
5.492087802849709988e-04
5.486581940203905106e-04
5.461703985929489136e-04
2.110710367560386658e-03
6.877342239022254944e-04
5.628248909488320351e-04
5.463262205012142658e-04
5.451139295473694801e-04
5.446338327601552010e-04
5.462801782414317131e-04
8.178884163498878479e-04
5.946365999989211559e-04
5.686887889169156551e-04
5.537965917028486729e-04
7.419417961500585079e-04
6.495366687886416912e-04
5.672409897670149803e-04
5.426116986200213432e-04
6.194936577230691910e-04
5.757485050708055496e-04
5.962137947790324688e-04
5.486915470100939274e-04
5.426703719422221184e-04
5.419188528321683407e-04
5.414520273916423321e-04
5.418543005362153053e-04
7.525474065914750099e-04
6.292431498877704144e-04
5.679351161234080791e-04
5.479130777530372143e-04
5.599375581368803978e-04
5.650568054988980293e-04
5.413468461483716965e-04
5.477739614434540272e-04
5.463131819851696491e-04
7.528958376497030258e-04
6.525891949422657490e-04
5.403552786447107792e-04
5.494665238074958324e-04
9.623182122595608234e-04
5.405288538895547390e-04
5.596567061729729176e-04
5.455742357298731804e-04
9.856213582679629326e-04
5.399222718551754951e-04
5.468596937134861946e-04
5.711482954211533070e-04
7.089398568496108055e-04
5.497621605172753334e-04
5.376465269364416599e-04
5.382502567954361439e-04
9.801933774724602699e-04
5.436200881376862526e-04
5.381485098041594028e-04
5.385276745073497295e-04
5.358444177545607090e-04
5.352149601094424725e-04
5.363107775337994099e-04
8.170224027708172798e-04
5.719924811273813248e-04
5.590076325461268425e-04
5.447319126687943935e-04
6.751004257239401340e-04
6.555985892191529274e-04
5.436561186797916889e-04
5.675539141520857811e-04
7.042745128273963928e-04
5.330618587322533131e-04
5.847259890288114548e-04
7.001762860454618931e-04
5.948533071205019951e-04
6.309045711532235146e-04
5.443374975584447384e-04
1.254695234820246696e-03
6.295605562627315521e-04
5.402965471148490906e-04
5.359819042496383190e-04
5.958072724752128124e-04
5.797063931822776794e-04
5.422593676485121250e-04
5.379876820370554924e-04
5.740725900977849960e-04
7.415969739668071270e-04
5.777402548119425774e-04
5.359700880944728851e-04
5.321683129295706749e-04
6.249847938306629658e-04
6.529797101393342018e-04
5.303353536874055862e-04
5.335110472515225410e-04
5.796402110718190670e-04
8.346193935722112656e-04
5.492425989359617233e-04
5.347967962734401226e-04
5.285861552692949772e-04
5.272899288684129715e-04
8.118087425827980042e-04
8.087258320301771164e-04
5.656874272972345352e-04
5.273720598779618740e-04
5.267523811198771000e-04
5.266171065159142017e-04
5.283170612528920174e-04
7.967681740410625935e-04
5.799581413157284260e-04
5.495382356457412243e-04
5.343451630324125290e-04
7.942142547108232975e-04
6.094107520766556263e-04
5.364125245250761509e-04
5.374472821131348610e-04
6.635472527705132961e-04
5.303470534272491932e-04
5.249951500445604324e-04
5.239817546680569649e-04
5.606455379165709019e-04
5.268011009320616722e-04
5.329091218300163746e-04
5.237709265202283859e-04
5.794656462967395782e-04
5.237415316514670849e-04
5.604844773188233376e-04
5.246808868832886219e-04
1.097226049751043320e-03
5.734503502026200294e-04
5.228085210546851158e-04
5.239562015049159527e-04
5.807917332276701927e-04
5.362179363146424294e-04
5.527514731511473656e-04
5.415685591287910938e-04
8.195462869480252266e-04
5.923036951571702957e-04
5.572508671320974827e-04
7.254444062709808350e-04
5.592421512119472027e-04
6.001790170557796955e-04
6.090392125770449638e-04
5.529990303330123425e-04
8.405508706346154213e-04
5.388455465435981750e-04
5.259257159195840359e-04
7.467482937499880791e-04
6.213625892996788025e-04
5.402417737059295177e-04
5.181565065868198872e-04
6.902925088070333004e-04
8.121399441733956337e-04
5.710318218916654587e-04
5.245072534307837486e-04
5.183880566619336605e-04
5.176120903342962265e-04
5.172003293409943581e-04
5.229556700214743614e-04
1.123019610531628132e-03
5.678231245838105679e-04
5.220652674324810505e-04
5.298415780998766422e-04
9.154945146292448044e-04
5.363079835660755634e-04
5.157265695743262768e-04
6.021587178111076355e-04
5.684914649464190006e-04
5.456487997435033321e-04
5.328275146894156933e-04
9.081620955839753151e-04
5.204818444326519966e-04
5.163846071809530258e-04
7.037605391815304756e-04
6.357523961924016476e-04
5.222320323809981346e-04
5.503966240212321281e-04
6.113938870839774609e-04
5.339737981557846069e-04
5.136865074746310711e-04
5.162759334780275822e-04
6.071642274037003517e-04
5.204114713706076145e-04
5.135475075803697109e-04
5.154048558324575424e-04
5.128912162035703659e-04
5.122850416228175163e-04
5.133358063176274300e-04
7.791846292093396187e-04
5.647020298056304455e-04
5.370267899706959724e-04
5.213694530539214611e-04
6.068520597182214260e-04
6.130767287686467171e-04
5.198890576139092445e-04
5.277685122564435005e-04
7.875565206632018089e-04
5.951211787760257721e-04
5.162311135791242123e-04
5.476308870129287243e-04
5.112596554681658745e-04
5.286342347972095013e-04
5.095883389003574848e-04
5.563251324929296970e-04
5.223216721788048744e-04
5.207881913520395756e-04
5.090493359602987766e-04
5.553211667574942112e-04
5.629155202768743038e-04
5.098555702716112137e-04
5.170194781385362148e-04
5.157571868039667606e-04
1.210353104397654533e-03
5.979466950520873070e-04
5.139941349625587463e-04
5.092686042189598083e-04
6.265591946430504322e-04
6.606340175494551659e-04
5.072996136732399464e-04
5.072265630587935448e-04
5.107846809551119804e-04
7.013332797214388847e-04
