2.005814807489514351e-03
1.921360148116946220e-03
1.882070326246321201e-03
1.859287032857537270e-03
1.840917509980499744e-03
1.823621569201350212e-03
1.806244836188852787e-03
1.794135663658380508e-03
1.783866086043417454e-03
1.775108044967055321e-03
1.767002977430820465e-03
1.758775324560701847e-03
1.751520088873803616e-03
1.744486158713698387e-03
1.737718936055898666e-03
1.731398748233914375e-03
1.725275185890495777e-03
1.719817868433892727e-03
1.714214682579040527e-03
1.708534546196460724e-03
1.712503726594150066e-03
1.699991989880800247e-03
1.693389844149351120e-03
1.688557211309671402e-03
1.691319048404693604e-03
1.680936431512236595e-03
1.675426494330167770e-03
1.670840196311473846e-03
1.667058677412569523e-03
1.662820926867425442e-03
1.666664262302219868e-03
1.656938926316797733e-03
1.651575206778943539e-03
1.672860700637102127e-03
1.644980628043413162e-03
1.638618181459605694e-03
1.635132939554750919e-03
1.631800085306167603e-03
1.633935491554439068e-03
1.625449745915830135e-03
1.623592339456081390e-03
1.619919901713728905e-03
1.616987981833517551e-03
1.614396227523684502e-03
1.613661530427634716e-03
1.615132438018918037e-03
1.607535756193101406e-03
1.604514312930405140e-03
1.604690100066363811e-03
1.604395452886819839e-03
1.600906369276344776e-03
1.596703194081783295e-03
1.598069909960031509e-03
1.591656124219298363e-03
1.601875643245875835e-03
1.587842474691569805e-03
1.587366452440619469e-03
1.582788769155740738e-03
1.584483310580253601e-03
1.580051612108945847e-03
1.577564398758113384e-03
1.575397211126983166e-03
1.580406911671161652e-03
1.570339198224246502e-03
1.566660241223871708e-03
1.564700854942202568e-03
1.563845551572740078e-03
1.560300705023109913e-03
1.561312587000429630e-03
1.557865296490490437e-03
1.559072989039123058e-03
1.554752117954194546e-03
1.551724504679441452e-03
1.549783628433942795e-03
1.548895379528403282e-03
1.548787346109747887e-03
1.548424246720969677e-03
1.542944693937897682e-03
1.544695347547531128e-03
1.540088094770908356e-03
1.539018820039927959e-03
1.539795775897800922e-03
1.539603923447430134e-03
1.537447911687195301e-03
1.535769435577094555e-03
1.531335758045315742e-03
1.529262750409543514e-03
1.543648540973663330e-03
1.528003136627376080e-03
1.524799852631986141e-03
1.523604732938110828e-03
1.544438186101615429e-03
1.524086110293865204e-03
1.519711455330252647e-03
1.526785083115100861e-03
1.521582948043942451e-03
1.519433921203017235e-03
1.517184427939355373e-03
1.513493014499545097e-03
1.511064823716878891e-03
1.509645953774452209e-03
1.518667093478143215e-03
1.507055829279124737e-03
1.506819506175816059e-03
1.521678175777196884e-03
1.503379549831151962e-03
1.503145904280245304e-03
1.503345207311213017e-03
1.501493388786911964e-03
1.500163227319717407e-03
1.496600452810525894e-03
1.500398619100451469e-03
1.494077849201858044e-03
1.499600941315293312e-03
1.498289406299591064e-03
1.493068295530974865e-03
1.489004818722605705e-03
1.488948822952806950e-03
1.486389082856476307e-03
1.494807540439069271e-03
1.490514376200735569e-03
1.484988839365541935e-03
1.487253583036363125e-03
1.481994404457509518e-03
1.485401531681418419e-03
1.481377170421183109e-03
1.476952340453863144e-03
1.498693716712296009e-03
1.478892751038074493e-03
1.473667798563838005e-03
1.480835839174687862e-03
1.474173157475888729e-03
1.470361137762665749e-03
1.469474169425666332e-03
1.490130205638706684e-03
1.466842251829802990e-03
1.465929904952645302e-03
1.469556358642876148e-03
1.467276364564895630e-03
1.471570110879838467e-03
1.467925379984080791e-03
1.463206368498504162e-03
1.459938008338212967e-03
1.464373548515141010e-03
1.457378501072525978e-03
1.457100966945290565e-03
1.458922168239951134e-03
1.455052173696458340e-03
1.471758238039910793e-03
1.451478106901049614e-03
1.452281489036977291e-03
1.452355063520371914e-03
1.448122900910675526e-03
1.453168224543333054e-03
1.455284422263503075e-03
1.449712784960865974e-03
1.444325200282037258e-03
1.447042450308799744e-03
1.442013075575232506e-03
1.449544681236147881e-03
1.440869644284248352e-03
1.438663806766271591e-03
1.440422725863754749e-03
1.436755293980240822e-03
1.458102138713002205e-03
1.435852725990116596e-03
1.435155980288982391e-03
1.436369144357740879e-03
1.440422027371823788e-03
1.434249570593237877e-03
1.429600641131401062e-03
1.447227667085826397e-03
1.428101095370948315e-03
1.426724134944379330e-03
1.450846088118851185e-03
1.425010384991765022e-03
1.424132497049868107e-03
1.432050135917961597e-03
1.429714495316147804e-03
1.424295944161713123e-03
1.420370885170996189e-03
1.448867726139724255e-03
1.418715110048651695e-03
1.419966458342969418e-03
1.416846294887363911e-03
1.451624790206551552e-03
1.420073676854372025e-03
1.414425438269972801e-03
1.417747116647660732e-03
1.416434650309383869e-03
1.424138783477246761e-03
1.417061081156134605e-03
1.410215161740779877e-03
1.420454820618033409e-03
1.414144528098404408e-03
1.409008982591331005e-03
1.407583011314272881e-03
1.408314681611955166e-03
1.407569856382906437e-03
1.410052413120865822e-03
1.410305965691804886e-03
1.405981834977865219e-03
1.402022549882531166e-03
1.452747266739606857e-03
1.405139686539769173e-03
1.401045592501759529e-03
1.399756059981882572e-03
1.402401947416365147e-03
1.398915308527648449e-03
1.397584332153201103e-03
1.400888315401971340e-03
1.403473899699747562e-03
1.402470516040921211e-03
1.397444051690399647e-03
1.393178477883338928e-03
1.405461691319942474e-03
1.395518425852060318e-03
1.390638411976397038e-03
1.395470113493502140e-03
1.391617115586996078e-03
1.407033065333962440e-03
1.390609540976583958e-03
1.396024716086685658e-03
1.386941061355173588e-03
1.388460746966302395e-03
1.392305828630924225e-03
1.384783885441720486e-03
1.383409835398197174e-03
1.385756069794297218e-03
1.383836730383336544e-03
1.384594826959073544e-03
1.384576433338224888e-03
1.382125308737158775e-03
1.382964081130921841e-03
1.377562875859439373e-03
1.382887247018516064e-03
1.384666073136031628e-03
1.380249508656561375e-03
1.376392086967825890e-03
1.378437737002968788e-03
1.382963615469634533e-03
1.379416673444211483e-03
1.375815132632851601e-03
1.372812082991003990e-03
1.390954130329191685e-03
1.371000776998698711e-03
1.375837717205286026e-03
1.368813333101570606e-03
1.391080208122730255e-03
1.371141057461500168e-03
1.368453609757125378e-03
1.366666634567081928e-03
1.365949166938662529e-03
1.368119614198803902e-03
1.366016105748713017e-03
1.368763390928506851e-03
1.362151117064058781e-03
1.362167531624436378e-03
1.361126312986016273e-03
1.365828909911215305e-03
1.363333314657211304e-03
1.358811976388096809e-03
1.358590321615338326e-03
1.357537461444735527e-03
1.378214801661670208e-03
1.363230054266750813e-03
1.360313151963055134e-03
1.358172157779335976e-03
1.355815329588949680e-03
1.355807646177709103e-03
1.353095984086394310e-03
1.374837243929505348e-03
1.351990038529038429e-03
1.351867918856441975e-03
1.351074432022869587e-03
1.351901330053806305e-03
1.357938162982463837e-03
1.358095090836286545e-03
1.348325749859213829e-03
1.370446174405515194e-03
1.350648119114339352e-03
1.354352105408906937e-03
1.345975790172815323e-03
1.368908793665468693e-03
1.349976751953363419e-03
1.350275590084493160e-03
1.343912212178111076e-03
1.351674436591565609e-03
1.342631177976727486e-03
1.416651997715234756e-03
1.348672085441648960e-03
1.341342926025390625e-03
1.341065973974764347e-03
1.340136164799332619e-03
1.364156487397849560e-03
1.345260418020188808e-03
1.344988588243722916e-03
1.338904374279081821e-03
1.346670091152191162e-03
1.350180944427847862e-03
1.338237430900335312e-03
1.335775712504982948e-03
1.337700407020747662e-03
1.350142993032932281e-03
1.338927424512803555e-03
1.334325992502272129e-03
1.354824402369558811e-03
1.340538146905601025e-03
1.333254389464855194e-03
1.336084911599755287e-03
1.333969994448125362e-03
1.334553933702409267e-03
1.330717466771602631e-03
1.349659636616706848e-03
1.329172053374350071e-03
1.329265185631811619e-03
1.332590123638510704e-03
1.348414225503802299e-03
1.330623636022210121e-03
1.326784840784966946e-03
1.329851918853819370e-03
1.332481857389211655e-03
1.325488672591745853e-03
1.337557914666831493e-03
1.324322773143649101e-03
1.324537792243063450e-03
1.324619282968342304e-03
1.331147388555109501e-03
1.323038828559219837e-03
1.324144192039966583e-03
1.321928575634956360e-03
1.321106334216892719e-03
1.323971548117697239e-03
1.320374896749854088e-03
1.319764414802193642e-03
1.326943631283938885e-03
1.320100156590342522e-03
1.353719620965421200e-03
1.319852075539529324e-03
1.317829824984073639e-03
1.322953612543642521e-03
1.323770149610936642e-03
1.322150230407714844e-03
1.316874288022518158e-03
1.321118790656328201e-03
1.316011068411171436e-03
1.316468813456594944e-03
1.315437140874564648e-03
1.314092078246176243e-03
1.316843088716268539e-03
1.323602744378149509e-03
1.312526408582925797e-03
1.342875068075954914e-03
1.317470334470272064e-03
1.311430474743247032e-03
1.316048670560121536e-03
1.311667263507843018e-03
1.327922218479216099e-03
1.315961359068751335e-03
1.309008221141993999e-03
1.351111568510532379e-03
1.308299601078033447e-03
1.310177147388458252e-03
1.307576312683522701e-03
1.348550547845661640e-03
1.306802383624017239e-03
1.306559890508651733e-03
1.316949375905096531e-03
1.305530080571770668e-03
1.308900769799947739e-03
1.336403423920273781e-03
1.306770136579871178e-03
1.304935780353844166e-03
1.303631346672773361e-03
1.304535078816115856e-03
1.308466307818889618e-03
1.303326804190874100e-03
1.311447354964911938e-03
1.301755895838141441e-03
1.366178388707339764e-03
1.308763283304870129e-03
1.300525618717074394e-03
1.299888361245393753e-03
1.313766464591026306e-03
1.301198964938521385e-03
1.302504562772810459e-03
1.299554365687072277e-03
1.298896735534071922e-03
1.298385788686573505e-03
1.297114300541579723e-03
1.297504641115665436e-03
1.304002711549401283e-03
1.300231087952852249e-03
1.299139927141368389e-03
1.294873538427054882e-03
1.349916914477944374e-03
1.296655740588903427e-03
1.295115565881133080e-03
1.296850736252963543e-03
1.301353564485907555e-03
1.292331260628998280e-03
1.341301365755498409e-03
1.297763548791408539e-03
1.292569795623421669e-03
1.291265129111707211e-03
1.302788499742746353e-03
1.289929496124386787e-03
1.325112883932888508e-03
1.289972336962819099e-03
1.289576059207320213e-03
1.301362877711653709e-03
1.288095605559647083e-03
1.323841512203216553e-03
1.288915984332561493e-03
1.288508414290845394e-03
1.293172943405807018e-03
1.292138942517340183e-03
1.298354356549680233e-03
1.289097592234611511e-03
1.284728408791124821e-03
1.318481983616948128e-03
1.288944389671087265e-03
1.286239479668438435e-03
1.289787120185792446e-03
1.290066866204142570e-03
1.284749363549053669e-03
1.285142265260219574e-03
1.291658147238194942e-03
1.286349841393530369e-03
1.285027130506932735e-03
1.281469711102545261e-03
1.331328763626515865e-03
1.284102327190339565e-03
1.281413948163390160e-03
1.282591605558991432e-03
1.284648082219064236e-03
1.280151773244142532e-03
1.289100153371691704e-03
1.286458689719438553e-03
1.281407079659402370e-03
1.277620438486337662e-03
1.325337449088692665e-03
1.281748176552355289e-03
1.278090872801840305e-03
1.278494833968579769e-03
1.285500824451446533e-03
1.277052797377109528e-03
1.287065679207444191e-03
1.277198898606002331e-03
1.274629146791994572e-03
1.297591370530426502e-03
1.285982318222522736e-03
1.273603644222021103e-03
1.276350812986493111e-03
1.297274138778448105e-03
1.280318945646286011e-03
1.272355671972036362e-03
1.322705764323472977e-03
1.271767774596810341e-03
1.274322858080267906e-03
1.273116678930819035e-03
1.287702354602515697e-03
1.277727656997740269e-03
1.272066263481974602e-03
1.286331331357359886e-03
1.275667920708656311e-03
1.270178239792585373e-03
1.289490610361099243e-03
1.277025556191802025e-03
1.270013046450912952e-03
1.292501809075474739e-03
1.279444666579365730e-03
1.268293475732207298e-03
1.267461921088397503e-03
1.289821346290409565e-03
1.279851072467863560e-03
1.267497078515589237e-03
1.275040907785296440e-03
1.266100327484309673e-03
1.288966392166912556e-03
1.273061963729560375e-03
1.265107304789125919e-03
1.264969469048082829e-03
1.264647115021944046e-03
1.272316090762615204e-03
1.263920217752456665e-03
1.263939775526523590e-03
1.264061080291867256e-03
1.265518134459853172e-03
1.274430775083601475e-03
1.275249291211366653e-03
1.262252102605998516e-03
1.297407899983227253e-03
1.269102678634226322e-03
1.267523737624287605e-03
1.266274717636406422e-03
1.280058524571359158e-03
1.269778935238718987e-03
1.261084340512752533e-03
1.271553919650614262e-03
1.281078322790563107e-03
1.261451165191829205e-03
1.260970486328005791e-03
1.263539190404117107e-03
1.269281725399196148e-03
1.269639586098492146e-03
1.258218311704695225e-03
1.306284102611243725e-03
1.258610980585217476e-03
1.257486292161047459e-03
1.257989672012627125e-03
1.258546835742890835e-03
1.284153666347265244e-03
1.265348750166594982e-03
1.256408868357539177e-03
1.305019482970237732e-03
1.257248339243233204e-03
1.258024014532566071e-03
1.257713884115219116e-03
1.286063808947801590e-03
1.260760938748717308e-03
1.262990524992346764e-03
1.254833419807255268e-03
1.276220893487334251e-03
1.259128563106060028e-03
1.255004317499697208e-03
1.267826999537646770e-03
1.273116795346140862e-03
1.254347036592662334e-03
1.253639813512563705e-03
1.261994359083473682e-03
1.254511415027081966e-03
1.294170389883220196e-03
1.256302348338067532e-03
1.251393812708556652e-03
1.263737445697188377e-03
1.251426059752702713e-03
1.257471390999853611e-03
1.251040608622133732e-03
1.271814340725541115e-03
1.255842973478138447e-03
1.250376459211111069e-03
1.249640248715877533e-03
1.273982576094567776e-03
1.260684919543564320e-03
1.254158793017268181e-03
1.251482521183788776e-03
1.273550442419946194e-03
1.252135378308594227e-03
1.258911564946174622e-03
1.247658859938383102e-03
1.256962306797504425e-03
1.247302046976983547e-03
1.296467147767543793e-03
1.255858340300619602e-03
1.246553962118923664e-03
1.246732077561318874e-03
1.267880201339721680e-03
1.254676608368754387e-03
1.247594947926700115e-03
1.260088523849844933e-03
1.252243877388536930e-03
1.245574676431715488e-03
1.252854126505553722e-03
1.245595281943678856e-03
1.258967095054686069e-03
1.250760047696530819e-03
1.245220308192074299e-03
1.243892940692603588e-03
1.273878850042819977e-03
1.245605642907321453e-03
1.244027051143348217e-03
1.254764385521411896e-03
1.242760801687836647e-03
1.308529754169285297e-03
1.244440325535833836e-03
1.244264538399875164e-03
1.242702128365635872e-03
1.263306010514497757e-03
1.250898349098861217e-03
1.241135760210454464e-03
1.302083837799727917e-03
1.240651123225688934e-03
1.243278267793357372e-03
1.242600381374359131e-03
1.252405345439910889e-03
1.239683479070663452e-03
1.315862638875842094e-03
1.245171995833516121e-03
1.239159726537764072e-03
1.239259028807282448e-03
1.248247805051505566e-03
1.241763820871710777e-03
1.240375917404890060e-03
1.245379564352333546e-03
1.246571657247841358e-03
1.238740398548543453e-03
1.244449173100292683e-03
1.237152377143502235e-03
1.323623931966722012e-03
1.246887841261923313e-03
1.238734461367130280e-03
1.237320830114185810e-03
1.238057273440063000e-03
1.254139933735132217e-03
1.238031429238617420e-03
1.246812171302735806e-03
1.235993695445358753e-03
1.236984040588140488e-03
1.234777853824198246e-03
1.308152219280600548e-03
1.235299045220017433e-03
1.235738047398626804e-03
1.233959570527076721e-03
1.234402647241950035e-03
1.239008153788745403e-03
1.236132229678332806e-03
1.239511417225003242e-03
1.233084592968225479e-03
1.314691500738263130e-03
1.241911901161074638e-03
1.234484487213194370e-03
1.232992275618016720e-03
1.233984017744660378e-03
1.246778294444084167e-03
1.232571899890899658e-03
1.243727514520287514e-03
1.231058151461184025e-03
1.246637315489351749e-03
1.231098198331892490e-03
1.273790025152266026e-03
1.230215188115835190e-03
1.230010413564741611e-03
1.253897324204444885e-03
1.241500140167772770e-03
1.234272494912147522e-03
1.232899259775876999e-03
1.253445865586400032e-03
1.229101442731916904e-03
1.235117902979254723e-03
1.237744349054992199e-03
1.228405977599322796e-03
1.228619366884231567e-03
1.244371756911277771e-03
1.242914353497326374e-03
1.228880602866411209e-03
1.233381801284849644e-03
1.235834439285099506e-03
1.237695687450468540e-03
1.227165688760578632e-03
1.226401189342141151e-03
1.255679526366293430e-03
1.237905002199113369e-03
1.229696441441774368e-03
1.232457347214221954e-03
1.226841472089290619e-03
1.225111074745655060e-03
1.243162900209426880e-03
1.227450324222445488e-03
1.228201785124838352e-03
1.231204951182007790e-03
1.241397811099886894e-03
1.224040519446134567e-03
1.224513747729361057e-03
1.223881030455231667e-03
1.272775814868509769e-03
1.222298364154994488e-03
1.221887767314910889e-03
1.243209815584123135e-03
1.228949986398220062e-03
1.221847487613558769e-03
1.254435745067894459e-03
1.229415531270205975e-03
1.222706050612032413e-03
1.243135775439441204e-03
1.220025587826967239e-03
1.221448532305657864e-03
1.236215699464082718e-03
1.239740755409002304e-03
1.219242229126393795e-03
1.218938617967069149e-03
1.221573562361299992e-03
1.221453421749174595e-03
1.218530116602778435e-03
1.219409052282571793e-03
1.219843979924917221e-03
1.240415498614311218e-03
1.220929552800953388e-03
1.232433249242603779e-03
1.220834674313664436e-03
1.226762775331735611e-03
1.216673525050282478e-03
1.222664956003427505e-03
1.233775285072624683e-03
1.217120094224810600e-03
1.256988733075559139e-03
1.215900992974638939e-03
1.215381431393325329e-03
1.238786848261952400e-03
1.225124928168952465e-03
1.217526849359273911e-03
1.231879810802638531e-03
1.216606586240231991e-03
1.232561655342578888e-03
1.213961513713002205e-03
1.218058750964701176e-03
1.236288575455546379e-03
1.219385885633528233e-03
1.213319483213126659e-03
1.234245952218770981e-03
1.232628477737307549e-03
1.215039170347154140e-03
1.213781535625457764e-03
1.225113519467413425e-03
1.212318544276058674e-03
1.243576523847877979e-03
1.225515501573681831e-03
1.215644180774688721e-03
1.212519244290888309e-03
1.228634850122034550e-03
1.213433803059160709e-03
1.210874761454761028e-03
1.237844815477728844e-03
1.217162236571311951e-03
1.213473733514547348e-03
1.210523536428809166e-03
1.220022328197956085e-03
1.209455891512334347e-03
1.210451126098632812e-03
1.209883717820048332e-03
1.213705167174339294e-03
1.212989445775747299e-03
1.211762428283691406e-03
1.214293064549565315e-03
1.209250767715275288e-03
1.213357201777398586e-03
1.208062865771353245e-03
1.248226850293576717e-03
1.214120420627295971e-03
1.215696916915476322e-03
1.211613998748362064e-03
1.206936081871390343e-03
1.262180856429040432e-03
1.207815483212471008e-03
1.207100925967097282e-03
1.205994165502488613e-03
1.210957998409867287e-03
1.212647766806185246e-03
1.221752376295626163e-03
1.207392895594239235e-03
1.208205358125269413e-03
1.208779285661876202e-03
1.210899208672344685e-03
1.204476342536509037e-03
1.205422566272318363e-03
1.205494045279920101e-03
1.244402141310274601e-03
1.213654875755310059e-03
1.208861940540373325e-03
1.210896880365908146e-03
1.219278899952769279e-03
1.202985877171158791e-03
1.241232268512248993e-03
1.213566516526043415e-03
1.206278102472424507e-03
1.216965261846780777e-03
1.214425195939838886e-03
1.202187617309391499e-03
1.207556691952049732e-03
1.247265841811895370e-03
1.204081461764872074e-03
1.201845938339829445e-03
1.200983533635735512e-03
1.202565501444041729e-03
1.226474530994892120e-03
1.211084309034049511e-03
1.200527884066104889e-03
1.236331067048013210e-03
1.203385298140347004e-03
1.200401340611279011e-03
1.200098427943885326e-03
1.199829624965786934e-03
1.235138624906539917e-03
1.211338443681597710e-03
1.205458771437406540e-03
1.205145381391048431e-03
1.225234707817435265e-03
1.204684842377901077e-03
1.202452811412513256e-03
1.198370475322008133e-03
1.241500605829060078e-03
1.197562902234494686e-03
1.197347068227827549e-03
1.197560457512736320e-03
1.198195270262658596e-03
1.228726352564990520e-03
1.207276480272412300e-03
1.196839148178696632e-03
1.246145810000598431e-03
1.199746620841324329e-03
1.199311111122369766e-03
1.204950502142310143e-03
1.197547069750726223e-03
1.200283993966877460e-03
1.195355667732656002e-03
1.250137109309434891e-03
1.197877689264714718e-03
1.197777572087943554e-03
1.194573007524013519e-03
1.232134643942117691e-03
1.206170767545700073e-03
1.199399004690349102e-03
1.205077278427779675e-03
1.194213982671499252e-03
1.258959528058767319e-03
1.203378313221037388e-03
1.193100470118224621e-03
1.194793498143553734e-03
1.215609256178140640e-03
1.197939389385282993e-03
1.192885101772844791e-03
1.193388481624424458e-03
1.192950410768389702e-03
1.198088983073830605e-03
1.192449475638568401e-03
1.192337018437683582e-03
1.192698022350668907e-03
1.223792671225965023e-03
1.200881553813815117e-03
1.191431307233870029e-03
1.239308272488415241e-03
1.195558113977313042e-03
1.193598029203712940e-03
1.191850984469056129e-03
1.207795226946473122e-03
1.189745147712528706e-03
1.238855300471186638e-03
1.197301782667636871e-03
1.194307114928960800e-03
1.193551812320947647e-03
1.194134005345404148e-03
1.193017116747796535e-03
1.189170754514634609e-03
1.221823622472584248e-03
1.198832644149661064e-03
1.187831861898303032e-03
1.255223643966019154e-03
1.187599380500614643e-03
1.190505572594702244e-03
1.189242000691592693e-03
1.209042151458561420e-03
1.188674475997686386e-03
1.205918495543301105e-03
1.192117342725396156e-03
1.197561272419989109e-03
1.194130862131714821e-03
1.186318695545196533e-03
1.258224132470786572e-03
1.196451019495725632e-03
1.185484463348984718e-03
1.184746739454567432e-03
1.186244189739227295e-03
1.188157475553452969e-03
1.187023823149502277e-03
1.185091212391853333e-03
1.183944987133145332e-03
1.218930468894541264e-03
1.198943704366683960e-03
1.185242435894906521e-03
1.188336987979710102e-03
1.188076799735426903e-03
1.182589097879827023e-03
1.196486991830170155e-03
1.182957785204052925e-03
1.203953637741506100e-03
1.203248160891234875e-03
1.181688508950173855e-03
1.182785723358392715e-03
1.201369799673557281e-03
1.195929828099906445e-03
1.185047556646168232e-03
1.182889100164175034e-03
1.210494199767708778e-03
1.180692808702588081e-03
1.186085049994289875e-03
1.196824945509433746e-03
1.180211897008121014e-03
1.183866756036877632e-03
1.185659784823656082e-03
1.184922875836491585e-03
1.180402585305273533e-03
1.178723294287919998e-03
1.189370290376245975e-03
1.179375452920794487e-03
1.190757961012423038e-03
1.180146937258541584e-03
1.242885366082191467e-03
1.178996288217604160e-03
1.177552505396306515e-03
1.189437112770974636e-03
1.178560429252684116e-03
1.198856509290635586e-03
1.178997219540178776e-03
1.186043722555041313e-03
1.181262778118252754e-03
1.189232454635202885e-03
1.178350183181464672e-03
1.175918849185109138e-03
1.204985659569501877e-03
1.195137039758265018e-03
1.176031888462603092e-03
1.180610037408769131e-03
1.197360572405159473e-03
1.176498248241841793e-03
1.210362184792757034e-03
1.182360574603080750e-03
1.183387474156916142e-03
1.177057856693863869e-03
1.185127650387585163e-03
1.175477402284741402e-03
1.238110358826816082e-03
1.176918158307671547e-03
1.176570891402661800e-03
1.174004864878952503e-03
1.237916294485330582e-03
1.173441647551953793e-03
1.172751421108841896e-03
1.186728593893349171e-03
1.173046068288385868e-03
1.193769625388085842e-03
1.173043390735983849e-03
1.197407953441143036e-03
1.179598853923380375e-03
1.179485348984599113e-03
1.175179262645542622e-03
1.173766795545816422e-03
1.178337726742029190e-03
1.173531985841691494e-03
1.174811157397925854e-03
1.179871382191777229e-03
1.172702526673674583e-03
1.170361298136413097e-03
1.187508110888302326e-03
1.198071986436843872e-03
1.170860021375119686e-03
1.170628936961293221e-03
1.180089544504880905e-03
1.175937824882566929e-03
1.181609113700687885e-03
1.172103802673518658e-03
1.172708463855087757e-03
1.171613694168627262e-03
1.221261336468160152e-03
1.177034690044820309e-03
1.173956552520394325e-03
1.175785320810973644e-03
1.169250812381505966e-03
1.168608781881630421e-03
1.175912446342408657e-03
1.186827197670936584e-03
1.167439622804522514e-03
1.216190634295344353e-03
1.178347854875028133e-03
1.172404619865119457e-03
1.178754377178847790e-03
1.166801201179623604e-03
1.167104928754270077e-03
1.186996232718229294e-03
1.178136328235268593e-03
1.171833602711558342e-03
1.166574773378670216e-03
1.245675957761704922e-03
1.166397822089493275e-03
1.168742892332375050e-03
1.165555557236075401e-03
1.226743683218955994e-03
1.170036150142550468e-03
1.166149275377392769e-03
1.166529022157192230e-03
1.208308618515729904e-03
1.178150298073887825e-03
1.169322524219751358e-03
1.166553818620741367e-03
1.189988339319825172e-03
1.170913805253803730e-03
1.167119713500142097e-03
1.166620757430791855e-03
1.193748670630156994e-03
1.163398148491978645e-03
1.165012130513787270e-03
1.186660374514758587e-03
1.182383508421480656e-03
1.164807123132050037e-03
1.169453025795519352e-03
1.177726197056472301e-03
1.169309020042419434e-03
1.164300949312746525e-03
1.162078697234392166e-03
1.178025733679533005e-03
1.162215019576251507e-03
1.199616934172809124e-03
1.176688121631741524e-03
1.166693051345646381e-03
1.164880348369479179e-03
1.187790185213088989e-03
1.161342021077871323e-03
1.161254709586501122e-03
1.165227848105132580e-03
1.173319644294679165e-03
1.161927822977304459e-03
1.161413500085473061e-03
1.162074273452162743e-03
1.180306077003479004e-03
1.159894862212240696e-03
1.199030433781445026e-03
1.169838709756731987e-03
1.159280305728316307e-03
1.206642366014420986e-03
1.162164495326578617e-03
1.159838982857763767e-03
1.159195671789348125e-03
1.160365296527743340e-03
1.193918637000024319e-03
1.167759066447615623e-03
1.158431987278163433e-03
1.185624278150498867e-03
1.179606653749942780e-03
1.161967404186725616e-03
1.157592749223113060e-03
1.160861575044691563e-03
1.184381893835961819e-03
1.160244108177721500e-03
1.178878126665949821e-03
1.163978595286607742e-03
1.169595867395401001e-03
1.169156865216791630e-03
1.159900799393653870e-03
1.159060862846672535e-03
1.156411017291247845e-03
1.156422775238752365e-03
1.157022314146161079e-03
1.156730460934340954e-03
1.163678942248225212e-03
1.156413112767040730e-03
1.155539299361407757e-03
1.171063398942351341e-03
1.156821264885365963e-03
1.158855855464935303e-03
1.170193660072982311e-03
1.160937477834522724e-03
1.154721947386860847e-03
1.154484925791621208e-03
1.163149368949234486e-03
1.160468789748847485e-03
1.168379210866987705e-03
1.156645943410694599e-03
1.169050694443285465e-03
1.181442290544509888e-03
1.154424389824271202e-03
1.154659199528396130e-03
1.159374252893030643e-03
1.175413723103702068e-03
1.164354151114821434e-03
1.156116602942347527e-03
1.213477924466133118e-03
1.156067475676536560e-03
1.153975259512662888e-03
1.152662793174386024e-03
1.244433573447167873e-03
1.158986240625381470e-03
1.153925899416208267e-03
1.151861040852963924e-03
1.155641744844615459e-03
1.175360288470983505e-03
1.158009981736540794e-03
1.162348547950387001e-03
1.163621083833277225e-03
1.155868638306856155e-03
1.192489406093955040e-03
1.165040885098278522e-03
1.156528946012258530e-03
1.159013947471976280e-03
1.165133784525096416e-03
1.158909755758941174e-03
1.151538221165537834e-03
1.222865888848900795e-03
1.161087420769035816e-03
1.149802468717098236e-03
1.151382573880255222e-03
1.177220838144421577e-03
1.159220119006931782e-03
1.151697477325797081e-03
1.173107884824275970e-03
1.150250318460166454e-03
1.193674979731440544e-03
1.157419406808912754e-03
1.153394230641424656e-03
1.170042203739285469e-03
1.151941367425024509e-03
1.156512997113168240e-03
1.148695009760558605e-03
1.149665564298629761e-03
1.152297132648527622e-03
1.191959949210286140e-03
1.158928498625755310e-03
1.151084899902343750e-03
1.180090825073421001e-03
1.155827310867607594e-03
1.147578819654881954e-03
1.249306835234165192e-03
1.157799735665321350e-03
1.146774273365736008e-03
1.146847382187843323e-03
1.151580247096717358e-03
1.146525028161704540e-03
1.150889671407639980e-03
1.146272988989949226e-03
1.153877004981040955e-03
1.153779798187315464e-03
1.149543328210711479e-03
1.149201532825827599e-03
1.148659153841435909e-03
1.151140197180211544e-03
1.145323389209806919e-03
1.150300260633230209e-03
1.173958764411509037e-03
1.155897509306669235e-03
1.145929563790559769e-03
1.234283787198364735e-03
1.145708723925054073e-03
1.145787537097930908e-03
1.144967041909694672e-03
1.146961585618555546e-03
1.157479360699653625e-03
1.152533921413123608e-03
1.144633046351373196e-03
1.150052761659026146e-03
1.153127290308475494e-03
1.145792077295482159e-03
1.155319390818476677e-03
1.144559122622013092e-03
1.146535854786634445e-03
1.145813381299376488e-03
1.203762949444353580e-03
1.150596770457923412e-03
1.142881577834486961e-03
1.153600285761058331e-03
1.143877045251429081e-03
1.145191374234855175e-03
1.142903696745634079e-03
1.204117899760603905e-03
1.143047120422124863e-03
1.142203691415488720e-03
1.142280874773859978e-03
1.142271445132791996e-03
1.179133309051394463e-03
1.159355510026216507e-03
1.145098824054002762e-03
1.143547822721302509e-03
1.180062303319573402e-03
1.143062720075249672e-03
1.141645596362650394e-03
1.165593042969703674e-03
1.143676694482564926e-03
1.144423848018050194e-03
1.161733409389853477e-03
1.162591739557683468e-03
1.140763633884489536e-03
1.141628948971629143e-03
1.154647790826857090e-03
1.153649645857512951e-03
1.142987865023314953e-03
1.142659108154475689e-03
1.161891268566250801e-03
1.144535955972969532e-03
1.139599713496863842e-03
1.178544247522950172e-03
1.152007025666534901e-03
1.141765387728810310e-03
1.176575780846178532e-03
1.148740877397358418e-03
1.139518339186906815e-03
1.201120787300169468e-03
1.140205306001007557e-03
1.140884007327258587e-03
1.138339168392121792e-03
1.144475420005619526e-03
1.148791518062353134e-03
1.141454675234854221e-03
1.142903696745634079e-03
1.139421830885112286e-03
1.145351910963654518e-03
1.140942214988172054e-03
1.149582443758845329e-03
1.139607396908104420e-03
1.146946335211396217e-03
1.141035230830311775e-03
1.165339956060051918e-03
1.141354674473404884e-03
1.138350809924304485e-03
1.157809048891067505e-03
1.136641134507954121e-03
1.163655892014503479e-03
1.138701103627681732e-03
1.167178037576377392e-03
1.143448171205818653e-03
1.148197799921035767e-03
1.136131468228995800e-03
1.269810250960290432e-03
1.153706107288599014e-03
1.138214603997766972e-03
1.135710743255913258e-03
1.137162791565060616e-03
1.170257106423377991e-03
1.143111614510416985e-03
1.141785993240773678e-03
1.163605949841439724e-03
1.143718138337135315e-03
1.136010279878973961e-03
1.173748518340289593e-03
1.144637935794889927e-03
1.134729594923555851e-03
1.160911982879042625e-03
1.159328152425587177e-03
1.137153361923992634e-03
1.134714810177683830e-03
1.133696758188307285e-03
1.145097892731428146e-03
1.143357716500759125e-03
1.137039158493280411e-03
1.136361272074282169e-03
1.143535133451223373e-03
1.133192679844796658e-03
1.137281185947358608e-03
1.133506884798407555e-03
1.178086735308170319e-03
1.146378461271524429e-03
1.136753475293517113e-03
1.134438440203666687e-03
1.137876301072537899e-03
1.148865441791713238e-03
1.132277306169271469e-03
1.137347426265478134e-03
1.165722380392253399e-03
1.140392036177217960e-03
1.131736673414707184e-03
1.188339781947433949e-03
1.140740583650767803e-03
1.134223770350217819e-03
1.131686381995677948e-03
1.165905967354774475e-03
1.143575645983219147e-03
1.134154037572443485e-03
1.161673688329756260e-03
1.136488514021039009e-03
1.149728777818381786e-03
1.135816215537488461e-03
1.143986475653946400e-03
1.130412216298282146e-03
1.139085623435676098e-03
1.154678873717784882e-03
1.132215140387415886e-03
1.171307289041578770e-03
1.133142388425767422e-03
1.140276086516678333e-03
1.140581909567117691e-03
1.141078304499387741e-03
1.129578799009323120e-03
1.130673568695783615e-03
1.139608793891966343e-03
1.150469644926488400e-03
1.133303274400532246e-03
1.150352298282086849e-03
1.129068317823112011e-03
1.138796913437545300e-03
1.145662856288254261e-03
1.130448072217404842e-03
1.144688343629240990e-03
1.170061179436743259e-03
1.134528080001473427e-03
1.128203002735972404e-03
1.129112206399440765e-03
1.150401541963219643e-03
1.135021564550697803e-03
1.130032353103160858e-03
1.150538446381688118e-03
1.128072850406169891e-03
1.192577299661934376e-03
1.132267876528203487e-03
1.130170654505491257e-03
1.129659707657992840e-03
1.138246967457234859e-03
1.133129117079079151e-03
1.127289957366883755e-03
1.128711155615746975e-03
1.168054412119090557e-03
1.138373394496738911e-03
1.127975760027766228e-03
1.180591178126633167e-03
1.134492573328316212e-03
1.134133548475801945e-03
1.145603717304766178e-03
1.129629090428352356e-03
1.146642258390784264e-03
1.129758660681545734e-03
1.127692288719117641e-03
1.126908231526613235e-03
1.145176240243017673e-03
1.125428127124905586e-03
1.142310909926891327e-03
1.126550603657960892e-03
1.144094625487923622e-03
1.165851252153515816e-03
1.130843302235007286e-03
1.125065842643380165e-03
1.124860835261642933e-03
1.146093127317726612e-03
1.133976853452622890e-03
1.129037234932184219e-03
1.128566567786037922e-03
1.180191524326801300e-03
1.131739933043718338e-03
1.131410943344235420e-03
1.147225731983780861e-03
1.125047681853175163e-03
1.190704992040991783e-03
1.124622183851897717e-03
1.124008907936513424e-03
1.136663602665066719e-03
1.129124779254198074e-03
1.129564829170703888e-03
1.125687500461935997e-03
1.166236470453441143e-03
1.134259044192731380e-03
1.123339636251330376e-03
1.215716940350830555e-03
1.123119145631790161e-03
1.125596347264945507e-03
1.122396555729210377e-03
1.173975761048495770e-03
1.136997947469353676e-03
1.122283283621072769e-03
1.122717862017452717e-03
1.151188276708126068e-03
1.146763912402093410e-03
1.121805980801582336e-03
1.122825429774820805e-03
1.137305051088333130e-03
1.138790627010166645e-03
1.124246278777718544e-03
1.123674330301582813e-03
1.133951474912464619e-03
1.124625094234943390e-03
1.127181691117584705e-03
1.121119479648768902e-03
1.191335497424006462e-03
1.125764101743698120e-03
1.121896551921963692e-03
1.128124538809061050e-03
1.120327506214380264e-03
1.126381102949380875e-03
1.120876753702759743e-03
1.170971896499395370e-03
1.132409088313579559e-03
1.122854184359312057e-03
1.150642754510045052e-03
1.126745832152664661e-03
1.126596238464117050e-03
1.124226604588329792e-03
1.119349966756999493e-03
1.138117397204041481e-03
1.119941705837845802e-03
1.143625238910317421e-03
1.143199042417109013e-03
1.120283035561442375e-03
1.122790155932307243e-03
1.145660178735852242e-03
1.122589455917477608e-03
1.122638932429254055e-03
1.124252681620419025e-03
1.124380622059106827e-03
1.118227955885231495e-03
1.119888853281736374e-03
1.118084299378097057e-03
1.162606873549520969e-03
1.137898885644972324e-03
1.118589774705469608e-03
1.126951770856976509e-03
1.132120843976736069e-03
1.118828076869249344e-03
1.174486242234706879e-03
1.127397175878286362e-03
1.118988031521439552e-03
1.120836939662694931e-03
1.150967204011976719e-03
1.127932802774012089e-03
1.116769388318061829e-03
1.142025575973093510e-03
1.132759265601634979e-03
1.118588959798216820e-03
1.116674044169485569e-03
1.116700819693505764e-03
1.117568695917725563e-03
1.147161703556776047e-03
1.120164059102535248e-03
1.125657581724226475e-03
1.120575470849871635e-03
1.123714842833578587e-03
1.123954774811863899e-03
1.119536696933209896e-03
1.122111338190734386e-03
1.133172539994120598e-03
1.117850653827190399e-03
1.129381475038826466e-03
1.115861348807811737e-03
1.125463168136775494e-03
1.117599545978009701e-03
1.158767612650990486e-03
1.123721012845635414e-03
1.117640873417258263e-03
1.114591141231358051e-03
1.211123657412827015e-03
1.114683109335601330e-03
1.117617823183536530e-03
1.116853556595742702e-03
1.127722323872148991e-03
1.114259473979473114e-03
1.116134691983461380e-03
1.122443471103906631e-03
1.117403968237340450e-03
1.119426568038761616e-03
1.116343308240175247e-03
1.124295988120138645e-03
1.113439444452524185e-03
1.114510814659297466e-03
1.123695634305477142e-03
1.134349266067147255e-03
1.115553779527544975e-03
1.157966442406177521e-03
1.113174366764724255e-03
1.112831290811300278e-03
1.137335551902651787e-03
1.131195109337568283e-03
1.117686973884701729e-03
1.116022700443863869e-03
1.147147151641547680e-03
1.120811793953180313e-03
1.116715255193412304e-03
1.127517665736377239e-03
1.112578203901648521e-03
1.114186481572687626e-03
1.137832528911530972e-03
1.134620513767004013e-03
1.113905687816441059e-03
1.116874860599637032e-03
1.144241541624069214e-03
1.116517814807593822e-03
1.128139090724289417e-03
1.112046069465577602e-03
1.202793908305466175e-03
1.119124004617333412e-03
1.112964353524148464e-03
1.115199411287903786e-03
1.144090434536337852e-03
1.119726453907787800e-03
1.120610162615776062e-03
1.110853394493460655e-03
1.239338889718055725e-03
1.126831979490816593e-03
1.112730707973241806e-03
1.111550489440560341e-03
1.112062949687242508e-03
1.165059744380414486e-03
1.114945509470999241e-03
1.118410844355821609e-03
1.131870318204164505e-03
1.109577831812202930e-03
1.178767648525536060e-03
1.112350379116833210e-03
1.113043050281703472e-03
1.109846634790301323e-03
1.109206699766218662e-03
1.225561252795159817e-03
1.114869606681168079e-03
1.109129050746560097e-03
1.108794705942273140e-03
1.120842760428786278e-03
1.110890414565801620e-03
1.118687214329838753e-03
1.114598242565989494e-03
1.121219014748930931e-03
1.110439538024365902e-03
1.108370721340179443e-03
1.114195212721824646e-03
1.128112897276878357e-03
1.111420453526079655e-03
1.108486671000719070e-03
1.109667820855975151e-03
1.120830420404672623e-03
1.108013559132814407e-03
