1.453774515539407730e-02
3.347136545926332474e-03
2.054799580946564674e-03
1.971237128600478172e-03
1.956005347892642021e-03
1.948505407199263573e-03
1.946354401297867298e-03
1.945658819749951363e-03
1.945371972396969795e-03
1.945172087289392948e-03
1.944990246556699276e-03
1.944817253388464451e-03
1.944652292877435684e-03
1.944495365023612976e-03
1.944346935488283634e-03
1.944207004271447659e-03
1.944075571373105049e-03
1.943951938301324844e-03
1.943836337886750698e-03
1.943728537298738956e-03
1.943627721630036831e-03
1.943533425219357014e-03
1.943445880897343159e-03
1.943363924510776997e-03
1.943287556059658527e-03
1.943216426298022270e-03
1.943150069564580917e-03
1.943087903782725334e-03
1.943029696121811867e-03
1.942975330166518688e-03
1.942924223840236664e-03
1.942876377142965794e-03
1.942831324413418770e-03
1.942789065651595592e-03
1.942749018780887127e-03
1.942711183801293373e-03
1.942675327882170677e-03
1.942641451023519039e-03
1.942609320394694805e-03
1.942578819580376148e-03
1.942549832165241241e-03
1.942522008903324604e-03
1.942495699040591717e-03
1.942470087669789791e-03
1.942445873282849789e-03
1.942422590218484402e-03
1.942400122061371803e-03
1.942378352396190166e-03
1.942357630468904972e-03
1.942337374202907085e-03
1.942317932844161987e-03
1.942299189977347851e-03
1.942280679941177368e-03
1.942262984812259674e-03
1.942245871759951115e-03
1.942228991538286209e-03
1.942212809808552265e-03
1.942196628078818321e-03
1.942181377671658993e-03
1.942166127264499664e-03
1.942151458933949471e-03
1.942137139849364758e-03
1.942122937180101871e-03
1.942109200172126293e-03
1.942095928825438023e-03
1.942082773894071579e-03
1.952950842678546906e-03
1.993247307837009430e-03
1.949748140759766102e-03
1.947162556461989880e-03
1.943269860930740833e-03
1.942172180861234665e-03
1.942053553648293018e-03
1.942025381140410900e-03
1.942013273946940899e-03
1.942002447322010994e-03
1.941992552019655704e-03
1.941982656717300415e-03
1.941973110660910606e-03
1.942269620485603809e-03
5.931611638516187668e-03
2.116174204275012016e-03
1.978468382731080055e-03
1.948219258338212967e-03
1.942509086802601814e-03
1.942040980793535709e-03
1.942023052833974361e-03
1.942004775628447533e-03
1.941994065418839455e-03
1.941984519362449646e-03
1.941975788213312626e-03
1.941967289894819260e-03
1.941958907991647720e-03
1.941950991749763489e-03
1.941943308338522911e-03
1.941935624927282333e-03
1.941928407177329063e-03
1.941920956596732140e-03
1.941913971677422523e-03
1.941907103173434734e-03
1.941900001838803291e-03
1.941893366165459156e-03
1.941886614076793194e-03
1.941879978403449059e-03
1.941873459145426750e-03
1.941867405548691750e-03
1.941860886290669441e-03
1.941854832693934441e-03
1.941848662681877613e-03
1.947540207765996456e-03
3.703042399138212204e-03
1.969676231965422630e-03
1.942922011949121952e-03
1.943984534591436386e-03
1.942408271133899689e-03
1.941894297488033772e-03
1.941890455782413483e-03
1.941877533681690693e-03
1.941869268193840981e-03
1.941862050443887711e-03
1.941855181939899921e-03
1.941848662681877613e-03
1.941842376254498959e-03
1.941836089827120304e-03
1.941830036230385303e-03
1.941823866218328476e-03
1.941817812621593475e-03
1.941811759024858475e-03
1.941805938258767128e-03
1.942057744599878788e-03
2.101143123582005501e-03
1.976343337446451187e-03
1.947993761859834194e-03
1.942163798958063126e-03
1.941879629157483578e-03
1.941788010299205780e-03
1.942332834005355835e-03
5.426810123026371002e-03
1.949525205418467522e-03
1.978312619030475616e-03
1.942532719112932682e-03
1.942422590218484402e-03
1.941839116625487804e-03
1.941781141795217991e-03
1.941767870448529720e-03
1.941760536283254623e-03
1.941754482686519623e-03
1.941748429089784622e-03
1.941742841154336929e-03
1.941736903972923756e-03
1.941731199622154236e-03
1.941725728102028370e-03
1.941720140166580677e-03
1.941714435815811157e-03
1.941723632626235485e-03
2.766348887234926224e-03
2.255615079775452614e-03
1.995396800339221954e-03
1.941933413036167622e-03
1.943012583069503307e-03
1.941750640980899334e-03
1.941749127581715584e-03
1.941733877174556255e-03
1.941724680364131927e-03
1.941717811860144138e-03
1.941710943356156349e-03
1.941704656928777695e-03
1.941698370501399040e-03
1.941692316904664040e-03
1.941686146892607212e-03
1.941680326126515865e-03
1.941674388945102692e-03
1.941668451763689518e-03
1.941662514582276344e-03
1.941806403920054436e-03
2.211674116551876068e-03
1.975118182599544525e-03
1.952349091880023479e-03
1.941666356287896633e-03
1.941724563948810101e-03
1.941661583259701729e-03
1.941632013767957687e-03
1.941625378094613552e-03
1.941620022989809513e-03
1.941614667885005474e-03
1.941609545610845089e-03
1.941968104802072048e-03
5.534672178328037262e-03
2.110502915456891060e-03
1.961645670235157013e-03
1.944199320860207081e-03
1.942117698490619659e-03
1.941647147759795189e-03
1.941607100889086723e-03
1.941598136909306049e-03
1.941592199727892876e-03
1.941586262546479702e-03
1.941580674611032009e-03
1.941575203090906143e-03
1.941569615155458450e-03
1.941564376465976238e-03
1.941559021361172199e-03
1.941553433425724506e-03
1.941548543982207775e-03
1.941543188877403736e-03
1.941537833772599697e-03
1.941532827913761139e-03
1.941527472808957100e-03
1.941916067153215408e-03
1.976736355572938919e-03
1.969825709238648415e-03
1.942340051755309105e-03
1.942903036251664162e-03
1.942034694366157055e-03
1.941555761732161045e-03
1.941542373970150948e-03
1.941528986208140850e-03
1.941522932611405849e-03
1.941516879014670849e-03
1.941510709002614021e-03
1.941505004651844501e-03
1.941499300301074982e-03
1.941493595950305462e-03
1.941488008014857769e-03
1.941482536494731903e-03
1.941477763466536999e-03
1.964143710210919380e-03
2.037047641351819038e-03
1.944765099324285984e-03
1.941514550708234310e-03
1.941467635333538055e-03
1.941462280228734016e-03
1.941447262652218342e-03
1.941439229995012283e-03
1.941433642059564590e-03
1.941428519785404205e-03
1.941423397511243820e-03
1.941419206559658051e-03
1.952079706825315952e-03
2.108804881572723389e-03
2.016804181039333344e-03
1.946471747942268848e-03
1.941883936524391174e-03
1.941537833772599697e-03
1.941433292813599110e-03
1.941403490491211414e-03
1.941398135386407375e-03
1.941392081789672375e-03
1.941386377438902855e-03
1.941380440257489681e-03
1.941374968737363815e-03
1.941369147971272469e-03
1.941363443620502949e-03
1.941357739269733429e-03
1.941403723321855068e-03
2.473006490617990494e-03
1.953835133463144302e-03
1.946642296388745308e-03
1.941945403814315796e-03
1.941387541592121124e-03
1.941327587701380253e-03
1.941323047503829002e-03
1.941323280334472656e-03
1.944736810401082039e-03
1.941536902450025082e-03
1.983658177778124809e-03
1.943335053510963917e-03
1.941573456861078739e-03
1.941435970366001129e-03
1.941309659741818905e-03
1.941293245181441307e-03
1.941284863278269768e-03
1.941278460435569286e-03
1.941272290423512459e-03
1.941265771165490150e-03
1.941259717568755150e-03
1.941253198310732841e-03
1.941246911883354187e-03
1.941240509040653706e-03
1.941234339028596878e-03
1.981785520911216736e-03
1.949496800079941750e-03
2.006787341088056564e-03
1.950634294189512730e-03
1.942409086041152477e-03
1.941271708346903324e-03
1.941231894306838512e-03
1.941216993145644665e-03
1.941208261996507645e-03
1.941200229339301586e-03
1.941192429512739182e-03
1.941184513270854950e-03
1.941176713444292545e-03
1.941168913617730141e-03
1.941160880960524082e-03
1.941733178682625294e-03
2.166225109249353409e-03
1.955572981387376785e-03
1.943896990269422531e-03
1.941451220773160458e-03
1.941142603754997253e-03
1.941121416166424751e-03
1.941108261235058308e-03
1.941099297255277634e-03
1.941090682521462440e-03
1.941082300618290901e-03
1.941073802299797535e-03
1.941065187565982342e-03
1.941056340001523495e-03
1.941047608852386475e-03
1.941056572832167149e-03
3.118596971035003662e-03
2.151998924091458321e-03
1.941515132784843445e-03
1.942979521118104458e-03
1.941373804584145546e-03
1.941029680892825127e-03
1.941017457284033298e-03
1.941005233675241470e-03
1.940994756296277046e-03
1.940984628163278103e-03
1.940974732860922813e-03
1.940964488312602043e-03
1.940954127348959446e-03
1.940943649969995022e-03
1.940932939760386944e-03
1.940922462381422520e-03
1.940911402925848961e-03
1.940945396199822426e-03
3.169947071000933647e-03
1.954027451574802399e-03
1.957254018634557724e-03
1.941451570019125938e-03
1.940892892889678478e-03
1.940859598107635975e-03
1.940832822583615780e-03
1.940819900482892990e-03
1.940807094797492027e-03
1.940794172696769238e-03
1.940781134180724621e-03
1.940767979249358177e-03
1.940754707902669907e-03
1.940740738064050674e-03
1.940726768225431442e-03
1.940712914802134037e-03
1.940698362886905670e-03
1.940683694556355476e-03
1.940672053024172783e-03
3.946639131754636765e-03
1.955986255779862404e-03
1.941421651281416416e-03
1.941047259606420994e-03
1.940760412253439426e-03
1.940632238984107971e-03
1.940609305165708065e-03
1.940592192113399506e-03
1.940573449246585369e-03
1.940555521287024021e-03
1.940537244081497192e-03
1.940518501214683056e-03
1.940499874763190746e-03
1.940480782650411129e-03
1.940461108461022377e-03
1.940441317856311798e-03
1.940423157066106796e-03
1.998563762754201889e-03
1.950509729795157909e-03
1.941942027769982815e-03
1.940585090778768063e-03
1.940449117682874203e-03
1.940313493832945824e-03
1.940293121151626110e-03
1.940269838087260723e-03
1.940247253514826298e-03
1.940224436111748219e-03
1.940201153047382832e-03
1.940177055075764656e-03
1.940152840688824654e-03
1.940128277055919170e-03
1.940102665685117245e-03
1.941029448062181473e-03
2.290173200890421867e-03
1.989741576835513115e-03
1.944434829056262970e-03
1.940323156304657459e-03
1.939979498274624348e-03
1.939935027621686459e-03
1.939900103025138378e-03
1.939871115610003471e-03
1.939842011779546738e-03
1.939812791533768177e-03
1.939782872796058655e-03
1.939752371981739998e-03
1.939721289090812206e-03
1.939689158461987972e-03
1.939656562171876431e-03
1.939623267389833927e-03
1.939589506946504116e-03
1.956726424396038055e-03
2.278364030644297600e-03
1.975147053599357605e-03
1.943147624842822552e-03
1.939934678375720978e-03
1.939456909894943237e-03
1.939375302754342556e-03
1.939336187206208706e-03
1.939294044859707355e-03
1.939252251759171486e-03
1.939209643751382828e-03
1.939165988005697727e-03
1.939121633768081665e-03
1.939075998961925507e-03
1.939029665663838387e-03
1.938981935381889343e-03
1.938932924531400204e-03
1.938883215188980103e-03
1.938831992447376251e-03
1.938779372721910477e-03
1.938726170919835567e-03
1.956039806827902794e-03
2.125459257513284683e-03
1.951483311131596565e-03
1.939387875609099865e-03
1.938472501933574677e-03
1.938436878845095634e-03
1.938334549777209759e-03
1.938273198902606964e-03
1.938210218213498592e-03
1.938146189786493778e-03
1.938080415129661560e-03
1.938014989718794823e-03
1.963049639016389847e-03
2.115980489179491997e-03
1.957514090463519096e-03
1.938125933520495892e-03
1.937755965627729893e-03
1.937665161676704884e-03
1.937591470777988434e-03
1.937510212883353233e-03
1.937430934049189091e-03
1.937350025400519371e-03
1.937267254106700420e-03
1.937182969413697720e-03
1.937096705660223961e-03
1.937008579261600971e-03
1.936918590217828751e-03
1.936836168169975281e-03
2.493228530511260033e-03
2.013151766732335091e-03
1.937708235345780849e-03
1.936722081154584885e-03
1.936451648361980915e-03
1.936286455020308495e-03
1.936181215569376945e-03
1.936070621013641357e-03
1.935959910042583942e-03
1.935848616994917393e-03
2.000284614041447639e-03
1.974300714209675789e-03
1.940931659191846848e-03
1.935497275553643703e-03
1.935348613187670708e-03
1.935224630869925022e-03
1.935103558935225010e-03
1.934977248311042786e-03
1.934864907525479794e-03
2.129950094968080521e-03
1.934881205670535564e-03
1.936747343279421329e-03
1.935212989337742329e-03
1.934317173436284065e-03
1.934053027071058750e-03
1.933900057338178158e-03
1.933752791956067085e-03
1.933602616190910339e-03
1.933449879288673401e-03
1.933294232003390789e-03
1.933135790750384331e-03
1.939026638865470886e-03
2.025692025199532509e-03
1.935985288582742214e-03
1.933870837092399597e-03
1.932507846504449844e-03
1.932287705130875111e-03
1.932115643285214901e-03
1.936138258315622807e-03
2.033378696069121361e-03
1.946526230312883854e-03
1.933387713506817818e-03
1.931471982970833778e-03
1.931016449816524982e-03
1.930821803398430347e-03
1.930625294335186481e-03
1.930431113578379154e-03
1.930236234329640865e-03
1.936550834216177464e-03
2.010483527556061745e-03
1.930554863065481186e-03
1.931390375830233097e-03
1.929306890815496445e-03
1.929027144797146320e-03
1.928811543621122837e-03
1.928594545461237431e-03
1.928380574099719524e-03
1.929767895489931107e-03
1.928129582665860653e-03
1.928305020555853844e-03
1.928213983774185181e-03
1.927481382153928280e-03
1.927180215716362000e-03
1.927005941979587078e-03
2.251840895041823387e-03
1.945639727637171745e-03
1.927493955008685589e-03
1.926809316501021385e-03
1.925819553434848785e-03
1.925562275573611259e-03
1.925330725498497486e-03
1.925094169564545155e-03
1.924855401739478111e-03
1.924612792208790779e-03
1.924366108141839504e-03
1.924146199598908424e-03
2.265817485749721527e-03
1.931848702952265739e-03
1.926351105794310570e-03
1.923563308082520962e-03
1.922877039760351181e-03
1.922572613693773746e-03
1.922280644066631794e-03
1.921985181979835033e-03
1.936228945851325989e-03
1.940602087415754795e-03
1.927898731082677841e-03
1.921012299135327339e-03
1.920448616147041321e-03
1.919996808283030987e-03
1.919605536386370659e-03
1.919206581078469753e-03
1.919056870974600315e-03
1.928818877786397934e-03
1.939945505000650883e-03
1.919192844070494175e-03
1.916985027492046356e-03
1.916445908136665821e-03
1.915875589475035667e-03
1.915300730615854263e-03
2.073100535199046135e-03
1.934785745106637478e-03
1.914478256367146969e-03
1.913029002025723457e-03
1.912064733915030956e-03
1.911278115585446358e-03
1.910472870804369450e-03
2.077414887025952339e-03
1.921893795952200890e-03
1.910510938614606857e-03
1.907156314700841904e-03
1.905915443785488605e-03
1.904807286337018013e-03
2.004616195335984230e-03
1.908362144604325294e-03
1.903657917864620686e-03
1.900492585264146328e-03
1.899283379316329956e-03
2.075558993965387344e-03
1.928193960338830948e-03
1.895778579637408257e-03
1.894929213449358940e-03
1.893287175334990025e-03
1.892030239105224609e-03
1.890816260129213333e-03
1.889619976282119751e-03
2.012929879128932953e-03
1.912547624669969082e-03
1.889233943074941635e-03
1.885472098365426064e-03
1.884195255115628242e-03
1.883146818727254868e-03
1.952441409230232239e-03
1.919308444485068321e-03
1.880586147308349609e-03
1.879474613815546036e-03
1.878491602838039398e-03
1.877669477835297585e-03
1.876865862868726254e-03
1.876102061942219734e-03
1.875373069196939468e-03
1.925742137245833874e-03
1.911469618789851665e-03
1.877491478808224201e-03
1.873334636911749840e-03
1.872275141067802906e-03
1.872246153652667999e-03
1.881023403257131577e-03
1.875943504273891449e-03
1.870495965704321861e-03
1.869771862402558327e-03
1.869256957434117794e-03
1.868816558271646500e-03
1.882718177512288094e-03
1.874122186563909054e-03
1.871941145509481430e-03
1.867229933850467205e-03
1.866851584054529667e-03
1.867765327915549278e-03
1.886341255158185959e-03
1.871919259428977966e-03
1.865715021267533302e-03
1.865249359980225563e-03
1.948742661625146866e-03
1.882158452644944191e-03
1.864267163909971714e-03
1.864142133854329586e-03
1.863550161942839622e-03
1.863336889073252678e-03
1.935121486894786358e-03
1.867966610006988049e-03
1.862224191427230835e-03
1.861845725215971470e-03
1.861470402218401432e-03
1.925348420627415180e-03
1.871022745035588741e-03
1.860405318439006805e-03
1.860084477812051773e-03
1.958683831617236137e-03
1.871008658781647682e-03
1.859381794929504395e-03
1.857763971202075481e-03
1.856853021308779716e-03
1.856288872659206390e-03
1.855872920714318752e-03
1.859966432675719261e-03
1.854810630902647972e-03
1.852461253292858601e-03
1.851340290158987045e-03
1.915116677992045879e-03
1.860017539002001286e-03
1.849406049586832523e-03
1.846391474828124046e-03
1.844900427386164665e-03
1.845443155616521835e-03
1.907401951029896736e-03
1.847689389251172543e-03
1.839932985603809357e-03
1.837475574575364590e-03
1.835865783505141735e-03
1.834318507462739944e-03
1.941403956152498722e-03
1.838843687437474728e-03
1.831023022532463074e-03
1.828562933951616287e-03
1.904574572108685970e-03
1.835124567151069641e-03
1.826605410315096378e-03
1.823766273446381092e-03
1.822482445277273655e-03
1.878348062746226788e-03
1.820825855247676373e-03
1.819437951780855656e-03
1.818859018385410309e-03
1.831493340432643890e-03
1.834425143897533417e-03
1.817358541302382946e-03
1.817071111872792244e-03
1.845806022174656391e-03
1.818273449316620827e-03
1.814701361581683159e-03
1.823081867769360542e-03
1.840198412537574768e-03
1.813492504879832268e-03
1.812916132621467113e-03
1.812480739317834377e-03
1.874639419838786125e-03
1.814378658309578896e-03
1.811384572647511959e-03
1.811064081266522408e-03
1.845156773924827576e-03
1.810964546166360378e-03
1.811659545637667179e-03
1.815960044041275978e-03
1.832877169363200665e-03
1.811805646866559982e-03
1.809263136237859726e-03
1.809129142202436924e-03
1.893028034828603268e-03
1.819008728489279747e-03
1.809560577385127544e-03
1.808177912607789040e-03
1.815339666791260242e-03
1.873669330962002277e-03
1.808104221709072590e-03
1.808056607842445374e-03
1.807026215828955173e-03
1.940044923685491085e-03
1.818992779590189457e-03
1.806847285479307175e-03
1.806112471967935562e-03
1.805643085390329361e-03
1.861782744526863098e-03
1.820564852096140385e-03
1.805688487365841866e-03
1.804692554287612438e-03
1.807241351343691349e-03
1.810392946936190128e-03
1.806043903343379498e-03
1.803701743483543396e-03
1.825726474635303020e-03
1.803481602109968662e-03
1.804569154046475887e-03
1.802870188839733601e-03
1.802416518330574036e-03
1.822056132368743420e-03
1.802385668270289898e-03
1.801572740077972412e-03
1.802844344638288021e-03
1.829005428589880466e-03
1.803026301786303520e-03
1.800643512979149818e-03
1.884088269434869289e-03
1.817340962588787079e-03
1.800781581550836563e-03
1.799342688173055649e-03
1.799103454686701298e-03
1.821491634473204613e-03
1.803412800654768944e-03
1.798370736651122570e-03
1.801069593057036400e-03
1.826509251259267330e-03
1.802708720788359642e-03
1.799625344574451447e-03
1.804942614398896694e-03
1.796882366761565208e-03
1.808786182664334774e-03
1.799034886062145233e-03
1.797068165615200996e-03
1.807342050597071648e-03
1.799685298465192318e-03
1.808382803574204445e-03
1.796244177967309952e-03
1.804459141567349434e-03
1.798557583242654800e-03
1.795531017705798149e-03
1.809448236599564552e-03
1.795703428797423840e-03
1.794699812307953835e-03
1.831087050959467888e-03
1.795503194443881512e-03
1.792941591702401638e-03
1.791551127098500729e-03
1.837609801441431046e-03
1.800864702090620995e-03
1.791864167898893356e-03
1.790154026821255684e-03
1.857221010141074657e-03
1.791511895135045052e-03
1.790094305761158466e-03
1.790404086932539940e-03
1.790684065781533718e-03
1.791496993973851204e-03
1.789754023775458336e-03
1.787721179425716400e-03
1.787356100976467133e-03
1.791902468539774418e-03
1.787044689990580082e-03
1.787862740457057953e-03
1.794217270798981190e-03
1.788076711818575859e-03
1.787007437087595463e-03
1.786400214768946171e-03
1.785359112545847893e-03
1.784670748747885227e-03
1.786345383152365685e-03
1.809163019061088562e-03
1.788123277947306633e-03
1.789111876860260963e-03
1.924777519889175892e-03
1.812620903365314007e-03
1.789271365851163864e-03
1.783242332749068737e-03
1.781999948434531689e-03
1.781527884304523468e-03
1.781184342689812183e-03
1.780859660357236862e-03
1.780537771992385387e-03
1.818011864088475704e-03
1.785043510608375072e-03
1.779741607606410980e-03
1.779407844878733158e-03
1.779105281457304955e-03
1.778760459274053574e-03
1.778438920155167580e-03
1.781064551323652267e-03
1.779780955985188484e-03
1.778114703483879566e-03
1.777311903424561024e-03
1.776981283910572529e-03
1.779729849658906460e-03
1.779220183379948139e-03
1.776808872818946838e-03
1.776080811396241188e-03
1.775532262399792671e-03
1.775539712980389595e-03
1.810297020711004734e-03
1.777589321136474609e-03
1.774611766450107098e-03
1.774113043211400509e-03
1.774844713509082794e-03
1.784148393198847771e-03
1.775205368176102638e-03
1.773474039509892464e-03
1.772943069227039814e-03
1.813214505091309547e-03
1.773615949787199497e-03
1.772099290974438190e-03
1.771758194081485271e-03
1.771318027749657631e-03
1.877483678981661797e-03
1.796440803445875645e-03
1.773630618117749691e-03
1.770664122886955738e-03
1.770045841112732887e-03
1.770323957316577435e-03
1.799226854927837849e-03
1.770889968611299992e-03
1.769304624758660793e-03
1.768899848684668541e-03
1.768547575920820236e-03
1.770292990840971470e-03
1.782627427019178867e-03
1.769154914654791355e-03
1.768190297298133373e-03
1.767444540746510029e-03
1.767778769135475159e-03
1.772561226971447468e-03
1.768764108419418335e-03
1.766878063790500164e-03
1.766331493854522705e-03
1.765958499163389206e-03
1.765720546245574951e-03
1.818348304368555546e-03
1.771047129295766354e-03
1.765734399668872356e-03
1.764825428836047649e-03
1.764574903063476086e-03
1.844601356424391270e-03
1.770739909261465073e-03
1.764699351042509079e-03
1.763895736075937748e-03
1.763516571372747421e-03
1.776816556230187416e-03
1.764896907843649387e-03
1.764134038239717484e-03
1.762678730301558971e-03
1.762401196174323559e-03
1.762864645570516586e-03
1.778859994374215603e-03
1.765463966876268387e-03
1.761858118698000908e-03
1.761515741236507893e-03
1.766509609296917915e-03
1.763158943504095078e-03
1.760676968842744827e-03
1.760406070388853550e-03
1.761038554832339287e-03
1.771033275872468948e-03
1.763402950018644333e-03
1.760206185281276703e-03
1.759404665790498257e-03
1.759070320986211300e-03
1.881959498859941959e-03
1.772837596945464611e-03
1.760289887897670269e-03
1.758280326612293720e-03
1.758003374561667442e-03
1.863480661995708942e-03
1.769776106812059879e-03
1.759052625857293606e-03
1.757442019879817963e-03
1.756955636665225029e-03
1.756779849529266357e-03
1.767101231962442398e-03
1.756581128574907780e-03
1.756231300532817841e-03
1.755892531946301460e-03
1.755665522068738937e-03
1.787802670150995255e-03
1.755679259076714516e-03
1.755507080815732479e-03
1.754853175953030586e-03
1.754560857079923153e-03
1.759996404871344566e-03
1.761729712598025799e-03
1.754469587467610836e-03
1.753965509124100208e-03
1.753602526150643826e-03
1.753331744112074375e-03
1.796373864635825157e-03
1.756557030603289604e-03
1.753672026097774506e-03
1.752623706124722958e-03
1.752419280819594860e-03
1.787864021025598049e-03
1.754544209688901901e-03
1.751992618665099144e-03
1.751634990796446800e-03
1.751360250636935234e-03
1.775787910446524620e-03
1.752728247083723545e-03
1.751370960846543312e-03
1.750609953887760639e-03
1.754802651703357697e-03
1.779422280378639698e-03
1.750422990880906582e-03
1.750355819240212440e-03
1.749606220982968807e-03
1.749331946484744549e-03
1.749718678183853626e-03
1.754510449245572090e-03
1.749552902765572071e-03
1.748525770381093025e-03
1.748225768096745014e-03
1.821876503527164459e-03
1.750943716615438461e-03
1.748437876813113689e-03
1.747550326399505138e-03
1.747183036059141159e-03
1.758405123837292194e-03
1.780408783815801144e-03
1.750592724420130253e-03
1.747161848470568657e-03
1.746244030073285103e-03
1.745939254760742188e-03
1.746380818076431751e-03
1.755074481479823589e-03
1.748839160427451134e-03
1.745322602801024914e-03
1.744903507642447948e-03
1.744555076584219933e-03
1.851404085755348206e-03
2.161787357181310654e-03
1.783707179129123688e-03
1.748353126458823681e-03
1.744526787661015987e-03
1.743798376992344856e-03
1.743521308526396751e-03
1.743275439366698265e-03
1.743033993989229202e-03
1.742793363519012928e-03
1.742553664371371269e-03
1.742325723171234131e-03
1.761568826623260975e-03
1.742984750308096409e-03
1.742884400300681591e-03
1.741900574415922165e-03
1.741649815812706947e-03
1.741403946653008461e-03
1.741168787702918053e-03
1.740935840643942356e-03
1.740703359246253967e-03
1.740471227094531059e-03
1.740240841172635555e-03
1.860491349361836910e-03
1.745128189213573933e-03
1.740709645673632622e-03
1.739955041557550430e-03
1.739638042636215687e-03
1.739394734613597393e-03
1.739166560582816601e-03
1.738942461088299751e-03
1.738720107823610306e-03
1.738500199280679226e-03
1.776770339347422123e-03
1.744543085806071758e-03
1.739208702929317951e-03
1.738071790896356106e-03
1.737836399115622044e-03
1.737602986395359039e-03
1.737386686727404594e-03
1.737173995934426785e-03
1.857531839050352573e-03
1.756122219376266003e-03
1.738986000418663025e-03
1.737058977596461773e-03
1.736638252623379230e-03
1.736416365019977093e-03
1.736204489134252071e-03
1.735996571369469166e-03
1.735789235681295395e-03
1.735712983645498753e-03
1.788454363122582436e-03
1.736180274747312069e-03
1.736095524393022060e-03
1.735189929604530334e-03
1.734966179355978966e-03
1.734751858748495579e-03
1.734543591737747192e-03
1.734337187372148037e-03
1.754839322529733181e-03
1.745801884680986404e-03
1.734743244014680386e-03
1.734071294777095318e-03
1.733766868710517883e-03
1.733543002046644688e-03
1.733334269374608994e-03
1.733126002363860607e-03
1.734929275698959827e-03
1.769943046383559704e-03
1.733669778332114220e-03
1.732931123115122318e-03
1.732531702145934105e-03
1.732295611873269081e-03
1.732091535814106464e-03
1.734777353703975677e-03
1.754780532792210579e-03
1.734779682010412216e-03
1.731934142298996449e-03
1.731631811708211899e-03
1.731419353745877743e-03
1.731227850541472435e-03
1.731046591885387897e-03
1.803247374482452869e-03
1.734508434310555458e-03
1.732117962092161179e-03
1.730900141410529613e-03
1.730602234601974487e-03
1.730416668578982353e-03
1.730244373902678490e-03
1.812921487726271152e-03
1.739378552883863449e-03
1.732203876599669456e-03
1.730307121761143208e-03
1.729895942844450474e-03
1.729719922877848148e-03
1.729551702737808228e-03
1.729936921037733555e-03
1.768823596648871899e-03
1.729596639052033424e-03
1.729657873511314392e-03
1.729221316054463387e-03
1.729015260934829712e-03
1.728848554193973541e-03
1.729430747218430042e-03
1.734268153086304665e-03
1.732420641928911209e-03
1.729119103401899338e-03
1.728620147332549095e-03
1.728402334265410900e-03
1.728237490169703960e-03
1.728074275888502598e-03
1.727912458591163158e-03
1.766778528690338135e-03
1.739257597364485264e-03
1.728241331875324249e-03
1.727827824652194977e-03
1.727543189190328121e-03
1.727374037727713585e-03
1.727206399664282799e-03
1.727225608192384243e-03
1.737494254484772682e-03
1.727804192341864109e-03
1.727282535284757614e-03
1.726906746625900269e-03
1.726687536574900150e-03
1.726508256979286671e-03
1.726357615552842617e-03
1.786456443369388580e-03
1.729342853650450706e-03
1.726245507597923279e-03
1.726190559566020966e-03
1.725872047245502472e-03
1.725669251754879951e-03
1.725480658933520317e-03
1.870331703685224056e-03
1.734822755679488182e-03
1.727238413877785206e-03
1.725370762869715691e-03
1.724978210404515266e-03
1.724761328659951687e-03
1.724563189782202244e-03
1.963430084288120270e-03
1.726171234622597694e-03
1.728291623294353485e-03
1.724347588606178761e-03
1.724136061966419220e-03
1.723897526971995831e-03
1.723695197142660618e-03
1.723494497127830982e-03
1.772546558640897274e-03
1.727251335978507996e-03
1.724508590996265411e-03
1.723395893350243568e-03
1.723038847558200359e-03
1.722813700325787067e-03
1.739644911140203476e-03
1.723640831187367439e-03
1.722714398056268692e-03
1.722245360724627972e-03
1.722020446322858334e-03
1.722950139082968235e-03
1.745559275150299072e-03
1.724369009025394917e-03
1.721886452287435532e-03
1.721419510431587696e-03
1.721159904263913631e-03
1.720932777971029282e-03
1.731866737827658653e-03
1.744585577398538589e-03
1.722268410958349705e-03
1.720658969134092331e-03
1.720276777632534504e-03
1.720052678138017654e-03
1.719826133921742439e-03
1.719639520160853863e-03
1.739195547997951508e-03
1.727497088722884655e-03
1.719816937111318111e-03
1.719268155284225941e-03
1.718948711641132832e-03
1.718705520033836365e-03
1.724347588606178761e-03
1.742027583532035351e-03
1.721256645396351814e-03
1.718509243801236153e-03
1.718029496259987354e-03
1.717761391773819923e-03
1.717524253763258457e-03
1.824954990297555923e-03
1.721323002129793167e-03
1.718915882520377636e-03
1.716987229883670807e-03
1.716785714961588383e-03
1.716525177471339703e-03
1.716290949843823910e-03
1.733218552544713020e-03
1.724961795844137669e-03
1.717953244224190712e-03
1.716083264909684658e-03
1.715563703328371048e-03
1.715323422104120255e-03
1.715133432298898697e-03
1.744956360198557377e-03
1.715181162580847740e-03
1.715159160085022449e-03
1.714622485451400280e-03
1.714350422844290733e-03
1.714284298941493034e-03
1.738627906888723373e-03
1.714952057227492332e-03
1.714084530249238014e-03
1.713540987111628056e-03
1.713274745270609856e-03
1.718687242828309536e-03
1.720683067105710506e-03
1.713774050585925579e-03
1.712822355329990387e-03
1.712566707283258438e-03
1.712298020720481873e-03
1.712068100459873676e-03
1.755404286086559296e-03
1.718707615509629250e-03
1.712394296191632748e-03
1.711583230644464493e-03
1.711241086013615131e-03
1.710992422886192799e-03
1.848009414970874786e-03
1.727246097289025784e-03
1.712677767500281334e-03
1.710470765829086304e-03
1.710188807919621468e-03
1.709923497401177883e-03
1.714336685836315155e-03
1.715782913379371166e-03
1.711584045551717281e-03
1.709401258267462254e-03
1.709014875814318657e-03
1.708762836642563343e-03
1.801047124899923801e-03
1.717007020488381386e-03
1.708889380097389221e-03
1.708142459392547607e-03
1.707860501483082771e-03
1.707568648271262646e-03
1.746942289173603058e-03
1.717710052616894245e-03
1.707727904431521893e-03
1.706914859823882580e-03
1.706576324068009853e-03
1.706280512735247612e-03
1.753800897859036922e-03
1.711962046101689339e-03
1.705909147858619690e-03
1.705583534203469753e-03
1.705229748040437698e-03
1.705132774077355862e-03
1.732441131025552750e-03
1.706267474219202995e-03
1.704909838736057281e-03
1.704240916296839714e-03
1.703869551420211792e-03
1.777704921551048756e-03
1.706008100882172585e-03
1.704230322502553463e-03
1.703091431409120560e-03
1.702764420770108700e-03
1.702854060567915440e-03
1.803933642804622650e-03
1.712567638605833054e-03
1.703139627352356911e-03
1.701917964965105057e-03
1.701582339592278004e-03
1.701298635452985764e-03
1.701024360954761505e-03
1.711172866635024548e-03
1.707928837276995182e-03
1.701194560155272484e-03
1.700311200693249702e-03
1.700038905255496502e-03
1.699771499261260033e-03
1.744751702062785625e-03
1.708897762000560760e-03
1.700650318525731564e-03
1.699310494586825371e-03
1.698917010799050331e-03
1.698642154224216938e-03
1.698387088254094124e-03
1.738553401082754135e-03
1.703922171145677567e-03
1.698517240583896637e-03
1.697806175798177719e-03
1.697551342658698559e-03
1.697298721410334110e-03
1.697290805168449879e-03
1.728322706185281277e-03
1.700162887573242188e-03
1.697190804407000542e-03
1.696495804935693741e-03
1.696261926554143429e-03
1.696019666269421577e-03
1.751362928189337254e-03
1.711747259832918644e-03
1.697576488368213177e-03
1.695678685791790485e-03
1.695265760645270348e-03
1.695056096650660038e-03
1.702005742117762566e-03
1.698045525699853897e-03
1.694848644547164440e-03
1.694590551778674126e-03
1.694337464869022369e-03
1.694121863692998886e-03
1.694338512606918812e-03
1.718292362056672573e-03
1.697242259979248047e-03
1.694031059741973877e-03
1.693432917818427086e-03
1.693218946456909180e-03
1.693007652647793293e-03
1.751945121213793755e-03
1.695465645752847195e-03
1.693435246124863625e-03
1.692633726634085178e-03
1.692366902716457844e-03
1.692154211923480034e-03
1.694520120508968830e-03
1.714566140435636044e-03
1.694410108029842377e-03
1.691976096481084824e-03
1.691512996330857277e-03
1.691305660642683506e-03
1.803029212169349194e-03
1.695380895398557186e-03
1.691158278845250607e-03
1.690976321697235107e-03
1.690724282525479794e-03
1.690529985353350639e-03
1.691004843451082706e-03
1.696396619081497192e-03
1.691438606940209866e-03
1.690380857326090336e-03
1.689992845058441162e-03
1.689810538664460182e-03
1.689629862084984779e-03
1.740406034514307976e-03
1.885545323602855206e-03
1.704502035863697529e-03
1.695405575446784496e-03
1.689767814241349697e-03
1.689321128651499748e-03
1.689109019935131073e-03
1.688948017545044422e-03
1.688801101408898830e-03
1.688657677732408047e-03
1.688516233116388321e-03
1.688377000391483307e-03
1.688248827122151852e-03
1.706313691101968288e-03
1.691756770014762878e-03
1.688391319476068020e-03
1.688184682279825211e-03
1.687972224317491055e-03
1.687818672508001328e-03
1.687670475803315639e-03
1.687526237219572067e-03
1.687383977696299553e-03
1.687244395725429058e-03
1.772253890521824360e-03
1.696646213531494141e-03
1.687446143478155136e-03
1.687122159637510777e-03
1.686880481429398060e-03
1.686726696789264679e-03
1.686581410467624664e-03
1.686440431512892246e-03
1.686595496721565723e-03
1.702244277112185955e-03
1.688659191131591797e-03
1.686352887190878391e-03
1.686093513853847980e-03
1.685922383330762386e-03
1.685775001533329487e-03
1.685631694272160530e-03
1.685538212768733501e-03
1.726037589833140373e-03
1.690239645540714264e-03
1.685775932855904102e-03
1.685285125859081745e-03
1.685113878920674324e-03
1.684967195615172386e-03
1.684828195720911026e-03
1.747667323797941208e-03
1.691756770014762878e-03
1.685259048826992512e-03
1.684689661487936974e-03
1.684493967331945896e-03
1.684348681010305882e-03
1.684208284132182598e-03
1.684072311036288738e-03
1.691209734417498112e-03
1.700407359749078751e-03
1.684472663328051567e-03
1.684211660176515579e-03
1.683720736764371395e-03
1.683569047600030899e-03
1.683428185060620308e-03
1.683295355178415775e-03
1.685173134319484234e-03
1.687670825049281120e-03
1.684349263086915016e-03
1.683257287368178368e-03
1.682982430793344975e-03
1.682834932580590248e-03
1.682701054960489273e-03
1.682570087723433971e-03
1.692129881121218204e-03
1.692538033239543438e-03
1.684556948021054268e-03
1.682699308730661869e-03
1.682264613918960094e-03
1.682099071331322193e-03
1.681961352005600929e-03
1.681832596659660339e-03
1.682428293861448765e-03
1.701234257780015469e-03
1.682169153355062008e-03
1.681989873759448528e-03
1.681539462879300117e-03
1.681391499005258083e-03
1.681259134784340858e-03
1.681131660006940365e-03
1.681784982793033123e-03
1.702497014775872231e-03
1.683983602561056614e-03
1.681042485870420933e-03
1.680816989392042160e-03
1.680669724009931087e-03
1.680534332990646362e-03
1.762704807333648205e-03
1.684888848103582859e-03
1.681404304690659046e-03
1.680498244240880013e-03
1.680213492363691330e-03
1.680077752098441124e-03
1.679946901276707649e-03
1.679819659329950809e-03
1.788211171515285969e-03
1.686438103206455708e-03
1.680355169810354710e-03
1.679618027992546558e-03
1.679463195614516735e-03
1.679306733421981335e-03
1.679168315604329109e-03
1.679038628935813904e-03
1.718992600217461586e-03
1.680557616055011749e-03
1.679692650213837624e-03
1.678789150901138783e-03
1.678633852861821651e-03
1.678651780821382999e-03
1.694974140264093876e-03
1.682508620433509350e-03
1.678370055742561817e-03
1.678213477134704590e-03
1.677998690865933895e-03
1.677840948104858398e-03
1.677720574662089348e-03
1.684266608208417892e-03
1.679359353147447109e-03
1.677602878771722317e-03
1.677313935942947865e-03
1.677111024037003517e-03
1.676937798038125038e-03
1.684603514149785042e-03
1.684136921539902687e-03
1.677593914791941643e-03
1.676536165177822113e-03
1.676278305239975452e-03
1.676069572567939758e-03
1.713976263999938965e-03
1.682073343545198441e-03
1.675945241004228592e-03
1.675559207797050476e-03
1.675246050581336021e-03
1.675013452768325806e-03
1.721061416901648045e-03
1.680929912254214287e-03
1.676126383244991302e-03
1.674376311711966991e-03
1.674059196375310421e-03
1.673765946179628372e-03
1.677165506407618523e-03
1.676350366324186325e-03
1.673617283813655376e-03
1.672966289333999157e-03
1.672600861638784409e-03
1.672286540269851685e-03
1.674290862865746021e-03
1.708974246867001057e-03
1.672509126365184784e-03
1.671298174187541008e-03
1.670967438258230686e-03
1.670558121986687183e-03
1.670189783908426762e-03
1.670436467975378036e-03
1.686504925601184368e-03
1.670670229941606522e-03
1.669262885116040707e-03
1.668582903221249580e-03
1.668132143095135689e-03
1.740464591421186924e-03
1.674344181083142757e-03
1.668008044362068176e-03
1.666746917180716991e-03
1.666183001361787319e-03
1.665710005909204483e-03
1.668879995122551918e-03
1.750712399370968342e-03
1.679396023973822594e-03
1.664796378463506699e-03
1.663865637965500355e-03
1.663385308347642422e-03
1.662927563302218914e-03
1.662557595409452915e-03
1.684813993051648140e-03
1.663308707065880299e-03
1.661434536799788475e-03
1.660967827774584293e-03
1.660481560975313187e-03
1.660027657635509968e-03
1.660002046264708042e-03
1.666293246671557426e-03
1.660383190028369427e-03
1.658662571571767330e-03
1.658106339164078236e-03
1.657647662796080112e-03
1.657228800468146801e-03
1.681849593296647072e-03
1.658310997299849987e-03
1.656932639889419079e-03
1.656026463024318218e-03
1.655553234741091728e-03
1.655152998864650726e-03
1.654772087931632996e-03
1.722307526506483555e-03
1.657579210586845875e-03
1.654578140005469322e-03
1.653724582865834236e-03
1.653244369663298130e-03
1.652888837270438671e-03
1.652624458074569702e-03
1.719807041808962822e-03
1.656559761613607407e-03
1.652365084737539291e-03
1.651604776270687580e-03
1.651209197007119656e-03
1.650878461077809334e-03
1.650560181587934494e-03
1.677271211519837379e-03
2.096815034747123718e-03
1.653621206060051918e-03
