2.668731613084673882e-03
2.816253574565052986e-03
2.132017863914370537e-03
2.040316816419363022e-03
2.004632493481040001e-03
1.984259346500039101e-03
1.972868340089917183e-03
1.966403331607580185e-03
1.962477806955575943e-03
1.959818648174405098e-03
1.957800239324569702e-03
1.956138992682099342e-03
1.954709179699420929e-03
1.953453291207551956e-03
1.952342223376035690e-03
1.951354905031621456e-03
1.950475620105862617e-03
1.949691097252070904e-03
1.948989811353385448e-03
1.948361401446163654e-03
1.947797369211912155e-03
1.947290147654712200e-03
1.946833566762506962e-03
1.946421572938561440e-03
1.946049393154680729e-03
1.945712952874600887e-03
1.945407828316092491e-03
1.945131109096109867e-03
1.944879884831607342e-03
1.944651128724217415e-03
1.944443094544112682e-03
1.944253104738891125e-03
1.944079762324690819e-03
1.943921204656362534e-03
1.943775918334722519e-03
1.943643088452517986e-03
1.943521085195243359e-03
1.943409093655645847e-03
1.943306066095829010e-03
1.943211304023861885e-03
1.943123992532491684e-03
1.943043433129787445e-03
1.942969043739140034e-03
1.942900475114583969e-03
1.942836679518222809e-03
1.942777540534734726e-03
1.942722825333476067e-03
1.942671951837837696e-03
1.942624570801854134e-03
1.942580332979559898e-03
1.942539121955633163e-03
1.942500472068786621e-03
1.942464150488376617e-03
1.942430390045046806e-03
1.942398375831544399e-03
1.942368457093834877e-03
1.942340284585952759e-03
1.942313741892576218e-03
1.942288363352417946e-03
1.942264498211443424e-03
1.942242030054330826e-03
1.942220609635114670e-03
1.942200236953794956e-03
1.942180912010371685e-03
1.942162634804844856e-03
1.942145056091248989e-03
1.942128292284905910e-03
1.942112459801137447e-03
1.942097209393978119e-03
1.942082541063427925e-03
1.942068804055452347e-03
1.942055416293442249e-03
1.942042494192719460e-03
1.942030270583927631e-03
1.942018512636423111e-03
1.942006987519562244e-03
1.941996277309954166e-03
1.941985683515667915e-03
1.941975555382668972e-03
1.941965427249670029e-03
1.941955881193280220e-03
1.941946800798177719e-03
1.941937603987753391e-03
1.941928989253938198e-03
1.941920374520123005e-03
1.941911992616951466e-03
1.941904076375067234e-03
1.941896043717861176e-03
1.941888360306620598e-03
1.942055067047476768e-03
1.942871022038161755e-03
1.941873459145426750e-03
1.941861351951956749e-03
1.941859605722129345e-03
1.941846450790762901e-03
1.941839931532740593e-03
1.941833063028752804e-03
1.941827009432017803e-03
1.941907219588756561e-03
1.947614597156643867e-03
1.942596980370581150e-03
1.941889873705804348e-03
1.941810362040996552e-03
1.941790105774998665e-03
1.941784052178263664e-03
1.941778114996850491e-03
1.941772177815437317e-03
1.941767870448529720e-03
1.948952092789113522e-03
1.942742848768830299e-03
1.941772061400115490e-03
1.941752969287335873e-03
1.941738417372107506e-03
1.941732713021337986e-03
1.941726310178637505e-03
1.941720489412546158e-03
1.941714785061776638e-03
1.941709895618259907e-03
1.944537274539470673e-03
1.947856508195400238e-03
1.941727939993143082e-03
1.941731548868119717e-03
1.941689290106296539e-03
1.941675902344286442e-03
1.941670780070126057e-03
1.941664842888712883e-03
1.941659487783908844e-03
1.941653783433139324e-03
1.941648428328335285e-03
1.942587667144834995e-03
1.942808157764375210e-03
1.942607108503580093e-03
1.941654365509748459e-03
1.941639813594520092e-03
1.941618160344660282e-03
1.941610476933419704e-03
1.941605121828615665e-03
1.941599650308489799e-03
1.941594295203685760e-03
1.941588590852916241e-03
1.941583235748112202e-03
1.941578229889273643e-03
1.990915974602103233e-03
1.941658323630690575e-03
1.942530390806496143e-03
1.941657741554081440e-03
1.941561116836965084e-03
1.941548893228173256e-03
1.941541791893541813e-03
1.941536669619381428e-03
1.941531314514577389e-03
1.941525959409773350e-03
1.941520837135612965e-03
1.941515249200165272e-03
1.941510359756648540e-03
1.941504771821200848e-03
1.941499416716396809e-03
1.941494294442236423e-03
1.943111536093056202e-03
1.955242827534675598e-03
1.942676841281354427e-03
1.941525377333164215e-03
1.941479044035077095e-03
1.941466471180319786e-03
1.941459602676331997e-03
1.941454131156206131e-03
1.941448892466723919e-03
1.941443770192563534e-03
1.941438647918403149e-03
1.941433292813599110e-03
1.941428286954760551e-03
1.941423164680600166e-03
1.942163798958063126e-03
1.941505004651844501e-03
1.942538772709667683e-03
1.941720955073833466e-03
1.941403490491211414e-03
1.941399299539625645e-03
1.941389753483235836e-03
1.941384049132466316e-03
1.941379159688949585e-03
1.941374153830111027e-03
1.941369031555950642e-03
1.941363909281790257e-03
1.941358903422951698e-03
1.941361231729388237e-03
2.002223860472440720e-03
1.947713783010840416e-03
1.942045753821730614e-03
1.941352384164929390e-03
1.941335969604551792e-03
1.941326656378805637e-03
1.941320719197392464e-03
1.941315829753875732e-03
1.941310823895037174e-03
1.941305818036198616e-03
1.941300928592681885e-03
1.941295922733843327e-03
1.941292197443544865e-03
1.962009351700544357e-03
1.944176852703094482e-03
1.941358554176986217e-03
1.941295922733843327e-03
1.941294758580625057e-03
1.941263908520340919e-03
1.941258786246180534e-03
1.941254013217985630e-03
1.941249007359147072e-03
1.941244234330952168e-03
1.941239461302757263e-03
1.941234571859240532e-03
1.941229566000401974e-03
1.941225375048816204e-03
1.946620526723563671e-03
1.958034932613372803e-03
1.942312810570001602e-03
1.941220834851264954e-03
1.941232592798769474e-03
1.941201509907841682e-03
1.941193360835313797e-03
1.941188005730509758e-03
1.941183232702314854e-03
1.941178459674119949e-03
1.941173453815281391e-03
1.941168564371764660e-03
1.941163558512926102e-03
1.941218855790793896e-03
1.941156690008938313e-03
1.944949268363416195e-03
1.941842609085142612e-03
1.941203605383634567e-03
1.941140741109848022e-03
1.941131893545389175e-03
1.941127120517194271e-03
1.941122347488999367e-03
1.941117458045482635e-03
1.941112452186644077e-03
1.941107562743127346e-03
1.941102789714932442e-03
1.941097783856093884e-03
1.941110007464885712e-03
2.019556239247322083e-03
1.941496971994638443e-03
1.941146794706583023e-03
1.941187190823256969e-03
1.941072754561901093e-03
1.941067399457097054e-03
1.941060996614396572e-03
1.941055874340236187e-03
1.941050868481397629e-03
1.941046095453202724e-03
1.941040973179042339e-03
1.941035850904881954e-03
1.941030845046043396e-03
1.941035035997629166e-03
2.035079058259725571e-03
1.941233058460056782e-03
1.941101043485105038e-03
1.941085327416658401e-03
1.941020949743688107e-03
1.940998947247862816e-03
1.940993126481771469e-03
1.940988120622932911e-03
1.940983114764094353e-03
1.940977992489933968e-03
1.940972870215773582e-03
1.940967515110969543e-03
1.940962392836809158e-03
1.940957037732005119e-03
1.941007561981678009e-03
1.943037030287086964e-03
1.941010588780045509e-03
1.940996502526104450e-03
1.940937363542616367e-03
1.940932008437812328e-03
1.940925372764468193e-03
1.940918504260480404e-03
1.940913381986320019e-03
1.940908026881515980e-03
1.940902671776711941e-03
1.940897316671907902e-03
1.940891845151782036e-03
1.940886257216334343e-03
1.940880669280886650e-03
1.940875547006726265e-03
1.947273965924978256e-03
1.956186722964048386e-03
1.942735281772911549e-03
1.941128633916378021e-03
1.940887537784874439e-03
1.940845395438373089e-03
1.940840505994856358e-03
1.940834801644086838e-03
1.940828864462673664e-03
1.940823160111904144e-03
1.940817455761134624e-03
1.940811634995043278e-03
1.940806512720882893e-03
1.952044782228767872e-03
1.940862624906003475e-03
1.941286376677453518e-03
1.940865418873727322e-03
1.940822578035295010e-03
1.984221627935767174e-03
1.940795104019343853e-03
1.940770889632403851e-03
1.940776361152529716e-03
1.940768328495323658e-03
1.940749352797865868e-03
1.940742018632590771e-03
1.940735965035855770e-03
1.940729911439120770e-03
1.940730959177017212e-03
1.977117499336600304e-03
1.942060422152280807e-03
1.941612805239856243e-03
1.940730959177017212e-03
1.940715126693248749e-03
1.940693473443388939e-03
1.940685207955539227e-03
1.940679154358804226e-03
1.940672984346747398e-03
1.941649010404944420e-03
1.944388728588819504e-03
1.940706628374755383e-03
1.940800459124147892e-03
1.940652378834784031e-03
1.940642134286463261e-03
1.940635265782475471e-03
1.953033381141722202e-03
1.948267687112092972e-03
1.941976835951209068e-03
1.940665533766150475e-03
1.940616988576948643e-03
1.940600690431892872e-03
1.940593123435974121e-03
1.940586837008595467e-03
1.940580317750573158e-03
1.940573798492550850e-03
1.940567162819206715e-03
1.940560527145862579e-03
1.940554357133805752e-03
1.950405072420835495e-03
1.945864991284906864e-03
1.942413276992738247e-03
1.940536429174244404e-03
1.940539455972611904e-03
1.940521760843694210e-03
1.940512796863913536e-03
1.940506277605891228e-03
1.940573100000619888e-03
1.959237037226557732e-03
1.941552734933793545e-03
1.940504764206707478e-03
1.940478105098009109e-03
1.940473681315779686e-03
1.940463203936815262e-03
1.940455986186861992e-03
1.940448884852230549e-03
1.940441899932920933e-03
1.940434565767645836e-03
1.940428861416876316e-03
1.978809013962745667e-03
1.953890081495046616e-03
1.941438647918403149e-03
1.940451562404632568e-03
1.940406742505729198e-03
1.940394169650971889e-03
1.940383808687329292e-03
1.940376590937376022e-03
1.940369023941457272e-03
1.940363319590687752e-03
1.964360708370804787e-03
1.945944735780358315e-03
1.940686604939401150e-03
1.940346439369022846e-03
1.940340385772287846e-03
1.940321642905473709e-03
1.940312911756336689e-03
1.940305111929774284e-03
1.940297661349177361e-03
1.942451461218297482e-03
1.945064519532024860e-03
1.940515823662281036e-03
1.940518850460648537e-03
1.940269605256617069e-03
1.940261805430054665e-03
1.940249581821262836e-03
1.940240850672125816e-03
1.940232818014919758e-03
1.940224436111748219e-03
1.940216403454542160e-03
1.943542971275746822e-03
1.949718454852700233e-03
1.941556460224092007e-03
1.940354122780263424e-03
1.940183225087821484e-03
1.940182875841856003e-03
1.945709576830267906e-03
1.940511981956660748e-03
1.940255286172032356e-03
1.940285437740385532e-03
1.940133282914757729e-03
1.940124435350298882e-03
1.940116286277770996e-03
1.940106973052024841e-03
1.940100803039968014e-03
1.946155331097543240e-03
1.949255354702472687e-03
1.940977410413324833e-03
1.940070884302258492e-03
1.940061571076512337e-03
1.940051210112869740e-03
1.940041664056479931e-03
1.940033282153308392e-03
1.942782546393573284e-03
1.943201059475541115e-03
1.940969843417406082e-03
1.940109999850392342e-03
1.940003479830920696e-03
1.939981593750417233e-03
1.947147306054830551e-03
1.947261742316186428e-03
1.940509537234902382e-03
1.939958543516695499e-03
1.939947251230478287e-03
1.939928741194307804e-03
1.939915819093585014e-03
1.939905108883976936e-03
1.939894631505012512e-03
1.939905923791229725e-03
1.980503788217902184e-03
1.940240850672125816e-03
1.940063782967627048e-03
1.939922105520963669e-03
1.939842943102121353e-03
1.939841080456972122e-03
1.959708053618669510e-03
1.944370218552649021e-03
1.940542948432266712e-03
1.939839101396501064e-03
1.939790323376655579e-03
1.939768204465508461e-03
1.939754816703498363e-03
1.939743175171315670e-03
1.939731533639132977e-03
1.941389986313879490e-03
1.940121641382575035e-03
1.941760070621967316e-03
1.939748181030154228e-03
1.939718145877122879e-03
1.939672860316932201e-03
1.939656445756554604e-03
1.939692418090999126e-03
1.946896314620971680e-03
1.939807087182998657e-03
1.939655398018658161e-03
1.939599984325468540e-03
1.939581590704619884e-03
1.939567155204713345e-03
1.939553185366094112e-03
1.940190675668418407e-03
1.955379499122500420e-03
1.941037713550031185e-03
1.939547131769359112e-03
1.939521753229200840e-03
1.939483219757676125e-03
1.939463196322321892e-03
1.939447131007909775e-03
1.939433044753968716e-03
1.944914576597511768e-03
1.946093281731009483e-03
1.939539681188762188e-03
1.939382171258330345e-03
1.939354813657701015e-03
1.939341658726334572e-03
1.940291956998407841e-03
1.953081809915602207e-03
1.940184389241039753e-03
1.939410110935568810e-03
1.939275651238858700e-03
1.939240028150379658e-03
1.939220936037600040e-03
1.939201145432889462e-03
1.939186826348304749e-03
1.958827022463083267e-03
1.939462032169103622e-03
1.939982990734279156e-03
1.939124194905161858e-03
1.939092180691659451e-03
1.939068199135363102e-03
1.940573798492550850e-03
1.944756135344505310e-03
1.939658657647669315e-03
1.938984962180256844e-03
1.938970526680350304e-03
1.938936184160411358e-03
1.938911620527505875e-03
1.938885776326060295e-03
1.938866334967315197e-03
1.976285828277468681e-03
1.944310846738517284e-03
1.938803470693528652e-03
1.938891597092151642e-03
1.938739209435880184e-03
1.938708825036883354e-03
1.938680652529001236e-03
1.938788220286369324e-03
1.941002090461552143e-03
1.940218498930335045e-03
1.938788802362978458e-03
1.938564586453139782e-03
1.938508125022053719e-03
1.938471337780356407e-03
1.938437810167670250e-03
1.938429428264498711e-03
1.990345539525151253e-03
1.939121168106794357e-03
1.938962494023144245e-03
1.938282395713031292e-03
1.938241184689104557e-03
1.938200904987752438e-03
1.938162953592836857e-03
1.938124070875346661e-03
1.938273897394537926e-03
1.953407656401395798e-03
1.938294502906501293e-03
1.938245724886655807e-03
1.937940134666860104e-03
1.937889028340578079e-03
1.937845721840858459e-03
1.937848399393260479e-03
1.963256858289241791e-03
1.939787995070219040e-03
1.938165631145238876e-03
1.937687629833817482e-03
1.937589608132839203e-03
1.937540713697671890e-03
1.937491935677826405e-03
1.937443157657980919e-03
1.937393564730882645e-03
1.937384717166423798e-03
1.956274732947349548e-03
1.940046204254031181e-03
1.937257708050310612e-03
1.937199966050684452e-03
1.937094028107821941e-03
1.937056891620159149e-03
1.953115803189575672e-03
1.940711983479559422e-03
1.937073306180536747e-03
1.936889253556728363e-03
1.936779590323567390e-03
1.936714863404631615e-03
1.936656190082430840e-03
1.936602755449712276e-03
1.945832045748829842e-03
1.945152063854038715e-03
1.936891116201877594e-03
1.936384476721286774e-03
1.936315908096730709e-03
1.936253276653587818e-03
1.936683198437094688e-03
1.945340307429432869e-03
1.937150955200195312e-03
1.936103915795683861e-03
1.935948850587010384e-03
1.935883308760821819e-03
1.935823354870080948e-03
1.942247501574456692e-03
1.941775437444448471e-03
1.936675980687141418e-03
1.935708220116794109e-03
1.935523934662342072e-03
1.935443840920925140e-03
1.935378415510058403e-03
1.935948850587010384e-03
1.945406431332230568e-03
1.935816369950771332e-03
1.935150474309921265e-03
1.935066888108849525e-03
1.934991450980305672e-03
1.935106585733592510e-03
1.948271878063678741e-03
1.935116946697235107e-03
1.935013569891452789e-03
1.934696570970118046e-03
1.934608793817460537e-03
1.934540458023548126e-03
1.934473519213497639e-03
1.934406580403447151e-03
1.934354309923946857e-03
1.982834655791521072e-03
1.934820553287863731e-03
1.934520318172872066e-03
1.934136496856808662e-03
1.934025320224463940e-03
1.933951862156391144e-03
1.933907275088131428e-03
1.964498078450560570e-03
1.934875384904444218e-03
1.934123574756085873e-03
1.933651277795433998e-03
1.933566178195178509e-03
1.933497609570622444e-03
1.933431020006537437e-03
1.933364430442452431e-03
1.933689112775027752e-03
1.954199047759175301e-03
1.933548715896904469e-03
1.933344989083707333e-03
1.933083520270884037e-03
1.932981656864285469e-03
1.932920771650969982e-03
1.955888234078884125e-03
1.933095511049032211e-03
1.932940445840358734e-03
1.932676648721098900e-03
1.932596904225647449e-03
1.932529266923666000e-03
1.932463841512799263e-03
1.932397834025323391e-03
1.932426937855780125e-03
1.956265652552247047e-03
1.934666070155799389e-03
1.932614133693277836e-03
1.932148123160004616e-03
1.932027633301913738e-03
1.931961742229759693e-03
1.931896549649536610e-03
1.931832288391888142e-03
1.932130777277052402e-03
1.932280487380921841e-03
1.931818202137947083e-03
1.931654289364814758e-03
1.931534497998654842e-03
1.931475009769201279e-03
1.931410399265587330e-03
1.931348233483731747e-03
1.931285485625267029e-03
1.931222504936158657e-03
1.931159524247050285e-03
1.939047360792756081e-03
1.933346851728856564e-03
1.931210048496723175e-03
1.930960454046726227e-03
1.930868718773126602e-03
1.930808182805776596e-03
1.930744154378771782e-03
1.930682687088847160e-03
1.930621336214244366e-03
1.930560218170285225e-03
1.934758736751973629e-03
1.937575871124863625e-03
1.930865808390080929e-03
1.930395024828612804e-03
1.930269179865717888e-03
1.930208527483046055e-03
1.930147875100374222e-03
1.930087571963667870e-03
1.930554513819515705e-03
1.940377755090594292e-03
1.931575709022581577e-03
1.929868594743311405e-03
1.929834717884659767e-03
1.929747755639255047e-03
1.929686637595295906e-03
1.929627149365842342e-03
1.929572666995227337e-03
1.944604795426130295e-03
1.930371858179569244e-03
1.929925871081650257e-03
1.929433434270322323e-03
1.929303165525197983e-03
1.929232501424849033e-03
1.929174177348613739e-03
1.929142512381076813e-03
1.950609497725963593e-03
1.931698410771787167e-03
1.929060323163866997e-03
1.928928308188915253e-03
1.928853336721658707e-03
1.928796293213963509e-03
1.928739482536911964e-03
1.928683836013078690e-03
1.929148449562489986e-03
1.931821228936314583e-03
1.928850542753934860e-03
1.928538084030151367e-03
1.928447629325091839e-03
1.928375917486846447e-03
1.928321435116231441e-03
1.928267767652869225e-03
1.928214216604828835e-03
1.928189769387245178e-03
1.947626122273504734e-03
1.930855563841760159e-03
1.928129117004573345e-03
1.928013749420642853e-03
1.927920151501893997e-03
1.927867298945784569e-03
1.927815959788858891e-03
1.927764853462576866e-03
1.927717123180627823e-03
1.950682839378714561e-03
1.931120641529560089e-03
1.927716773934662342e-03
1.927616889588534832e-03
1.927489414811134338e-03
1.927429577335715294e-03
1.927379169501364231e-03
1.927349832840263844e-03
1.962703187018632889e-03
1.930108643136918545e-03
1.927313162013888359e-03
1.927173230797052383e-03
1.927106757648289204e-03
1.927057397551834583e-03
1.927009550854563713e-03
1.927074394188821316e-03
1.928868819959461689e-03
1.928029581904411316e-03
1.927168574184179306e-03
1.926833298057317734e-03
1.926746685057878494e-03
1.926697441376745701e-03
1.926659140735864639e-03
1.953741535544395447e-03
1.929788501001894474e-03
1.926780678331851959e-03
1.926505938172340393e-03
1.926450524479150772e-03
1.926400465890765190e-03
1.926368102431297302e-03
1.944968127645552158e-03
1.928255427628755569e-03
1.926242024637758732e-03
1.926213037222623825e-03
1.926158904097974300e-03
1.926109660416841507e-03
1.926066004671156406e-03
1.926039461977779865e-03
1.968003809452056885e-03
1.926416764035820961e-03
1.925979973748326302e-03
1.925943302921950817e-03
1.925837248563766479e-03
1.925796852447092533e-03
1.925757154822349548e-03
1.927054603584110737e-03
1.927777077071368694e-03
1.926182070747017860e-03
1.925630844198167324e-03
1.925567048601806164e-03
1.925526419654488564e-03
1.925485208630561829e-03
1.925446675159037113e-03
1.927225035615265369e-03
1.927766366861760616e-03
1.926576602272689342e-03
1.925320713780820370e-03
1.925278455018997192e-03
1.925233635120093822e-03
1.925194519571959972e-03
1.925158663652837276e-03
1.943947747349739075e-03
1.927098259329795837e-03
1.925317337736487389e-03
1.925059477798640728e-03
1.924989977851510048e-03
1.924942946061491966e-03
1.924914540722966194e-03
1.949010184034705162e-03
1.926719211041927338e-03
1.925381831824779510e-03
1.924820244312286377e-03
1.924749696627259254e-03
1.924705808050930500e-03
1.924668671563267708e-03
1.924632582813501358e-03
1.924629905261099339e-03
1.950519159436225891e-03
1.924555166624486446e-03
1.924982061609625816e-03
1.924490323290228844e-03
1.924436888657510281e-03
1.924402429722249508e-03
1.924368669278919697e-03
1.928707817569375038e-03
1.930248574353754520e-03
1.924371463246643543e-03
1.924337702803313732e-03
1.924225362017750740e-03
1.924178795889019966e-03
1.924143987707793713e-03
1.924183801747858524e-03
1.928481622599065304e-03
1.925533637404441833e-03
1.924315583892166615e-03
1.924032112583518028e-03
1.923964591696858406e-03
1.923924544826149940e-03
1.923891599290072918e-03
1.923861447721719742e-03
1.944998279213905334e-03
1.927682198584079742e-03
1.923880772665143013e-03
1.923804753459990025e-03
1.923720468766987324e-03
1.923685194924473763e-03
1.923651667311787605e-03
1.924035605043172836e-03
1.934834290295839310e-03
1.924300682730972767e-03
1.923691481351852417e-03
1.923525938764214516e-03
1.923476113006472588e-03
1.923442003317177296e-03
1.923409989103674889e-03
1.923380652442574501e-03
1.932593644596636295e-03
1.925709075294435024e-03
1.924153883010149002e-03
1.923282397910952568e-03
1.923252828419208527e-03
1.923212432302534580e-03
1.923179603181779385e-03
1.923148054629564285e-03
1.923116622492671013e-03
1.938568311743438244e-03
1.931192935444414616e-03
1.923231990076601505e-03
1.923140254803001881e-03
1.922986702993512154e-03
1.922950264997780323e-03
1.922919764183461666e-03
1.922889496199786663e-03
1.922896131873130798e-03
1.925556105561554432e-03
1.924098003655672073e-03
1.923092640936374664e-03
1.922770985402166843e-03
1.922729425132274628e-03
1.922699157148599625e-03
1.922668074257671833e-03
1.922637340612709522e-03
1.922606839798390865e-03
1.922576106153428555e-03
1.922548981383442879e-03
1.980819273740053177e-03
1.923455041833221912e-03
1.922623720020055771e-03
1.922514522448182106e-03
1.922427560202777386e-03
1.922386116348206997e-03
1.922354451380670071e-03
1.922323368489742279e-03
1.922291936352849007e-03
1.922261202707886696e-03
1.942754257470369339e-03
1.927280798554420471e-03
1.922744675539433956e-03
1.922202995046973228e-03
1.922123716212809086e-03
1.922092400491237640e-03
1.922060968354344368e-03
1.922029885463416576e-03
1.922000083141028881e-03
1.968715339899063110e-03
1.924715004861354828e-03
1.922335242852568626e-03
1.922008115798234940e-03
1.921882154420018196e-03
1.921836053952574730e-03
1.921804388985037804e-03
1.921773073263466358e-03
1.921741641126573086e-03
1.921709743328392506e-03
1.921677496284246445e-03
1.921645249240100384e-03
1.921612536534667015e-03
1.924418611451983452e-03
1.924536423757672310e-03
1.921733608469367027e-03
1.921525574289262295e-03
1.921479706652462482e-03
1.921436632983386517e-03
1.921413699164986610e-03
1.953670755028724670e-03
1.923132804222404957e-03
1.921836752444505692e-03
1.921348855830729008e-03
1.921251299791038036e-03
1.921216142363846302e-03
1.921180635690689087e-03
1.921145943924784660e-03
1.921111019328236580e-03
1.921084010973572731e-03
1.969797536730766296e-03
1.924234908074140549e-03
1.921620569191873074e-03
1.920957933180034161e-03
1.920928480103611946e-03
1.920883893035352230e-03
1.920845592394471169e-03
1.920808223076164722e-03
1.920770620927214622e-03
1.921994145959615707e-03
1.927537494339048862e-03
1.920846756547689438e-03
1.920705777592957020e-03
1.920602982863783836e-03
1.920558512210845947e-03
1.920518465340137482e-03
1.920645241625607014e-03
1.934938016347587109e-03
1.922015682794153690e-03
1.920494600199162960e-03
1.920343143865466118e-03
1.920301001518964767e-03
1.920258859172463417e-03
1.920217415317893028e-03
1.920175855048000813e-03
1.920133596286177635e-03
1.920090289786458015e-03
1.920174923725426197e-03
1.940909540280699730e-03
1.921660383231937885e-03
1.920055015943944454e-03
1.919899834319949150e-03
1.919851987622678280e-03
1.919802627526223660e-03
1.919756410643458366e-03
1.919709728099405766e-03
1.920680515468120575e-03
1.928983605466783047e-03
1.920777023769915104e-03
1.919673872180283070e-03
1.919508678838610649e-03
1.919439993798732758e-03
1.919389702379703522e-03
1.919339178130030632e-03
1.919287838973104954e-03
1.919237431138753891e-03
1.953211380168795586e-03
1.923269359394907951e-03
1.919641043059527874e-03
1.919110305607318878e-03
1.918994472362101078e-03
1.918931957334280014e-03
1.918875030241906643e-03
1.918816938996315002e-03
1.918757567182183266e-03
1.918696565553545952e-03
1.918633934110403061e-03
1.918658032082021236e-03
1.937610330060124397e-03
1.920454320497810841e-03
1.918593537993729115e-03
1.918347901664674282e-03
1.918265828862786293e-03
1.918192603625357151e-03
1.918120309710502625e-03
1.918046851642429829e-03
1.920357462950050831e-03
1.921556191518902779e-03
1.918219379149377346e-03
1.917827525176107883e-03
1.917667570523917675e-03
1.917575602419674397e-03
1.917483517900109291e-03
1.917389803566038609e-03
1.917291781865060329e-03
1.917193410918116570e-03
1.942788250744342804e-03
1.920968526974320412e-03
1.916909357532858849e-03
1.916854060254991055e-03
1.916641369462013245e-03
1.916509820148348808e-03
1.916373381391167641e-03
1.916229026392102242e-03
1.916172797791659832e-03
1.930708414874970913e-03
1.917546382173895836e-03
1.915821456350386143e-03
1.915436470881104469e-03
1.915239612571895123e-03
1.915036700665950775e-03
1.914822729304432869e-03
1.914622844196856022e-03
1.924623618833720684e-03
1.915304921567440033e-03
1.913946704007685184e-03
1.913598971441388130e-03
1.913254731334745884e-03
1.912925043143332005e-03
1.912570558488368988e-03
1.912189414724707603e-03
1.911779167130589485e-03
1.911336905322968960e-03
1.911126310005784035e-03
1.916939509101212025e-03
1.911023282445967197e-03
1.909425714984536171e-03
1.908721285872161388e-03
1.908078091219067574e-03
1.907397061586380005e-03
1.906671677716076374e-03
1.906271325424313545e-03
1.912355422973632812e-03
1.904682489112019539e-03
1.903480268083512783e-03
1.902488525956869125e-03
1.901505980640649796e-03
1.900495844893157482e-03
1.899447641335427761e-03
1.898479764349758625e-03
1.908421865664422512e-03
1.896657864563167095e-03
1.895364723168313503e-03
1.894011278636753559e-03
1.892882632091641426e-03
1.891764346510171890e-03
1.890651648864150047e-03
1.890775281935930252e-03
1.893322914838790894e-03
1.888195751234889030e-03
1.886614132672548294e-03
1.885577687062323093e-03
1.884653465822339058e-03
1.883777906186878681e-03
1.908871810883283615e-03
1.882946700789034367e-03
1.881525036878883839e-03
1.880737836472690105e-03
1.880045980215072632e-03
1.879400922916829586e-03
1.878792536444962025e-03
1.878216513432562351e-03
1.891880761831998825e-03
1.877682632766664028e-03
1.877386006526648998e-03
1.876254566013813019e-03
1.875798334367573261e-03
1.875372487120330334e-03
1.874958397820591927e-03
1.874557114206254482e-03
1.874171430245041847e-03
1.898044953122735023e-03
1.873848726972937584e-03
1.873124507255852222e-03
1.872802269645035267e-03
1.872444059699773788e-03
1.879636314697563648e-03
1.876718481071293354e-03
1.872069900855422020e-03
1.871299347840249538e-03
1.870915526524186134e-03
1.870619948022067547e-03
1.870327861979603767e-03
1.870038569904863834e-03
1.870570704340934753e-03
1.876697293482720852e-03
1.869556726887822151e-03
1.869008759967982769e-03
1.868753810413181782e-03
1.868481747806072235e-03
1.868226565420627594e-03
1.867974759079515934e-03
1.867725281044840813e-03
1.867478946223855019e-03
1.898715505376458168e-03
1.868728548288345337e-03
1.866862410679459572e-03
1.866622827947139740e-03
1.866378705017268658e-03
1.866156002506613731e-03
1.865938189439475536e-03
1.866496284492313862e-03
1.866410369984805584e-03
1.866344013251364231e-03
1.865178230218589306e-03
1.864936435595154762e-03
1.864730380475521088e-03
1.864527817815542221e-03
1.864326070062816143e-03
1.864124205894768238e-03
1.863922108896076679e-03
1.863720128312706947e-03
1.864000223577022552e-03
1.863767625764012337e-03
1.863336190581321716e-03
1.863012090325355530e-03
1.862789504230022430e-03
1.862575067207217216e-03
1.862378674559295177e-03
1.862181816250085831e-03
1.861986704170703888e-03
1.884023193269968033e-03
1.864420482888817787e-03
1.861663185991346836e-03
1.861224183812737465e-03
1.861023250967264175e-03
1.860822201706469059e-03
1.860620453953742981e-03
1.860416610725224018e-03
1.860211952589452267e-03
1.908011152409017086e-03
1.861968543380498886e-03
1.859998796135187149e-03
1.859447453171014786e-03
1.859228475950658321e-03
1.859014853835105896e-03
1.858804258517920971e-03
1.858589123003184795e-03
1.858369447290897369e-03
1.858144765719771385e-03
1.857915311120450497e-03
1.859529991634190083e-03
1.862616627477109432e-03
1.857709488831460476e-03
1.856994815170764923e-03
1.856742775999009609e-03
1.856498885899782181e-03
1.893083564937114716e-03
1.858922303654253483e-03
1.855752547271549702e-03
1.855498645454645157e-03
1.855186768807470798e-03
1.854901318438351154e-03
1.854612724855542183e-03
1.854315167292952538e-03
1.854008762165904045e-03
1.853693393059074879e-03
1.853450201451778412e-03
1.869337167590856552e-03
1.854485250078141689e-03
1.852452289313077927e-03
1.852073008194565773e-03
1.851717708632349968e-03
1.851354958489537239e-03
1.850981265306472778e-03
1.850597094744443893e-03
1.850339118391275406e-03
1.863164710812270641e-03
1.850229222327470779e-03
1.849068794399499893e-03
1.848651096224784851e-03
1.848216634243726730e-03
1.847790437750518322e-03
1.847355975769460201e-03
1.846912666223943233e-03
1.848826883360743523e-03
1.851868350058794022e-03
1.846387283876538277e-03
1.845186343416571617e-03
1.844678074121475220e-03
1.844207756221294403e-03
1.843735110014677048e-03
1.843258622102439404e-03
1.843064790591597557e-03
1.844489946961402893e-03
1.842513447627425194e-03
1.841502962633967400e-03
1.840943819843232632e-03
1.840483280830085278e-03
1.861188793554902077e-03
1.840149983763694763e-03
1.839349279180169106e-03
1.838664175011217594e-03
1.838207943364977837e-03
1.837765448726713657e-03
1.837323303334414959e-03
1.837265910580754280e-03
1.837742514908313751e-03
1.837069634348154068e-03
1.835719798691570759e-03
1.835265662521123886e-03
1.834844937548041344e-03
1.835008617490530014e-03
1.841845223680138588e-03
1.834618742577731609e-03
1.833434216678142548e-03
1.832970767281949520e-03
1.832605339586734772e-03
1.832246547564864159e-03
1.831898232921957970e-03
1.857348601333796978e-03
1.833559363149106503e-03
1.831215573474764824e-03
1.830593799240887165e-03
1.830268651247024536e-03
1.829943968914449215e-03
1.829948741942644119e-03
1.838768715970218182e-03
1.829798449762165546e-03
1.828813110478222370e-03
1.828471664339303970e-03
1.828177249990403652e-03
1.827885396778583527e-03
1.827595871873199940e-03
1.828189590014517307e-03
1.834291033446788788e-03
1.826977473683655262e-03
1.826592022553086281e-03
1.826294814236462116e-03
1.826023450121283531e-03
1.825759420171380043e-03
1.826338935643434525e-03
1.828147098422050476e-03
1.825073966756463051e-03
1.824857085011899471e-03
1.824566279537975788e-03
1.824310631491243839e-03
1.824068021960556507e-03
1.823829603381454945e-03
1.824789331294596195e-03
1.830746070481836796e-03
1.823657890781760216e-03
1.822998747229576111e-03
1.822799793444573879e-03
1.822565449401736259e-03
1.822353340685367584e-03
1.822143094614148140e-03
1.822465681470930576e-03
1.827690051868557930e-03
1.822245307266712189e-03
1.821458805352449417e-03
1.821211189962923527e-03
1.821012119762599468e-03
1.820825506001710892e-03
1.825016108341515064e-03
1.823347061872482300e-03
1.820854493416845798e-03
1.820258330553770065e-03
1.820035511627793312e-03
1.819853903725743294e-03
1.819687662646174431e-03
1.819522585719823837e-03
1.819358440116047859e-03
1.819195109419524670e-03
1.819032244384288788e-03
1.819590339437127113e-03
1.824411679990589619e-03
1.819868804886937141e-03
1.818679389543831348e-03
1.818352844566106796e-03
1.818190910853445530e-03
1.818039803765714169e-03
1.817890559323132038e-03
1.817742129787802696e-03
1.829914399422705173e-03
1.818391028791666031e-03
1.817875658161938190e-03
1.817276584915816784e-03
1.817092415876686573e-03
1.816946547478437424e-03
1.816805801354348660e-03
1.816665404476225376e-03
1.816524309106171131e-03
1.816382515244185925e-03
1.816249801777303219e-03
1.834316179156303406e-03
1.817161915823817253e-03
1.816099509596824646e-03
1.815792988054454327e-03
1.815627212636172771e-03
1.815489493310451508e-03
1.815351191908121109e-03
1.815213356167078018e-03
1.815074705518782139e-03
1.814934890717267990e-03
1.815363299101591110e-03
1.821715501137077808e-03
1.814954681321978569e-03
1.814420684240758419e-03
1.814277959056198597e-03
1.814140705391764641e-03
1.815865631215274334e-03
1.814884948544204235e-03
1.814219984225928783e-03
1.813693204894661903e-03
1.813508220948278904e-03
1.813360024243593216e-03
1.813222304917871952e-03
1.813110662624239922e-03
1.842037541791796684e-03
1.813027542084455490e-03
1.813134760595858097e-03
1.812620088458061218e-03
1.812467118725180626e-03
1.812330563552677631e-03
1.812195871025323868e-03
1.812060829252004623e-03
1.812035334296524525e-03
1.817723037675023079e-03
1.812326023355126381e-03
1.811651512980461121e-03
1.811447902582585812e-03
1.811381429433822632e-03
1.818552496843039989e-03
1.811134046874940395e-03
1.811083755455911160e-03
1.810861169360578060e-03
1.810724963434040546e-03
1.810598536394536495e-03
1.810472807846963406e-03
1.810346962884068489e-03
1.810220652259886265e-03
1.811368856579065323e-03
1.822500140406191349e-03
1.811348833143711090e-03
1.809916691854596138e-03
1.809693058021366596e-03
1.809557899832725525e-03
1.809437177143990993e-03
1.809317735023796558e-03
1.809217617847025394e-03
1.809687935747206211e-03
1.810063142329454422e-03
1.809076638892292976e-03
1.808760454878211021e-03
1.808644388802349567e-03
1.808526227250695229e-03
1.808409695513546467e-03
1.808550558052957058e-03
1.819042139686644077e-03
1.809289562515914440e-03
1.808038679882884026e-03
1.807926688343286514e-03
1.807798282243311405e-03
1.807687105610966682e-03
1.807577675208449364e-03
1.807468011975288391e-03
1.807357883080840111e-03
1.807271968573331833e-03
1.813225098885595798e-03
1.807882217690348625e-03
1.807283726520836353e-03
1.806895830668509007e-03
1.806758227758109570e-03
1.806647283956408501e-03
1.806544023565948009e-03
1.835663919337093830e-03
1.810556976124644279e-03
1.806336571462452412e-03
1.806234358809888363e-03
1.806080923415720463e-03
1.805977197363972664e-03
1.805876498110592365e-03
1.805774983949959278e-03
1.805673120543360710e-03
1.805570907890796661e-03
1.805468113161623478e-03
1.805366482585668564e-03
1.884254743345081806e-03
1.805850886739790440e-03
1.805540174245834351e-03
1.805157051421701908e-03
1.804976258426904678e-03
1.804870204068720341e-03
1.804775209166109562e-03
1.804680563509464264e-03
1.804585219360888004e-03
1.804489642381668091e-03
1.804393366910517216e-03
1.804298488423228264e-03
1.825622515752911568e-03
1.805029576644301414e-03
1.804302562959492207e-03
1.803972758352756500e-03
1.803852850571274757e-03
1.803755876608192921e-03
1.803659950383007526e-03
1.803566352464258671e-03
1.825761399231851101e-03
1.805455889552831650e-03
1.803710125386714935e-03
1.803235965780913830e-03
1.803131191991269588e-03
1.803031889721751213e-03
1.802935963496565819e-03
1.802840037271380424e-03
1.802743063308298588e-03
1.803586492314934731e-03
1.809131237678229809e-03
1.803541905246675014e-03
1.802603481337428093e-03
1.802339917048811913e-03
1.802228158339858055e-03
1.802133861929178238e-03
1.802038517780601978e-03
1.801942940801382065e-03
1.801846316084265709e-03
1.801921054720878601e-03
1.813617069274187088e-03
1.802929793484508991e-03
1.801612437702715397e-03
1.801424310542643070e-03
1.801309525035321712e-03
1.801210339181125164e-03
1.801111968234181404e-03
1.801033737137913704e-03
1.808401080779731274e-03
1.801955979317426682e-03
1.800852944143116474e-03
1.800698228180408478e-03
1.800573081709444523e-03
1.800472964532673359e-03
1.800374127924442291e-03
1.800274592824280262e-03
1.800201949663460255e-03
1.811233465559780598e-03
1.803122228011488914e-03
1.800130004994571209e-03
1.799837104044854641e-03
1.799728721380233765e-03
1.799625344574451447e-03
1.799522899091243744e-03
1.799420337192714214e-03
1.799388090148568153e-03
1.809350564144551754e-03
1.800213940441608429e-03
1.799117191694676876e-03
1.798959448933601379e-03
1.798849785700440407e-03
1.798750599846243858e-03
1.832310575991868973e-03
1.803033403120934963e-03
1.798502518795430660e-03
1.798443030565977097e-03
1.798279350623488426e-03
1.798164565116167068e-03
1.798057928681373596e-03
1.797949546016752720e-03
1.797840115614235401e-03
1.797729288227856159e-03
1.803770428523421288e-03
1.799661200493574142e-03
1.797855366021394730e-03
1.797431148588657379e-03
1.797243836335837841e-03
1.797130913473665714e-03
1.797017990611493587e-03
1.796904718503355980e-03
1.796790282242000103e-03
1.799526391550898552e-03
1.797637087292969227e-03
1.797293429262936115e-03
1.796493888832628727e-03
1.796300872229039669e-03
1.796185621060431004e-03
1.796070835553109646e-03
1.795954420231282711e-03
1.795837190002202988e-03
1.800208585336804390e-03
1.798447803594172001e-03
1.795661519281566143e-03
1.795460819266736507e-03
1.795297604985535145e-03
1.795176300220191479e-03
1.795052899979054928e-03
1.794929616153240204e-03
1.794805051758885384e-03
1.796283642761409283e-03
1.798369572497904301e-03
1.794998650439083576e-03
1.794440788216888905e-03
1.794278621673583984e-03
1.794151612557470798e-03
1.794027048163115978e-03
1.793903298676013947e-03
1.793778152205049992e-03
1.793652307242155075e-03
1.793539733625948429e-03
1.835843198932707310e-03
1.797495177015662193e-03
1.793786999769508839e-03
1.793208997696638107e-03
1.793030649423599243e-03
1.792902126908302307e-03
1.792781986296176910e-03
1.792661380022764206e-03
1.792540890164673328e-03
1.792419934645295143e-03
1.801209757104516029e-03
1.794943585991859436e-03
1.792282448150217533e-03
1.792068011127412319e-03
1.791915041394531727e-03
1.791797229088842869e-03
1.791681861504912376e-03
1.791566843166947365e-03
1.791451359167695045e-03
1.791335642337799072e-03
1.793096074834465981e-03
1.795607386156916618e-03
1.791903283447027206e-03
1.791095710359513760e-03
