5.728871561586856842e-03
2.611263189464807510e-03
2.287372481077909470e-03
2.206957666203379631e-03
2.144315745681524277e-03
2.100883051753044128e-03
2.066492103040218353e-03
2.039619022980332375e-03
2.018643077462911606e-03
2.002365887165069580e-03
1.989823766052722931e-03
1.980231143534183502e-03
1.972946804016828537e-03
1.967448042705655098e-03
1.963311107829213142e-03
1.960199093446135521e-03
1.957848202437162399e-03
1.956056337803602219e-03
1.954671693965792656e-03
1.953582745045423508e-03
1.952707767486572266e-03
1.951989484950900078e-03
1.951386569999158382e-03
1.950870500877499580e-03
1.950420555658638477e-03
1.950022880919277668e-03
1.949667348526418209e-03
1.949346507899463177e-03
1.949054887518286705e-03
1.948788412846624851e-03
1.948544289916753769e-03
1.948319142684340477e-03
1.948111690580844879e-03
1.947919605299830437e-03
1.947742071934044361e-03
1.947576878592371941e-03
1.947423908859491348e-03
1.947281649336218834e-03
1.947149285115301609e-03
1.947026001289486885e-03
1.946911215782165527e-03
1.946804230101406574e-03
1.946703996509313583e-03
1.946610980667173862e-03
1.946523669175803661e-03
1.946441829204559326e-03
1.946365111507475376e-03
1.946293166838586330e-03
1.946225529536604881e-03
1.946161850355565548e-03
1.946101663634181023e-03
1.946044852957129478e-03
1.945990719832479954e-03
1.945939613506197929e-03
1.945890719071030617e-03
1.945844269357621670e-03
1.945799565874040127e-03
1.945756725035607815e-03
1.945715630427002907e-03
1.945676049217581749e-03
1.945637515746057034e-03
1.945600495673716068e-03
1.945564174093306065e-03
1.945529133081436157e-03
1.945495023392140865e-03
1.945461612194776535e-03
1.945428550243377686e-03
1.945396536029875278e-03
1.945365103892982006e-03
1.945333788171410561e-03
1.945303287357091904e-03
1.945273019373416901e-03
1.945243217051029205e-03
1.945213647559285164e-03
1.945184310898184776e-03
1.945155323483049870e-03
1.945126685313880444e-03
1.945098047144711018e-03
1.945069874636828899e-03
1.945041818544268608e-03
1.945013762451708317e-03
1.944985939189791679e-03
1.944958232343196869e-03
1.944930758327245712e-03
1.944903284311294556e-03
1.944876043125987053e-03
1.944848918356001377e-03
1.944821910001337528e-03
1.944794785231351852e-03
1.944767893292009830e-03
1.944741001352667809e-03
1.944714342243969440e-03
1.944687566719949245e-03
1.944660907611250877e-03
1.944634364917874336e-03
1.944607822224497795e-03
1.944581395946443081e-03
1.944555086083710194e-03
1.944528543390333652e-03
1.944502582773566246e-03
1.944476272910833359e-03
1.944449963048100471e-03
1.944423769600689411e-03
1.944397692568600178e-03
1.944371382705867290e-03
1.944345422089099884e-03
1.944319461472332478e-03
1.944293384440243244e-03
1.944267423823475838e-03
1.944241696037352085e-03
1.944215735420584679e-03
1.944189774803817272e-03
1.944163814187049866e-03
1.944137853570282459e-03
1.944112358614802361e-03
1.944086397998034954e-03
1.944060670211911201e-03
1.944034942425787449e-03
1.944008981809020042e-03
1.943983370438218117e-03
1.943957526236772537e-03
1.943931914865970612e-03
1.943906303495168686e-03
1.943880575709044933e-03
1.943854847922921181e-03
1.943829120136797428e-03
1.943803508765995502e-03
1.943777664564549923e-03
1.943752286024391651e-03
1.943726441822946072e-03
1.943700714036822319e-03
1.943674986250698566e-03
1.943649258464574814e-03
1.943623647093772888e-03
1.943598152138292789e-03
1.943572191521525383e-03
1.943546580150723457e-03
1.943520735949277878e-03
1.943495124578475952e-03
1.943469396792352200e-03
1.943443669006228447e-03
1.943417708389461040e-03
1.943391980603337288e-03
1.943366136401891708e-03
1.943340408615767956e-03
1.943314447999000549e-03
1.943288720212876797e-03
1.943262759596109390e-03
1.943236915394663811e-03
1.943210954777896404e-03
1.943184994161128998e-03
1.943159033544361591e-03
1.943133072927594185e-03
1.943106995895504951e-03
1.943080802448093891e-03
1.943054958246648312e-03
1.943028648383915424e-03
1.943002454936504364e-03
1.942976377904415131e-03
1.942949951626360416e-03
1.942923874594271183e-03
1.942897564731538296e-03
1.942871254868805408e-03
1.942844712175428867e-03
1.942818402312695980e-03
1.942792092449963093e-03
1.942765433341264725e-03
1.942738890647888184e-03
1.942712115123867989e-03
1.942685688845813274e-03
1.942658913321793079e-03
1.942632254213094711e-03
1.942605595104396343e-03
1.942578703165054321e-03
1.942551811225712299e-03
1.942524686455726624e-03
1.942497910931706429e-03
1.942470669746398926e-03
1.942443661391735077e-03
1.942416536621749401e-03
1.942389411851763725e-03
1.942362170666456223e-03
1.942335045896470547e-03
1.942307571880519390e-03
1.942280330695211887e-03
1.942252856679260731e-03
1.942225382663309574e-03
1.942197908647358418e-03
1.942170434631407261e-03
1.942142844200134277e-03
1.942115370184183121e-03
1.942087546922266483e-03
1.942060072906315327e-03
1.942032249644398689e-03
1.942004309967160225e-03
1.941976719535887241e-03
1.941948896273970604e-03
1.941920840181410313e-03
1.941892900504171848e-03
1.941865077242255211e-03
1.941837253980338573e-03
1.941809081472456455e-03
1.941781141795217991e-03
1.941753202117979527e-03
1.941725146025419235e-03
1.941697089932858944e-03
1.941669033840298653e-03
1.941640977747738361e-03
1.941612921655178070e-03
1.941584749147295952e-03
1.941556460224092007e-03
1.941528287716209888e-03
1.941500231623649597e-03
1.941472059115767479e-03
1.941444003023207188e-03
1.941415946930646896e-03
1.941387541592121124e-03
1.941359252668917179e-03
1.941331080161035061e-03
1.941302791237831116e-03
1.941274269483983517e-03
1.941246329806745052e-03
1.941217808052897453e-03
1.941189519129693508e-03
1.941160880960524082e-03
1.941132475621998310e-03
1.941104070283472538e-03
1.941075432114303112e-03
1.941046677529811859e-03
1.941018272191286087e-03
1.940989284776151180e-03
1.940960646606981754e-03
1.940931659191846848e-03
1.940902438946068287e-03
1.940873335115611553e-03
1.940843882039189339e-03
1.940814545378088951e-03
1.940784975886344910e-03
1.940755173563957214e-03
1.940725254826247692e-03
1.940736896358430386e-03
1.951634301804006100e-03
1.941240625455975533e-03
1.940613728947937489e-03
1.940597314387559891e-03
1.940553425811231136e-03
1.940524438396096230e-03
1.940495218150317669e-03
1.940465881489217281e-03
1.940436079166829586e-03
1.940406044013798237e-03
1.940375426784157753e-03
1.940344925969839096e-03
1.940313843078911304e-03
1.940282993018627167e-03
1.963065005838871002e-03
1.941933762282133102e-03
1.940207788720726967e-03
1.940191839821636677e-03
1.940135960467159748e-03
1.940102316439151764e-03
1.940071815624833107e-03
1.940040499903261662e-03
1.940009300597012043e-03
1.939977402798831463e-03
1.939945155754685402e-03
1.939912326633930206e-03
1.939879148267209530e-03
1.939845387823879719e-03
1.939811278134584427e-03
1.939776702784001827e-03
1.941527705639600754e-03
1.947594224475324154e-03
1.940653542988002300e-03
1.939775072969496250e-03
1.939620939083397388e-03
1.939578331075608730e-03
1.939543057233095169e-03
1.939508365467190742e-03
1.939472858794033527e-03
1.939436886459589005e-03
1.939400448463857174e-03
1.939363661222159863e-03
1.939326059073209763e-03
1.939287874847650528e-03
1.939259236678481102e-03
1.957769040018320084e-03
1.942049944773316383e-03
1.939469482749700546e-03
1.939121633768081665e-03
1.939073903486132622e-03
1.939032925292849541e-03
1.938994158990681171e-03
1.938954461365938187e-03
1.938914880156517029e-03
1.938874251209199429e-03
1.938833389431238174e-03
1.938791829161345959e-03
1.938749686814844608e-03
1.938707078807055950e-03
1.939515117555856705e-03
1.949815545231103897e-03
1.939656212925910950e-03
1.938571454957127571e-03
1.938548753969371319e-03
1.938483212143182755e-03
1.938439672812819481e-03
1.938397763296961784e-03
1.938355155289173126e-03
1.938312663696706295e-03
1.938269590027630329e-03
1.938226050697267056e-03
1.938182045705616474e-03
1.938137924298644066e-03
1.938093570061028004e-03
1.938048750162124634e-03
1.938003464601933956e-03
1.937958528287708759e-03
1.953603001311421394e-03
1.944473362527787685e-03
1.937988214194774628e-03
1.937924884259700775e-03
1.937769236974418163e-03
1.937720458954572678e-03
1.937676570378243923e-03
1.937632681801915169e-03
1.937589258886873722e-03
1.937545486725866795e-03
1.937501481734216213e-03
1.937457825988531113e-03
1.937413704581558704e-03
1.937369699589908123e-03
1.937325461767613888e-03
1.937280991114675999e-03
1.938084722496569157e-03
1.943552750162780285e-03
1.938036293722689152e-03
1.937246997840702534e-03
1.937089487910270691e-03
1.937045250087976456e-03
1.937001012265682220e-03
1.936958869919180870e-03
1.936916494742035866e-03
1.936874352395534515e-03
1.936832210049033165e-03
1.936789834871888161e-03
1.936747459694743156e-03
1.936704968102276325e-03
1.936757820658385754e-03
1.955508021637797356e-03
1.938120927661657333e-03
1.936580054461956024e-03
1.936520682647824287e-03
1.936480635777115822e-03
1.936438726261258125e-03
1.936397165991365910e-03
1.936356537044048309e-03
1.936315442435443401e-03
1.936274697072803974e-03
1.936233486048877239e-03
1.936192042194306850e-03
1.936150481924414635e-03
1.936108572408556938e-03
1.936082844622433186e-03
1.938531990163028240e-03
1.938141998834908009e-03
1.936198561452329159e-03
1.935929059982299805e-03
1.935886917635798454e-03
1.935844426043331623e-03
1.935802749358117580e-03
1.935760839842259884e-03
1.935718813911080360e-03
1.935676322318613529e-03
1.935633365064859390e-03
1.935589942149817944e-03
1.935546053573489189e-03
1.935501466505229473e-03
1.935456413775682449e-03
1.940140500664710999e-03
1.938375411555171013e-03
1.935863983817398548e-03
1.935307402163743973e-03
1.935267355293035507e-03
1.935215317644178867e-03
1.935168053023517132e-03
1.935122301802039146e-03
1.935075386427342892e-03
1.935028238222002983e-03
1.934979925863444805e-03
1.934930798597633839e-03
1.934882253408432007e-03
1.989257056266069412e-03
1.939411857165396214e-03
1.934816362336277962e-03
1.934777828864753246e-03
1.934668282046914101e-03
1.934608560986816883e-03
1.934555359184741974e-03
1.934502506628632545e-03
1.934448722749948502e-03
1.934394007548689842e-03
1.934338128194212914e-03
1.934281084686517715e-03
1.934223109856247902e-03
1.934163621626794338e-03
1.934103784151375294e-03
1.949725323356688023e-03
1.936637680046260357e-03
1.934146042913198471e-03
1.933920662850141525e-03
1.933825202286243439e-03
1.933759311214089394e-03
1.933695166371762753e-03
1.933629973791539669e-03
1.933563966304063797e-03
1.944058574736118317e-03
1.936194137670099735e-03
1.933879568241536617e-03
1.933362102136015892e-03
1.933245803229510784e-03
1.933175954036414623e-03
1.933102728798985481e-03
1.933029154315590858e-03
1.932954182848334312e-03
1.932877697981894016e-03
1.932799117639660835e-03
1.932719023898243904e-03
1.932637183926999569e-03
1.933163730427622795e-03
1.937814638949930668e-03
1.933268271386623383e-03
1.932434039190411568e-03
1.932256272993981838e-03
1.932167331688106060e-03
1.932078856043517590e-03
1.931989798322319984e-03
1.931898412294685841e-03
1.931809238158166409e-03
1.957614440470933914e-03
1.935591804794967175e-03
1.931612147018313408e-03
1.931491075083613396e-03
1.931333332322537899e-03
1.931227394379675388e-03
1.931119477376341820e-03
1.931008300743997097e-03
1.930893631651997566e-03
1.930775004439055920e-03
1.930652186274528503e-03
1.930524595081806183e-03
1.931702368892729282e-03
1.931243110448122025e-03
1.930253580212593079e-03
1.930100144818425179e-03
1.929897814989089966e-03
1.929747173562645912e-03
1.929596997797489166e-03
1.929439487867057323e-03
1.929274643771350384e-03
1.929101534187793732e-03
1.928918762132525444e-03
1.928725745528936386e-03
1.928530051372945309e-03
1.944141695275902748e-03
1.930263126268982887e-03
1.928007230162620544e-03
1.927640638314187527e-03
1.927385106682777405e-03
1.927105709910392761e-03
1.926810829900205135e-03
1.926494529470801353e-03
1.926153898239135742e-03
1.925785443745553493e-03
1.925386022776365280e-03
1.924969605170190334e-03
1.930951606482267380e-03
1.924723619595170021e-03
1.923582400195300579e-03
1.922990777529776096e-03
1.922368188388645649e-03
1.921704038977622986e-03
1.941849477589130402e-03
1.921854680404067039e-03
1.919588772580027580e-03
1.918390044011175632e-03
1.917314832098782063e-03
1.916151726618409157e-03
1.914859749376773834e-03
1.913474639877676964e-03
1.918877358548343182e-03
1.911175088025629520e-03
1.908521167933940887e-03
1.906537916511297226e-03
1.904386328533291817e-03
1.902068266645073891e-03
1.902593998238444328e-03
1.900677219964563847e-03
1.894802087917923927e-03
1.891608815640211105e-03
1.888632890768349171e-03
1.891718246042728424e-03
1.882940996438264847e-03
1.880092546343803406e-03
1.876834197901189327e-03
1.873815082944929600e-03
1.870809704996645451e-03
1.867821440100669861e-03
1.897095469757914543e-03
1.864781370386481285e-03
1.859970972873270512e-03
1.857075490988790989e-03
1.854582689702510834e-03
1.852180226705968380e-03
1.849885564297437668e-03
1.847701263613998890e-03
1.885309582576155663e-03
1.847386476583778858e-03
1.842537312768399715e-03
1.840740907937288284e-03
1.839241012930870056e-03
1.837874995544552803e-03
1.836597919464111328e-03
1.835403731092810631e-03
1.834614085964858532e-03
1.834267051890492439e-03
1.832440844736993313e-03
1.831516390666365623e-03
1.830660738050937653e-03
1.829847111366689205e-03
1.829082844778895378e-03
1.828352338634431362e-03
1.827651518397033215e-03
1.826980500482022762e-03
1.852822490036487579e-03
1.828266307711601257e-03
1.825592014938592911e-03
1.824725535698235035e-03
1.824184553697705269e-03
1.823673257604241371e-03
1.823181053623557091e-03
1.822707359679043293e-03
1.850797212682664394e-03
1.822073129005730152e-03
1.821688259951770306e-03
1.821041689254343510e-03
1.820627949200570583e-03
1.820245641283690929e-03
1.820441335439682007e-03
1.819784636609256268e-03
1.819987781345844269e-03
1.818918506614863873e-03
1.818608841858804226e-03
1.818297896534204483e-03
1.817998825572431087e-03
1.817704760469496250e-03
1.817416283302009106e-03
1.817132579162716866e-03
1.817455282434821129e-03
1.825864892452955246e-03
1.817369367927312851e-03
1.816186122596263885e-03
1.815887750126421452e-03
1.836462761275470257e-03
1.817747019231319427e-03
1.815252820961177349e-03
1.814956194721162319e-03
1.814733259379863739e-03
1.814508810639381409e-03
1.814285991713404655e-03
1.814064220525324345e-03
1.813843497075140476e-03
1.813623355701565742e-03
1.814155373722314835e-03
1.816959120333194733e-03
1.813001232221722603e-03
1.812873757444322109e-03
1.812593080103397369e-03
1.812645816244184971e-03
1.816713833250105381e-03
1.812542672269046307e-03
1.811904250644147396e-03
1.811621012166142464e-03
1.811425550840795040e-03
1.811229623854160309e-03
1.811033580452203751e-03
1.810836954973638058e-03
1.810639514587819576e-03
1.810441724956035614e-03
1.835425151512026787e-03
1.811513910070061684e-03
1.809921814128756523e-03
1.809711568057537079e-03
1.809528097510337830e-03
1.818511867895722389e-03
1.809791312552988529e-03
1.808988163247704506e-03
1.808793633244931698e-03
1.808610628359019756e-03
1.808420871384441853e-03
1.808232860639691353e-03
1.808043452911078930e-03
1.807851949706673622e-03
1.807663124054670334e-03
1.836635870859026909e-03
1.808001310564577579e-03
1.807491644285619259e-03
1.806927029974758625e-03
1.806739717721939087e-03
1.806874759495258331e-03
1.808546949177980423e-03
1.806987333111464977e-03
1.806021318770945072e-03
1.805812935344874859e-03
1.805621082894504070e-03
1.805429230444133282e-03
1.805234467610716820e-03
1.805038074962794781e-03
1.804844243451952934e-03
1.829586690291762352e-03
1.804830855689942837e-03
1.804370083846151829e-03
1.804136438295245171e-03
1.803901279345154762e-03
1.803707797080278397e-03
1.819884288124740124e-03
1.804100349545478821e-03
1.803428633138537407e-03
1.802972168661653996e-03
1.802734681405127048e-03
1.802532933652400970e-03
1.802329788915812969e-03
1.802124781534075737e-03
1.813840004615485668e-03
1.803706283681094646e-03
1.801690203137695789e-03
1.801412319764494896e-03
1.801189384423196316e-03
1.800986472517251968e-03
1.800794503651559353e-03
1.819488126784563065e-03
1.802200218662619591e-03
1.800473313778638840e-03
1.800035010091960430e-03
1.799817080609500408e-03
1.799609744921326637e-03
1.799417310394346714e-03
1.815716736018657684e-03
1.799080404452979565e-03
1.799111138097941875e-03
1.798636163584887981e-03
1.798426965251564980e-03
1.798219978809356689e-03
1.798010198399424553e-03
1.798271900042891502e-03
1.798543147742748260e-03
1.797970151528716087e-03
1.797261997126042843e-03
1.796973403543233871e-03
1.797107630409300327e-03
1.801666221581399441e-03
1.796727301552891731e-03
1.796194585040211678e-03
1.795915537513792515e-03
1.795691670849919319e-03
1.795464660972356796e-03
1.795308664441108704e-03
1.796771190129220486e-03
1.795263611711561680e-03
1.794676529243588448e-03
1.794382580555975437e-03
1.794127631001174450e-03
1.794134499505162239e-03
1.799945021048188210e-03
1.793432515114545822e-03
1.793284201994538307e-03
1.792956842109560966e-03
1.792705268599092960e-03
1.816302770748734474e-03
1.794415642507374287e-03
1.792087336070835590e-03
1.791759277693927288e-03
1.791487797163426876e-03
1.791226095519959927e-03
1.790961017832159996e-03
1.790690352208912373e-03
1.790413632988929749e-03
1.790916197933256626e-03
1.798045705072581768e-03
1.789706177078187466e-03
1.789526897482573986e-03
1.789101166650652885e-03
1.788807683624327183e-03
1.788518507964909077e-03
1.788416644558310509e-03
1.795617630705237389e-03
1.787714310921728611e-03
1.787395798601210117e-03
1.787045970559120178e-03
1.786722918041050434e-03
1.786404405720531940e-03
1.786160632036626339e-03
1.791872782632708549e-03
1.786647015251219273e-03
1.785300788469612598e-03
1.784852123819291592e-03
1.784487860277295113e-03
1.784142688848078251e-03
1.783794374205172062e-03
1.783439191058278084e-03
1.783083891496062279e-03
1.799259916879236698e-03
1.783841289579868317e-03
1.782810897566378117e-03
1.785693690180778503e-03
1.781787839718163013e-03
1.781037310138344765e-03
1.780602615326642990e-03
1.780281425453722477e-03
1.798355602659285069e-03
1.780359656549990177e-03
1.779229496605694294e-03
1.778836827725172043e-03
1.778438570909202099e-03
1.778062782250344753e-03
1.778131001628935337e-03
1.786423497833311558e-03
1.777302357368171215e-03
1.776637975126504898e-03
1.776280347257852554e-03
1.775897690095007420e-03
1.775532495230436325e-03
1.784905907697975636e-03
1.774859149008989334e-03
1.774643082171678543e-03
1.774200238287448883e-03
1.784728025086224079e-03
1.774758682586252689e-03
1.773183001205325127e-03
1.772772753611207008e-03
1.772502087987959385e-03
1.772341434843838215e-03
1.772338990122079849e-03
1.771621871739625931e-03
1.771123032085597515e-03
1.770792179740965366e-03
1.770457834936678410e-03
1.770151429809629917e-03
1.790636801160871983e-03
1.770752132870256901e-03
1.769248512573540211e-03
1.768926042132079601e-03
1.768606947734951973e-03
1.768287620507180691e-03
1.767979585565626621e-03
1.786331878975033760e-03
1.769093330949544907e-03
1.767169102095067501e-03
1.766795059666037560e-03
1.766798202879726887e-03
1.771314535290002823e-03
1.766021829098463058e-03
1.765754073858261108e-03
1.765373512171208858e-03
1.765087246894836426e-03
1.764794928021728992e-03
1.765071414411067963e-03
1.772980438545346260e-03
1.764588872902095318e-03
1.763846375979483128e-03
1.763441832736134529e-03
1.763145439326763153e-03
1.762859057635068893e-03
1.762572210282087326e-03
1.762339146807789803e-03
1.783006242476403713e-03
1.761907711625099182e-03
1.761838095262646675e-03
1.761287800036370754e-03
1.761014107614755630e-03
1.760738901793956757e-03
1.760465209372341633e-03
1.760190352797508240e-03
1.762663247063755989e-03
1.765150809660553932e-03
1.760308048687875271e-03
1.759264850988984108e-03
1.758950413204729557e-03
1.758674159646034241e-03
1.758408732712268829e-03
1.758142840117216110e-03
1.757874852046370506e-03
1.757604186423122883e-03
1.758216065354645252e-03
1.771807437762618065e-03
1.757880556397140026e-03
1.756682875566184521e-03
1.756404642947018147e-03
1.756147015839815140e-03
1.755884848535060883e-03
1.755621866323053837e-03
1.755356322973966599e-03
1.755087985657155514e-03
1.754816737957298756e-03
1.754542929120361805e-03
1.755436067469418049e-03
1.770746195688843727e-03
1.754518831148743629e-03
1.753777032718062401e-03
1.753338612616062164e-03
1.753066200762987137e-03
1.752800657413899899e-03
1.752533717080950737e-03
1.752264332026243210e-03
1.752535230480134487e-03
1.756204175762832165e-03
1.751930569298565388e-03
1.751244650222361088e-03
1.750974217429757118e-03
1.750707160681486130e-03
1.750454655848443508e-03
1.784870866686105728e-03
1.752597745507955551e-03
1.750337192788720131e-03
1.749521354213356972e-03
1.749171060509979725e-03
1.748899812810122967e-03
1.748625887557864189e-03
1.748349284753203392e-03
1.750566996634006500e-03
1.757425605319440365e-03
1.747907255776226521e-03
1.747484900988638401e-03
1.747101196087896824e-03
1.746803638525307178e-03
1.746526104398071766e-03
1.746246474795043468e-03
1.745964400470256805e-03
1.745680579915642738e-03
1.774429692886769772e-03
1.750904018990695477e-03
1.745205256156623363e-03
1.744718290865421295e-03
1.744405715726315975e-03
1.744128763675689697e-03
1.743850298225879669e-03
1.743570319376885891e-03
1.743287197314202785e-03
1.743001281283795834e-03
1.742712222039699554e-03
1.742420718073844910e-03
1.856415183283388615e-03
1.751409727148711681e-03
1.742907916195690632e-03
1.741531188599765301e-03
1.741233048960566521e-03
1.740958774462342262e-03
1.740686362609267235e-03
1.740413950756192207e-03
1.740138744935393333e-03
1.739860861562192440e-03
1.739579951390624046e-03
1.739295898005366325e-03
1.739009050652384758e-03
1.738719176501035690e-03
1.738426159135997295e-03
1.738138962537050247e-03
1.750612049363553524e-03
1.739584724418818951e-03
1.737481798045337200e-03
1.737073878757655621e-03
1.736753038130700588e-03
1.736474339850246906e-03
1.740669598802924156e-03
1.739380648359656334e-03
1.736452453769743443e-03
1.735442085191607475e-03
1.735139288939535618e-03
1.734844176098704338e-03
1.734560704790055752e-03
1.734277349896728992e-03
1.734091085381805897e-03
1.736040459945797920e-03
1.737007522024214268e-03
1.733254524879157543e-03
1.733007957227528095e-03
1.732695731334388256e-03
1.732419594191014767e-03
1.732146018184721470e-03
1.731872325763106346e-03
1.731597818434238434e-03
1.731325522996485233e-03
1.765412627719342709e-03
1.739334082230925560e-03
1.731177093461155891e-03
1.730355201289057732e-03
1.730104791931807995e-03
1.729839481413364410e-03
1.729583367705345154e-03
1.729329233057796955e-03
1.729075564071536064e-03
1.728822244331240654e-03
1.728569157421588898e-03
1.728337025269865990e-03
1.738011837005615234e-03
1.730833784677088261e-03
1.727894181385636330e-03
1.727453898638486862e-03
1.727225491777062416e-03
1.726993708871304989e-03
1.726767281070351601e-03
1.726542483083903790e-03
1.726318267174065113e-03
1.726094982586801052e-03
1.725872396491467953e-03
1.725650741718709469e-03
1.725716749206185341e-03
1.735178753733634949e-03
1.726026879623532295e-03
1.725137233734130859e-03
1.724744332022964954e-03
1.724505913443863392e-03
1.724315574392676353e-03
1.724126166664063931e-03
1.723937923088669777e-03
1.723749912343919277e-03
1.723562949337065220e-03
1.723376801237463951e-03
1.723191351629793644e-03
1.724188565276563168e-03
1.731425290927290916e-03
1.723303925246000290e-03
1.722552813589572906e-03
1.722409739159047604e-03
1.722215209156274796e-03
1.722049899399280548e-03
1.721884706057608128e-03
1.721720793284475803e-03
1.721557579003274441e-03
1.721394713968038559e-03
1.721232780255377293e-03
1.721071428619325161e-03
1.724481931887567043e-03
1.731815515086054802e-03
1.721272012218832970e-03
1.720579923130571842e-03
1.720398082397878170e-03
1.720239641144871712e-03
1.720093889161944389e-03
1.719951629638671875e-03
1.719809719361364841e-03
1.719668740406632423e-03
1.719527761451900005e-03
1.719387597404420376e-03
1.719247782602906227e-03
1.719108549878001213e-03
1.728715491481125355e-03
1.723143737763166428e-03
1.720674801617860794e-03
1.718862913548946381e-03
1.718548592180013657e-03
1.718397485092282295e-03
1.718271058052778244e-03
1.718147657811641693e-03
1.718024606816470623e-03
1.717901788651943207e-03
1.717779319733381271e-03
1.717657083645462990e-03
1.717539154924452305e-03
1.722437678836286068e-03
1.717753126285970211e-03
1.718367682769894600e-03
1.722055952996015549e-03
1.717436942271888256e-03
1.717563951388001442e-03
1.726127811707556248e-03
1.716653350740671158e-03
1.716551952995359898e-03
1.717626000754535198e-03
1.716342871077358723e-03
1.716624014079570770e-03
1.716232276521623135e-03
1.716027734801173210e-03
1.716006780043244362e-03
1.733457902446389198e-03
1.717665814794600010e-03
1.715802354738116264e-03
1.715604681521654129e-03
1.715448335744440556e-03
1.715348917059600353e-03
1.715249614790081978e-03
1.715150428935885429e-03
1.715053105726838112e-03
1.722213346511125565e-03
1.725751208141446114e-03
1.714940415695309639e-03
1.714889425784349442e-03
1.714631449431180954e-03
1.714517944492399693e-03
1.714421785436570644e-03
1.714328303933143616e-03
1.714235055260360241e-03
1.714141457341611385e-03
1.714047626592218876e-03
1.714274170808494091e-03
1.734232995659112930e-03
1.716507133096456528e-03
1.714023877866566181e-03
1.713681383989751339e-03
1.713548670522868633e-03
1.713461475446820259e-03
1.713373465463519096e-03
1.713286153972148895e-03
1.713198609650135040e-03
1.713110716082155704e-03
1.713022240437567234e-03
1.712935743853449821e-03
1.748839858919382095e-03
1.717518432997167110e-03
1.712929690256714821e-03
1.712681143544614315e-03
1.712560770101845264e-03
1.712463912554085255e-03
1.712381490506231785e-03
1.712299650534987450e-03
1.712217344902455807e-03
1.712134922854602337e-03
1.712051569484174252e-03
1.711967983283102512e-03
1.712152385152876377e-03
1.712670898996293545e-03
1.716033904813230038e-03
1.711717573925852776e-03
1.711677177809178829e-03
1.711538992822170258e-03
1.711454708129167557e-03
1.711375545710325241e-03
1.711296383291482925e-03
1.711217104457318783e-03
1.711137127131223679e-03
1.711056684143841267e-03
1.710975426249206066e-03
1.710893819108605385e-03
1.710811164230108261e-03
1.710728276520967484e-03
1.710644457489252090e-03
1.712908269837498665e-03
1.729887910187244415e-03
1.712605822831392288e-03
1.710595679469406605e-03
1.710300450213253498e-03
1.710194977931678295e-03
1.710113137960433960e-03
1.710031297989189625e-03
1.709949458017945290e-03
1.709866453893482685e-03
1.709782984107732773e-03
1.709698466584086418e-03
1.709613134153187275e-03
1.709527568891644478e-03
1.715894322842359543e-03
1.720022875815629959e-03
1.710215117782354355e-03
1.709257834590971470e-03
1.709163654595613480e-03
1.709063886664807796e-03
1.708979369141161442e-03
1.708896248601377010e-03
1.708812662400305271e-03
1.708728028461337090e-03
1.708641997538506985e-03
1.708555151708424091e-03
1.708467258140444756e-03
1.714686979539692402e-03
1.711064134724438190e-03
1.710449694655835629e-03
1.708167837932705879e-03
1.708101015537977219e-03
1.707996474578976631e-03
1.707906718365848064e-03
1.707819174043834209e-03
1.707730465568602085e-03
1.707640825770795345e-03
1.707549672573804855e-03
1.707457355223596096e-03
1.707363873720169067e-03
1.707268878817558289e-03
1.707172486931085587e-03
1.707074930891394615e-03
1.706982031464576721e-03
1.775795710273087025e-03
1.713524572551250458e-03
1.707038842141628265e-03
1.706730574369430542e-03
1.706548617221415043e-03
1.706437673419713974e-03
1.706338487565517426e-03
1.706238719634711742e-03
1.706137787550687790e-03
1.706034759990870953e-03
1.705930684693157673e-03
1.705824630334973335e-03
1.705717062577605247e-03
1.705607515759766102e-03
1.705662929452955723e-03
1.724294619634747505e-03
1.706633949652314186e-03
1.705463393591344357e-03
1.705135684460401535e-03
1.704994356259703636e-03
1.704881200566887856e-03
1.704769441857933998e-03
1.704657101072371006e-03
1.704542897641658783e-03
1.704426482319831848e-03
1.704308320768177509e-03
1.704372349195182323e-03
1.731421216391026974e-03
1.705920207314193249e-03
1.703904476016759872e-03
1.703761634416878223e-03
1.703643240034580231e-03
1.703515998087823391e-03
1.703392714262008667e-03
1.703268033452332020e-03
1.703141024336218834e-03
1.703012268990278244e-03
1.702881418168544769e-03
1.702748471871018410e-03
1.702613197267055511e-03
1.702476292848587036e-03
1.707358169369399548e-03
1.710993121378123760e-03
1.702972222119569778e-03
1.702064066193997860e-03
1.701844390481710434e-03
1.701699919067323208e-03
1.701557077467441559e-03
1.701415050774812698e-03
1.701271394267678261e-03
1.701125642284750938e-03
1.700978027656674385e-03
1.700827735476195812e-03
1.700675697065889835e-03
1.700527966022491455e-03
1.762453815899789333e-03
1.703239395283162594e-03
1.700684661045670509e-03
1.699991174973547459e-03
1.699830056168138981e-03
1.699671847745776176e-03
1.699520857073366642e-03
1.699369400739669800e-03
1.699215616099536419e-03
1.699060434475541115e-03
1.698902691714465618e-03
1.698743435554206371e-03
1.698711188510060310e-03
1.733555924147367477e-03
1.699393382295966148e-03
1.698275329545140266e-03
1.698042964562773705e-03
1.697841798886656761e-03
1.697678118944168091e-03
1.697517000138759613e-03
1.697353669442236423e-03
1.697188941761851311e-03
1.697022235020995140e-03
1.696854014880955219e-03
1.696683815680444241e-03
1.696511637419462204e-03
1.696338062174618244e-03
1.696162507869303226e-03
1.696376013569533825e-03
1.702417735941708088e-03
1.699106185697019100e-03
1.695592422038316727e-03
1.695410930551588535e-03
1.695193466730415821e-03
1.695016399025917053e-03
1.694843871518969536e-03
1.694670645520091057e-03
1.694495673291385174e-03
1.694319653324782848e-03
1.694142119958996773e-03
1.693962840363383293e-03
1.693782163783907890e-03
1.693600090220570564e-03
1.693416154012084007e-03
1.693231170065701008e-03
1.693341415375471115e-03
1.695932354778051376e-03
1.696386258117854595e-03
1.692667137831449509e-03
1.692450256086885929e-03
1.692219288088381290e-03
1.692039310000836849e-03
1.691862591542303562e-03
1.691685058176517487e-03
1.691506942734122276e-03
1.691326848231256008e-03
1.691146055236458778e-03
1.690963748842477798e-03
1.690779812633991241e-03
1.690594595856964588e-03
1.690408797003328800e-03
1.699256477877497673e-03
1.694425940513610840e-03
1.690642675384879112e-03
1.689741504378616810e-03
1.689539290964603424e-03
1.689383643679320812e-03
1.705725095234811306e-03
1.693316269665956497e-03
1.688880147412419319e-03
1.688651042059063911e-03
1.688454765826463699e-03
1.688275136984884739e-03
1.688095857389271259e-03
1.689326250925660133e-03
1.697861007414758205e-03
1.688950345851480961e-03
1.687618787400424480e-03
1.687210286036133766e-03
1.687031355686485767e-03
1.686847652308642864e-03
1.686664880253374577e-03
1.686481060460209846e-03
1.686841365881264210e-03
1.706641749478876591e-03
1.686202944256365299e-03
1.685894327238202095e-03
1.685621216893196106e-03
1.685417373664677143e-03
1.685236347839236259e-03
1.685052877292037010e-03
1.684868359006941319e-03
1.684682792983949184e-03
1.684495829977095127e-03
1.684327609837055206e-03
1.692554564215242863e-03
1.686504925601184368e-03
1.683986629359424114e-03
1.683656242676079273e-03
1.683464040979743004e-03
1.683275913819670677e-03
1.683098147623240948e-03
1.682918868027627468e-03
1.682738889940083027e-03
1.682557398453354836e-03
1.682374742813408375e-03
1.682190224528312683e-03
1.682004891335964203e-03
1.681818976067006588e-03
1.694130711257457733e-03
1.681781955994665623e-03
1.681519672274589539e-03
1.681246561929583549e-03
1.680967630818486214e-03
1.680775545537471771e-03
1.680594636127352715e-03
1.680413726717233658e-03
1.680232235230505466e-03
1.680049113929271698e-03
1.679865061305463314e-03
1.679679495282471180e-03
1.679492532275617123e-03
1.679307548329234123e-03
1.758454833179712296e-03
1.682881847955286503e-03
1.679384149610996246e-03
1.678702887147665024e-03
1.678478904068470001e-03
1.678309636190533638e-03
1.678137923590838909e-03
1.677967025898396969e-03
1.677794964052736759e-03
1.677621854469180107e-03
1.677447464317083359e-03
1.677271793596446514e-03
1.677095191553235054e-03
1.676918007433414459e-03
1.688247662968933582e-03
1.677099149674177170e-03
1.677106018178164959e-03
1.676465151831507683e-03
1.676089828833937645e-03
1.675921608693897724e-03
1.675749197602272034e-03
1.675576786510646343e-03
1.675403793342411518e-03
1.675229636020958424e-03
1.675054314546287060e-03
1.674878061749041080e-03
1.674700528383255005e-03
1.674526138231158257e-03
1.748007722198963165e-03
1.675662235356867313e-03
1.675232429988682270e-03
1.673904363997280598e-03
1.673739054240286350e-03
1.673568272963166237e-03
1.673401566222310066e-03
1.673235441558063030e-03
1.673068734817206860e-03
1.672900863923132420e-03
1.672732178121805191e-03
1.672561978921294212e-03
1.672391081228852272e-03
1.672219252213835716e-03
1.672046026214957237e-03
1.671871868893504143e-03
1.671814359724521637e-03
1.691987388767302036e-03
1.672267331741750240e-03
1.671567093580961227e-03
1.671080593951046467e-03
1.670911791734397411e-03
1.670744270086288452e-03
1.670579891651868820e-03
1.670415047556161880e-03
1.670249155722558498e-03
1.670082099735736847e-03
1.669914228841662407e-03
1.669745193794369698e-03
1.676203100942075253e-03
1.673057093285024166e-03
1.669491874054074287e-03
1.669190940447151661e-03
1.668998273089528084e-03
1.668809447437524796e-03
1.668648445047438145e-03
1.668486394919455051e-03
1.668323529884219170e-03
1.668159267865121365e-03
1.667993841692805290e-03
1.667827600613236427e-03
1.667659496888518333e-03
1.667490345425903797e-03
1.667413860559463501e-03
1.702970475889742374e-03
1.670159865170717239e-03
1.667178701609373093e-03
1.666762633249163628e-03
1.666578580625355244e-03
1.666415017098188400e-03
1.666257274337112904e-03
1.666098600253462791e-03
1.665938529185950756e-03
1.665777177549898624e-03
1.665614428929984570e-03
1.665450283326208591e-03
1.665284275077283382e-03
1.665116986259818077e-03
1.664948649704456329e-03
1.726011978462338448e-03
1.665029092691838741e-03
1.666052150540053844e-03
1.664362265728414059e-03
1.664203591644763947e-03
1.664033276028931141e-03
1.663870993070304394e-03
1.663709175772964954e-03
1.663545961491763592e-03
1.663381117396056652e-03
1.663214410655200481e-03
1.663045608438551426e-03
1.662875292822718620e-03
1.662702881731092930e-03
1.662528607994318008e-03
1.662352005951106548e-03
1.662637689150869846e-03
1.674080267548561096e-03
1.664089970290660858e-03
1.661883085034787655e-03
1.661557005718350410e-03
1.661360845901072025e-03
1.661189249716699123e-03
1.661014859564602375e-03
1.660838257521390915e-03
1.660659210756421089e-03
1.660477370023727417e-03
1.660292386077344418e-03
1.660105073824524879e-03
1.662957132793962955e-03
1.678120926953852177e-03
1.661743153817951679e-03
1.659681322053074837e-03
1.659243018366396427e-03
1.659028232097625732e-03
1.658834051340818405e-03
1.658637542277574539e-03
1.658436493016779423e-03
1.658231485635042191e-03
1.658021472394466400e-03
1.657806220464408398e-03
1.657585846260190010e-03
1.657361979596316814e-03
1.702402019873261452e-03
1.666642958298325539e-03
1.657460699789226055e-03
1.656539854593575001e-03
1.656276988796889782e-03
1.656032865867018700e-03
1.655785716138780117e-03
1.655533793382346630e-03
1.655274187214672565e-03
1.655006897635757923e-03
1.654731691814959049e-03
1.654448686167597771e-03
1.654158346354961395e-03
1.721806242130696774e-03
1.655357307754456997e-03
1.654486055485904217e-03
1.653147861361503601e-03
1.652813283726572990e-03
1.652497798204421997e-03
1.652195933274924755e-03
1.651893137022852898e-03
1.651587081141769886e-03
1.651277882046997547e-03
1.650966238230466843e-03
1.650652266107499599e-03
1.650336780585348606e-03
1.650019432418048382e-03
1.649701036512851715e-03
1.649383106268942356e-03
1.688663847744464874e-03
1.660414854995906353e-03
1.649904646910727024e-03
1.648368779569864273e-03
1.647956436499953270e-03
1.647659693844616413e-03
1.647367840632796288e-03
1.647075754590332508e-03
1.646782970055937767e-03
1.646489254198968410e-03
1.646194607019424438e-03
1.645898912101984024e-03
1.645601936616003513e-03
1.645696233026683331e-03
1.647518249228596687e-03
1.649000681936740875e-03
1.644584233872592449e-03
1.644278294406831264e-03
1.643988769501447678e-03
1.643709489144384861e-03
1.643431955017149448e-03
1.643152558244764805e-03
1.642871997319161892e-03
1.642589922994375229e-03
1.642306102439761162e-03
1.642020768485963345e-03
1.641733455471694469e-03
1.641444745473563671e-03
1.641182810999453068e-03
1.658244989812374115e-03
1.644883654080331326e-03
1.640914706513285637e-03
1.640111557208001614e-03
1.639844500459730625e-03
1.639563706703484058e-03
1.639287569560110569e-03
1.639010966755449772e-03
1.638732501305639744e-03
1.638452871702611446e-03
1.638171379454433918e-03
1.637889072299003601e-03
1.650554244406521320e-03
1.638496178202331066e-03
1.637675799429416656e-03
1.637054956518113613e-03
1.636592089198529720e-03
1.636320608668029308e-03
1.636047847568988800e-03
1.635775901377201080e-03
1.635502558201551437e-03
1.635227934457361698e-03
1.634951331652700901e-03
1.634673215448856354e-03
1.634430838748812675e-03
1.634914893656969070e-03
1.634916989132761955e-03
1.633829437196254730e-03
1.633409876376390457e-03
1.633134786970913410e-03
1.632870640605688095e-03
1.632604165934026241e-03
1.632337574847042561e-03
1.632069586776196957e-03
1.631799619644880295e-03
1.631528604775667191e-03
1.631255727261304855e-03
1.630985643714666367e-03
1.687979791313409805e-03
1.633016974665224552e-03
1.630775397643446922e-03
1.630085520446300507e-03
1.629762235097587109e-03
1.629494829103350639e-03
