2.434936817735433578e-03
2.027655718848109245e-03
1.963279210031032562e-03
1.956897322088479996e-03
1.953203463926911354e-03
1.951665501110255718e-03
1.950373756699264050e-03
1.949310302734375000e-03
1.948425197042524815e-03
1.947684446349740028e-03
1.947062672115862370e-03
1.946539035998284817e-03
1.946097938343882561e-03
1.945725525729358196e-03
1.945410156622529030e-03
1.945142750628292561e-03
1.944914227351546288e-03
1.944718533195555210e-03
1.944548799656331539e-03
1.944400370121002197e-03
1.944269170053303242e-03
1.944152056239545345e-03
1.944045536220073700e-03
1.943947980180382729e-03
1.943857525475323200e-03
1.943772425875067711e-03
1.943691982887685299e-03
1.943615265190601349e-03
1.943542039953172207e-03
1.943470910191535950e-03
1.943402225151658058e-03
1.943335519172251225e-03
1.943270675837993622e-03
1.943207462318241596e-03
1.943146111443638802e-03
1.943086157552897930e-03
1.943027600646018982e-03
1.942970557138323784e-03
1.942915259860455990e-03
1.942861126735806465e-03
1.942808623425662518e-03
1.942757400684058666e-03
1.942707574926316738e-03
1.942659146152436733e-03
1.942611997947096825e-03
1.942566246725618839e-03
1.942521659657359123e-03
1.942478353157639503e-03
1.942436327226459980e-03
1.942395581863820553e-03
1.942355651408433914e-03
1.942317350767552853e-03
1.942279981449246407e-03
1.942243659868836403e-03
1.942208386026322842e-03
1.942174043506383896e-03
1.942140865139663219e-03
1.942108501680195332e-03
1.942077185958623886e-03
1.942046685144305229e-03
1.942016882821917534e-03
1.941987895406782627e-03
1.941960072144865990e-03
1.941932598128914833e-03
1.941906171850860119e-03
1.941879978403449059e-03
1.941854949109256268e-03
1.941830385476350784e-03
1.944928313605487347e-03
1.942031085491180420e-03
1.943890471011400223e-03
1.941922702826559544e-03
1.941758440807461739e-03
1.941715017892420292e-03
1.941696275025606155e-03
1.941678230650722980e-03
1.941660302691161633e-03
1.941642723977565765e-03
1.941625378094613552e-03
1.941608381457626820e-03
1.941591966897249222e-03
1.941575552336871624e-03
1.941559603437781334e-03
1.941591966897249222e-03
1.954525709152221680e-03
1.946332165971398354e-03
1.941685797646641731e-03
1.941518508829176426e-03
1.941493013873696327e-03
1.941474620252847672e-03
1.941461698152124882e-03
1.941448776051402092e-03
1.941435970366001129e-03
1.941423746757209301e-03
1.941411406733095646e-03
1.941398950293660164e-03
1.941386959515511990e-03
1.941374968737363815e-03
1.941363094374537468e-03
1.941525959409773350e-03
1.952875056304037571e-03
1.946719479747116566e-03
1.941470894962549210e-03
1.941378694027662277e-03
1.941339811310172081e-03
1.941320369951426983e-03
1.941309310495853424e-03
1.941299415193498135e-03
1.941289519891142845e-03
1.941279973834753036e-03
1.941270427778363228e-03
1.941260648891329765e-03
1.941251335665583611e-03
1.941241789609193802e-03
1.941232476383447647e-03
1.941223046742379665e-03
1.941213966347277164e-03
1.941205002367496490e-03
1.941195805557072163e-03
1.941186841577291489e-03
1.941203488968312740e-03
1.951929414644837379e-03
1.941608730703592300e-03
1.941780094057321548e-03
1.941207097843289375e-03
1.941176597028970718e-03
1.941155758686363697e-03
1.941146096214652061e-03
1.941137597896158695e-03
1.941129681654274464e-03
1.941121299751102924e-03
1.941113383509218693e-03
1.941105234436690807e-03
1.941097201779484749e-03
1.941089169122278690e-03
1.941081136465072632e-03
1.941073569469153881e-03
1.941151916980743408e-03
1.992193050682544708e-03
1.941101159900426865e-03
1.941216993145644665e-03
1.941144932061433792e-03
1.941064954735338688e-03
1.941054477356374264e-03
1.941045746207237244e-03
1.941038062795996666e-03
1.941030495800077915e-03
1.941022812388837337e-03
1.941015361808240414e-03
1.941007911227643490e-03
1.941000460647046566e-03
1.940993126481771469e-03
1.940985792316496372e-03
1.940978341735899448e-03
1.940970891155302525e-03
1.940963673405349255e-03
1.941174617968499660e-03
1.940999529324471951e-03
1.941125025041401386e-03
1.941525028087198734e-03
1.941040158271789551e-03
1.940969028510153294e-03
1.940955873578786850e-03
1.940947258844971657e-03
1.940940041095018387e-03
1.940932590514421463e-03
1.940925372764468193e-03
1.940917922183871269e-03
1.940910704433917999e-03
1.940903370268642902e-03
1.940896036103367805e-03
1.940888585522770882e-03
1.940881251357495785e-03
1.940873917192220688e-03
1.940866466611623764e-03
1.940859132446348667e-03
1.940851565450429916e-03
1.940844347700476646e-03
1.942202332429587841e-03
1.959338318556547165e-03
1.940920948982238770e-03
1.941225724294781685e-03
1.940897316671907902e-03
1.940847956575453281e-03
1.940837828442454338e-03
1.940829795785248280e-03
1.940821763128042221e-03
1.940813963301479816e-03
1.940806512720882893e-03
1.940798480063676834e-03
1.940790680237114429e-03
1.940782880410552025e-03
1.940775080583989620e-03
1.940767047926783562e-03
1.940758898854255676e-03
1.940750982612371445e-03
1.940742833539843559e-03
1.940734800882637501e-03
1.940726418979465961e-03
1.940718037076294422e-03
1.940713496878743172e-03
2.031315583735704422e-03
1.949806348420679569e-03
1.941227121278643608e-03
1.940837828442454338e-03
1.940732123330235481e-03
1.940713496878743172e-03
1.940703485161066055e-03
1.940694521181285381e-03
1.940685557201504707e-03
1.940676826052367687e-03
1.940667629241943359e-03
1.940658898092806339e-03
1.940649701282382011e-03
1.940640620887279510e-03
1.940631424076855183e-03
1.940621878020465374e-03
1.940612564794719219e-03
1.940603251568973064e-03
1.940593239851295948e-03
1.940583577379584312e-03
1.940573798492550850e-03
1.940563903190195560e-03
1.940554357133805752e-03
2.015303354710340500e-03
1.951383310370147228e-03
1.941511873155832291e-03
1.940654357895255089e-03
1.940576126798987389e-03
1.940552494488656521e-03
1.940539455972611904e-03
1.940528396517038345e-03
1.940517802722752094e-03
1.940506859682500362e-03
1.940496033057570457e-03
1.940484973601996899e-03
1.940473681315779686e-03
1.940462389029562473e-03
1.940450863912701607e-03
1.940439222380518913e-03
1.940427580848336220e-03
1.940415357239544392e-03
1.940403366461396217e-03
1.940390910021960735e-03
1.940381363965570927e-03
2.014227909967303276e-03
1.943830633535981178e-03
1.941075315698981285e-03
1.940378569997847080e-03
1.940367044880986214e-03
1.940350630320608616e-03
1.940337708219885826e-03
1.940324204042553902e-03
1.940310816280543804e-03
1.940296846441924572e-03
1.940282993018627167e-03
1.940268673934042454e-03
1.940254354849457741e-03
1.940239686518907547e-03
1.940224785357713699e-03
1.940284506417810917e-03
1.968261785805225372e-03
1.941579044796526432e-03
1.940259127877652645e-03
1.940214075148105621e-03
1.940191257745027542e-03
1.940168091095983982e-03
1.940151560120284557e-03
1.940134912729263306e-03
1.940117566846311092e-03
1.940100453794002533e-03
1.940082875080406666e-03
1.940064714290201664e-03
1.940046204254031181e-03
1.940027577802538872e-03
1.940008485689759254e-03
1.942166127264499664e-03
1.945771742612123489e-03
1.940689748153090477e-03
1.939996727742254734e-03
1.939949928782880306e-03
1.939941779710352421e-03
1.984028611332178116e-03
1.944229239597916603e-03
1.940218731760978699e-03
1.939880312420427799e-03
1.939846901223063469e-03
1.939821522682905197e-03
1.939797541126608849e-03
1.939773559570312500e-03
1.939749112352728844e-03
1.939723733812570572e-03
1.939698006026446819e-03
1.939706155098974705e-03
1.946689793840050697e-03
1.941392431035637856e-03
1.939839916303753853e-03
1.939660636708140373e-03
1.939625130034983158e-03
1.939594047144055367e-03
1.939565641805529594e-03
1.939536654390394688e-03
1.939507201313972473e-03
1.939477166160941124e-03
1.939446199685335159e-03
1.939414301887154579e-03
1.939381356351077557e-03
1.939389738254249096e-03
1.982026733458042145e-03
1.941988128237426281e-03
1.939809182658791542e-03
1.939317095093429089e-03
1.939281006343662739e-03
1.939237932674586773e-03
1.939199981279671192e-03
1.939161214977502823e-03
1.939121400937438011e-03
1.939080189913511276e-03
1.939038047567009926e-03
1.938994158990681171e-03
1.938948524184525013e-03
1.938901492394506931e-03
1.938852481544017792e-03
1.940305694006383419e-03
1.944757997989654541e-03
1.938838511705398560e-03
1.938806497491896152e-03
1.938699278980493546e-03
1.938638393767178059e-03
1.953834900632500648e-03
1.938585191965103149e-03
1.938765635713934898e-03
1.938543515279889107e-03
1.938387285917997360e-03
1.938318950124084949e-03
1.938249683007597923e-03
1.938177039846777916e-03
1.938100787810981274e-03
1.938020461238920689e-03
1.941061578691005707e-03
1.947149285115301609e-03
1.938761910423636436e-03
1.937896129675209522e-03
1.937796710990369320e-03
1.937692984938621521e-03
1.937595312483608723e-03
1.937491935677826405e-03
1.937382272444665432e-03
1.937265391461551189e-03
1.937140244990587234e-03
1.937005203217267990e-03
1.936860382556915283e-03
2.042547101154923439e-03
1.940677408128976822e-03
1.937356544658541679e-03
1.936668879352509975e-03
1.936404034495353699e-03
1.936210552230477333e-03
1.936004613526165485e-03
1.935776439495384693e-03
1.935521489940583706e-03
1.935233245603740215e-03
1.934904023073613644e-03
1.934521482326090336e-03
1.934070140123367310e-03
2.060204977169632912e-03
1.938876113854348660e-03
1.933216815814375877e-03
1.932548126205801964e-03
1.931609353050589561e-03
1.930513302795588970e-03
1.929059973917901516e-03
1.927054370753467083e-03
1.924204174429178238e-03
1.924924086779356003e-03
1.941967289894819260e-03
1.918094931170344353e-03
1.908184727653861046e-03
1.900634146295487881e-03
1.893755048513412476e-03
1.888373750261962414e-03
1.884985715150833130e-03
1.883063814602792263e-03
1.894368673674762249e-03
1.887090387754142284e-03
1.880755531601607800e-03
1.880134106613695621e-03
1.879471587017178535e-03
1.878896611742675304e-03
1.878361799754202366e-03
1.877852366305887699e-03
1.877367496490478516e-03
1.876906724646687508e-03
1.876469235867261887e-03
1.876053167507052422e-03
1.875656889751553535e-03
1.875277259387075901e-03
1.875477377325296402e-03
1.875462708994746208e-03
1.877648639492690563e-03
1.874616602435708046e-03
1.874009612947702408e-03
1.873674336820840836e-03
1.873365021310746670e-03
1.873057102784514427e-03
1.872748485766351223e-03
1.872438355349004269e-03
1.872125198133289814e-03
1.871808199211955070e-03
1.871487009339034557e-03
1.871160231530666351e-03
1.870828215032815933e-03
1.870489795692265034e-03
1.870202599093317986e-03
1.888781087473034859e-03
1.870740321464836597e-03
1.869689556770026684e-03
1.869195722974836826e-03
1.868879655376076698e-03
1.868550665676593781e-03
1.868225401267409325e-03
1.867896062321960926e-03
1.867562765255570412e-03
1.867224462330341339e-03
1.866881502792239189e-03
1.866534003056585789e-03
1.866182661615312099e-03
1.865947502665221691e-03
1.870281877927482128e-03
1.865660189650952816e-03
1.865174039267003536e-03
1.864775433205068111e-03
1.864436082541942596e-03
1.864112564362585545e-03
1.863789511844515800e-03
1.863469253294169903e-03
1.863150508143007755e-03
1.862834324128925800e-03
1.862521516159176826e-03
1.939724665135145187e-03
1.865560072474181652e-03
1.862586126662790775e-03
1.861683093011379242e-03
1.861346769146621227e-03
1.861074008047580719e-03
1.860813819803297520e-03
1.860556891188025475e-03
1.860302290879189968e-03
1.860069576650857925e-03
1.888850587420165539e-03
1.861626398749649525e-03
1.860354212112724781e-03
1.859479816630482674e-03
1.859155599959194660e-03
1.858915318734943867e-03
1.858683768659830093e-03
1.858451752923429012e-03
1.858218689449131489e-03
1.857983763329684734e-03
1.857746858149766922e-03
1.857507857494056225e-03
1.857286435551941395e-03
1.887981314212083817e-03
1.860688789747655392e-03
1.856942311860620975e-03
1.856526941992342472e-03
1.856291200965642929e-03
1.856053248047828674e-03
1.855816226452589035e-03
1.855591544881463051e-03
1.897093141451478004e-03
1.856496790423989296e-03
1.855641137808561325e-03
1.854857197031378746e-03
1.854548580013215542e-03
1.854290370829403400e-03
1.854037400335073471e-03
1.853780355304479599e-03
1.853519002906978130e-03
1.853252761065959930e-03
1.852981164120137691e-03
1.852703629992902279e-03
1.856356160715222359e-03
1.855924609117209911e-03
1.852320041507482529e-03
1.851974870078265667e-03
1.851497800089418888e-03
1.851201639510691166e-03
1.850897562690079212e-03
1.850585918873548508e-03
1.850262400694191456e-03
1.849925145506858826e-03
1.849571010097861290e-03
1.849243068136274815e-03
1.857059774920344353e-03
1.849425840191543102e-03
1.848231884650886059e-03
1.847532461397349834e-03
1.872034743428230286e-03
1.846795552410185337e-03
1.846226979978382587e-03
1.845324877649545670e-03
1.844555605202913284e-03
1.843676902353763580e-03
1.859439769759774208e-03
1.842920668423175812e-03
1.841021352447569370e-03
1.839030184783041477e-03
1.837255083955824375e-03
1.838651951402425766e-03
1.835589879192411900e-03
1.831613131798803806e-03
1.828787382692098618e-03
1.826285733841359615e-03
1.823807251639664173e-03
1.838183146901428699e-03
1.820158329792320728e-03
1.818584743887186050e-03
1.816513016819953918e-03
1.815129071474075317e-03
1.814007526263594627e-03
1.813052454963326454e-03
1.812227535992860794e-03
1.811503199860453606e-03
1.810859306715428829e-03
1.855180365964770317e-03
1.812970731407403946e-03
1.809882698580622673e-03
1.808942994102835655e-03
1.808447646908462048e-03
1.808028900995850563e-03
1.807631691917777061e-03
1.807246357202529907e-03
1.806870219297707081e-03
1.806500949896872044e-03
1.806136220693588257e-03
1.805774867534637451e-03
1.805417938157916069e-03
1.859280746430158615e-03
1.810006680898368359e-03
1.804674859158694744e-03
1.804096507839858532e-03
1.803749823011457920e-03
1.803402439691126347e-03
1.803049468435347080e-03
1.803639694117009640e-03
1.803004415705800056e-03
1.803160062991082668e-03
1.801715465262532234e-03
1.801305683329701424e-03
1.800932688638567924e-03
1.800555153749883175e-03
1.800169702619314194e-03
1.799775287508964539e-03
1.799373538233339787e-03
1.822661375626921654e-03
1.803942490369081497e-03
1.798815093934535980e-03
1.804652391001582146e-03
1.797504024580121040e-03
1.796956406906247139e-03
1.796554541215300560e-03
1.796039519831538200e-03
1.797783654183149338e-03
1.797268982045352459e-03
1.795417163521051407e-03
1.794139621779322624e-03
1.793620642274618149e-03
1.793505041860044003e-03
1.796788186766207218e-03
1.792508061043918133e-03
1.791617134585976601e-03
1.791024114936590195e-03
1.790850772522389889e-03
1.800433732569217682e-03
1.790742622688412666e-03
1.789921661838889122e-03
1.791813177987933159e-03
1.788153778761625290e-03
1.786887645721435547e-03
1.786170760169625282e-03
1.789897098205983639e-03
1.787756686098873615e-03
1.784332212992012501e-03
1.783518935553729534e-03
1.805674168281257153e-03
1.783776096999645233e-03
1.781677361577749252e-03
1.780616934411227703e-03
1.782717416062951088e-03
1.779858022928237915e-03
1.778688980266451836e-03
1.777600264176726341e-03
1.776842051185667515e-03
1.776626682840287685e-03
1.786468434147536755e-03
1.775515731424093246e-03
1.773918163962662220e-03
1.773133408278226852e-03
1.772371469996869564e-03
1.795070595107972622e-03
1.774663454852998257e-03
1.770555041730403900e-03
1.769733033142983913e-03
1.769273541867733002e-03
1.768336282111704350e-03
1.767718116752803326e-03
1.766823930665850639e-03
1.766150817275047302e-03
1.765480148606002331e-03
1.771754003129899502e-03
1.766656874679028988e-03
1.763746025972068310e-03
1.763176638633012772e-03
1.762537285685539246e-03
1.761945313774049282e-03
1.765757682733237743e-03
1.767592388205230236e-03
1.760416314937174320e-03
1.759813865646719933e-03
1.759288716129958630e-03
1.769317197613418102e-03
1.760742510668933392e-03
1.758915255777537823e-03
1.757454010657966137e-03
1.756952609866857529e-03
1.756491023115813732e-03
1.756032113917171955e-03
1.755580073222517967e-03
1.755658071488142014e-03
1.761491876095533371e-03
1.755481236614286900e-03
1.754141994751989841e-03
1.753726857714354992e-03
1.759198727086186409e-03
1.753677497617900372e-03
1.752527547068893909e-03
1.752088312059640884e-03
1.772313262335956097e-03
1.751794712617993355e-03
1.750982948578894138e-03
1.750434865243732929e-03
1.750097027979791164e-03
1.776192104443907738e-03
1.750180614180862904e-03
1.748944050632417202e-03
1.748580136336386204e-03
1.748148351907730103e-03
1.748201320879161358e-03
1.757147023454308510e-03
1.748938346281647682e-03
1.746825408190488815e-03
1.746339607052505016e-03
1.745907589793205261e-03
1.745507004670798779e-03
1.745104789733886719e-03
1.744696986861526966e-03
1.744288951158523560e-03
1.793740433640778065e-03
1.743653672747313976e-03
1.743249711580574512e-03
1.742731081321835518e-03
1.742219552397727966e-03
1.741782762110233307e-03
1.741343992762267590e-03
1.772198826074600220e-03
1.742821070365607738e-03
1.740205334499478340e-03
1.739597297273576260e-03
1.739098690450191498e-03
1.738689374178647995e-03
1.743899891152977943e-03
1.738651655614376068e-03
1.737523591145873070e-03
1.736753270961344242e-03
1.736237667500972748e-03
1.735729165375232697e-03
1.735209254547953606e-03
1.734809484332799911e-03
1.741724321618676186e-03
1.735634519718587399e-03
1.733091543428599834e-03
1.732538919895887375e-03
1.731961034238338470e-03
1.732099102810025215e-03
1.732963486574590206e-03
1.731768366880714893e-03
1.729679410345852375e-03
1.729097100906074047e-03
1.728460309095680714e-03
1.727855997160077095e-03
1.757328747771680355e-03
1.727812574245035648e-03
1.726376707665622234e-03
1.725314650684595108e-03
1.724628033116459846e-03
1.723943627439439297e-03
1.723244786262512207e-03
1.722534187138080597e-03
1.778252888470888138e-03
1.721712062135338783e-03
1.720676780678331852e-03
1.719692372716963291e-03
1.718918560072779655e-03
1.718151033855974674e-03
1.717428560368716717e-03
1.718146144412457943e-03
1.717793988063931465e-03
1.715332386083900928e-03
1.714255427941679955e-03
1.713425735943019390e-03
1.712582190521061420e-03
1.711726887151598930e-03
1.711008837446570396e-03
1.726882299408316612e-03
1.710105338133871555e-03
1.708283554762601852e-03
1.707382965832948685e-03
1.706436160020530224e-03
1.707989838905632496e-03
1.704998780041933060e-03
1.703784684650599957e-03
1.702748588286340237e-03
1.701768487691879272e-03
1.700755325146019459e-03
1.699732500128448009e-03
1.698697567917406559e-03
1.748132519423961639e-03
1.701777218841016293e-03
1.696379273198544979e-03
1.694579259492456913e-03
1.693440601229667664e-03
1.692296005785465240e-03
1.691135927103459835e-03
1.718710642307996750e-03
1.694402890279889107e-03
1.688331947661936283e-03
1.686594565398991108e-03
1.685275230556726456e-03
1.684028771705925465e-03
1.682773581705987453e-03
1.743059838190674782e-03
1.685466733761131763e-03
1.679675653576850891e-03
1.678085885941982269e-03
1.676712185144424438e-03
1.675413455814123154e-03
1.674105064012110233e-03
1.672776415944099426e-03
1.671427511610090733e-03
1.670057652518153191e-03
1.668709563091397285e-03
1.686851494014263153e-03
1.667704898864030838e-03
1.665144693106412888e-03
1.663580304011702538e-03
1.662176800891757011e-03
1.660806243307888508e-03
1.659424160607159138e-03
1.658025081269443035e-03
1.658023451454937458e-03
1.679119071923196316e-03
1.655089203268289566e-03
1.652753795497119427e-03
1.651355531066656113e-03
1.649964251555502415e-03
1.648566569201648235e-03
1.647156081162393093e-03
1.645734417252242565e-03
1.650117221288383007e-03
1.644966425374150276e-03
1.641898648813366890e-03
1.640322967432439327e-03
1.638852409087121487e-03
1.637457055039703846e-03
1.636122819036245346e-03
1.660577021539211273e-03
1.633934909477829933e-03
1.632819650694727898e-03
1.630883314646780491e-03
1.629498670808970928e-03
1.628164201974868774e-03
1.626840210519731045e-03
1.625519129447638988e-03
1.624214346520602703e-03
1.706756767816841602e-03
1.629509264603257179e-03
1.621667295694351196e-03
1.619517104700207710e-03
1.618175883777439594e-03
1.616968889720737934e-03
1.615763292647898197e-03
1.614562002941966057e-03
1.613363623619079590e-03
1.612167689017951488e-03
1.611328800208866596e-03
1.611167099326848984e-03
1.609682803973555565e-03
1.610844978131353855e-03
1.613659784197807312e-03
1.606423873454332352e-03
1.604271703399717808e-03
1.603142707608640194e-03
1.602208125405013561e-03
1.601217780262231827e-03
1.601576921530067921e-03
1.599420560523867607e-03
1.597907161340117455e-03
1.596778864040970802e-03
1.595716574229300022e-03
1.594650559127330780e-03
1.593604334630072117e-03
1.592558110132813454e-03
1.593126682564616203e-03
1.590487430803477764e-03
1.629397156648337841e-03
1.590999308973550797e-03
1.588338287547230721e-03
1.586498459801077843e-03
1.585475285537540913e-03
1.584455836564302444e-03
1.583432196639478207e-03
1.582403085194528103e-03
1.581366755999624729e-03
1.580322976224124432e-03
1.582598895765841007e-03
1.584373298101127148e-03
1.578590017743408680e-03
1.576478942297399044e-03
1.575287547893822193e-03
1.574229332618415356e-03
1.573194633238017559e-03
1.572160981595516205e-03
1.594691071659326553e-03
1.572858891449868679e-03
1.569416490383446217e-03
1.568101346492767334e-03
1.566959079355001450e-03
1.565893879160284996e-03
1.564811449497938156e-03
1.563716330565512180e-03
1.562606194056570530e-03
1.561520388349890709e-03
1.561984885483980179e-03
1.560827950015664101e-03
1.558266929350793362e-03
1.557199982926249504e-03
1.580221927724778652e-03
1.556270988658070564e-03
1.553536509163677692e-03
1.552354544401168823e-03
1.551121589727699757e-03
1.549891661852598190e-03
1.549609121866524220e-03
1.557879615575075150e-03
1.546673011034727097e-03
1.544908271171152592e-03
1.543532591313123703e-03
1.543685095384716988e-03
1.546193612739443779e-03
1.540611963719129562e-03
1.538193086162209511e-03
1.536609022878110409e-03
1.535138115286827087e-03
1.533640082925558090e-03
1.547595602460205555e-03
1.531185698695480824e-03
1.529718399979174137e-03
1.527515007182955742e-03
1.526150153949856758e-03
1.532415975816547871e-03
1.523799262940883636e-03
1.521152793429791927e-03
1.519265468232333660e-03
1.517530065029859543e-03
1.515769981779158115e-03
1.536131137982010841e-03
1.514259260147809982e-03
1.510600093752145767e-03
1.508498447947204113e-03
1.507454901002347469e-03
1.507698325440287590e-03
1.503845793195068836e-03
1.500791171565651894e-03
1.498624100349843502e-03
1.496624201536178589e-03
1.500055310316383839e-03
1.492971437983214855e-03
1.490097958594560623e-03
1.488291309215128422e-03
1.492972718551754951e-03
1.483371830545365810e-03
1.480682753026485443e-03
1.477973419241607189e-03
1.475210301578044891e-03
1.473016222007572651e-03
1.470332150347530842e-03
1.466421759687364101e-03
1.463220571167767048e-03
1.460069091990590096e-03
1.461232663132250309e-03
1.456510508432984352e-03
1.451034448109567165e-03
1.447636517696082592e-03
1.444322988390922546e-03
1.441043801605701447e-03
1.448628725484013557e-03
1.435131183825433254e-03
1.430249889381229877e-03
1.426396192982792854e-03
1.422941335476934910e-03
1.428799238055944443e-03
1.415604958310723305e-03
1.411581411957740784e-03
1.407978823408484459e-03
1.419109292328357697e-03
1.404529670253396034e-03
1.397626241669058800e-03
1.393819227814674377e-03
1.390271121636033058e-03
1.386925578117370605e-03
1.389804063364863396e-03
1.381335780024528503e-03
1.376622240059077740e-03
1.373078674077987671e-03
1.369814504869282246e-03
1.373756327666342258e-03
1.363835530355572701e-03
1.359614310786128044e-03
1.364039606414735317e-03
1.353203784674406052e-03
1.349388854578137398e-03
1.345731434412300587e-03
1.342208008281886578e-03
1.338693196885287762e-03
1.365361036732792854e-03
1.336387358605861664e-03
1.328993239440023899e-03
1.324767596088349819e-03
1.321239513345062733e-03
1.318994327448308468e-03
1.319073373451828957e-03
1.311430707573890686e-03
1.306915306486189365e-03
1.317616086453199387e-03
1.302655786275863647e-03
1.296289963647723198e-03
1.292306347750127316e-03
1.288507599383592606e-03
1.284700003452599049e-03
1.282126992009580135e-03
1.277896226383745670e-03
1.273274072445929050e-03
1.269387430511415005e-03
1.277775969356298447e-03
1.265996019355952740e-03
1.258136355318129063e-03
1.254245522432029247e-03
1.250659697689116001e-03
1.246259082108736038e-03
1.242243801243603230e-03
1.238281023688614368e-03
1.234293566085398197e-03
1.249733613803982735e-03
1.226908760145306587e-03
1.223019789904356003e-03
1.219034311361610889e-03
1.214551273733377457e-03
1.210804912261664867e-03
1.212095608934760094e-03
1.204252825118601322e-03
1.199004356749355793e-03
1.194980926811695099e-03
1.191897434182465076e-03
1.195344957523047924e-03
1.184459077194333076e-03
1.179540529847145081e-03
1.175535959191620350e-03
1.183876302093267441e-03
1.171792391687631607e-03
1.164266956038773060e-03
1.160054001957178116e-03
1.179520972073078156e-03
1.154800411313772202e-03
1.149168354459106922e-03
1.144767738878726959e-03
1.140859210863709450e-03
1.166667672805488110e-03
1.134912716224789619e-03
1.129525247961282730e-03
1.125525333918631077e-03
1.121602836064994335e-03
1.118306769058108330e-03
1.123743713833391666e-03
1.110288430936634541e-03
1.105939620174467564e-03
1.102176494896411896e-03
1.111696357838809490e-03
1.094329869374632835e-03
1.089799450710415840e-03
1.085637020878493786e-03
1.081383787095546722e-03
1.120873726904392242e-03
1.076873973943293095e-03
1.068738871254026890e-03
1.064345357008278370e-03
1.059896079823374748e-03
1.094519160687923431e-03
1.054452150128781796e-03
1.046952907927334309e-03
1.042450894601643085e-03
1.039221649989485741e-03
1.034346176311373711e-03
1.029541133902966976e-03
1.024988712742924690e-03
1.020577969029545784e-03
1.016122172586619854e-03
1.012119464576244354e-03
1.024135621264576912e-03
1.003021141514182091e-03
9.986595250666141510e-04
9.941998869180679321e-04
1.009876956231892109e-03
9.904386242851614952e-04
9.815044468268752098e-04
9.773003403097391129e-04
9.729830780997872353e-04
9.743998525664210320e-04
9.700759546831250191e-04
9.610076667740941048e-04
9.564117062836885452e-04
9.522132459096610546e-04
9.914911352097988129e-04
9.462337475270032883e-04
9.400434209965169430e-04
9.358815150335431099e-04
9.316975483670830727e-04
9.275255142711102962e-04
9.234558092430233955e-04
9.405141463503241539e-04
9.153155842795968056e-04
9.112705010920763016e-04
9.069307125173509121e-04
9.035165421664714813e-04
9.062353055924177170e-04
8.955564117059111595e-04
8.906808798201382160e-04
8.871885947883129120e-04
8.824928081594407558e-04
8.780832868069410324e-04
8.736086892895400524e-04
8.692835690453648567e-04
8.649041992612183094e-04
8.604703471064567566e-04
8.752153371460735798e-04
8.552512153983116150e-04
8.484588470309972763e-04
8.431400055997073650e-04
8.391103474423289299e-04
8.366430993191897869e-04
8.311069104820489883e-04
8.254041313193738461e-04
8.330270648002624512e-04
8.221279131248593330e-04
8.129989146254956722e-04
8.078683749772608280e-04
8.034197380766272545e-04
7.989198202267289162e-04
7.968746940605342388e-04
7.938949856907129288e-04
7.868999964557588100e-04
7.810743991285562515e-04
7.813008851371705532e-04
7.809434900991618633e-04
7.686346070840954781e-04
7.635036017745733261e-04
7.590131717734038830e-04
7.546400884166359901e-04
7.536393823102116585e-04
7.458577165380120277e-04
7.415805594064295292e-04
7.369747036136686802e-04
7.325010374188423157e-04
7.281890721060335636e-04
7.343437173403799534e-04
7.215777295641601086e-04
7.149016601033508778e-04
7.106699049472808838e-04
7.132844766601920128e-04
7.012521382421255112e-04
6.970360409468412399e-04
6.923589389771223068e-04
6.879802676849067211e-04
6.901469314470887184e-04
6.823046714998781681e-04
6.746677099727094173e-04
6.701577221974730492e-04
6.658553029410541058e-04
6.630714051425457001e-04
6.571739213541150093e-04
6.536198197863996029e-04
6.481057498604059219e-04
6.441191653721034527e-04
6.393173243850469589e-04
6.354785873554646969e-04
6.340422551147639751e-04
6.264824769459664822e-04
6.232288433238863945e-04
6.291408790275454521e-04
6.146584637463092804e-04
6.088669761084020138e-04
6.244240794330835342e-04
6.025072652846574783e-04
5.965835298411548138e-04
5.972025683149695396e-04
5.884150159545242786e-04
5.837858770973980427e-04
5.793398595415055752e-04
5.753425648435950279e-04
5.987202748656272888e-04
5.706840311177074909e-04
5.633998662233352661e-04
5.589757929556071758e-04
5.549811758100986481e-04
5.515579832717776299e-04
5.477854865603148937e-04
5.456798244267702103e-04
5.398894427344202995e-04
5.363886593841016293e-04
5.318053299561142921e-04
5.278191529214382172e-04
5.239765741862356663e-04
5.201149033382534981e-04
5.162395536899566650e-04
5.401226226240396500e-04
5.117721157148480415e-04
5.052424385212361813e-04
5.011998000554740429e-04
4.973844625055789948e-04
5.147125339135527611e-04
4.922892549075186253e-04
4.863652575295418501e-04
4.850136756431311369e-04
4.844375944230705500e-04
4.757629649247974157e-04
4.713818780146539211e-04
4.677184915635734797e-04
5.055315559729933739e-04
4.627654852811247110e-04
4.567452706396579742e-04
4.543137329164892435e-04
4.550614103209227324e-04
4.470030253287404776e-04
4.446059465408325195e-04
4.403918283060193062e-04
4.360307066235691309e-04
4.315525002311915159e-04
4.821079492103308439e-04
4.291751247365027666e-04
4.221003327984362841e-04
4.178637464065104723e-04
4.144111881032586098e-04
4.326514608692377806e-04
4.101324011571705341e-04
4.045968817081302404e-04
4.010627162642776966e-04
3.980940382461994886e-04
4.086626868229359388e-04
3.969694080296903849e-04
3.882775781676173210e-04
3.873302484862506390e-04
3.861141158267855644e-04
3.786504967138171196e-04
4.029411356896162033e-04
3.758522507268935442e-04
3.698988875839859247e-04
3.774763899855315685e-04
3.642699739430099726e-04
3.603383374866098166e-04
3.570386907085776329e-04
3.785592853091657162e-04
3.526716027408838272e-04
3.484077751636505127e-04
3.452940727584064007e-04
3.460824664216488600e-04
3.484829794615507126e-04
3.370553313288837671e-04
3.339636314194649458e-04
3.315266803838312626e-04
3.548725508153438568e-04
3.262852260377258062e-04
3.234615724068135023e-04
3.205619868822395802e-04
3.179154300596565008e-04
3.514917334541678429e-04
3.142811765428632498e-04
3.105232317466288805e-04
3.076897119171917439e-04
3.050998493563383818e-04
3.025466867256909609e-04
2.999966091010719538e-04
2.979906857945024967e-04
3.118129097856581211e-04
2.958699478767812252e-04
2.906768058892339468e-04
2.880189567804336548e-04
3.191528376191854477e-04
2.862275869119912386e-04
2.809482684824615717e-04
2.788616693578660488e-04
2.799246285576373339e-04
2.750507264863699675e-04
2.721358614508062601e-04
2.698545868042856455e-04
2.687427331693470478e-04
2.841021050699055195e-04
2.656438737176358700e-04
2.615422999951988459e-04
2.593478129711002111e-04
2.572382509242743254e-04
2.551698999013751745e-04
2.864790731109678745e-04
2.514877414796501398e-04
2.503767027519643307e-04
2.476898953318595886e-04
2.505948068574070930e-04
2.466471632942557335e-04
2.417084615444764495e-04
2.398667274974286556e-04
2.428714651614427567e-04
2.423918631393462420e-04
2.362737868679687381e-04
2.329892595298588276e-04
2.310493000550195575e-04
2.292947756359353662e-04
2.287259558215737343e-04
2.456715155858546495e-04
2.247458178317174315e-04
2.226971555501222610e-04
2.216820139437913895e-04
2.206148346886038780e-04
2.196882414864376187e-04
2.165042096748948097e-04
2.148811036022379994e-04
2.132881054421886802e-04
2.127820480382069945e-04
2.251230616820976138e-04
2.092620270559564233e-04
2.077727258438244462e-04
2.059680118691176176e-04
2.045167639153078198e-04
2.384767431067302823e-04
2.174896653741598129e-04
2.018061641138046980e-04
1.990479941014200449e-04
1.982170942937955260e-04
2.176912967115640640e-04
1.962277310667559505e-04
1.938670175150036812e-04
1.932732557179406285e-04
1.954493054654449224e-04
1.900364150060340762e-04
1.899194176075980067e-04
1.874018344096839428e-04
1.862206408986821771e-04
1.849224063334986567e-04
2.149880892829969525e-04
1.877967297332361341e-04
1.824225910240784287e-04
1.800859608920291066e-04
1.789615052985027432e-04
2.155392576241865754e-04
1.770003000274300575e-04
1.762635511113330722e-04
1.743976463330909610e-04
1.756268902681767941e-04
1.907684927573427558e-04
1.722934975987300277e-04
1.702829322312027216e-04
1.698852720437571406e-04
1.877635368146002293e-04
1.694165257504209876e-04
1.661429851083084941e-04
1.649981859372928739e-04
1.639504625927656889e-04
1.634177897358313203e-04
2.066886081593111157e-04
1.611020707059651613e-04
1.608352322364225984e-04
1.591884501976892352e-04
1.582217955728992820e-04
1.572709734318777919e-04
1.570637687109410763e-04
1.671155187068507075e-04
1.572075852891430259e-04
1.537344360258430243e-04
1.527894637547433376e-04
1.518883364042267203e-04
1.570423773955553770e-04
1.610654726391658187e-04
1.500799116911366582e-04
1.485660468460991979e-04
1.476741454098373652e-04
2.023638226091861725e-04
1.466625108150765300e-04
1.460120547562837601e-04
1.445312955183908343e-04
1.436595630366355181e-04
1.428530376870185137e-04
1.420572225470095873e-04
1.416395825799554586e-04
1.521855592727661133e-04
1.434961450286209583e-04
1.395593426423147321e-04
1.383419294143095613e-04
1.422875648131594062e-04
1.436886959709227085e-04
1.368909579468891025e-04
1.356102875433862209e-04
1.346377976005896926e-04
1.436754246242344379e-04
1.404798676958307624e-04
1.335094711976125836e-04
1.333836698904633522e-04
1.329281803919002414e-04
1.310438965447247028e-04
1.301546290051192045e-04
1.294349349336698651e-04
1.425206573912873864e-04
1.308930659433826804e-04
1.310641237068921328e-04
1.383406779495999217e-04
1.264803286176174879e-04
1.253723312402144074e-04
1.246441534021869302e-04
1.240799465449526906e-04
1.535460614832118154e-04
1.322667376371100545e-04
1.223345025209710002e-04
1.217665267176926136e-04
1.214350995724089444e-04
1.278567942790687084e-04
1.207598907058127224e-04
1.209159818245097995e-04
1.300769508816301823e-04
1.191270566778257489e-04
1.186183653771877289e-04
1.328025391558185220e-04
1.188509049825370312e-04
1.168748931377194822e-04
1.398456515744328499e-04
1.169010356534272432e-04
1.145431378972716630e-04
1.315881818300113082e-04
1.140563908847980201e-04
1.128364674514159560e-04
1.132569304900243878e-04
1.257804688066244125e-04
1.137639701482839882e-04
1.108735741581767797e-04
1.106244671973399818e-04
1.173507625935599208e-04
1.130927048507146537e-04
1.087654673028737307e-04
1.086201882571913302e-04
1.177085141534917057e-04
1.078244094969704747e-04
1.071285951184108853e-04
1.065473261405713856e-04
1.594959176145493984e-04
1.074886749847792089e-04
1.052818624884821475e-04
1.045267563313245773e-04
1.040729403030127287e-04
1.599360402906313539e-04
1.089119396056048572e-04
1.028594851959496737e-04
1.026115423883311450e-04
1.391815894749015570e-04
1.045045937644317746e-04
1.012447319226339459e-04
1.006753154797479510e-04
1.002930875984020531e-04
1.413163845427334309e-04
1.009148109005764127e-04
9.981981565942987800e-05
9.870469511952251196e-05
9.841780411079525948e-05
1.569933665450662374e-04
9.967971709556877613e-05
9.722592221805825830e-05
9.681010124040767550e-05
9.635208698455244303e-05
9.595853771315887570e-05
1.019088012981228530e-04
1.005890590022318065e-04
9.634105663280934095e-05
9.467711788602173328e-05
9.482823224971070886e-05
1.204333239002153277e-04
9.507956565357744694e-05
9.349150059279054403e-05
9.274690819438546896e-05
9.243147360393777490e-05
9.944769408321008086e-05
9.623062214814126492e-05
9.310285531682893634e-05
9.119223977904766798e-05
9.073087130673229694e-05
9.036024857778102160e-05
9.089988452615216374e-05
1.141354805440641940e-04
9.210193093167617917e-05
8.951823838287964463e-05
1.033152075251564384e-04
8.953719225246459246e-05
8.823050302453339100e-05
8.782925578998401761e-05
8.754225564189255238e-05
1.282829471165314317e-04
9.114697604672983289e-05
8.715459989616647363e-05
8.655658893985673785e-05
1.429440162610262632e-04
8.650872769067063928e-05
8.605390758020803332e-05
8.523468568455427885e-05
8.482742123305797577e-05
8.453346526948735118e-05
8.565992175135761499e-05
9.769626922206953168e-05
8.405909466091543436e-05
8.797518967185169458e-05
8.486664592055603862e-05
8.417953358730301261e-05
8.304831862915307283e-05
8.486346632707864046e-05
8.416167838731780648e-05
8.192550012608990073e-05
8.176409755833446980e-05
9.968943777494132519e-05
8.394304313696920872e-05
8.186944614863023162e-05
1.095704283216036856e-04
8.170904038706794381e-05
8.027313742786645889e-05
7.998114597285166383e-05
9.390657942276448011e-05
8.250850078184157610e-05
8.511063788319006562e-05
7.871812704252079129e-05
7.987712888279929757e-05
9.783243876881897449e-05
7.936926704132929444e-05
7.825384091120213270e-05
9.104244236368685961e-05
8.102616993710398674e-05
8.323170914081856608e-05
7.922688382677733898e-05
7.678506517549976707e-05
7.636153168277814984e-05
1.109852310037240386e-04
7.592969632241874933e-05
7.605709106428548694e-05
8.116324170259758830e-05
7.870970148360356688e-05
7.664081203984096646e-05
7.488686969736590981e-05
7.446384552167728543e-05
7.420281326631084085e-05
7.405298674711957574e-05
7.786671631038188934e-05
7.488772098440676928e-05
1.023990043904632330e-04
7.335031841648742557e-05
7.319616997847333550e-05
7.266502507263794541e-05
8.435026393271982670e-05
8.441668614977970719e-05
7.219242979772388935e-05
7.200778782134875655e-05
7.174585334723815322e-05
1.446847891202196479e-04
7.167515286710113287e-05
7.151781028369441628e-05
7.092527812346816063e-05
7.064430246828123927e-05
7.042152719805017114e-05
7.021544297458603978e-05
7.001950871199369431e-05
9.921349555952474475e-05
7.550846930826082826e-05
7.104608812369406223e-05
6.954346463317051530e-05
6.912200478836894035e-05
6.896378181409090757e-05
7.860455662012100220e-05
6.999600736889988184e-05
6.899874279042705894e-05
8.334005542565137148e-05
