7.265302818268537521e-03
3.534085815772414207e-03
2.194713335484266281e-03
2.047762041911482811e-03
1.996314851567149162e-03
1.985434209927916527e-03
1.979998778551816940e-03
1.976339844986796379e-03
1.973504899069666862e-03
1.971196383237838745e-03
1.969264587387442589e-03
1.967599848285317421e-03
1.966125564649701118e-03
1.964789116755127907e-03
1.963553484529256821e-03
1.962395850569009781e-03
1.961300149559974670e-03
1.960257301107048988e-03
1.959261950105428696e-03
1.958311069756746292e-03
1.957402098923921585e-03
1.956533873453736305e-03
1.955705694854259491e-03
1.954916398972272873e-03
1.954165287315845490e-03
1.953451428562402725e-03
1.952774706296622753e-03
1.952133490703999996e-03
1.951526966877281666e-03
1.950954436324536800e-03
1.950414269231259823e-03
1.949905767105519772e-03
1.949427532963454723e-03
1.948978519067168236e-03
1.948557212017476559e-03
1.948163029737770557e-03
1.947793876752257347e-03
1.947449054569005966e-03
1.947127515450119972e-03
1.946827629581093788e-03
1.946548465639352798e-03
1.946288975887000561e-03
1.946047530509531498e-03
1.945823663845658302e-03
1.945615862496197224e-03
1.945423311553895473e-03
1.945244963280856609e-03
1.945079769939184189e-03
1.944927382282912731e-03
1.944786054082214832e-03
1.944655319675803185e-03
1.944534596987068653e-03
1.944423187524080276e-03
1.944320276379585266e-03
1.944224932231009007e-03
1.944136573001742363e-03
1.944054733030498028e-03
1.943979412317276001e-03
1.943908981047570705e-03
1.943844137713313103e-03
1.943783485330641270e-03
1.943727023899555206e-03
1.943674404174089432e-03
1.943625393323600292e-03
1.943579409271478653e-03
1.943536335602402687e-03
1.943495473824441433e-03
1.943457406014204025e-03
1.943421084433794022e-03
1.943386741913855076e-03
1.943354029208421707e-03
1.943323062732815742e-03
1.943293376825749874e-03
1.943264855071902275e-03
1.943237613886594772e-03
1.943211304023861885e-03
1.943186158314347267e-03
1.943161478266119957e-03
1.943137729540467262e-03
1.943114795722067356e-03
1.943092327564954758e-03
1.943070557899773121e-03
1.943049137480556965e-03
1.943028182722628117e-03
1.943008042871952057e-03
1.942988019436597824e-03
1.942968345247209072e-03
1.942949020303785801e-03
1.942930161021649837e-03
1.942911534570157528e-03
1.942893140949308872e-03
1.942875096574425697e-03
1.942857285030186176e-03
1.942839706316590309e-03
1.942822593264281750e-03
1.942805480211973190e-03
1.942788599990308285e-03
1.942771836183965206e-03
1.942755421623587608e-03
1.942739007063210011e-03
1.942723058164119720e-03
1.942706992849707603e-03
1.942691393196582794e-03
1.942675677128136158e-03
1.942660426720976830e-03
1.942645176313817501e-03
1.942629925906658173e-03
1.942615024745464325e-03
1.942600239999592304e-03
1.942585571669042110e-03
1.942570786923170090e-03
1.942556467838585377e-03
1.942542265169322491e-03
1.942528062500059605e-03
1.942513976246118546e-03
1.942499889992177486e-03
1.942486152984201908e-03
1.942472648806869984e-03
1.942459028214216232e-03
1.942445291206240654e-03
1.942432136274874210e-03
1.942418632097542286e-03
1.942405593581497669e-03
1.942392438650131226e-03
1.942379516549408436e-03
1.942366594448685646e-03
1.942353788763284683e-03
1.942340983077883720e-03
1.942328643053770065e-03
1.942315837368369102e-03
1.942303380928933620e-03
1.942291157320141792e-03
1.942278817296028137e-03
1.942266826517879963e-03
1.942254602909088135e-03
1.942242379300296307e-03
1.942230504937469959e-03
1.942218746989965439e-03
1.942206872627139091e-03
1.942195231094956398e-03
1.942183473147451878e-03
1.942171831615269184e-03
1.942160422913730145e-03
1.942148897796869278e-03
1.942137489095330238e-03
1.942126429639756680e-03
1.942118047736585140e-03
2.492242492735385895e-03
1.943627488799393177e-03
1.955098239704966545e-03
1.942305709235370159e-03
1.942089060321450233e-03
1.942066475749015808e-03
1.942055067047476768e-03
1.942045753821730614e-03
1.942035625688731670e-03
1.942026079632341862e-03
1.942016766406595707e-03
1.942007453180849552e-03
1.941998023539781570e-03
1.941988710314035416e-03
1.941979513503611088e-03
1.941970433108508587e-03
1.941961236298084259e-03
1.942975562997162342e-03
2.422544639557600021e-03
1.942217233590781689e-03
1.949052559211850166e-03
1.941940630786120892e-03
1.941979979164898396e-03
1.941928407177329063e-03
1.941910828463733196e-03
1.941902446560561657e-03
1.941894530318677425e-03
1.941886497661471367e-03
1.941878697834908962e-03
1.941870781593024731e-03
1.941863214597105980e-03
1.941855181939899921e-03
1.941847614943981171e-03
1.941839931532740593e-03
1.941832248121500015e-03
1.941824681125581264e-03
1.942267175763845444e-03
2.726661041378974915e-03
2.005794085562229156e-03
1.942655537277460098e-03
1.943124574609100819e-03
1.941981841810047626e-03
1.941821188665926456e-03
1.941795926541090012e-03
1.941786496900022030e-03
1.941779628396034241e-03
1.941772992722690105e-03
1.941766357049345970e-03
1.941759837791323662e-03
1.941753318533301353e-03
1.941747032105922699e-03
1.941740512847900391e-03
1.941734110005199909e-03
1.941727823577821255e-03
1.941721537150442600e-03
1.941715134307742119e-03
1.941709080711007118e-03
1.941702561452984810e-03
1.941696740686893463e-03
1.941691967658698559e-03
1.979359891265630722e-03
2.130493987351655960e-03
1.960971858352422714e-03
1.942059257999062538e-03
1.942146453075110912e-03
1.941712340340018272e-03
1.941669033840298653e-03
1.941661583259701729e-03
1.941655646078288555e-03
1.941649941727519035e-03
1.941644470207393169e-03
1.941638882271945477e-03
1.941633177921175957e-03
1.941627822816371918e-03
1.941622351296246052e-03
1.941616763360798359e-03
1.941613387316465378e-03
2.029505791142582893e-03
2.041537314653396606e-03
1.944719464518129826e-03
1.942777773365378380e-03
1.941676717251539230e-03
1.941604888997972012e-03
1.942032715305685997e-03
2.343501895666122437e-03
1.947512384504079819e-03
1.941727008670568466e-03
1.941810711286962032e-03
1.941706752404570580e-03
1.941572292707860470e-03
1.941558788530528545e-03
1.941551570780575275e-03
1.941547146998345852e-03
1.941552851349115372e-03
1.986457500606775284e-03
2.104868181049823761e-03
1.951421727426350117e-03
1.941713271662592888e-03
1.941711409017443657e-03
1.941543305292725563e-03
1.941528054885566235e-03
1.941518392413854599e-03
1.941513386555016041e-03
1.941508846357464790e-03
1.941504422575235367e-03
1.941499998793005943e-03
1.941508380696177483e-03
2.233922947198152542e-03
1.942190690897405148e-03
1.942176721058785915e-03
1.941538997925817966e-03
1.952799153514206409e-03
2.077397191897034645e-03
1.972302561625838280e-03
1.942029572091996670e-03
1.942031085491180420e-03
1.941530965268611908e-03
1.941476366482675076e-03
1.941465656273066998e-03
1.941460417583584785e-03
1.941456343047320843e-03
1.941452384926378727e-03
1.941448310390114784e-03
1.941444352269172668e-03
1.941440510563552380e-03
1.941436319611966610e-03
1.941432361491024494e-03
1.941428286954760551e-03
1.941424561664462090e-03
1.941437483765184879e-03
3.180444240570068359e-03
2.074198098853230476e-03
1.957645639777183533e-03
1.943432609550654888e-03
1.941564492881298065e-03
1.941415946930646896e-03
1.941413036547601223e-03
1.941405469551682472e-03
1.941400812938809395e-03
1.941396621987223625e-03
1.941392663866281509e-03
1.942816074006259441e-03
1.945160795003175735e-03
1.941440510563552380e-03
1.941455760970711708e-03
1.941384514793753624e-03
1.941391266882419586e-03
1.941369962878525257e-03
1.941365771926939487e-03
1.941361813805997372e-03
1.941357739269733429e-03
1.941353897564113140e-03
1.941350288689136505e-03
1.943822600878775120e-03
2.135875867679715157e-03
1.954629085958003998e-03
1.943201757967472076e-03
1.941805239766836166e-03
1.941414200700819492e-03
1.941341790370643139e-03
1.941334106959402561e-03
1.941329566761851311e-03
1.941324910148978233e-03
1.941320719197392464e-03
1.941316528245806694e-03
1.941319555044174194e-03
2.142470795661211014e-03
1.956461463123559952e-03
1.942504430189728737e-03
1.941538765095174313e-03
1.941364258527755737e-03
1.941292895935475826e-03
1.941289519891142845e-03
1.941290451213717461e-03
1.969078090041875839e-03
2.057907404378056526e-03
1.949394121766090393e-03
1.941788010299205780e-03
1.941307447850704193e-03
1.941309310495853424e-03
1.941267750225961208e-03
1.941260881721973419e-03
1.941256341524422169e-03
1.941251568496227264e-03
1.941247261129319668e-03
1.941242953762412071e-03
1.941238297149538994e-03
1.941282418556511402e-03
2.111422596499323845e-03
1.964295050129294395e-03
1.944402232766151428e-03
1.944806659594178200e-03
2.112301532179117203e-03
1.959728309884667397e-03
1.943781622685492039e-03
1.941214664839208126e-03
1.941207097843289375e-03
1.941608381457626820e-03
2.165242331102490425e-03
1.979441614821553230e-03
1.947032287716865540e-03
1.941424561664462090e-03
1.941286842338740826e-03
1.941191847436130047e-03
1.941172406077384949e-03
1.941166818141937256e-03
1.941167400218546391e-03
1.948544639162719250e-03
2.075754106044769287e-03
1.954122679308056831e-03
1.941260532476007938e-03
1.941477181389927864e-03
1.941175083629786968e-03
1.941138645634055138e-03
1.941133989021182060e-03
1.966790296137332916e-03
1.975859515368938446e-03
1.941635040566325188e-03
1.941709313541650772e-03
1.941152848303318024e-03
1.941108261235058308e-03
1.941095339134335518e-03
1.941205584444105625e-03
2.611581468954682350e-03
1.962902024388313293e-03
1.947335898876190186e-03
1.941994414664804935e-03
1.941156573593616486e-03
1.941062859259545803e-03
1.941058086231350899e-03
1.941049937158823013e-03
1.941043417900800705e-03
1.941036782227456570e-03
1.941030030138790607e-03
1.941036549396812916e-03
2.219668589532375336e-03
1.945708412677049637e-03
1.943320385180413723e-03
1.941380207426846027e-03
1.941024675033986568e-03
1.941079273819923401e-03
2.160084201022982597e-03
1.942152739502489567e-03
1.948495046235620975e-03
1.941260881721973419e-03
1.940965652465820312e-03
1.940960297361016273e-03
1.940952264703810215e-03
1.940942485816776752e-03
1.940934685990214348e-03
1.940926886163651943e-03
1.940919202752411366e-03
1.940911402925848961e-03
1.940912217833101749e-03
2.404697006568312645e-03
1.941567985340952873e-03
1.949280151166021824e-03
1.942291972227394581e-03
1.940878224559128284e-03
1.940882415510714054e-03
1.940857036970555782e-03
1.940844696946442127e-03
1.940834801644086838e-03
1.940825954079627991e-03
1.952462713234126568e-03
1.990236109122633934e-03
1.945979776792228222e-03
1.941018854267895222e-03
1.940819900482892990e-03
1.940778107382357121e-03
1.940765767358243465e-03
1.940753892995417118e-03
1.940743532031774521e-03
1.940732938237488270e-03
1.940721995197236538e-03
1.940711168572306633e-03
1.944291405379772186e-03
2.037910744547843933e-03
1.940837479196488857e-03
1.940859714522957802e-03
1.940873102284967899e-03
1.940708840265870094e-03
1.940635498613119125e-03
1.940622692927718163e-03
1.940608955919742584e-03
1.940595218911767006e-03
1.940581132657825947e-03
1.940838992595672607e-03
2.001755870878696442e-03
1.942353905178606510e-03
1.940561807714402676e-03
1.940577290952205658e-03
1.940532005392014980e-03
1.940494868904352188e-03
1.940478454343974590e-03
1.940462971106171608e-03
1.940447371453046799e-03
1.940431306138634682e-03
1.940415124408900738e-03
1.940413843840360641e-03
2.394506474956870079e-03
1.944644493050873280e-03
1.949610305018723011e-03
1.940410933457314968e-03
1.940394402481615543e-03
1.940318266861140728e-03
1.940283691510558128e-03
1.940262154676020145e-03
1.940241898410022259e-03
1.940221758559346199e-03
1.951984711922705173e-03
1.977873966097831726e-03
1.943137729540467262e-03
1.940394751727581024e-03
1.940184738487005234e-03
1.940120593644678593e-03
1.940085203386843204e-03
1.940062502399086952e-03
1.940038986504077911e-03
1.940015354193747044e-03
1.940027228556573391e-03
2.361115068197250366e-03
1.970765180885791779e-03
1.941097201779484749e-03
1.939952024258673191e-03
1.939908601343631744e-03
1.939852489158511162e-03
1.939809764735400677e-03
1.939781126566231251e-03
1.939751906320452690e-03
1.939721987582743168e-03
1.939695677720010281e-03
2.012992277741432190e-03
1.960214460268616676e-03
1.942455652169883251e-03
1.939824782311916351e-03
1.939556677825748920e-03
1.939531299285590649e-03
1.939489506185054779e-03
1.939551089890301228e-03
2.376621356233954430e-03
1.972090220078825951e-03
1.944634714163839817e-03
1.939883804880082607e-03
1.939362613484263420e-03
1.939247478730976582e-03
1.939203240908682346e-03
1.939163543283939362e-03
1.939123729243874550e-03
1.939083100296556950e-03
1.939041423611342907e-03
1.938998699188232422e-03
1.938955392688512802e-03
1.943970215506851673e-03
1.999726518988609314e-03
1.946217264048755169e-03
1.939389039762318134e-03
1.938848057761788368e-03
1.940574613399803638e-03
1.957797212526202202e-03
1.948241377249360085e-03
1.940598594956099987e-03
1.938772504217922688e-03
1.938507077284157276e-03
1.938425935804843903e-03
1.938374480232596397e-03
1.938323141075670719e-03
1.938270288519561291e-03
1.938217086717486382e-03
1.938166213221848011e-03
2.028801012784242630e-03
1.943754497915506363e-03
1.942837261594831944e-03
1.939051435329020023e-03
1.938022556714713573e-03
1.937829772941768169e-03
1.937763299793004990e-03
1.937702880240976810e-03
1.937642577104270458e-03
1.942954608239233494e-03
1.964087830856442451e-03
1.937760505825281143e-03
1.937571330927312374e-03
1.937462133355438709e-03
1.937304972670972347e-03
1.937238615937530994e-03
1.937175286002457142e-03
1.937111257575452328e-03
1.937061781063675880e-03
2.212677616626024246e-03
1.986681018024682999e-03
1.942673814482986927e-03
1.937559107318520546e-03
1.936785876750946045e-03
1.936652697622776031e-03
1.936584012582898140e-03
1.936516375280916691e-03
1.936448388732969761e-03
1.936381100676953793e-03
1.982872374355792999e-03
1.959945308044552803e-03
1.941031543537974358e-03
1.936460263095796108e-03
1.936117070727050304e-03
1.936027896590530872e-03
1.935952692292630672e-03
1.935885986313223839e-03
1.935855834744870663e-03
2.364902524277567863e-03
1.968733500689268112e-03
1.939379493705928326e-03
1.935646170750260353e-03
1.935490407049655914e-03
1.935424399562180042e-03
1.935354899615049362e-03
1.935288542881608009e-03
1.935223001055419445e-03
1.935157692059874535e-03
1.935092499479651451e-03
1.935027306899428368e-03
1.934961997903883457e-03
1.935028820298612118e-03
2.058584941551089287e-03
1.945736235938966274e-03
1.935255015268921852e-03
1.934935688041150570e-03
1.934657571837306023e-03
1.934590516611933708e-03
1.948193530552089214e-03
1.936346758157014847e-03
1.942690229043364525e-03
1.934487838298082352e-03
1.934280386194586754e-03
1.934217754751443863e-03
1.934162457473576069e-03
1.934102969244122505e-03
1.934045692905783653e-03
1.933988882228732109e-03
1.933932071551680565e-03
1.933875959366559982e-03
1.938557601533830166e-03
1.940017798915505409e-03
1.934486092068254948e-03
1.933940802700817585e-03
1.933611463755369186e-03
1.933570951223373413e-03
1.933502964675426483e-03
1.933449530042707920e-03
1.933397259563207626e-03
1.935819745995104313e-03
1.934264320880174637e-03
1.933496794663369656e-03
1.933368039317429066e-03
1.933277468197047710e-03
1.933135557919740677e-03
1.933085615746676922e-03
1.933036372065544128e-03
1.932988292537629604e-03
1.932942890562117100e-03
1.954955980181694031e-03
1.996231731027364731e-03
1.935714622959494591e-03
1.932775601744651794e-03
1.932722050696611404e-03
1.932684681378304958e-03
1.932634273543953896e-03
1.932588871568441391e-03
1.932545797899365425e-03
1.932503422722220421e-03
1.932461163960397243e-03
1.932599931024014950e-03
2.037962665781378746e-03
1.944465911947190762e-03
1.932337181642651558e-03
1.932415878400206566e-03
1.932276063598692417e-03
1.932215644046664238e-03
1.932174782268702984e-03
1.932136830873787403e-03
1.936050364747643471e-03
1.932371524162590504e-03
1.932414248585700989e-03
1.932177925482392311e-03
1.931968610733747482e-03
1.931940554641187191e-03
1.931888516992330551e-03
1.931852893903851509e-03
1.931817620061337948e-03
1.931782695464789867e-03
1.931748120114207268e-03
1.931713777594268322e-03
1.931679900735616684e-03
1.931645907461643219e-03
1.933473395183682442e-03
1.945666852407157421e-03
1.939014531672000885e-03
1.932436134666204453e-03
1.931582228280603886e-03
1.931511098518967628e-03
1.941166236065328121e-03
1.952459337189793587e-03
1.934083295054733753e-03
1.931927632540464401e-03
1.931403297930955887e-03
1.931310165673494339e-03
1.931269769556820393e-03
1.931237755343317986e-03
1.931208185851573944e-03
1.931207254528999329e-03
2.087713452056050301e-03
1.939938636496663094e-03
1.933463267050683498e-03
1.931156148202717304e-03
1.931096077896654606e-03
1.931024831719696522e-03
1.930992235429584980e-03
1.930963830091059208e-03
1.930935773998498917e-03
1.931913080625236034e-03
1.943143433891236782e-03
1.931309467181563377e-03
1.930924132466316223e-03
1.930832979269325733e-03
1.930795260705053806e-03
1.930944737978279591e-03
2.098533092066645622e-03
1.945530297234654427e-03
1.932846731506288052e-03
1.930941711179912090e-03
1.930646481923758984e-03
1.930623780936002731e-03
1.930593978613615036e-03
1.930568600073456764e-03
1.930543105117976665e-03
1.930520171299576759e-03
1.975924707949161530e-03
1.939624780789017677e-03
1.933258376084268093e-03
1.931107253767549992e-03
1.930481870658695698e-03
1.930396072566509247e-03
1.930364524014294147e-03
1.930340193212032318e-03
1.930326805450022221e-03
2.103592269122600555e-03
1.931102364324033260e-03
1.930269761942327023e-03
1.930255792103707790e-03
1.930243102833628654e-03
1.930191181600093842e-03
1.930167316459119320e-03
1.930143916979432106e-03
1.930241705849766731e-03
1.961799338459968567e-03
1.948057557456195354e-03
1.931676059029996395e-03
1.930058584548532963e-03
1.930065453052520752e-03
1.930005731992423534e-03
1.929980819113552570e-03
1.929958467371761799e-03
1.929936348460614681e-03
1.929914229549467564e-03
1.929894206114113331e-03
1.993049401789903641e-03
1.952548162080347538e-03
1.933079678565263748e-03
1.930235070176422596e-03
1.929846475832164288e-03
1.929795020259916782e-03
1.955398824065923691e-03
1.964983763173222542e-03
1.931779086589813232e-03
1.929731457494199276e-03
1.929696765728294849e-03
1.929668709635734558e-03
1.929647056385874748e-03
1.929625519551336765e-03
1.929604914039373398e-03
1.929584424942731857e-03
1.929564285092055798e-03
1.934970030561089516e-03
1.936883898451924324e-03
1.931853243149816990e-03
1.930467202328145504e-03
1.929479185491800308e-03
1.929466146975755692e-03
1.929436461068689823e-03
1.929505495354533195e-03
1.975577324628829956e-03
1.929891179315745831e-03
1.930442755110561848e-03
1.929350779391825199e-03
1.929332269355654716e-03
1.929309451952576637e-03
1.929289777763187885e-03
1.929269754327833652e-03
1.929378486238420010e-03
1.930152648128569126e-03
1.933674560859799385e-03
1.929290010593831539e-03
1.929202466271817684e-03
1.929189660586416721e-03
1.929144607856869698e-03
1.929123303852975368e-03
1.929102698341012001e-03
1.929084537550806999e-03
1.951144775375723839e-03
1.933497609570622444e-03
1.930865808390080929e-03
1.929423422552645206e-03
1.929006888531148434e-03
1.928988262079656124e-03
1.928962650708854198e-03
1.928942045196890831e-03
1.928944722749292850e-03
2.116924384608864784e-03
1.952583785168826580e-03
1.929652411490678787e-03
1.929083256982266903e-03
1.928836922161281109e-03
1.928814686834812164e-03
1.928793848492205143e-03
1.928773592226207256e-03
1.928753219544887543e-03
1.928733428940176964e-03
1.941954717040061951e-03
1.934513216838240623e-03
1.928959973156452179e-03
1.928932499140501022e-03
1.928685349412262440e-03
1.928631681948900223e-03
1.929673366248607635e-03
1.976734958589076996e-03
1.936970045790076256e-03
1.928989891894161701e-03
1.928578130900859833e-03
1.928534475155174732e-03
1.928495010361075401e-03
1.928473939187824726e-03
1.928453450091183186e-03
1.928432029671967030e-03
1.928412588313221931e-03
1.946466392837464809e-03
1.968097873032093048e-03
1.928768469952046871e-03
1.928900834172964096e-03
1.928324229083955288e-03
1.928293611854314804e-03
1.928271842189133167e-03
1.928670448251068592e-03
1.957613974809646606e-03
1.933201216161251068e-03
1.928210374899208546e-03
1.928225625306367874e-03
1.928156823851168156e-03
1.928129117004573345e-03
1.928106648847460747e-03
1.932821935042738914e-03
1.929428661242127419e-03
1.933906343765556812e-03
1.928233308717608452e-03
1.928106299601495266e-03
1.927987090311944485e-03
1.927951816469430923e-03
1.927925040945410728e-03
1.927914796397089958e-03
2.023092238232493401e-03
1.940123154781758785e-03
1.927895820699632168e-03
1.928018522448837757e-03
1.927821664139628410e-03
1.927771721966564655e-03
1.927743083797395229e-03
1.957112923264503479e-03
1.937704742886126041e-03
1.928576617501676083e-03
1.927755656652152538e-03
1.927679055370390415e-03
1.927605364471673965e-03
1.927571021951735020e-03
1.927542034536600113e-03
1.927513512782752514e-03
1.927484641782939434e-03
1.927463687025010586e-03
2.049222821369767189e-03
1.936495187692344189e-03
1.929038902744650841e-03
1.927553326822817326e-03
1.927338773384690285e-03
1.927304198034107685e-03
1.927290693856775761e-03
1.996062463149428368e-03
1.932636019773781300e-03
1.927681267261505127e-03
1.927319681271910667e-03
1.927150529809296131e-03
1.927094650454819202e-03
1.927057397551834583e-03
1.927022356539964676e-03
1.926986617036163807e-03
1.927068457007408142e-03
1.943395938724279404e-03
1.929159858264029026e-03
1.927980803884565830e-03
1.926841330714523792e-03
1.926814555190503597e-03
1.958391163498163223e-03
1.942139351740479469e-03
1.928037963807582855e-03
1.926667755469679832e-03
1.926642609760165215e-03
1.926568336784839630e-03
1.926522003486752510e-03
1.926476950757205486e-03
1.926763681694865227e-03
1.944577204994857311e-03
1.934170839376747608e-03
1.926728058606386185e-03
1.926285913214087486e-03
1.926245284266769886e-03
1.955477520823478699e-03
1.933972118422389030e-03
1.927498960867524147e-03
1.926257275044918060e-03
1.926020719110965729e-03
1.925949007272720337e-03
1.925889169797301292e-03
1.925831194967031479e-03
1.926606521010398865e-03
1.974995248019695282e-03
1.930476864799857140e-03
1.925665652379393578e-03
1.925677061080932617e-03
1.925501972436904907e-03
1.925423042848706245e-03
1.925384858623147011e-03
1.977882115170359612e-03
1.930190832354128361e-03
1.925243297591805458e-03
1.925217919051647186e-03
1.925044576637446880e-03
1.924964250065386295e-03
1.924881711602210999e-03
1.924798008985817432e-03
1.942356117069721222e-03
1.947155571542680264e-03
1.928737619891762733e-03
1.924896147102117538e-03
1.924392301589250565e-03
1.924287411384284496e-03
1.924181706272065639e-03
1.924074837006628513e-03
1.923966920003294945e-03
2.022043336182832718e-03
1.930895145051181316e-03
1.923952018842101097e-03
1.923604519106447697e-03
1.923481118865311146e-03
1.923335250467061996e-03
1.923199743032455444e-03
1.923060743138194084e-03
1.923734205774962902e-03
1.925676246173679829e-03
1.929822843521833420e-03
1.923159346915781498e-03
1.922366442158818245e-03
1.922190072946250439e-03
1.922014984302222729e-03
1.921830349601805210e-03
1.921639544889330864e-03
1.921440474689006805e-03
1.921233488246798515e-03
2.073323121294379234e-03
1.932656276039779186e-03
1.921815099194645882e-03
1.920476905070245266e-03
1.920233131386339664e-03
1.919970847666263580e-03
1.919703674502670765e-03
1.919422298669815063e-03
1.919143483974039555e-03
1.997480634599924088e-03
1.926557859405875206e-03
1.918793655931949615e-03
1.917909714393317699e-03
1.917536254040896893e-03
1.917124493047595024e-03
1.916708308272063732e-03
1.916271867230534554e-03
1.915811328217387199e-03
1.970289973542094231e-03
1.929793506860733032e-03
1.915952307172119617e-03
1.913912943564355373e-03
1.913302927277982235e-03
1.912652864120900631e-03
1.912016305141150951e-03
1.999022206291556358e-03
1.912172301672399044e-03
1.911188126541674137e-03
1.909146783873438835e-03
1.908198930323123932e-03
1.907288911752402782e-03
1.906330464407801628e-03
1.905323704704642296e-03
1.951166428625583649e-03
1.914922846481204033e-03
1.902738935314118862e-03
1.901029143482446671e-03
1.899800496175885201e-03
1.898499671369791031e-03
1.897299895063042641e-03
1.906044897623360157e-03
1.903279218822717667e-03
1.893424196168780327e-03
1.891824998892843723e-03
1.890283543616533279e-03
1.888830098323523998e-03
1.887369435280561447e-03
1.885908655822277069e-03
1.902236486785113811e-03
1.883422257378697395e-03
1.881887787021696568e-03
1.880480907857418060e-03
1.879208371974527836e-03
1.877898350358009338e-03
1.876671914942562580e-03
1.875545480288565159e-03
1.877622213214635849e-03
1.876317546702921391e-03
1.872729975730180740e-03
1.871590036898851395e-03
1.870603533461689949e-03
1.869749743491411209e-03
1.868953113444149494e-03
1.868200837634503841e-03
1.867494895122945309e-03
1.902481773868203163e-03
1.866581733338534832e-03
1.867126789875328541e-03
1.865252619609236717e-03
1.864727935753762722e-03
1.864210469648241997e-03
1.863730722106993198e-03
1.863272394984960556e-03
1.871012034825980663e-03
1.873410772532224655e-03
1.862769597209990025e-03
1.861748285591602325e-03
1.861361088231205940e-03
1.860956544987857342e-03
1.860593329183757305e-03
1.860238611698150635e-03
1.859889947809278965e-03
1.865169149823486805e-03
1.861978089436888695e-03
1.862162025645375252e-03
1.858892152085900307e-03
1.858441741205751896e-03
1.858131377957761288e-03
1.857823110185563564e-03
1.857515657320618629e-03
1.857276889495551586e-03
1.940428861416876316e-03
1.857882598415017128e-03
1.857274444773793221e-03
1.856254297308623791e-03
1.855845213867723942e-03
1.855540089309215546e-03
1.855246140621602535e-03
1.854953006841242313e-03
1.854657894000411034e-03
1.854520407505333424e-03
1.906295772641897202e-03
1.856944174505770206e-03
1.854179194197058678e-03
1.853439491242170334e-03
1.853108173236250877e-03
1.852815970778465271e-03
1.852518762461841106e-03
1.852219342254102230e-03
1.851915731094777584e-03
1.851882901974022388e-03
1.860903459601104259e-03
1.857117051258683205e-03
1.850898726843297482e-03
1.850569853559136391e-03
1.850179629400372505e-03
1.849838998168706894e-03
1.849501393735408783e-03
1.849157270044088364e-03
1.848804764449596405e-03
1.848443178460001945e-03
1.848071580752730370e-03
1.847739331424236298e-03
1.868355902843177319e-03
1.854856964200735092e-03
1.847457489930093288e-03
1.846343511715531349e-03
1.845936523750424385e-03
1.845508115366101265e-03
1.845080871134996414e-03
1.844644080847501755e-03
2.000298351049423218e-03
1.859759446233510971e-03
1.843524747528135777e-03
1.843196805566549301e-03
1.842497382313013077e-03
1.841982011683285236e-03
1.841477118432521820e-03
1.840964076109230518e-03
1.840438460931181908e-03
1.839900156483054161e-03
1.839349512010812759e-03
1.982262358069419861e-03
1.857129624113440514e-03
1.837936113588511944e-03
1.837449846789240837e-03
1.836723997257649899e-03
1.836124574765563011e-03
1.835524570196866989e-03
1.835796865634620190e-03
1.847785548307001591e-03
1.835184637457132339e-03
1.833443413488566875e-03
1.832686131820082664e-03
1.832080073654651642e-03
1.831468893215060234e-03
1.830860041081905365e-03
1.830250490456819534e-03
1.829640124924480915e-03
1.829030225053429604e-03
1.875555375590920448e-03
1.842744182795286179e-03
1.827846863307058811e-03
1.827149884775280952e-03
1.826282124966382980e-03
1.825692714191973209e-03
1.825124723836779594e-03
1.824564649723470211e-03
1.824022619985044003e-03
1.843212405219674110e-03
1.829945365898311138e-03
1.822793972678482533e-03
1.822189078666269779e-03
1.821605255827307701e-03
1.821110141463577747e-03
1.820636680349707603e-03
1.820173230953514576e-03
1.819717348553240299e-03
1.819268800318241119e-03
1.818827819079160690e-03
1.818438060581684113e-03
1.878341659903526306e-03
1.825708313845098019e-03
1.817698241211473942e-03
1.816915813833475113e-03
1.816539675928652287e-03
1.816172967664897442e-03
1.815813593566417694e-03
1.815462019294500351e-03
1.815118128433823586e-03
1.814788556657731533e-03
1.862017787061631680e-03
1.816236646845936775e-03
1.814151532016694546e-03
1.813743147067725658e-03
1.813430339097976685e-03
1.813140115700662136e-03
1.812877249903976917e-03
1.812619739212095737e-03
1.812367583625018597e-03
1.812121132388710976e-03
1.812560367397964001e-03
1.842164900153875351e-03
1.816078904084861279e-03
1.811349880881607533e-03
1.811180263757705688e-03
1.810929854400455952e-03
1.810721936635673046e-03
1.810526009649038315e-03
1.810333924368023872e-03
1.810145913623273373e-03
1.809961511753499508e-03
1.809780835174024105e-03
1.812422182410955429e-03
1.815003575757145882e-03
1.809538807719945908e-03
1.809290028177201748e-03
1.809135777875781059e-03
1.808957196772098541e-03
1.808804227039217949e-03
1.808658591471612453e-03
1.808521221391856670e-03
1.904978882521390915e-03
1.819091383367776871e-03
1.808396540582180023e-03
1.808278961107134819e-03
1.807988272048532963e-03
1.807837281376123428e-03
1.807711319997906685e-03
1.807586872018873692e-03
1.807463588193058968e-03
1.807340770028531551e-03
1.807218533940613270e-03
1.834555529057979584e-03
1.824636827223002911e-03
1.807825057767331600e-03
1.807107124477624893e-03
1.806777319870889187e-03
1.806657761335372925e-03
1.806540298275649548e-03
1.806431100703775883e-03
1.812003320083022118e-03
1.807314227335155010e-03
1.807187567465007305e-03
1.806095591746270657e-03
1.805979874916374683e-03
1.805858570151031017e-03
1.805743551813066006e-03
1.805627369321882725e-03
1.805509906262159348e-03
1.805391279049217701e-03
1.807594671845436096e-03
1.813406939618289471e-03
1.807034248486161232e-03
1.805472536943852901e-03
1.804979983717203140e-03
1.804825966246426105e-03
1.804704661481082439e-03
1.804582541808485985e-03
1.804459374397993088e-03
1.807285589165985584e-03
1.809210167266428471e-03
1.805149368010461330e-03
1.804481493309140205e-03
1.804025610908865929e-03
1.803880790248513222e-03
1.803747378289699554e-03
1.803616993129253387e-03
1.803485210984945297e-03
1.803351682610809803e-03
1.803216175176203251e-03
1.803078805096447468e-03
1.929011428728699684e-03
1.821603975258767605e-03
1.804607571102678776e-03
1.802775310352444649e-03
1.802570652216672897e-03
1.802408369258046150e-03
1.802265294827520847e-03
1.802120939828455448e-03
1.801975187845528126e-03
1.885817269794642925e-03
1.809134962968528271e-03
1.801999635063111782e-03
1.801755861379206181e-03
1.801407546736299992e-03
1.801252714358270168e-03
1.801101607270538807e-03
1.800949452444911003e-03
1.800795667804777622e-03
1.800639671273529530e-03
1.800488564185798168e-03
1.807306194677948952e-03
1.810093992389738560e-03
1.800800091587007046e-03
1.800061319954693317e-03
1.799874589778482914e-03
1.799703226424753666e-03
1.799540710635483265e-03
1.799378776922821999e-03
1.799216028302907944e-03
1.902641262859106064e-03
1.811839989386498928e-03
1.799262594431638718e-03
1.798800192773342133e-03
1.798582030460238457e-03
1.798402401618659496e-03
1.798232202418148518e-03
1.798063633032143116e-03
1.797893433831632137e-03
1.797721604816615582e-03
1.797594944946467876e-03
1.802556216716766357e-03
1.797734177671372890e-03
1.797391800209879875e-03
1.797086908482015133e-03
1.796874566935002804e-03
1.796704833395779133e-03
1.796532771550118923e-03
1.796360942535102367e-03
1.796187134459614754e-03
1.796012395061552525e-03
1.925649587064981461e-03
1.797360717318952084e-03
1.796071184799075127e-03
1.795566524378955364e-03
1.795326708815991879e-03
1.795150339603424072e-03
1.794969080947339535e-03
1.794788753613829613e-03
1.794606680050492287e-03
1.794422860257327557e-03
1.794236712157726288e-03
1.794054755009710789e-03
1.887935562990605831e-03
1.799312885850667953e-03
1.795032410882413387e-03
1.793655916117131710e-03
1.793336239643394947e-03
1.793130883015692234e-03
1.792945782653987408e-03
1.792758936062455177e-03
1.792570459656417370e-03
1.792380237020552158e-03
1.792288967408239841e-03
1.795230782590806484e-03
1.794026466086506844e-03
1.792243565432727337e-03
1.791696064174175262e-03
1.791421789675951004e-03
1.791228190995752811e-03
1.791032031178474426e-03
1.790835289284586906e-03
1.790637150406837463e-03
1.790437265299260616e-03
1.790237729437649250e-03
1.796874334104359150e-03
1.801351085305213928e-03
1.791197340935468674e-03
1.789791393093764782e-03
1.789439702406525612e-03
1.789245521649718285e-03
1.789046451449394226e-03
1.788847730495035648e-03
1.788647845387458801e-03
1.788445981219410896e-03
1.824531704187393188e-03
1.788831083104014397e-03
1.788544235751032829e-03
1.788049121387302876e-03
1.787627697922289371e-03
1.787417568266391754e-03
1.787207787856459618e-03
1.786999520845711231e-03
1.786790089681744576e-03
1.786578097380697727e-03
1.792336581274867058e-03
1.806694781407713890e-03
1.786600449122488499e-03
1.786024426110088825e-03
1.785766566172242165e-03
1.785522792488336563e-03
1.785308239050209522e-03
1.785097294487059116e-03
1.784884603694081306e-03
1.784670166671276093e-03
1.786889275535941124e-03
1.804267638362944126e-03
1.787093933671712875e-03
1.784446998499333858e-03
1.783855375833809376e-03
1.783592975698411465e-03
1.783378422260284424e-03
1.783161656931042671e-03
1.782944076694548130e-03
1.782741746865212917e-03
1.833324553444981575e-03
1.789694884791970253e-03
1.783140120096504688e-03
1.782216364517807961e-03
1.781876897439360619e-03
1.781669212505221367e-03
1.781458850018680096e-03
1.781248836778104305e-03
1.781037310138344765e-03
1.780824852176010609e-03
1.780638121999800205e-03
1.789637492038309574e-03
1.784505788236856461e-03
1.780672231689095497e-03
1.780064892955124378e-03
1.779842306859791279e-03
1.779633341357111931e-03
1.779425772838294506e-03
1.779217622242867947e-03
1.779009238816797733e-03
1.809234614484012127e-03
1.792241237126290798e-03
1.781132072210311890e-03
1.778562902472913265e-03
1.778234029188752174e-03
1.778023666702210903e-03
1.777819241397082806e-03
1.777619123458862305e-03
1.777418889105319977e-03
1.777217839844524860e-03
1.777015975676476955e-03
1.777785248123109341e-03
1.809701439924538136e-03
1.777922036126255989e-03
1.776899443939328194e-03
1.776366727426648140e-03
1.776162069290876389e-03
1.775965443812310696e-03
1.775769167579710484e-03
1.775572542101144791e-03
1.775374985300004482e-03
1.775185344740748405e-03
1.796277589164674282e-03
1.775459269993007183e-03
1.775884535163640976e-03
1.774676260538399220e-03
1.774445059709250927e-03
1.774246688000857830e-03
1.774047035723924637e-03
1.773848081938922405e-03
1.773647847585380077e-03
1.773445867002010345e-03
1.773286028765141964e-03
1.822590595111250877e-03
1.776958815753459930e-03
1.773462630808353424e-03
1.772823510691523552e-03
1.772580086253583431e-03
1.772369374521076679e-03
1.772160525433719158e-03
1.771949580870568752e-03
1.771736075170338154e-03
1.771519775502383709e-03
1.771411509253084660e-03
1.808361732400953770e-03
1.772045507095754147e-03
1.771413721144199371e-03
1.770715811289846897e-03
1.770484726876020432e-03
1.770254457369446754e-03
1.770024304278194904e-03
1.769791706465184689e-03
1.769556431099772453e-03
1.769327907823026180e-03
1.817624783143401146e-03
1.773999538272619247e-03
1.769443857483565807e-03
1.768824760802090168e-03
1.768502057529985905e-03
1.768249901942908764e-03
1.768003450706601143e-03
1.767756650224328041e-03
1.767508685588836670e-03
1.767259207554161549e-03
1.767010078765451908e-03
1.799280871637165546e-03
1.774946111254394054e-03
1.766821951605379581e-03
1.766402972862124443e-03
1.766086672432720661e-03
1.765817636623978615e-03
1.765559543855488300e-03
1.765301451086997986e-03
1.765042776241898537e-03
1.764788990840315819e-03
1.786683220416307449e-03
1.772248768247663975e-03
1.765371882356703281e-03
1.764226122759282589e-03
1.763873849995434284e-03
1.763617037795484066e-03
1.763362088240683079e-03
1.763108419254422188e-03
1.762854284606873989e-03
1.762599567882716656e-03
1.762345083989202976e-03
1.763390726409852505e-03
1.763689331710338593e-03
1.762947766110301018e-03
1.761634019203484058e-03
1.761363586410880089e-03
1.761098857969045639e-03
1.760836341418325901e-03
1.760573941282927990e-03
1.760310726240277290e-03
1.760046696290373802e-03
1.759781735017895699e-03
1.759527134709060192e-03
1.769686234183609486e-03
1.763025415129959583e-03
1.759642502292990685e-03
1.758932485245168209e-03
1.758548547513782978e-03
1.758284284733235836e-03
1.758021069690585136e-03
1.757759600877761841e-03
1.757497782818973064e-03
1.757235266268253326e-03
1.756972982548177242e-03
1.795243937522172928e-03
1.759871840476989746e-03
1.756807323545217514e-03
1.756365294568240643e-03
1.755982753820717335e-03
1.755707897245883942e-03
1.755447709001600742e-03
1.755189849063754082e-03
1.754931407049298286e-03
1.754672732204198837e-03
1.754413126036524773e-03
1.754153403453528881e-03
1.753892865963280201e-03
1.948818913660943508e-03
1.761972787790000439e-03
1.754920929670333862e-03
1.753388205543160439e-03
1.752928830683231354e-03
1.752653624862432480e-03
1.752400770783424377e-03
1.752149895764887333e-03
1.751899137161672115e-03
1.751648611389100552e-03
1.751410192809998989e-03
1.801946549676358700e-03
1.754747354425489902e-03
1.751400530338287354e-03
1.750671304762363434e-03
1.750389812514185905e-03
1.750148949213325977e-03
1.749908551573753357e-03
1.749669783748686314e-03
1.749431598000228405e-03
1.749194110743701458e-03
1.748956623487174511e-03
1.748719369061291218e-03
1.748482463881373405e-03
1.748478272929787636e-03
1.780637656338512897e-03
1.751865958794951439e-03
1.748263486661016941e-03
1.747590955346822739e-03
1.747329253703355789e-03
1.747099682688713074e-03
1.746873487718403339e-03
1.746648340485990047e-03
1.746424473822116852e-03
1.781259081326425076e-03
1.747873262502253056e-03
1.747313421219587326e-03
1.745742512866854668e-03
1.745464629493653774e-03
1.745251822285354137e-03
1.745040062814950943e-03
1.744829118251800537e-03
