3.260227824848902500e-01
2.959085825420224580e-01
2.903735354546794767e-01
2.852233010936838786e-01
2.840502831956444041e-01
2.885330428287438131e-01
2.962949068288668331e-01
2.876384522599382265e-01
2.931327533865439872e-01
2.915590345917713488e-01
2.895344956406223913e-01
2.861002920829293084e-01
2.940046208700957120e-01
2.901872780943142160e-01
2.955988569395686660e-01
2.995823516277398291e-01
3.142581047426173946e-01
3.132127085440010728e-01
3.267972764313682443e-01
3.341809313993160391e-01
3.192727567033070146e-01
3.230834405456368685e-01
3.422887427538039429e-01
3.288783179002612300e-01
3.269473993829389302e-01
3.375365281057139955e-01
3.326680518257927321e-01
3.280491230139368497e-01
3.341920946487988431e-01
3.368946824475070878e-01
3.487169877538471852e-01
3.598562878940270160e-01
3.465655634003198537e-01
3.661095828690805742e-01
3.728778841565527635e-01
3.883378446517846694e-01
3.875711009046134414e-01
3.874702882914622393e-01
3.813257811662043029e-01
4.004610078523782590e-01
3.920095437087225410e-01
3.927690884822305772e-01
4.055575781165268179e-01
4.058681142012696696e-01
4.010802480484214616e-01
4.100273253932146256e-01
4.033503195999263991e-01
3.988959324210702428e-01
4.054744682301889558e-01
4.184961233263673197e-01
4.091416080819563206e-01
4.139946398433627106e-01
4.106941619858122117e-01
4.130729831811925656e-01
4.083033009563044047e-01
4.119822969841682170e-01
4.254086803279812923e-01
4.182293917947825790e-01
4.204876037308424852e-01
4.215340937532352505e-01
4.206301587899782257e-01
4.354517352771563043e-01
4.207930950548320892e-01
4.332629888659287332e-01
4.331181646995448942e-01
4.220234129362385733e-01
4.270337245005497717e-01
4.355335629496371874e-01
4.280572150728902958e-01
4.206491362658058009e-01
4.238627376252228629e-01
4.247447545138223202e-01
4.214559664052723864e-01
4.221443831642532896e-01
4.267431724800408999e-01
4.176331101789170219e-01
4.260085090435037358e-01
4.233800958299560602e-01
4.324904074267339471e-01
4.217781781187954770e-01
4.331105165633739595e-01
4.341492415336449806e-01
4.123205622259780156e-01
4.192737334303429098e-01
4.341312726300676772e-01
4.265866904201739418e-01
4.319234598865434593e-01
4.274110169865895648e-01
4.291592860107633634e-01
4.230683496900708995e-01
4.423346939295950131e-01
4.351401678275941265e-01
4.397259641225783611e-01
4.516316439869305643e-01
4.531940713827676825e-01
4.419247766687444123e-01
4.464967974488820435e-01
4.451387789481590085e-01
4.607335160186288858e-01
4.526945909402944057e-01
4.531492477436414035e-01
4.427571119481896744e-01
4.577689058333509475e-01
4.518563695928494717e-01
4.489952549056455133e-01
4.629246957400479090e-01
4.543078085262491905e-01
4.546997630899849430e-01
4.630146317410415158e-01
4.562749177067348949e-01
4.509103580704698633e-01
4.456048176151872209e-01
4.471347679602469816e-01
4.554296671870108337e-01
4.596008225069462272e-01
4.559950988024559226e-01
4.587176526583892633e-01
4.644311351588772396e-01
4.737245026635452660e-01
4.648102954192087077e-01
4.528109118125600574e-01
4.514477741012062895e-01
4.666322421830415568e-01
4.717300019231941421e-01
4.698478322815986541e-01
4.599105892039414556e-01
4.682744392934656830e-01
4.595882083842979249e-01
4.608919009836311975e-01
4.634594512504587316e-01
4.800696654881377867e-01
4.714610620042297695e-01
4.729452423115423354e-01
4.713165340824246874e-01
4.631397205966796271e-01
4.571520929076973161e-01
4.787478493895171994e-01
4.770664430708486670e-01
4.726817340451424654e-01
4.766832419762678796e-01
4.728801706934648852e-01
4.680590631039711624e-01
4.831245607373404471e-01
4.647620340592939492e-01
4.643388308816682741e-01
4.654622511539630025e-01
4.673397796306711927e-01
4.816872436464791907e-01
4.697834893577910176e-01
4.926168625099434095e-01
4.829365270123772147e-01
4.706754864250650705e-01
4.811097384209956918e-01
4.854570999186098579e-01
4.780457406319484903e-01
4.806327569438693104e-01
4.827563832303222169e-01
4.779633314548246137e-01
4.775106390901724396e-01
4.741411319363395549e-01
4.819141150342109992e-01
4.852856168559745997e-01
4.839577755297059802e-01
4.785754617127842003e-01
4.718664318708525318e-01
4.739475114520195209e-01
4.729665947074828125e-01
4.776087175177486932e-01
4.836612896048699817e-01
4.685330253517311361e-01
4.782578294979562550e-01
4.756494805670933301e-01
4.760880776671583270e-01
4.789043210102237325e-01
4.751684138226019982e-01
4.839042035213042547e-01
4.784282934612373861e-01
4.850542254118348495e-01
4.826506326991999440e-01
4.800385969523868201e-01
4.847159697156175895e-01
4.848845958096836828e-01
4.788270085200156956e-01
4.779419086226071034e-01
4.832511911153902773e-01
4.821577174489165563e-01
4.755222457606249620e-01
4.757081023983668056e-01
4.783141582125665092e-01
4.678007694807078121e-01
4.904332948043894636e-01
4.810934676796347897e-01
4.835815373242833282e-01
4.804609164273607735e-01
4.915346478418476384e-01
4.851555705941934526e-01
4.829521228998658877e-01
4.859935037035967298e-01
4.828620272636001687e-01
4.876350548846705157e-01
4.819989986032147122e-01
4.845693660054452012e-01
4.785915145150372307e-01
4.909160400729857265e-01
4.799474451068636016e-01
4.808533915884325438e-01
4.768575080239788599e-01
4.782290405023196245e-01
4.771603452671006051e-01
4.762760797499216991e-01
4.807674989870935889e-01
4.876270495280394801e-01
4.808832406160310491e-01
4.708662978842577118e-01
4.763885853255533931e-01
4.947599148795516211e-01
4.807534981513317263e-01
4.802844100669412253e-01
4.853461231933515752e-01
4.817581336447309681e-01
4.840617315166226842e-01
4.739697947190184557e-01
4.773988682913700154e-01
4.730852095138340374e-01
4.758704935367106259e-01
4.862781878211188680e-01
4.779129745920644989e-01
4.841123140162002514e-01
4.852468860366143666e-01
4.973138632482838606e-01
4.841541450661774881e-01
4.933353419341306445e-01
4.946578947985023067e-01
4.803001049947168699e-01
4.809719557982745641e-01
4.906531244031346883e-01
4.942937334120638404e-01
4.964952833229001605e-01
4.954173113191043809e-01
4.991643369787435169e-01
4.943182634610798765e-01
4.878499678619645508e-01
4.887367982920959308e-01
4.831100887461866611e-01
4.891573551225193439e-01
4.842459345517053926e-01
4.874212521541776422e-01
4.928350530316765177e-01
4.938093756938392032e-01
4.996007927923213909e-01
5.002750643825808474e-01
4.923790240804187812e-01
4.883364845004474208e-01
4.932422505010978231e-01
5.011461768763906255e-01
4.934705500081816298e-01
4.921571957657009388e-01
5.022225148678491902e-01
4.949140969830295722e-01
5.004060582390198464e-01
4.909206125543517096e-01
4.995175334771144726e-01
5.154569863478694058e-01
5.084071550834919906e-01
5.026823924593261106e-01
5.045050599973887051e-01
5.034287729997268812e-01
5.095367024873829198e-01
5.015975663987526367e-01
4.954654779496936445e-01
4.974716254788438263e-01
4.973687017068300076e-01
5.060115703351167893e-01
5.110861534667542339e-01
5.086311858843945988e-01
5.074034408668149920e-01
5.057031077001588049e-01
4.962320555290231638e-01
5.064010949142968565e-01
5.150286185167052277e-01
5.184093055913121528e-01
5.181124886713222022e-01
5.134841395443613399e-01
4.970062706124023233e-01
5.073885831745658104e-01
5.219973873146142029e-01
5.113287196108835531e-01
5.203968415378896761e-01
5.129243715035642914e-01
5.067600262462105265e-01
5.087176178171169960e-01
4.998606914411685143e-01
5.097571576777297775e-01
5.097599936246423047e-01
5.248158073918338662e-01
5.102317498651987027e-01
5.136579489253483288e-01
5.126595818318699926e-01
5.123918279364843009e-01
5.039813899057261626e-01
5.098723293053689654e-01
5.073746895682947899e-01
5.130843680367099813e-01
5.076887502907706518e-01
5.168843983331254943e-01
5.168372058642374256e-01
5.222794193393897055e-01
5.253441598479835495e-01
5.323446832385411165e-01
5.255716904398386458e-01
5.271075118183430330e-01
5.181006963048440106e-01
5.046227764417656747e-01
5.155419630738489190e-01
5.222730285557410923e-01
5.204155426287079278e-01
5.177312649124803379e-01
5.348336084196070317e-01
5.309415127853529537e-01
5.378699086765713622e-01
5.304303506000165314e-01
5.258620874031872949e-01
5.324036931870723688e-01
5.307673530615639734e-01
5.190853693681996006e-01
5.280511353396314389e-01
5.270678386803008264e-01
5.248405627863950151e-01
5.270295346704796380e-01
5.394301028354371308e-01
5.371824899246109286e-01
5.327125797292040499e-01
5.248699059794528221e-01
5.290744544679162331e-01
5.253172459832354813e-01
5.397400464720639723e-01
5.356804874358729318e-01
5.326594586382028540e-01
5.342152380723581562e-01
5.220620245629696843e-01
5.291140654266348609e-01
5.337185676346249963e-01
5.392399615213607778e-01
5.309545728182699653e-01
5.353890740507127877e-01
5.292697668549201095e-01
5.310688482724748027e-01
5.289477621833857945e-01
5.307138173149379412e-01
5.348899482623646895e-01
5.452650824027979182e-01
5.348843037463244521e-01
5.308147516828581880e-01
5.376739925176533541e-01
5.463159290330426021e-01
5.431311439690517107e-01
5.377553465096843732e-01
5.376375893590616961e-01
5.452559054414181094e-01
5.363179727674560748e-01
5.343688892816753633e-01
5.318487289040416677e-01
5.344578226079957917e-01
5.385404063192509305e-01
5.396651689459001089e-01
5.453394803244864253e-01
5.322353491686839799e-01
5.417725705560275662e-01
5.434864054817631907e-01
5.402453504788697902e-01
5.408047813689241812e-01
5.455311172434492706e-01
5.520494666661139860e-01
5.467262207435938937e-01
5.381304421114753156e-01
5.486051730758678691e-01
5.588632160050133191e-01
5.574623823976905257e-01
5.493060099880253677e-01
5.446066979933513741e-01
5.555037216176608172e-01
5.550174387762558670e-01
5.391421528460622614e-01
5.498100319225458499e-01
5.561685706415426811e-01
5.591385079999411367e-01
5.525351672291037852e-01
5.561987579494087619e-01
5.564296530689680775e-01
5.527466803322214073e-01
5.729447867902398572e-01
5.616361656427811822e-01
5.536573759695149199e-01
5.413126273037407454e-01
5.532468567207634580e-01
5.435779478438098611e-01
5.476930067195179275e-01
5.474863075560029158e-01
5.606308190349079679e-01
5.524064372244227306e-01
5.461963860798738635e-01
5.591846638488044974e-01
5.506374455052395200e-01
5.595237332129903152e-01
5.576973327057873631e-01
5.607639986315432479e-01
5.577601313765332414e-01
5.511576254414499720e-01
5.725092137593901231e-01
5.519491588589824360e-01
5.588446401593203383e-01
5.570965614753630168e-01
5.503606768919380166e-01
5.699672822488288659e-01
5.642178232789809567e-01
5.639063028709854208e-01
5.560115651255763680e-01
5.691872012349936671e-01
5.704546407810183739e-01
5.705653606292663271e-01
5.631559010907487561e-01
5.613543293110561105e-01
5.623701519206296684e-01
5.556953821129906324e-01
5.668267829044595363e-01
5.575769873583158454e-01
5.532952034025619970e-01
5.667203865937142648e-01
5.582412681496510265e-01
5.604245490023868070e-01
5.654933481720261224e-01
5.713075822938252779e-01
5.755836998911506575e-01
5.678521831918150742e-01
5.709393569118215161e-01
5.612804358236078706e-01
5.835860799440129032e-01
5.756393906977848030e-01
5.643379582064980138e-01
5.587715423699830541e-01
5.625379967873489484e-01
5.690633759233455491e-01
5.694218860625531731e-01
5.788757889715245852e-01
5.696701945438643611e-01
5.655760930919837559e-01
5.648553804846221382e-01
5.702642193874154497e-01
5.758105399275442737e-01
5.802384801134308212e-01
5.747779220969950753e-01
5.775219522531276350e-01
5.862014567519777675e-01
5.790677232767715843e-01
5.817114259358345807e-01
5.756385752097518127e-01
5.766029813519675251e-01
5.897657467425608813e-01
5.800462146686116149e-01
5.753429339596369818e-01
5.828880238858462626e-01
5.733138796293145711e-01
5.725670442537068583e-01
5.941263262326224037e-01
5.922594932583273852e-01
5.940455692149291256e-01
5.865898581074189266e-01
5.861202798566118588e-01
5.787339902621810861e-01
5.817032240917366925e-01
5.961054934434905084e-01
5.724642072581636043e-01
5.894962204808765760e-01
5.875675801140336496e-01
5.923314686318181810e-01
5.864556794927456851e-01
5.994461484813089491e-01
5.860187877774676313e-01
5.929450237275194491e-01
5.855492665945106756e-01
5.954551804333102494e-01
5.928783828108898923e-01
5.903440220417788264e-01
5.948410221578604995e-01
5.918615225730508023e-01
5.834706820167729902e-01
5.926321331107851087e-01
5.997246397978164278e-01
6.085325525221132459e-01
5.992555622542490301e-01
5.895702242307834240e-01
5.815923585653420824e-01
6.016467090557591213e-01
6.034334478845808647e-01
5.864097835999370067e-01
5.928391188713648674e-01
5.952982209269589431e-01
5.977970053533646633e-01
5.971719738474177142e-01
5.896767470538925027e-01
5.971145086578868444e-01
6.037967308204228445e-01
5.908064568920288195e-01
5.944697392947381198e-01
5.941430397411615605e-01
6.055879505021568576e-01
6.020043624638318214e-01
5.926856797379104203e-01
5.892211323962702751e-01
5.978659604140548200e-01
6.081962983736560746e-01
5.866717738876523480e-01
5.982425483762101592e-01
6.034714933383734659e-01
5.989307919948966275e-01
6.081136525840737939e-01
6.001112879246112142e-01
6.094510077114962954e-01
6.054414448811947791e-01
6.153587307848268351e-01
6.014590391541438930e-01
6.004925732357073720e-01
6.129375302377060297e-01
6.150943866136044935e-01
6.075446682458395253e-01
6.059722028204034272e-01
5.952763376844278920e-01
6.006911561439409741e-01
6.003692904656284801e-01
6.111380255504533787e-01
5.978044786996716820e-01
6.059600735787347148e-01
6.054412414868687309e-01
6.018724211858286210e-01
6.186294444414781601e-01
6.258186784344317299e-01
6.180329220134759272e-01
6.245046113266606858e-01
6.203854445997141198e-01
6.174291906449654865e-01
6.044558695328884346e-01
6.113715152211673942e-01
6.282735888498133248e-01
6.176879188186750191e-01
6.113948279523941931e-01
6.214397140070980763e-01
6.195714728755133960e-01
6.233204138262671279e-01
6.321355551485073887e-01
6.233219566459498040e-01
6.284821494535108855e-01
6.299727562432007044e-01
6.329812274679824657e-01
6.202498981660893307e-01
6.260617335212665946e-01
6.113272991267557632e-01
6.320112354249508568e-01
6.149096720976382491e-01
6.226836070980447113e-01
6.248484102052546119e-01
6.146270026782740814e-01
6.260024145737882462e-01
6.165662541402605612e-01
6.227049540617125567e-01
6.225073698459872018e-01
6.287294454090077700e-01
6.222677310840122322e-01
6.162508694837649514e-01
6.323968381907995040e-01
6.238633131450028735e-01
6.243467755585506707e-01
6.383224278073870162e-01
6.315496001673169824e-01
6.383976971708604786e-01
6.266366208730489440e-01
6.329966660922624611e-01
6.304309029488758265e-01
6.311679968842378585e-01
6.393317813959454865e-01
6.446955957589096675e-01
6.384063613580102103e-01
6.170195785729329918e-01
6.297421346855751612e-01
6.262494106744255218e-01
6.343448709132408769e-01
6.458367819644290631e-01
6.324758900281874929e-01
6.324923147243084465e-01
6.373731550599800455e-01
6.427319579789254611e-01
6.250531230412574857e-01
6.375603390941824156e-01
6.335356128833052880e-01
6.256352173806747352e-01
6.266797064560206687e-01
6.293962087124631566e-01
6.218036476595760753e-01
6.427588473319967299e-01
6.416192558643269983e-01
6.330768174121335079e-01
6.315729344117108068e-01
6.398970988319134801e-01
6.442535625930382315e-01
6.283388736970494381e-01
6.254538395852815569e-01
6.181215722088677644e-01
6.341046825706763146e-01
6.433927366128167069e-01
6.441853002273407736e-01
6.373317833378793207e-01
6.378723914628234848e-01
6.440190956495556174e-01
6.396736792808171979e-01
6.429992874007240955e-01
6.425782278188205687e-01
6.492688046825858539e-01
6.532615392876751637e-01
6.538891139956232168e-01
6.549642002924527251e-01
6.384383515715954527e-01
6.379389284448786501e-01
6.525251651972671096e-01
6.455542558485277693e-01
6.369072257299881468e-01
6.316293138194690737e-01
6.253000883677770627e-01
6.568119964931991017e-01
6.479481245737742645e-01
6.405067413635110452e-01
6.357317014175912773e-01
6.311898650248490839e-01
6.344389004007983113e-01
6.453281704153954745e-01
6.508030746716096937e-01
6.531413133689097927e-01
6.458874121325636208e-01
6.435265981117737066e-01
6.458256541028781772e-01
6.550926409329291822e-01
6.464258088815360015e-01
6.455564505700803757e-01
6.542640704837224819e-01
6.542475280197588283e-01
6.420178048760236678e-01
6.525646656305221782e-01
6.414517455078021513e-01
6.518873897416910257e-01
6.458384908539189784e-01
6.501903764374651340e-01
6.406738814550204664e-01
6.480775151914967003e-01
6.441476744863869897e-01
6.505378468649722912e-01
6.381572797688199739e-01
6.533986540210040550e-01
6.426574976807650774e-01
6.535274505583964499e-01
6.552613038012220503e-01
6.492692600365800315e-01
6.545022905709060312e-01
6.451252471363645435e-01
6.525320280852150434e-01
6.517843469494206676e-01
6.570324971573187067e-01
6.664399508891791779e-01
6.567007402378418623e-01
6.623662175566837895e-01
6.565652632005231082e-01
6.486314913749453570e-01
6.645431638975922706e-01
6.693228236458526048e-01
6.645132927938556255e-01
6.735386417233848455e-01
6.489047879530039920e-01
6.602479709653884532e-01
6.697604611355991722e-01
6.668968312980178004e-01
6.591959313797270958e-01
6.652784916915666091e-01
6.672911166153613349e-01
6.649423343631265526e-01
6.630522634501885282e-01
6.630380123724649577e-01
6.630294250646732168e-01
6.613499955489516857e-01
6.403018815733079183e-01
6.538687245952210514e-01
6.686253778224352518e-01
6.770268008900697243e-01
6.636049467485278797e-01
6.654094177121341325e-01
6.779332263369144407e-01
6.891816863109143654e-01
6.688867601166372800e-01
6.725153382856144946e-01
6.627321569125177447e-01
6.609587774907075275e-01
6.668098844130063707e-01
6.759220908377943093e-01
6.904128043868875686e-01
6.789788797027453970e-01
6.772848173727490373e-01
6.762254227748086821e-01
6.733225330757327542e-01
6.682077304341476065e-01
6.720862290514808546e-01
6.814209149471324167e-01
6.770662568345533483e-01
6.660383526675826005e-01
6.679545943733611324e-01
6.643374029683339899e-01
6.764471531102042023e-01
6.780884260247626028e-01
6.802572484771270966e-01
6.833659272912133709e-01
6.770672156979515854e-01
6.861296567293047044e-01
6.734351301954198954e-01
6.795654977279588227e-01
6.767359008649950214e-01
6.659814068581753066e-01
6.795415063785282817e-01
6.792256833927198256e-01
6.768858942532134382e-01
6.633719503637881543e-01
6.776777314833228871e-01
6.835518580853618964e-01
6.761923101507313350e-01
6.786635387886346127e-01
6.844351861481485777e-01
6.614554901320877089e-01
6.698940555871820690e-01
6.718425612739542530e-01
6.780271882156768681e-01
6.730566595020934795e-01
6.917647836866636091e-01
6.652719906844752895e-01
6.850062538327320594e-01
6.740131379491611785e-01
6.854832221122540981e-01
6.815889629363734992e-01
6.874619879204153516e-01
6.588395435642984133e-01
6.867443310235589182e-01
6.865760782715287780e-01
6.952954527924964934e-01
6.904919436482745976e-01
6.908063538286377536e-01
6.732969054910382667e-01
6.926434397026771661e-01
6.824772951115085640e-01
6.901237267282764876e-01
6.982767449300435469e-01
6.745304748940774697e-01
6.772437902382365538e-01
6.739056751905111442e-01
6.876534008714219048e-01
6.631314701331207928e-01
6.710695033334858062e-01
6.863177259886577009e-01
6.901499315767400944e-01
6.931895879914373726e-01
6.767687003788964706e-01
6.893368413404652451e-01
6.824062905709153970e-01
6.791045391789012342e-01
6.742706121922197315e-01
6.697761868297427146e-01
6.632587192141856658e-01
6.843222132891103593e-01
6.723575085460399281e-01
6.847611809918018322e-01
6.799595249397942798e-01
6.949103689674371864e-01
6.983205860217468475e-01
6.991029216642361543e-01
6.827679115292673018e-01
6.985122734054141080e-01
6.835054479294815355e-01
6.930760905616152323e-01
6.880371196339523099e-01
6.773801657884657157e-01
6.714551088001710077e-01
6.760878382877199000e-01
6.809322568622917515e-01
6.890315441426336784e-01
6.835477804721058481e-01
6.997726125854730750e-01
6.897758972882513939e-01
6.813166498677960536e-01
7.090389642538856840e-01
6.968344356693335628e-01
6.905406357774408477e-01
6.912775876125778485e-01
6.946034376184047066e-01
6.886507862350268461e-01
6.926060369416511264e-01
6.909993493753292526e-01
6.884920212848605336e-01
6.974266828703606924e-01
6.964309590133525019e-01
6.986409396249479986e-01
6.870311621815307079e-01
6.835596588819365937e-01
6.921721766294991474e-01
7.025830485888628907e-01
6.799629276780162490e-01
6.946339334734326076e-01
6.927508293364462721e-01
6.769648032507347146e-01
6.801837931285603656e-01
6.808783137791770690e-01
6.876962244385734779e-01
6.970420448812580938e-01
6.823121351513314892e-01
7.064703533220614284e-01
6.884326363316417563e-01
6.904096897373331876e-01
7.027630048790836081e-01
7.054251847173054202e-01
7.006873216006472838e-01
7.028559990235667687e-01
7.035775428428574507e-01
7.023677240525495469e-01
7.094719173298964510e-01
6.968922487307267488e-01
7.173655679936781215e-01
6.949121923235141995e-01
7.025625952344390912e-01
6.876841368003394628e-01
7.089081899446039170e-01
7.032379842368342571e-01
7.051690116484743420e-01
7.176880099181567330e-01
7.206250303561942960e-01
6.874461792350320399e-01
7.032103806493265052e-01
7.125570015480295893e-01
7.001872619151772170e-01
7.101029617345397948e-01
7.042757136546713426e-01
7.113423572230900271e-01
7.047547366170509031e-01
7.004899187264174154e-01
7.057646169782673118e-01
6.940603917673133783e-01
7.035400118841387274e-01
7.175853781374597062e-01
7.135180693336908853e-01
7.128134460417576701e-01
7.080594996109967898e-01
7.060470105296792198e-01
7.115113951793428093e-01
7.044589892240979978e-01
7.149702081985079838e-01
7.144636699297346460e-01
7.078325797156002075e-01
7.220454919836137853e-01
7.041355492844090236e-01
7.093002835885240387e-01
7.079510964650566063e-01
7.064999558653690670e-01
7.138622451830907156e-01
6.997692458961900508e-01
7.044428282640946559e-01
7.170802541028415966e-01
7.074137944528078314e-01
7.132642269537450286e-01
7.131092641328002912e-01
7.124360768568122060e-01
7.125336044931374069e-01
7.159612216704531740e-01
7.183997306728746590e-01
7.214979561880584535e-01
7.128110683925585889e-01
7.026473744077350592e-01
7.121768362389040430e-01
7.109935342998154884e-01
7.148599980325783809e-01
7.131766216030448469e-01
7.114121899615196698e-01
7.068840998341718862e-01
7.239532645685049506e-01
7.108458350571998929e-01
7.059983979378364749e-01
7.278257406342295566e-01
7.101375576678374824e-01
7.110140428447679906e-01
7.148213801493008557e-01
7.197663338485535967e-01
7.182723089192947219e-01
7.017062726047600396e-01
7.229329437449190099e-01
7.380888120079014403e-01
7.063027742865339853e-01
7.284679127177613456e-01
7.150427872066296153e-01
7.205919635033988246e-01
7.102243339667492217e-01
7.118480527778183742e-01
7.195356659113721909e-01
7.199519880162791319e-01
7.222980789940065538e-01
7.225873114875914771e-01
7.235915445765765952e-01
7.079167462252521359e-01
7.058759429037380073e-01
7.306507360812648511e-01
7.158211449038390795e-01
7.075007426096195928e-01
7.055478770014740331e-01
7.116736804308108066e-01
7.190889520645067368e-01
7.019730236237144982e-01
7.195749952589434173e-01
7.264248962288316624e-01
7.205951008067873476e-01
7.099812133279866933e-01
7.178089884660923126e-01
7.072037625845837283e-01
7.117506117506527952e-01
7.264269754533527745e-01
7.146030736163925257e-01
7.041930506099575160e-01
7.229216358634983353e-01
7.158368830855026399e-01
7.150639092188919577e-01
7.124972266718486713e-01
7.110500846240218609e-01
7.232757623247106915e-01
7.122890945113283800e-01
7.227674954135124841e-01
7.186102746557969656e-01
7.187032317135119142e-01
7.097363655503223789e-01
7.079237822848600814e-01
7.213957778713382396e-01
7.298738855574866680e-01
7.244963099892695046e-01
7.312159346291474682e-01
7.213844531425402939e-01
7.163158342164042125e-01
7.281321065732269116e-01
7.311633579350292900e-01
7.352295330125246942e-01
7.153555175373937924e-01
7.085169596436617923e-01
7.325898971332038823e-01
7.234711614244844213e-01
7.101161101721673585e-01
7.194534108933309247e-01
7.091630347621686870e-01
7.126518025114401134e-01
7.123891517062072021e-01
7.157790874607616871e-01
7.323100087936180724e-01
7.159879802913651226e-01
7.297492545782282569e-01
7.248231305280974368e-01
7.269733012197328037e-01
7.318223645944982314e-01
7.204333342536856089e-01
7.095415428575974071e-01
7.103676872309380164e-01
7.170914674136871225e-01
7.158895869462870154e-01
7.104420341738379996e-01
7.188794775592527442e-01
7.401382319926896880e-01
7.258857113612249279e-01
7.245078001730206330e-01
7.289804124611370950e-01
7.271449019150706405e-01
7.140836152057471464e-01
7.240093034873171796e-01
7.234211149079905478e-01
7.285745126383849080e-01
7.342007772947416466e-01
7.266469288083170497e-01
7.252287705364554027e-01
7.197729071555686309e-01
7.276512412071137748e-01
7.202923108166392474e-01
7.350201371963354102e-01
7.197387520647481329e-01
7.221344300439725972e-01
7.184755495586770957e-01
7.251764787147320090e-01
7.343768710777164310e-01
7.294900973983348136e-01
7.424056262097645797e-01
7.392237892287578660e-01
7.219463310687990187e-01
7.384625559751498702e-01
7.236933716757019130e-01
7.276832489427109696e-01
7.252436765295089405e-01
7.234005298941457163e-01
7.353985741005079069e-01
7.332522351698320673e-01
