3.183394230504879019e-01
3.014287534639399357e-01
2.974976135555862378e-01
3.790184392778548350e-01
3.050971151953121296e-01
3.053115265527985844e-01
3.217125452434643762e-01
3.218647501603248973e-01
3.154916381601908792e-01
3.045024773974209786e-01
3.130297189719415396e-01
3.102731997652672380e-01
3.254103422960419323e-01
3.293460129478740228e-01
3.364947195933296609e-01
3.551897824859384656e-01
3.435109382642940190e-01
3.229905957345045042e-01
3.364646153498008774e-01
3.164078766346727356e-01
3.141476765345876387e-01
3.109280534930856099e-01
3.183891132903255983e-01
3.121099488923877452e-01
3.076515051083523744e-01
3.100673388012885612e-01
3.115526421474816843e-01
3.185530289424431949e-01
3.213093879820956289e-01
3.464518206410007739e-01
3.375446174209413286e-01
3.349810370896251221e-01
3.395277605875208771e-01
3.295076446232302336e-01
3.437998072559543816e-01
3.433260187529686425e-01
3.557257777425166800e-01
3.527997810339854601e-01
3.626083310668909432e-01
3.675646120626721025e-01
3.636194153365305270e-01
3.582119707427662281e-01
3.489594356873789716e-01
3.589067363866668137e-01
3.475944292717618733e-01
3.575732531743334164e-01
3.625085893953007288e-01
3.778023699080479414e-01
3.635979260605752827e-01
3.726985614627761345e-01
3.749912474931840212e-01
3.757302262132419246e-01
3.762519116021300070e-01
3.681272359018401552e-01
3.703688018175770313e-01
3.749363998561646705e-01
3.803441942172401946e-01
3.875836576845281822e-01
3.706533152027309264e-01
3.820163173712032290e-01
3.761477282231268093e-01
3.898732422826497457e-01
3.902792534354093679e-01
4.012897655119442852e-01
3.893750721763182820e-01
3.851353532843067029e-01
3.968504993718917628e-01
3.940949049417610262e-01
3.956809849164588666e-01
3.995496957319113474e-01
3.895263698610378356e-01
3.931879842504412137e-01
3.927537364424058541e-01
3.995840640368435448e-01
4.063394393184225351e-01
3.983036263635288954e-01
3.989871652668297575e-01
4.028263339435869117e-01
4.031103944177882870e-01
3.988880319828009835e-01
4.066826356196010517e-01
4.142014209295983296e-01
4.048228617826870046e-01
4.039214343232214732e-01
4.055976750646276274e-01
3.983397561305650481e-01
4.000091174378817005e-01
3.987864601421199362e-01
4.033672454682816211e-01
4.120477760065198725e-01
4.192960090875017531e-01
4.171682562379002146e-01
4.161942051479508020e-01
4.231202607825397255e-01
4.159351903358021740e-01
4.170260006051752510e-01
4.128979298887400784e-01
4.106460027948437563e-01
4.103252796853507078e-01
4.191779789101153231e-01
4.182628690235401514e-01
4.106264225878216712e-01
4.177110999609099373e-01
4.159604069895865841e-01
4.188694029786897977e-01
4.162742224973698946e-01
4.328667793740222924e-01
4.228414105380469135e-01
4.203663056508866180e-01
4.274647160501376941e-01
4.320426223210463990e-01
4.214814832028830338e-01
4.237379197527579855e-01
4.184601369348500688e-01
4.167165822969418620e-01
4.198787291182077830e-01
4.261295908602087401e-01
4.285484250895306158e-01
4.218962750111143745e-01
4.328930154889303328e-01
4.234082573917650194e-01
4.263736297516562690e-01
4.353447929341796030e-01
4.321653895516794908e-01
4.304631982158414472e-01
4.288675022653452018e-01
4.302518593106923195e-01
4.283523876513404272e-01
4.318961069569566824e-01
4.359932501489065526e-01
4.287683755317697187e-01
4.376937942267177251e-01
4.381756818464602743e-01
4.378007189457386872e-01
4.369817910000730610e-01
4.296102565649206895e-01
4.386841935543668303e-01
4.302809008583966532e-01
4.386347211054415496e-01
4.402008613401849901e-01
4.302908493008463786e-01
4.410109395624909334e-01
4.294782094270396255e-01
4.402830677204040422e-01
4.384785941206419402e-01
4.286566866492820260e-01
4.372105527667136116e-01
4.387860402098822110e-01
4.374549698217717886e-01
4.381813223357224896e-01
4.405251223628960933e-01
4.342490689006508475e-01
4.308414891431345817e-01
4.367621109721553374e-01
4.393803204953794506e-01
4.457222048606528375e-01
4.344927979654965577e-01
4.346929832330417298e-01
4.362538632642259939e-01
4.448476308458098050e-01
4.453071990072046127e-01
4.425912552882254047e-01
4.469060231611108325e-01
4.472554097839287479e-01
4.498376139553840192e-01
4.457281774093666549e-01
4.460069055082639400e-01
4.409600126060420067e-01
4.494588401621967266e-01
4.538023542863207638e-01
4.456643496191596832e-01
4.506125733871662042e-01
4.467478060391321115e-01
4.470138875008593526e-01
4.509991028249484835e-01
4.472457531388134289e-01
4.463908779327303566e-01
4.512463339891822356e-01
4.511830712641562435e-01
4.494867960831550047e-01
4.507634035639520587e-01
4.394783459992557262e-01
4.534791918206002581e-01
4.566292780676866059e-01
4.530003991370012972e-01
4.473603949040720895e-01
4.567583742213106035e-01
4.481654625198538966e-01
4.556636470115433823e-01
4.559825296818238449e-01
4.504914688317404048e-01
4.454156832096356489e-01
4.558247930393557468e-01
4.609855987335659266e-01
4.580665543574851117e-01
4.588963339652019080e-01
4.505509107870178109e-01
4.588151737754484483e-01
4.678211115862709324e-01
4.693815226288462483e-01
4.605015618882333239e-01
4.596734607004165918e-01
4.632301007748653721e-01
4.599954944032744741e-01
4.631988088583183227e-01
4.663693193229470069e-01
4.725368271846438484e-01
4.675842598509528658e-01
4.677660353011128258e-01
4.600964615807254798e-01
4.669448214559567267e-01
4.639339657320424859e-01
4.643317526163767139e-01
4.694890844410175568e-01
4.734442446260099802e-01
4.754202696944971329e-01
4.616966693237779529e-01
4.683891201613601396e-01
4.601845729006390773e-01
4.645976384676203663e-01
4.767821384663474271e-01
4.819206241740559005e-01
4.737056283460084893e-01
4.666256968222126655e-01
4.664148412806672361e-01
4.674413020642405048e-01
4.695084851165109985e-01
4.624467285075589684e-01
4.636626725738306476e-01
4.659722535499184470e-01
4.745196879193918083e-01
4.687031688351855907e-01
4.772347781669441513e-01
4.749287230653355119e-01
4.748047647805930804e-01
4.709296985011485193e-01
4.740444645159418435e-01
4.708569882871254109e-01
4.727237768241963067e-01
4.670997568764286845e-01
4.775636843070013571e-01
4.765042660181372236e-01
4.786055889968112709e-01
4.669878283806503383e-01
4.754884554600344870e-01
4.743286849624110957e-01
4.851010782989715331e-01
4.771630941941983339e-01
4.760096064971698349e-01
4.806723536896779780e-01
4.855706003423932993e-01
4.813577101453796470e-01
4.817879181365454233e-01
4.851141198445291236e-01
4.837705799625630076e-01
4.882740837853665195e-01
4.894727566430771004e-01
4.851727779977478283e-01
4.832291572570167615e-01
4.879283368811309085e-01
4.682335160858521750e-01
4.852178986697412988e-01
4.918917394628079531e-01
4.901669898276204140e-01
4.918265825963652471e-01
4.895818828030062964e-01
4.904637348921977447e-01
4.840465992570188725e-01
4.862541388922946295e-01
4.940964408997556845e-01
4.894029471531825548e-01
5.023745935840882026e-01
4.953535847391015157e-01
5.017705074655061104e-01
4.938197778864232834e-01
4.920169599539864214e-01
4.873213651069210339e-01
4.916328117546522325e-01
4.914091596836653864e-01
4.922309611604296364e-01
4.889157613260060042e-01
4.871354458500598561e-01
4.912153057910675358e-01
4.954133338289514743e-01
4.974892438377761517e-01
4.947195763790610545e-01
4.987762031213716085e-01
5.037402166146713878e-01
4.968119396628376538e-01
4.973846457258187526e-01
5.036225951113236787e-01
5.072981581042573795e-01
4.955683510493318344e-01
4.978924554476806819e-01
4.983334255574980443e-01
5.019103171608294556e-01
4.961831780815589843e-01
4.952337265031324653e-01
5.005730838336076571e-01
4.989013636113518446e-01
5.069351324661086622e-01
4.978684128124248875e-01
5.064633623947485397e-01
5.177470305391280725e-01
5.074741426894570084e-01
5.061810441099315883e-01
5.110498487776392595e-01
5.043589224013350636e-01
5.016048919156645969e-01
5.017351905824404268e-01
5.048808406513509706e-01
5.011625338603263868e-01
5.056130079873998318e-01
5.008510537779581329e-01
5.050296429070685322e-01
5.131770584832560100e-01
5.227478933141855855e-01
5.086615627923671834e-01
5.072437169196858386e-01
5.127864118174684238e-01
5.141609806075418954e-01
5.001832633823115604e-01
5.150083033174521763e-01
5.162367800412370755e-01
5.041505306855333934e-01
5.018532941140593229e-01
5.102244601566152671e-01
5.070446072447880592e-01
5.190830972354227857e-01
5.152627152013924405e-01
5.170131918772292723e-01
5.272745847766774352e-01
5.221879848323648377e-01
5.161100203297591671e-01
5.253567542777474175e-01
5.273769909223893215e-01
5.151592213865092695e-01
5.233404010261005768e-01
5.197949312017577927e-01
5.222671840540387134e-01
5.280186163836952939e-01
5.246600102499996421e-01
5.239343817792767588e-01
5.243150382793928532e-01
5.173657640743459796e-01
5.162758376211183942e-01
5.164138935696400701e-01
5.207188925126844392e-01
5.200278339750389334e-01
5.213632589308883070e-01
5.307292574200930257e-01
5.254340678205680071e-01
5.225238571312791347e-01
5.278787694668708452e-01
5.308515250479517444e-01
5.215934692967525432e-01
5.281536635781651778e-01
5.272320749237415782e-01
5.278376063975156463e-01
5.201868482854108411e-01
5.225178443250038107e-01
5.183501923307318737e-01
5.276918759437767559e-01
5.219733725507970101e-01
5.235195402959906819e-01
5.212335759795090340e-01
5.238945467414202195e-01
5.279249517382660351e-01
5.317100196915631738e-01
5.244375029766796814e-01
5.359726069587227304e-01
5.332998275499154506e-01
5.377540937282081490e-01
5.347313462824876407e-01
5.297286485100974884e-01
5.423885169905175996e-01
5.356264235443904953e-01
5.324458676316357053e-01
5.291118728061734444e-01
5.313835195852152360e-01
5.386630820288325072e-01
5.317390096040139902e-01
5.431802884495958716e-01
5.353434890862949214e-01
5.379335987563022003e-01
5.350292841528683230e-01
5.416279334816186397e-01
5.423977492861162819e-01
5.395518569813541054e-01
5.381235715930264840e-01
5.355381108923367162e-01
5.378552269904719463e-01
5.402896162977333105e-01
5.452444405679569561e-01
5.367593568989101893e-01
5.393010950518316582e-01
5.487652229563932949e-01
5.493472234890712791e-01
5.352704659419901256e-01
5.450012718389949384e-01
5.473225159808901008e-01
5.603066328366782534e-01
5.532813450269229438e-01
5.395081325838856356e-01
5.453677885929117952e-01
5.405750959064853367e-01
5.528788056582689681e-01
5.464254994225188344e-01
5.601292462327304156e-01
5.441973725041988619e-01
5.548524019751062131e-01
5.595139083047165895e-01
5.623077155556936990e-01
5.597732040057492586e-01
5.596406157736797393e-01
5.366802213951730183e-01
5.449384736537217222e-01
5.496284307410410630e-01
5.532868442778842155e-01
5.616313400152509461e-01
5.462248731179355499e-01
5.571711525690419275e-01
5.536711378869786371e-01
5.653569200028182307e-01
5.552006803499407450e-01
5.596874523298636106e-01
5.534948362471451278e-01
5.563908473203884597e-01
5.542344014342768244e-01
5.493095241374534865e-01
5.502719599202656742e-01
5.580602821306643868e-01
5.620580532906275240e-01
5.616393378773969491e-01
5.508755269908551799e-01
5.578989649123612393e-01
5.701005529955515128e-01
5.612503014383275479e-01
5.641622728472323045e-01
5.633763219460519167e-01
5.685728818378835703e-01
5.533501725452992792e-01
5.626309171128871522e-01
5.581339802848626075e-01
5.709171392826966063e-01
5.689404689542465476e-01
5.563484790551379566e-01
5.583331547018766106e-01
5.565627436326866517e-01
5.634956310651340061e-01
5.653235029982199844e-01
5.540800098879972158e-01
5.546456506069257220e-01
5.617542690091705815e-01
5.689724334593104782e-01
5.662822494744613744e-01
5.695921733299256218e-01
5.736651409579029970e-01
5.682714184995395490e-01
5.681062191857955135e-01
5.739550362544966200e-01
5.611507049802917368e-01
5.673415912474065737e-01
5.688617106442810378e-01
5.657803725119875393e-01
5.727118292717177095e-01
5.673744807472440588e-01
5.667387031933839303e-01
5.808490440076891081e-01
5.776448375294244153e-01
5.767774163879758609e-01
5.707683259051673508e-01
5.743307832232966703e-01
5.839703712969013250e-01
5.774927933498057442e-01
5.798097646614297496e-01
5.829088589280649879e-01
5.801822246770577118e-01
5.634216698324878703e-01
5.669049057964964389e-01
5.749764003135071633e-01
5.891376528042790994e-01
5.839239188191889252e-01
5.740039571135880925e-01
5.802313595385590883e-01
5.866637791092885745e-01
5.885366388572333962e-01
5.855281265118300604e-01
5.872442601186682598e-01
5.854517552831703942e-01
5.852727306693200626e-01
5.816981950245259103e-01
5.831653465491317689e-01
5.892046958933893075e-01
5.859140102190610877e-01
5.727377011701662024e-01
5.806446454899987231e-01
5.771325133620957004e-01
5.851877419661040136e-01
5.830238085537506887e-01
5.911578185277004405e-01
5.762888867142932359e-01
5.898807963944000532e-01
5.903137376834326489e-01
5.951662048066962418e-01
5.851174128152580867e-01
5.776068369221691867e-01
5.941183391070953279e-01
5.967302625708482688e-01
5.892669548993972883e-01
5.832274332635124514e-01
5.853964371584836623e-01
5.764286269308223076e-01
5.782654392608012062e-01
5.940549048809726784e-01
5.846487354668131742e-01
5.877677583459668398e-01
5.920441277467731744e-01
5.874118029224368875e-01
5.852859627353089733e-01
5.875455371275659644e-01
5.957153979991011150e-01
5.851780801385519926e-01
5.973046998966191623e-01
6.025782184724071122e-01
5.955031796463414739e-01
6.005374805185470510e-01
5.875333032645801978e-01
5.949693485420755046e-01
6.029466773547130787e-01
6.017144308662948360e-01
6.054407493580570288e-01
5.996592244405302141e-01
6.018631366993199006e-01
6.061834709857499837e-01
6.017930526020511817e-01
5.876776093196042217e-01
6.011867495638284487e-01
6.024176232444484747e-01
6.018488840735858325e-01
6.056671250236902448e-01
5.934984465899227901e-01
6.020708060284890584e-01
5.943901876785062655e-01
6.003143167234654687e-01
6.054611764486889092e-01
5.999977888205695331e-01
5.963353051750002187e-01
6.116928785238564537e-01
6.034102001074614918e-01
6.080866164587612754e-01
5.924187088272131474e-01
6.082273196375865831e-01
6.076966757516052420e-01
6.191718503044890687e-01
6.106432972046301755e-01
6.249762987307764250e-01
6.122665781868542600e-01
6.069188597941350682e-01
6.056604139950063637e-01
6.263016024906795653e-01
6.145896265432537753e-01
6.082366453255744210e-01
6.057981615119052421e-01
6.025712896108718075e-01
6.138176275066639098e-01
6.050946022894548859e-01
6.091462588106976161e-01
6.108380261004665579e-01
6.124115951912748601e-01
6.072002478126161673e-01
6.081594228348605746e-01
6.032660185867018132e-01
6.054458528433153131e-01
5.973434555137231428e-01
6.099738667768695999e-01
6.103422066061149343e-01
6.159967986043179966e-01
6.088665321340931413e-01
6.085855342530337442e-01
6.042066974418134340e-01
6.143327374143955355e-01
6.095037524838784471e-01
6.253097428933118707e-01
6.105237076557425979e-01
5.974915844060402215e-01
6.089426417737004993e-01
6.247156373960084386e-01
6.250070981689189731e-01
6.280497673079454835e-01
6.250663617616747381e-01
6.112669098087634145e-01
6.073377117322613650e-01
6.236266687405281894e-01
6.160472110592611905e-01
6.145416044585847448e-01
6.167984016476006914e-01
6.225702956952754441e-01
6.321078228374450436e-01
6.324124217254896152e-01
6.281553813104442385e-01
6.330489906417774426e-01
6.233225063964255019e-01
6.202260548177187527e-01
6.182679854524082419e-01
6.154396410208076151e-01
6.298803324688397876e-01
6.170230144238638692e-01
6.095355061960759935e-01
6.345107164417134182e-01
6.177312403006257613e-01
6.345428114563854693e-01
6.450180341139725160e-01
6.367230544129269809e-01
6.290553037916627455e-01
6.338178766635955697e-01
6.315873756196469513e-01
6.204786975377259983e-01
6.312840446875573885e-01
6.330868576211337029e-01
6.250795528328005890e-01
6.374041017502439788e-01
6.329007612306516428e-01
6.323830420963788557e-01
6.248364952234970460e-01
6.171286551080761296e-01
6.372978970667346754e-01
6.357882664403509132e-01
6.236566573709179107e-01
6.255525834981204847e-01
6.434607422491352979e-01
6.289216181808257033e-01
6.292484991678908290e-01
6.298067602888987038e-01
6.417484882726998130e-01
6.401561528042881699e-01
6.341869011018099744e-01
6.305112926480511693e-01
6.156368852905458322e-01
6.297231811422328018e-01
6.509654599044502055e-01
6.352265700934651704e-01
6.119719317322039887e-01
6.226975789287231278e-01
6.402987371372499403e-01
6.340222697996867884e-01
6.317625319588267008e-01
6.491580505056253614e-01
6.376946956640855424e-01
6.529498253568251087e-01
6.334164762049732111e-01
6.351993824678150435e-01
6.279044183955038161e-01
6.381308103042659940e-01
6.289710354248581048e-01
6.463007998045200431e-01
6.408377431386134138e-01
6.505771294591908838e-01
6.403544554144883216e-01
6.436626138819866449e-01
6.377288166232689681e-01
6.377419200801774934e-01
6.392548237711201953e-01
6.462092889837799392e-01
6.402254656139116928e-01
6.422777194881379437e-01
6.473187062239658118e-01
6.465879396904350429e-01
6.623788130356185189e-01
6.458745478723012523e-01
6.286389897251585257e-01
6.460908028610347076e-01
6.409378317075352660e-01
6.330811624057209874e-01
6.592048610040457390e-01
6.467769102258696945e-01
6.603610121559699841e-01
6.500285010608751746e-01
6.543545304376414684e-01
6.442695710667135645e-01
6.463754043226503931e-01
6.379550727528933152e-01
6.504772916955228190e-01
6.493022571854604186e-01
6.403217266045204692e-01
6.472195628659690447e-01
6.483594383937016925e-01
6.672820517310646959e-01
6.404749637709992172e-01
6.511398239224881479e-01
6.588946175002310390e-01
6.547265132992303727e-01
6.476838228575481082e-01
6.592979525440895161e-01
6.826234219807849612e-01
6.594516288843699225e-01
6.549237043141515890e-01
6.648510990532352505e-01
6.573749808600919398e-01
6.576741299458386258e-01
6.633284018939759052e-01
6.622882441579696078e-01
6.641500501403333478e-01
6.647075933782871093e-01
6.748437321579896508e-01
6.510252689556264016e-01
6.421956432458313380e-01
6.481175679520451149e-01
6.488129922216326895e-01
6.685938955707930731e-01
6.608796184631221537e-01
6.689397722818600789e-01
6.595820645674447258e-01
6.600705734896903376e-01
6.577223262727222020e-01
6.561038405495877024e-01
6.729163927919813437e-01
6.661378189668714089e-01
6.590575035798544867e-01
6.693004127855219920e-01
6.771232718545755480e-01
6.602780147405702404e-01
6.670807709892883075e-01
6.614897469744883685e-01
6.757346725369401952e-01
6.669737057870330776e-01
6.671115754607412907e-01
6.487862337565926119e-01
6.579578202261811004e-01
6.641226580520281919e-01
6.486580331133120492e-01
6.532440656509188592e-01
6.713844889985666198e-01
6.569621032268579963e-01
6.662840011968416132e-01
6.605312049629348259e-01
6.548004225156968117e-01
6.612440450759350385e-01
6.473716036634038495e-01
6.723747604145566825e-01
6.681661976694284188e-01
6.674277276899102107e-01
6.715941160044344160e-01
6.779427502367385561e-01
6.871346736176897618e-01
6.668061792615329608e-01
6.699888549019276107e-01
6.620789696535669400e-01
6.657602590923652475e-01
6.534739737476207289e-01
6.604258560905845732e-01
6.705747149271049645e-01
6.725180083748329984e-01
6.632889114442861445e-01
6.589295666279435526e-01
6.610319669582170876e-01
6.660641995632718970e-01
6.683950600207948511e-01
6.730612912796495317e-01
6.589947683608148310e-01
6.900069579205263537e-01
6.649302734365936107e-01
6.594632182837165679e-01
6.584869561770240187e-01
6.668490481775871670e-01
6.717744643915851688e-01
6.747549301473910743e-01
6.741386443627599423e-01
6.739563073113219449e-01
6.550114316399786585e-01
6.802228019509423129e-01
6.635472226859266964e-01
6.704478141624692356e-01
6.578148156535494895e-01
6.648807564759048327e-01
6.665820951320138299e-01
6.877099105585136041e-01
6.780838364551056152e-01
6.637671208951286816e-01
6.755327204517400652e-01
6.643442375076121786e-01
6.682912608736736315e-01
6.743122431985244525e-01
6.750645474569256788e-01
6.716937605585142634e-01
6.705834632832584630e-01
6.627575060846382371e-01
6.633951952220783488e-01
6.817163719321210902e-01
6.751641194939821400e-01
6.663415821332520084e-01
6.680533805458729324e-01
6.690046444630757261e-01
6.614073267104927378e-01
6.626829336924918712e-01
6.872021032633564008e-01
6.765199626764880625e-01
6.859262221605602061e-01
6.746542837904935253e-01
6.785886583014346662e-01
6.668503536960267430e-01
6.755099919944271836e-01
6.823588534274989126e-01
6.756175427279661472e-01
6.823717502421862147e-01
6.663676030284508833e-01
6.767842944492777901e-01
6.781267199306577620e-01
6.698791312223745242e-01
6.682930849932797734e-01
6.815206035020869857e-01
6.553661350226938076e-01
6.589335856433380378e-01
6.764653891931866614e-01
6.852405920526329908e-01
6.881562659688967853e-01
6.962767897084849444e-01
6.872306767295883745e-01
6.849944185415636211e-01
6.756413560790336392e-01
6.877328803148141656e-01
6.816059921118342579e-01
6.950005025639137690e-01
6.943613725164348160e-01
6.995599573549665662e-01
6.761184483903415199e-01
6.784185369743136462e-01
6.836790838574644535e-01
6.855300387948543017e-01
6.764950400426437138e-01
6.751316810496703624e-01
6.713559151034054207e-01
6.729229492022502646e-01
6.763238999494671777e-01
6.747913807325943703e-01
6.727513628763230891e-01
6.806169096049016209e-01
6.878280231515970788e-01
6.937906914415961079e-01
6.829794256366965577e-01
6.872948824254030420e-01
6.816180051421127928e-01
6.889174350773398237e-01
6.888684312130255449e-01
6.840341920037984469e-01
6.811350673586139548e-01
6.843581562234761773e-01
6.903108582562490492e-01
6.770641018270167066e-01
6.738699132086192201e-01
6.816732562209391055e-01
6.933648766651707707e-01
6.826382730033826451e-01
6.851359632837901170e-01
6.841147851791649082e-01
6.759251846405216479e-01
6.799212618600097846e-01
6.888299972415957706e-01
6.857957567887722483e-01
6.910567178307631675e-01
6.885209613307772258e-01
6.834323950143903481e-01
6.937309401055891112e-01
7.038234909411489326e-01
6.921709181369533059e-01
6.826414068931694334e-01
7.003953106614149160e-01
6.811666877573793188e-01
6.836343979839857310e-01
7.011842000208509118e-01
6.891497609177394956e-01
6.843671574350562725e-01
7.035061011846728274e-01
6.907850300577695890e-01
7.021562059324952809e-01
6.965272053310445077e-01
6.918066685547903383e-01
6.798994586266957629e-01
6.937561350270627925e-01
6.928635220273340334e-01
6.979438556387534964e-01
6.914152422543138332e-01
6.961271385909582055e-01
6.841552776478765363e-01
6.949500444258467358e-01
6.887638737522492338e-01
6.811898030647056679e-01
6.855263100512291041e-01
7.063685138970303701e-01
6.964391173515758204e-01
6.891237877714979643e-01
7.014561438798619930e-01
6.944388127703184921e-01
6.937505264040988440e-01
6.719785094937856806e-01
6.859611714502820146e-01
6.919622794492485962e-01
6.895540348926119112e-01
6.785973680615534631e-01
6.989113768282362305e-01
6.747825867803185496e-01
6.816205626589202371e-01
6.937898026397946172e-01
6.858200165768728596e-01
6.849556184696936612e-01
6.789331400426659169e-01
6.777230718385403030e-01
6.939731497490554402e-01
6.936073134497435788e-01
6.925671910306376855e-01
6.888834592854460315e-01
6.787667892817664805e-01
6.806679430667360586e-01
7.014250118906811826e-01
7.062300205787790386e-01
6.824136104589757501e-01
6.806843240737279199e-01
6.795610476930948884e-01
6.862264079416381390e-01
6.904143073957280663e-01
6.721947994850973052e-01
6.832781042159464802e-01
6.888878229680671650e-01
6.806863192780746585e-01
7.047754627795410620e-01
6.932833269309713886e-01
6.963121638051485984e-01
7.079461864161109563e-01
6.968615720254980328e-01
7.023569168596037748e-01
6.913161443857445132e-01
6.909320984045216330e-01
6.855687412102283718e-01
6.849535860885759275e-01
6.800503884488984241e-01
6.717334178593394878e-01
6.877046011897239852e-01
7.048575063564852528e-01
6.831529149965623882e-01
6.913374275572381489e-01
7.000025650599204230e-01
6.887962199421475695e-01
6.988754527449621001e-01
6.924411707567557084e-01
6.923762126690585772e-01
6.848459458778155540e-01
6.874453560510233041e-01
6.883567831730758035e-01
6.931544621825342922e-01
6.912466632073154260e-01
6.903297607775763511e-01
6.908063598183453724e-01
6.968568431209891667e-01
7.044425477455426021e-01
6.844426182780122270e-01
6.891260541018391361e-01
7.004128136971761176e-01
6.961313239138366971e-01
6.991474634957262069e-01
6.928175401909218989e-01
6.990063717139919364e-01
7.031568655043985983e-01
6.869183592949748007e-01
6.992810527532846709e-01
7.059916232298959482e-01
6.953700774987019440e-01
6.976474154924821036e-01
7.004270594580259690e-01
6.865191697285613071e-01
7.011317488380472973e-01
6.960317369666664256e-01
6.998448997594663989e-01
6.956773952073505018e-01
7.029616773954864284e-01
6.913330758326999836e-01
6.857411247641633789e-01
7.007964701220877890e-01
6.949643383643551164e-01
7.077912863223967399e-01
7.037354510850033495e-01
7.003153411591724886e-01
6.802434226542249940e-01
6.762629375510764707e-01
6.920412325187449420e-01
6.699830092759246902e-01
7.001578880619043765e-01
7.059704134502025052e-01
7.014263813208009291e-01
6.978878751565398275e-01
6.998306458747698411e-01
7.051471114680722962e-01
7.111975698425797576e-01
7.113135200988638385e-01
7.055438922100277788e-01
6.938774512720409238e-01
7.212629791918800937e-01
7.171180958954188611e-01
7.109319679058756503e-01
7.121907293676568163e-01
6.960724354274443471e-01
