4.924508742988109589e-03
2.247139578685164452e-03
1.969696721062064171e-03
1.949766650795936584e-03
1.948270364664494991e-03
1.946731470525264740e-03
1.946251606568694115e-03
1.946006668731570244e-03
1.945810508914291859e-03
1.945631578564643860e-03
1.945461030118167400e-03
1.945298281498253345e-03
1.945143449120223522e-03
1.944997347891330719e-03
1.944859628565609455e-03
1.944730756804347038e-03
1.944610499776899815e-03
1.944499206729233265e-03
1.944396179169416428e-03
1.944301184266805649e-03
1.944213872775435448e-03
1.944133662618696690e-03
1.944060088135302067e-03
1.943992567248642445e-03
1.943930983543395996e-03
1.943874522112309933e-03
1.943822950124740601e-03
1.943775452673435211e-03
1.943732029758393764e-03
1.943692332133650780e-03
1.943655312061309814e-03
1.943621551617980003e-03
1.943590119481086731e-03
1.943560899235308170e-03
1.943533890880644321e-03
1.943508512340486050e-03
1.943484880030155182e-03
1.943462761119008064e-03
1.943441689945757389e-03
1.943421899341046810e-03
1.943403156474232674e-03
1.943385461345314980e-03
1.943368697538971901e-03
1.943352865055203438e-03
1.943337614648044109e-03
1.943323062732815742e-03
1.943308976478874683e-03
1.943295821547508240e-03
1.943283015862107277e-03
1.943270792253315449e-03
1.943259150721132755e-03
1.943247974850237370e-03
1.943237264640629292e-03
1.943226903676986694e-03
1.943216891959309578e-03
1.943207113072276115e-03
1.943197916261851788e-03
1.943188835866749287e-03
1.943179988302290440e-03
1.943171839229762554e-03
1.943163573741912842e-03
1.943155657500028610e-03
1.943147857673466206e-03
1.943140407092869282e-03
1.943133072927594185e-03
1.943125855177640915e-03
1.943118637427687645e-03
1.943111768923699856e-03
1.943105133250355721e-03
1.943098381161689758e-03
1.943091861903667450e-03
1.943085459060966969e-03
1.943079172633588314e-03
1.943072653375566006e-03
1.943066716194152832e-03
1.943060662597417831e-03
1.943054492585361004e-03
1.943048438988626003e-03
1.943042734637856483e-03
1.943036564625799656e-03
1.943030860275030136e-03
1.943025155924260616e-03
1.943019218742847443e-03
1.943013514392077923e-03
1.943008042871952057e-03
1.943002105690538883e-03
1.942996401339769363e-03
1.942990813404321671e-03
1.942985341884195805e-03
1.942979521118104458e-03
1.942974049597978592e-03
1.942968461662530899e-03
1.942962990142405033e-03
1.942957285791635513e-03
1.942951697856187820e-03
1.942946226336061954e-03
1.942940871231257915e-03
1.942935283295810223e-03
1.942929811775684357e-03
1.942924107424914837e-03
1.942918752320110798e-03
1.942913164384663105e-03
1.942907692864537239e-03
1.942902104929089546e-03
1.942896633408963680e-03
1.942891045473515987e-03
1.942885573953390121e-03
1.942879986017942429e-03
1.942874514497816563e-03
1.942868926562368870e-03
1.942863222211599350e-03
1.942857750691473484e-03
1.942851929925382137e-03
1.942846225574612617e-03
1.942840754054486752e-03
1.942834816873073578e-03
1.942829112522304058e-03
1.942823408171534538e-03
1.942817587405443192e-03
1.942811766639351845e-03
1.942805829457938671e-03
1.942799659445881844e-03
1.942793955095112324e-03
1.942787901498377323e-03
1.942781731486320496e-03
1.942775677889585495e-03
1.942769624292850494e-03
1.942763105034828186e-03
1.942756935022771358e-03
1.942750532180070877e-03
1.942744012922048569e-03
1.942737493664026260e-03
1.942730857990682125e-03
1.942724222317337990e-03
1.942717353813350201e-03
1.942710485309362411e-03
1.942703616805374622e-03
1.942696515470743179e-03
1.942689297720789909e-03
1.942682079970836639e-03
1.942674629390239716e-03
1.942667178809642792e-03
1.942659495398402214e-03
1.942652044817805290e-03
1.942644012160599232e-03
1.942636095918715000e-03
1.942628063261508942e-03
1.942619681358337402e-03
1.942611299455165863e-03
1.942602917551994324e-03
1.942594069987535477e-03
1.942585338838398457e-03
1.942576607689261436e-03
1.942567410878837109e-03
1.942558214068412781e-03
1.942548668012022972e-03
1.942539121955633163e-03
1.942529459483921528e-03
1.942519680596888065e-03
1.942509552463889122e-03
1.942499540746212006e-03
1.942488946951925755e-03
1.942478469572961330e-03
1.942467875778675079e-03
1.942457165569067001e-03
1.942446106113493443e-03
1.942434813827276230e-03
1.942423405125737190e-03
1.942411763593554497e-03
1.942399889230728149e-03
1.942388131283223629e-03
1.942375907674431801e-03
1.942363451234996319e-03
1.942351111210882664e-03
1.942338305525481701e-03
1.942325150594115257e-03
1.942312228493392467e-03
1.942298840731382370e-03
1.942285336554050446e-03
1.942271366715431213e-03
1.942257280461490154e-03
1.942242961376905441e-03
1.942228409461677074e-03
1.942213741131126881e-03
1.942198839969933033e-03
1.942183589562773705e-03
1.942168222740292549e-03
1.942152506671845913e-03
1.942136557772755623e-03
1.942120259627699852e-03
1.942103961482644081e-03
1.942087081260979176e-03
1.942070201039314270e-03
1.942052971571683884e-03
1.942035625688731670e-03
1.942017930559813976e-03
1.942000002600252628e-03
1.941981841810047626e-03
1.941963564604520798e-03
1.941945054568350315e-03
1.941926195286214352e-03
1.941907103173434734e-03
1.941888011060655117e-03
1.941868569701910019e-03
1.941849128343164921e-03
1.941829221323132515e-03
1.941809430718421936e-03
1.941789407283067703e-03
1.941769383847713470e-03
1.941749127581715584e-03
1.941728871315717697e-03
1.941708498634397984e-03
1.941688125953078270e-03
1.941667869687080383e-03
1.941647497005760670e-03
1.941627240739762783e-03
1.941607217304408550e-03
1.941586961038410664e-03
1.941567170433700085e-03
1.941547496244311333e-03
1.941528054885566235e-03
1.941508846357464790e-03
1.941489754244685173e-03
1.941471011377871037e-03
1.941452501341700554e-03
1.941434573382139206e-03
1.941416878253221512e-03
1.941399532370269299e-03
1.941382535733282566e-03
1.941366121172904968e-03
1.941350172273814678e-03
1.941334456205368042e-03
1.941319089382886887e-03
1.941304188221693039e-03
1.941289636306464672e-03
1.941275317221879959e-03
1.941261580213904381e-03
1.941248308867216110e-03
1.941234921105206013e-03
1.941221766173839569e-03
1.941208611242473125e-03
1.941195805557072163e-03
1.941182883456349373e-03
1.941169844940304756e-03
1.941156690008938313e-03
1.941142953000962734e-03
1.941129215992987156e-03
1.941114780493080616e-03
1.941099530085921288e-03
1.941083231940865517e-03
1.941065886057913303e-03
1.941047259606420994e-03
1.941026421263813972e-03
1.941003720276057720e-03
1.940978574566543102e-03
1.940949936397373676e-03
1.940917107276618481e-03
1.940879621542990208e-03
1.940835500136017799e-03
1.940783462487161160e-03
1.940721296705305576e-03
1.940646325238049030e-03
1.940554589964449406e-03
1.940441085025668144e-03
1.940299174748361111e-03
1.940119080245494843e-03
1.939888345077633858e-03
1.939590438269078732e-03
1.939203357324004173e-03
1.938699861057102680e-03
1.938049448654055595e-03
1.937224529683589935e-03
1.936212065629661083e-03
1.935031847096979618e-03
1.933750114403665066e-03
1.932473271153867245e-03
1.931315520778298378e-03
1.930364989675581455e-03
1.929661724716424942e-03
1.929186051711440086e-03
1.928878366015851498e-03
1.928673125803470612e-03
1.928520156070590019e-03
1.928389654494822025e-03
1.928266254253685474e-03
1.928144600242376328e-03
1.928033772855997086e-03
1.927920500747859478e-03
1.927927020005881786e-03
1.927702454850077629e-03
1.927580568008124828e-03
1.927453209646046162e-03
1.927315839566290379e-03
1.927166362293064594e-03
1.927001168951392174e-03
1.928055891767144203e-03
1.926996745169162750e-03
1.926604076288640499e-03
1.926242373883724213e-03
1.925998250953853130e-03
1.925726304762065411e-03
1.925418619066476822e-03
1.925072050653398037e-03
1.929631223902106285e-03
1.926131779327988625e-03
1.924032694660127163e-03
1.923595555126667023e-03
1.923107309266924858e-03
1.922614639624953270e-03
1.922087394632399082e-03
1.921525108627974987e-03
1.933197723701596260e-03
1.923639210872352123e-03
1.920273527503013611e-03
1.919634407386183739e-03
1.919113099575042725e-03
1.918563619256019592e-03
1.917994813993573189e-03
1.917401212267577648e-03
1.916781533509492874e-03
1.916139503009617329e-03
1.916016335599124432e-03
1.916914712637662888e-03
1.915129949338734150e-03
1.914500026032328606e-03
1.913957879878580570e-03
1.913445186801254749e-03
1.912926440127193928e-03
1.912403269670903683e-03
1.911875908263027668e-03
1.911344821564853191e-03
1.910809078253805637e-03
1.910267164930701256e-03
1.909717568196356297e-03
1.909157144837081432e-03
1.908583450131118298e-03
1.956094522029161453e-03
1.908488804474473000e-03
1.907730242237448692e-03
1.906818011775612831e-03
1.906299148686230183e-03
1.905752113088965416e-03
1.905162353068590164e-03
1.904522301629185677e-03
1.903822645545005798e-03
1.903058378957211971e-03
1.902226824313402176e-03
1.901322859339416027e-03
1.908341189846396446e-03
1.903608441352844238e-03
1.899027731269598007e-03
1.898070913739502430e-03
1.897105714306235313e-03
1.896143076010048389e-03
1.895168679766356945e-03
1.894186600111424923e-03
1.893201726488769054e-03
1.892215688712894917e-03
1.891227322630584240e-03
1.890318002551794052e-03
1.895601395517587662e-03
1.889050472527742386e-03
1.888311118818819523e-03
1.887404941953718662e-03
1.886556390672922134e-03
1.885683392174541950e-03
1.884759869426488876e-03
1.883772667497396469e-03
1.882701879367232323e-03
1.881530275568366051e-03
1.895199529826641083e-03
1.880009425804018974e-03
1.878259005025029182e-03
1.876742462627589703e-03
1.875162706710398197e-03
1.873533590696752071e-03
1.871911576017737389e-03
1.870305975899100304e-03
1.868667895905673504e-03
1.903966069221496582e-03
1.869570114649832249e-03
1.864205696620047092e-03
1.862266100943088531e-03
1.860047457739710808e-03
1.857652561739087105e-03
1.855089678429067135e-03
1.852515968494117260e-03
1.850142027251422405e-03
1.848082058131694794e-03
1.871150918304920197e-03
1.847533741965889931e-03
1.844438142143189907e-03
1.843048376031219959e-03
1.841938355937600136e-03
1.840875367633998394e-03
1.839849050156772137e-03
1.838850555941462517e-03
1.837874995544552803e-03
1.836916664615273476e-03
1.835971022956073284e-03
1.835035509429872036e-03
1.834113034419715405e-03
1.833250164054334164e-03
1.833652262575924397e-03
1.832941430620849133e-03
1.831668429076671600e-03
1.830869587138295174e-03
1.830331049859523773e-03
1.829836750403046608e-03
1.829378888942301273e-03
1.828954671509563923e-03
1.828559790737926960e-03
1.828189590014517307e-03
1.827839761972427368e-03
1.827506348490715027e-03
1.827185740694403648e-03
1.826874446123838425e-03
1.826569903641939163e-03
1.826268504373729229e-03
1.825968502089381218e-03
1.838802243582904339e-03
1.826801104471087456e-03
1.825187588110566139e-03
1.824831357225775719e-03
1.824502949602901936e-03
1.824176404625177383e-03
1.823837053962051868e-03
1.824122620746493340e-03
1.826913794502615929e-03
1.823351602070033550e-03
1.822483260184526443e-03
1.822049263864755630e-03
1.821622368879616261e-03
1.821177196688950062e-03
1.820706878788769245e-03
1.820207573473453522e-03
1.820294884964823723e-03
1.822131685912609100e-03
1.819373806938529015e-03
1.818219549022614956e-03
1.817466458305716515e-03
1.816800679080188274e-03
1.816099509596824646e-03
1.815360272303223610e-03
1.814583898521959782e-03
1.813770970329642296e-03
1.812922419048845768e-03
1.812083413824439049e-03
1.832985784858465195e-03
1.812450354918837547e-03
1.810378162190318108e-03
1.808977220207452774e-03
1.808131346479058266e-03
1.807336811907589436e-03
1.806598855182528496e-03
1.805891399271786213e-03
1.805209671147167683e-03
1.804546918720006943e-03
1.803897204808890820e-03
1.803254825063049793e-03
1.802615937776863575e-03
1.801976701244711876e-03
1.801336300559341908e-03
1.849291147664189339e-03
1.816643867641687393e-03
1.801619655452668667e-03
1.799459219910204411e-03
1.798953046090900898e-03
1.798405195586383343e-03
1.797876553609967232e-03
1.797339995391666889e-03
1.796790282242000103e-03
1.796224969439208508e-03
1.795644522644579411e-03
1.795050338841974735e-03
1.794446841813623905e-03
1.793839270249009132e-03
1.793232862837612629e-03
1.792632858268916607e-03
1.841484452597796917e-03
1.792906201444566250e-03
1.791766262613236904e-03
1.790914451703429222e-03
1.790370559319853783e-03
1.789881498552858829e-03
1.789393136277794838e-03
1.788900932297110558e-03
1.788399880751967430e-03
1.787884044460952282e-03
1.787347951903939247e-03
1.786784501746296883e-03
1.786185544915497303e-03
1.785541069693863392e-03
1.784849911928176880e-03
1.789310364983975887e-03
1.783655490726232529e-03
1.782478298991918564e-03
1.781506463885307312e-03
1.780411344952881336e-03
1.779208192601799965e-03
1.778040081262588501e-03
1.776708988472819328e-03
1.776205725036561489e-03
1.773710944689810276e-03
1.772086834535002708e-03
1.770456670783460140e-03
1.768827554769814014e-03
1.767206354998052120e-03
1.765610883012413979e-03
1.769151655025780201e-03
1.765492255799472332e-03
1.762374420650303364e-03
1.760346232913434505e-03
1.759101869538426399e-03
1.757894060574471951e-03
1.756716053932905197e-03
1.755553064867854118e-03
1.754414872266352177e-03
1.757267746143043041e-03
1.752869342453777790e-03
1.751309959217905998e-03
1.750210765749216080e-03
1.749877119436860085e-03
1.751055824570357800e-03
1.747728325426578522e-03
1.746163121424615383e-03
1.745069515891373158e-03
1.743952510878443718e-03
1.749167218804359436e-03
1.747190253809094429e-03
1.741317333653569221e-03
1.739553059451282024e-03
1.738256774842739105e-03
1.736900885589420795e-03
1.735467812977731228e-03
1.744089415296912193e-03
1.737173181027173996e-03
1.731718773953616619e-03
1.729818643070757389e-03
1.728119095787405968e-03
1.726399990729987621e-03
1.724609290249645710e-03
1.777471858076751232e-03
1.727072289213538170e-03
1.720163738355040550e-03
1.718088868074119091e-03
1.716183847747743130e-03
1.714190235361456871e-03
1.712142955511808395e-03
1.710036187432706356e-03
1.707877265289425850e-03
1.721893437206745148e-03
1.709152595140039921e-03
1.703634974546730518e-03
1.701642526313662529e-03
1.699658343568444252e-03
1.697823638096451759e-03
1.695997780188918114e-03
1.694150851108133793e-03
1.692267600446939468e-03
1.690337900072336197e-03
1.688373158685863018e-03
1.693984610028564930e-03
1.686549163423478603e-03
1.684166141785681248e-03
1.682122354395687580e-03
1.680182991549372673e-03
1.678195549175143242e-03
1.676130224950611591e-03
1.673975377343595028e-03
1.671719481237232685e-03
1.669350429438054562e-03
1.666850643232464790e-03
1.683193026110529900e-03
1.678507192991673946e-03
1.661965507082641125e-03
1.658696914091706276e-03
1.655712840147316456e-03
1.652832608669996262e-03
1.649782760068774223e-03
1.646533957682549953e-03
1.643116120249032974e-03
1.639564288780093193e-03
1.635893597267568111e-03
1.745639019645750523e-03
1.638581859879195690e-03
1.628982136026024818e-03
1.624377793632447720e-03
1.620890572667121887e-03
1.617381232790648937e-03
1.613796572200953960e-03
1.610142528079450130e-03
1.606444129720330238e-03
1.624502940103411674e-03
1.609523780643939972e-03
1.598760602064430714e-03
1.594823552295565605e-03
1.591205131262540817e-03
1.587590435519814491e-03
1.583922305144369602e-03
1.599434297531843185e-03
1.588044455274939537e-03
1.579799572937190533e-03
1.572535489685833454e-03
1.569224987179040909e-03
1.565973972901701927e-03
1.562806079164147377e-03
1.559666008688509464e-03
1.597225782461464405e-03
1.560736098326742649e-03
1.554617541842162609e-03
1.550177577883005142e-03
1.546740299090743065e-03
1.543815946206450462e-03
1.540923840366303921e-03
1.538005424663424492e-03
1.535034156404435635e-03
1.532006077468395233e-03
1.570413121953606606e-03
1.533584902063012123e-03
1.525094616226851940e-03
1.521290978416800499e-03
1.518239965662360191e-03
1.515237032435834408e-03
1.512287301011383533e-03
1.509384135715663433e-03
1.506532425992190838e-03
1.503733335994184017e-03
1.506224623881280422e-03
1.507326844148337841e-03
1.497586374171078205e-03
1.494728261604905128e-03
1.492107869125902653e-03
1.489643123932182789e-03
1.487172790803015232e-03
1.484678476117551327e-03
1.482147374190390110e-03
1.479571219533681870e-03
1.476942445151507854e-03
1.474335789680480957e-03
1.500126440078020096e-03
1.471865223720669746e-03
1.467478577978909016e-03
1.464628730900585651e-03
1.461804844439029694e-03
1.458932412788271904e-03
1.455935649573802948e-03
1.452787895686924458e-03
1.449475297704339027e-03
1.446046167984604836e-03
1.445415662601590157e-03
1.444186200387775898e-03
1.437718980014324188e-03
1.433507539331912994e-03
1.430016825906932354e-03
1.426579314284026623e-03
1.423172419890761375e-03
1.419794280081987381e-03
1.416548038832843304e-03
1.425849273800849915e-03
1.412147423252463341e-03
1.408927491866052151e-03
1.405628398060798645e-03
1.402749796397984028e-03
1.399881904944777489e-03
1.397772575728595257e-03
1.401716144755482674e-03
1.393288024701178074e-03
1.389944809488952160e-03
1.386854681186378002e-03
1.384061411954462528e-03
1.381260226480662823e-03
1.442984328605234623e-03
1.381141017191112041e-03
1.374807674437761307e-03
1.371428021229803562e-03
1.368685043416917324e-03
1.413833349943161011e-03
1.369600882753729820e-03
1.362434355542063713e-03
1.359422691166400909e-03
1.362216426059603691e-03
1.355244545266032219e-03
1.353412400931119919e-03
1.349920989014208317e-03
1.350140781141817570e-03
1.348071498796343803e-03
1.346948207356035709e-03
1.351192593574523926e-03
1.338563510216772556e-03
1.336433109827339649e-03
1.334485015831887722e-03
1.338708330877125263e-03
1.330623752437531948e-03
1.327207544818520546e-03
1.324413460679352283e-03
1.336447545327246189e-03
1.321208197623491287e-03
1.317754271440207958e-03
1.314887427724897861e-03
1.312123844400048256e-03
1.319295959547162056e-03
1.309445011429488659e-03
1.305074081756174564e-03
1.301247044466435909e-03
1.298084622249007225e-03
1.357516041025519371e-03
1.294167595915496349e-03
1.288858707994222641e-03
1.285100006498396397e-03
1.281255390495061874e-03
1.302511896938085556e-03
1.273942878469824791e-03
1.269661821424961090e-03
1.265423721633851528e-03
1.263563521206378937e-03
1.258588046766817570e-03
1.253790687769651413e-03
1.252337475307285786e-03
1.245154766365885735e-03
1.238879747688770294e-03
1.258536009117960930e-03
1.231411122716963291e-03
1.226531341671943665e-03
1.229553134180605412e-03
1.223266357555985451e-03
1.212882925756275654e-03
1.208793022669851780e-03
1.207432942464947701e-03
1.206660526804625988e-03
1.208153436891734600e-03
1.194581622257828712e-03
1.184450462460517883e-03
1.202921150252223015e-03
1.189555856399238110e-03
1.172563643194735050e-03
1.167366048321127892e-03
1.162506639957427979e-03
1.164264511317014694e-03
1.166265690699219704e-03
1.150897587649524212e-03
1.145565183833241463e-03
1.145604299381375313e-03
1.140773529186844826e-03
1.145825954154133797e-03
1.131651108153164387e-03
1.124105649068951607e-03
1.159271458163857460e-03
1.121517154388129711e-03
1.113019301556050777e-03
1.110782613977789879e-03
1.109907869249582291e-03
1.109449542127549648e-03
1.097735716030001640e-03
1.094340695999562740e-03
1.102397916838526726e-03
1.086830860003829002e-03
1.083397772163152695e-03
1.079837325960397720e-03
1.075693406164646149e-03
1.072159502655267715e-03
1.075282692909240723e-03
1.075311563909053802e-03
1.082683564163744450e-03
1.063140109181404114e-03
1.078408327884972095e-03
1.052054809406399727e-03
1.050346181727945805e-03
1.102319685742259026e-03
1.049348269589245319e-03
1.048976904712617397e-03
1.047548255883157253e-03
1.032578293234109879e-03
1.039667520672082901e-03
1.044919714331626892e-03
1.024277182295918465e-03
1.029488979838788509e-03
1.023879623971879482e-03
1.015018206089735031e-03
1.031861291266977787e-03
1.011201413348317146e-03
1.007028855383396149e-03
1.013796892948448658e-03
1.001880387775599957e-03
1.007053069770336151e-03
9.955180576071143150e-04
9.925476042553782463e-04
9.999914327636361122e-04
9.849220514297485352e-04
9.957874426618218422e-04
9.797622915357351303e-04
9.821256389841437340e-04
9.801267879083752632e-04
9.783618152141571045e-04
9.722973336465656757e-04
9.702577372081577778e-04
9.679213399067521095e-04
9.737529326230287552e-04
9.597449097782373428e-04
9.608693071641027927e-04
9.549268288537859917e-04
9.652820299379527569e-04
9.482600726187229156e-04
9.565392974764108658e-04
9.425891912542283535e-04
9.469375363551080227e-04
9.440761059522628784e-04
9.372055646963417530e-04
9.324849816039204597e-04
9.302049293182790279e-04
9.351582266390323639e-04
9.240570943802595139e-04
9.284245315939188004e-04
9.207860566675662994e-04
9.227046975865960121e-04
9.241938241757452488e-04
9.119221358560025692e-04
9.208042174577713013e-04
9.091591346077620983e-04
9.062002063728868961e-04
9.050532244145870209e-04
9.005210595205426216e-04
9.080169256776571274e-04
8.934119832701981068e-04
8.899322128854691982e-04
8.976032258942723274e-04
8.851711172610521317e-04
8.899456006474792957e-04
8.944771252572536469e-04
8.830433362163603306e-04
8.750093984417617321e-04
8.774728630669414997e-04
8.683999767526984215e-04
8.705031941644847393e-04
8.762522484175860882e-04
8.589685312472283840e-04
8.574975654482841492e-04
8.536615059711039066e-04
8.569478522986173630e-04
8.484612917527556419e-04
8.525474113412201405e-04
8.473673369735479355e-04
8.494355715811252594e-04
8.363465894944965839e-04
8.461989928036928177e-04
8.316246094182133675e-04
8.445430430583655834e-04
8.292060811072587967e-04
8.360843639820814133e-04
8.210120722651481628e-04
8.321874192915856838e-04
8.178096613846719265e-04
8.270909893326461315e-04
8.142274455167353153e-04
8.178382413461804390e-04
8.123859879560768604e-04
8.095537777990102768e-04
8.087598835118114948e-04
8.000520756468176842e-04
8.117658435367047787e-04
7.938170456327497959e-04
8.054803474806249142e-04
7.918920600786805153e-04
7.975043263286352158e-04
7.895746966823935509e-04
7.893905276432633400e-04
7.875719456933438778e-04
7.821746403351426125e-04
7.916560862213373184e-04
7.747370400466024876e-04
7.845365325920283794e-04
7.704874151386320591e-04
7.832730771042406559e-04
7.671285420656204224e-04
7.778831059113144875e-04
7.620829273946583271e-04
7.701341528445482254e-04
7.610819884575903416e-04
7.655884837731719017e-04
7.540307124145328999e-04
7.576179341413080692e-04
7.531733135692775249e-04
7.556968485005199909e-04
7.469512056559324265e-04
7.406788645312190056e-04
7.519716164097189903e-04
7.391332765109837055e-04
7.342210737988352776e-04
7.452699355781078339e-04
7.304382161237299442e-04
7.320874137803912163e-04
7.279420970007777214e-04
7.358806324191391468e-04
7.245214073918759823e-04
7.219230756163597107e-04
7.300489814952015877e-04
7.286555483005940914e-04
7.160751265473663807e-04
7.202903507277369499e-04
7.211302290670573711e-04
7.107044220902025700e-04
7.037407485768198967e-04
7.063020602799952030e-04
7.023435900919139385e-04
7.039525662548840046e-04
6.987352389842271805e-04
7.011232082732021809e-04
6.961822509765625000e-04
6.901184096932411194e-04
6.920068408362567425e-04
6.879863794893026352e-04
6.854509119875729084e-04
6.796006928198039532e-04
6.854360690340399742e-04
6.867520278319716454e-04
6.856008549220860004e-04
6.768876919522881508e-04
6.688873982056975365e-04
6.668703863397240639e-04
6.670000148005783558e-04
6.706676795147359371e-04
6.750004249624907970e-04
6.673514144495129585e-04
6.880573928356170654e-04
6.558808963745832443e-04
6.526786601170897484e-04
6.516409921459853649e-04
6.586090894415974617e-04
6.524367490783333778e-04
6.668842397630214691e-04
6.472722743637859821e-04
6.427933694794774055e-04
6.506372010335326195e-04
6.444889004342257977e-04
6.511840620078146458e-04
6.451778463087975979e-04
6.341005209833383560e-04
6.356251542456448078e-04
6.322785047814249992e-04
6.366531015373766422e-04
6.316038779914379120e-04
6.246319389902055264e-04
6.298382068052887917e-04
6.337187369354069233e-04
6.234121974557638168e-04
6.178505718708038330e-04
6.145690567791461945e-04
6.206401158124208450e-04
6.120758480392396450e-04
6.101626204326748848e-04
6.083367043174803257e-04
6.105761276558041573e-04
6.199316703714430332e-04
6.161093479022383690e-04
6.106485961936414242e-04
6.153794820420444012e-04
6.021813023835420609e-04
6.015665712766349316e-04
6.026367773301899433e-04
6.210579886101186275e-04
6.103610503487288952e-04
6.116614094935357571e-04
6.061517633497714996e-04
5.908144521526992321e-04
6.171987042762339115e-04
5.923801218159496784e-04
5.861998070031404495e-04
5.838061915710568428e-04
5.900957621634006500e-04
5.951349157840013504e-04
5.854368791915476322e-04
6.032425444573163986e-04
5.842139362357556820e-04
5.921623087488114834e-04
5.780581268481910229e-04
5.732753197662532330e-04
5.762998480349779129e-04
5.793937598355114460e-04
5.708803073503077030e-04
5.911494954489171505e-04
5.743140354752540588e-04
5.761769134551286697e-04
5.683401250280439854e-04
5.687832017429172993e-04
5.819217767566442490e-04
5.685405340045690536e-04
5.637044669128954411e-04
5.567176267504692078e-04
5.747311515733599663e-04
5.613496177829802036e-04
5.529488553293049335e-04
5.547527107410132885e-04
5.499587859958410263e-04
5.505183944478631020e-04
5.510885966941714287e-04
5.459148087538778782e-04
5.495616933330893517e-04
5.504971486516296864e-04
5.475877551361918449e-04
5.458074156194925308e-04
5.459432140924036503e-04
5.414037732407450676e-04
5.395578336901962757e-04
5.552335060201585293e-04
5.425543640740215778e-04
5.406974814832210541e-04
5.440500681288540363e-04
5.349314305931329727e-04
5.279363249428570271e-04
5.293440772220492363e-04
5.357895861379802227e-04
5.365621182136237621e-04
5.330817075446248055e-04
5.301845958456397057e-04
5.194667610339820385e-04
5.402813549153506756e-04
5.265236832201480865e-04
5.240543978288769722e-04
5.146408220753073692e-04
5.308712716214358807e-04
5.201530293561518192e-04
5.143026355654001236e-04
5.174191319383680820e-04
5.204588524065911770e-04
5.096652312204241753e-04
5.097008543089032173e-04
5.109134363010525703e-04
5.094797816127538681e-04
5.004408885724842548e-04
5.016449722461402416e-04
5.086010787636041641e-04
5.024415440857410431e-04
5.176244885660707951e-04
5.048776511102914810e-04
5.110499332658946514e-04
5.015839706175029278e-04
4.963599494658410549e-04
5.001169047318398952e-04
4.884913796558976173e-04
4.833855491597205400e-04
4.831516998820006847e-04
4.854556464124470949e-04
4.866580420639365911e-04
4.801274044439196587e-04
4.836419830098748207e-04
4.780569870490580797e-04
4.837444575969129801e-04
4.824886564165353775e-04
4.847129166591912508e-04
4.861869674641638994e-04
4.916376783512532711e-04
4.854410944972187281e-04
4.718262644018977880e-04
4.676947428379207850e-04
4.770175437442958355e-04
4.771004605572670698e-04
4.647088062483817339e-04
4.702354199253022671e-04
4.749117651954293251e-04
4.619284882210195065e-04
4.642563581001013517e-04
4.632612108252942562e-04
4.561513196676969528e-04
4.522542003542184830e-04
4.485283861868083477e-04
4.524388059508055449e-04
4.447775718290358782e-04
4.419076722115278244e-04
4.431676643434911966e-04
4.650808114092797041e-04
4.384411149658262730e-04
4.396497679408639669e-04
4.349845694378018379e-04
4.576926585286855698e-04
4.486514080781489611e-04
4.326427297201007605e-04
4.336689889896661043e-04
4.365490458440035582e-04
4.347700451035052538e-04
4.262939910404384136e-04
4.338946309871971607e-04
4.398921737447381020e-04
4.459099727682769299e-04
4.249299818184226751e-04
4.379154997877776623e-04
4.314687685109674931e-04
4.276017425581812859e-04
4.339792067185044289e-04
4.430386470630764961e-04
4.307849740143865347e-04
4.294357204344123602e-04
4.169640305917710066e-04
4.182803968433290720e-04
4.226751334499567747e-04
4.172908666078001261e-04
4.046318063046783209e-04
4.026806855108588934e-04
4.180082178208976984e-04
4.248447366990149021e-04
4.037701583001762629e-04
4.128011642023921013e-04
4.005768569186329842e-04
3.986020747106522322e-04
4.044387605972588062e-04
4.067559202667325735e-04
4.061066429130733013e-04
3.954988205805420876e-04
4.152618348598480225e-04
4.098619974683970213e-04
4.068589187227189541e-04
3.972300037275999784e-04
3.888645151164382696e-04
4.174681671429425478e-04
3.967500233557075262e-04
3.835518145933747292e-04
3.811352653428912163e-04
3.999102045781910419e-04
3.781504055950790644e-04
3.990830446127802134e-04
4.010511329397559166e-04
3.865442995447665453e-04
3.832396469078958035e-04
3.796489618252962828e-04
3.843750164378434420e-04
3.866910119540989399e-04
3.736115759238600731e-04
3.776884404942393303e-04
3.712090838234871626e-04
3.746127476915717125e-04
3.854173410218209028e-04
3.945014032069593668e-04
3.669033758342266083e-04
3.686354612000286579e-04
3.766706504393368959e-04
3.620111674536019564e-04
3.706935676746070385e-04
3.710349556058645248e-04
3.739839012268930674e-04
3.621598589234054089e-04
3.759565879590809345e-04
3.856155672110617161e-04
3.642833617050200701e-04
3.696221101563423872e-04
3.658919013105332851e-04
3.607174439821392298e-04
3.579203912522643805e-04
3.624316595960408449e-04
3.498006553854793310e-04
3.678638313431292772e-04
3.605324891395866871e-04
3.567406965885311365e-04
3.602695942390710115e-04
3.686507989186793566e-04
3.593509027268737555e-04
3.701945533975958824e-04
3.623888769652694464e-04
3.771101473830640316e-04
3.484704939182847738e-04
3.450720978435128927e-04
3.445197362452745438e-04
3.694828483276069164e-04
3.649553982540965080e-04
3.528858069330453873e-04
3.464191395323723555e-04
3.531216643750667572e-04
3.482142055872827768e-04
3.514756972435861826e-04
3.506582579575479031e-04
3.530844405759125948e-04
3.333791974000632763e-04
3.355153603479266167e-04
3.390471974853426218e-04
3.308605228085070848e-04
3.333055065013468266e-04
3.399941488169133663e-04
3.620895149651914835e-04
3.476744459476321936e-04
3.275507478974759579e-04
3.246696142014116049e-04
3.225565305911004543e-04
3.460284788161516190e-04
3.336104273330420256e-04
3.368284960743039846e-04
3.352268540766090155e-04
3.399523557163774967e-04
3.224105748813599348e-04
3.190508869010955095e-04
3.202863154001533985e-04
3.234166651964187622e-04
3.363202558830380440e-04
3.298429073765873909e-04
3.253007307648658752e-04
3.299764357507228851e-04
3.161016502417623997e-04
3.135257284156978130e-04
3.109421813860535622e-04
3.157467290293425322e-04
3.283077967353165150e-04
3.161562781315296888e-04
3.344895376358181238e-04
3.340504481457173824e-04
3.360070695634931326e-04
3.161613130941987038e-04
3.147283568978309631e-04
3.148975665681064129e-04
3.281665849499404430e-04
3.230866859667003155e-04
3.172210708726197481e-04
3.121098561678081751e-04
3.283281112089753151e-04
3.123483038507401943e-04
3.037032147403806448e-04
3.147389506921172142e-04
3.004394529853016138e-04
3.007124178111553192e-04
3.129329998046159744e-04
3.275276976637542248e-04
2.971687936224043369e-04
2.955801319330930710e-04
2.941436250694096088e-04
3.114806895609945059e-04
3.049075894523411989e-04
2.953105431515723467e-04
2.947791654150933027e-04
3.126795636489987373e-04
3.053540713153779507e-04
2.943827130366116762e-04
2.915357181336730719e-04
2.994105743709951639e-04
2.992928784806281328e-04
3.172039869241416454e-04
2.909442700911313295e-04
2.894871577154844999e-04
2.951686910819262266e-04
2.935364609584212303e-04
2.871862088795751333e-04
3.114523133262991905e-04
2.887318842113018036e-04
2.928266476374119520e-04
2.982070436701178551e-04
2.906955778598785400e-04
2.835673803929239511e-04
2.804228570312261581e-04
2.826147538144141436e-04
2.903720887843519449e-04
2.834173501469194889e-04
2.954974188469350338e-04
2.790685102809220552e-04
2.774668973870575428e-04
2.751330321189016104e-04
2.735692833084613085e-04
2.815602929331362247e-04
3.044154436793178320e-04
2.853271435014903545e-04
2.829484874382615089e-04
2.768848207779228687e-04
2.895022917073220015e-04
2.774508029688149691e-04
2.758409536909312010e-04
2.843657566700130701e-04
2.748239494394510984e-04
2.896524965763092041e-04
2.695771108847111464e-04
2.823821851052343845e-04
2.876718062907457352e-04
2.647493383847177029e-04
2.687857195269316435e-04
2.714058791752904654e-04
2.710773842409253120e-04
3.160776977892965078e-04
2.650004171300679445e-04
2.619949227664619684e-04
2.918324316851794720e-04
2.687209052965044975e-04
2.765331300906836987e-04
2.565155737102031708e-04
2.805506519507616758e-04
2.814733015839010477e-04
2.647469227667897940e-04
2.599969448056071997e-04
2.613414253573864698e-04
2.730888372752815485e-04
4.704608872998505831e-04
3.656345652416348457e-04
3.687940188683569431e-04
2.817710337694734335e-04
3.227575216442346573e-04
2.693805145099759102e-04
2.567642659414559603e-04
2.613073156680911779e-04
2.573726233094930649e-04
2.506262389943003654e-04
2.486533776391297579e-04
2.477227244526147842e-04
2.470376784913241863e-04
2.464108983986079693e-04
2.457990194670855999e-04
2.451982290949672461e-04
2.688547829166054726e-04
2.481578849256038666e-04
2.484830329194664955e-04
2.433830668451264501e-04
2.502971328794956207e-04
2.687801897991448641e-04
2.477317466400563717e-04
2.478556707501411438e-04
2.476015069987624884e-04
2.431744505884125829e-04
2.678938326425850391e-04
2.557640837039798498e-04
2.770498686004430056e-04
2.469530445523560047e-04
2.500974223949015141e-04
2.525017771404236555e-04
2.504665753804147243e-04
4.030826385132968426e-04
7.530692964792251587e-04
5.332859000191092491e-04
3.918141592293977737e-04
3.538929449860006571e-04
3.381037677172571421e-04
3.281835815869271755e-04
3.175349265802651644e-04
2.847037685569375753e-04
2.743110526353120804e-04
2.710698754526674747e-04
2.690803376026451588e-04
2.675447321962565184e-04
2.662205661181360483e-04
2.651468967087566853e-04
2.779602073132991791e-04
2.693985879886895418e-04
2.668992383405566216e-04
2.625297347549349070e-04
2.677243901416659355e-04
2.730799023993313313e-04
2.973967930302023888e-04
3.321687981951981783e-04
2.702791534829884768e-04
2.580295549705624580e-04
2.565046597737818956e-04
2.583848836366087198e-04
2.560491848271340132e-04
2.566800394561141729e-04
2.593648969195783138e-04
2.663452178239822388e-04
2.721564669627696276e-04
2.730262931436300278e-04
2.708249667193740606e-04
2.681697660591453314e-04
2.659003075677901506e-04
2.640974416863173246e-04
2.626701316330581903e-04
2.612464595586061478e-04
2.596696431282907724e-04
2.581907610874623060e-04
2.570365322753787041e-04
2.561625442467629910e-04
2.555002574808895588e-04
2.549295895732939243e-04
2.544472517911344767e-04
2.539840061217546463e-04
2.535292878746986389e-04
2.530660422053188086e-04
2.525947929825633764e-04
2.521109418012201786e-04
2.516170789021998644e-04
2.511360216885805130e-04
2.506761520635336637e-04
2.502705901861190796e-04
2.499124093446880579e-04
2.491946797817945480e-04
2.484986325725913048e-04
2.512159408070147038e-04
2.512348582968115807e-04
2.472136402502655983e-04
2.427582658128812909e-04
2.421483513899147511e-04
2.405852428637444973e-04
2.459599054418504238e-04
2.849334559869021177e-04
8.760937489569187164e-04
5.115914391353726387e-04
4.252575745340436697e-04
3.988262615166604519e-04
3.836852847598493099e-04
3.732792974915355444e-04
3.652212326414883137e-04
3.581715573091059923e-04
3.511735994834452868e-04
3.435729304328560829e-04
3.356634406372904778e-04
3.285249695181846619e-04
3.225042601116001606e-04
3.171424905303865671e-04
3.117728629149496555e-04
3.055845736525952816e-04
3.090339596383273602e-04
2.975643146783113480e-04
2.957429096568375826e-04
2.891977201215922832e-04
2.863431291189044714e-04
2.842573449015617371e-04
2.824675175361335278e-04
2.808370918501168489e-04
3.149963740725070238e-04
2.780825598165392876e-04
2.770943683572113514e-04
2.922545245382934809e-04
2.784435346256941557e-04
2.972605288960039616e-04
2.821256930474191904e-04
2.942507271654903889e-04
2.868800365831702948e-04
2.820858790073543787e-04
2.818390203174203634e-04
2.701999619603157043e-04
2.766988181974738836e-04
2.653550182003527880e-04
2.889331080950796604e-04
2.697695163078606129e-04
2.753604785539209843e-04
2.689452667254954576e-04
2.689466055016964674e-04
2.694565046112984419e-04
2.738938783295452595e-04
2.630943199619650841e-04
2.620150917209684849e-04
2.871633332688361406e-04
2.846468705683946609e-04
2.673886774573475122e-04
2.727923274505883455e-04
2.644436899572610855e-04
2.608577779028564692e-04
2.703300851862877607e-04
2.676190924830734730e-04
2.595238329377025366e-04
2.672873961273580790e-04
2.477869566064327955e-04
2.531021891627460718e-04
2.487305609975010157e-04
2.460346731822937727e-04
2.660013269633054733e-04
2.446780563332140446e-04
2.426203136565163732e-04
2.463351411279290915e-04
2.643798361532390118e-04
2.394575130892917514e-04
2.428213047096505761e-04
2.747029357124119997e-04
2.413579350104555488e-04
2.399264776613563299e-04
2.427023573545739055e-04
2.479142567608505487e-04
2.513112267479300499e-04
2.450339379720389843e-04
2.413543115835636854e-04
2.406442508799955249e-04
2.551014767959713936e-04
2.441464748699218035e-04
2.336331381229683757e-04
2.476800873409956694e-04
2.354282769374549389e-04
2.383967075729742646e-04
2.436391805531457067e-04
2.495853696018457413e-04
2.422450488666072488e-04
2.434157795505598187e-04
2.322992222616448998e-04
2.305147063452750444e-04
2.372470335103571415e-04
2.534892410039901733e-04
2.350904105696827173e-04
2.247844677185639739e-04
2.391881425864994526e-04
2.372679155087098479e-04
2.263639617012813687e-04
2.312160213477909565e-04
2.266405062982812524e-04
2.252938720630481839e-04
2.338510676054283977e-04
2.393148606643080711e-04
2.172366512240841985e-04
2.532112412154674530e-04
2.232533151982352138e-04
2.460531250108033419e-04
2.265808579977601767e-04
2.237058361060917377e-04
2.137894771294668317e-04
2.258696913486346602e-04
2.292080316692590714e-04
2.243285125587135553e-04
2.288119430886581540e-04
2.266736264573410153e-04
2.247238589916378260e-04
2.223009068984538317e-04
2.136061375495046377e-04
2.184324985137209296e-04
2.387264976277947426e-04
2.218303561676293612e-04
2.165744081139564514e-04
2.109498163918033242e-04
2.164226461900398135e-04
2.195067063439637423e-04
2.269737015012651682e-04
2.258755557704716921e-04
2.411191817373037338e-04
2.116240502800792456e-04
2.093425719067454338e-04
2.106394967995584011e-04
2.083725121337920427e-04
2.139598364010453224e-04
2.318309707334265113e-04
2.340488426852971315e-04
2.462099946569651365e-04
2.169096405850723386e-04
2.005988790187984705e-04
2.288815012434497476e-04
2.229848614661023021e-04
2.032937045441940427e-04
2.041732077486813068e-04
2.005748683586716652e-04
2.251779515063390136e-04
2.113414229825139046e-04
2.141769800800830126e-04
2.167325146729126573e-04
2.177553396904841065e-04
2.097422984661534429e-04
2.051839983323588967e-04
2.044103166554123163e-04
2.019437524722889066e-04
2.022507687797769904e-04
2.081703569274395704e-04
2.044587745331227779e-04
2.005978021770715714e-04
1.966194395208731294e-04
1.942572416737675667e-04
2.045484288828447461e-04
1.954510225914418697e-04
1.980899542104452848e-04
2.190440864069387317e-04
2.052263153018429875e-04
1.949529396370053291e-04
1.978624932235106826e-04
2.119826676789671183e-04
2.084127190755680203e-04
1.993394835153594613e-04
2.139229036401957273e-04
1.923162053572013974e-04
1.969463337445631623e-04
2.072915522148832679e-04
2.010765456361696124e-04
2.685059153009206057e-04
2.816935011651366949e-04
3.201237122993916273e-04
2.468163147568702698e-04
2.373152674408629537e-04
1.904824021039530635e-04
1.862219942267984152e-04
1.845742517616599798e-04
1.838449243223294616e-04
1.833209244068711996e-04
1.828592212405055761e-04
2.165838232031092048e-04
1.919347996590659022e-04
1.844499493017792702e-04
1.922843948705121875e-04
1.916957553476095200e-04
1.909346756292507052e-04
1.923682575579732656e-04
2.002907276619225740e-04
1.883709628600627184e-04
1.885475794551894069e-04
1.879061164800077677e-04
2.073693758575245738e-04
1.841778139350935817e-04
1.862771750893443823e-04
1.847908133640885353e-04
1.811837864806875587e-04
1.823543570935726166e-04
1.926626428030431271e-04
1.883319346234202385e-04
1.838891475927084684e-04
1.935443433467298746e-04
1.884286466520279646e-04
1.826485240599140525e-04
1.922431838465854526e-04
1.854493166320025921e-04
1.877753384178504348e-04
1.938608766067773104e-04
1.979424705496057868e-04
1.932629966177046299e-04
1.757253194227814674e-04
1.852853747550398111e-04
2.873251796700060368e-04
2.292032731929793954e-04
3.382970171514898539e-04
2.424757112748920918e-04
2.147026534657925367e-04
2.026764414040371776e-04
1.834232098190113902e-04
1.761418534442782402e-04
1.735649129841476679e-04
1.723259338177740574e-04
1.715284743113443255e-04
1.823345664888620377e-04
1.736153353704139590e-04
1.873202272690832615e-04
1.812747359508648515e-04
1.727714115986600518e-04
1.729379582684487104e-04
1.795841817511245608e-04
1.831544504966586828e-04
1.781516184564679861e-04
1.739141152938827872e-04
1.883019867818802595e-04
1.723531750030815601e-04
1.768334186635911465e-04
1.802106125978752971e-04
1.844881771830841899e-04
1.721674343571066856e-04
1.745784247759729624e-04
1.895694731501862407e-04
3.689502191264182329e-04
5.048493621870875359e-04
2.529650519136339426e-04
2.069287729682400823e-04
1.825423823902383447e-04
1.708333729766309261e-04
1.675525127211585641e-04
1.662029389990493655e-04
1.654034858802333474e-04
1.648173347348347306e-04
1.740585285006090999e-04
1.719545107334852219e-04
1.663325238041579723e-04
1.737740967655554414e-04
1.781617174856364727e-04
1.663626462686806917e-04
1.671566133154556155e-04
1.888403057819232345e-04
1.693413651082664728e-04
1.677469699643552303e-04
1.720082800602540374e-04
1.828358654165640473e-04
1.687965268502011895e-04
1.729677169350907207e-04
1.759773585945367813e-04
1.736360718496143818e-04
1.695118553470820189e-04
1.818196615204215050e-04
1.744444016367197037e-04
1.681795984040945768e-04
1.834307186072692275e-04
1.659711851971223950e-04
1.690530043561011553e-04
1.655382657190784812e-04
1.607697486178949475e-04
1.675575767876580358e-04
1.699334534350782633e-04
1.860627962742000818e-04
1.728338684188202024e-04
1.792607217794284225e-04
1.848741667345166206e-04
1.594514906173571944e-04
1.634593645576387644e-04
1.683445589151233435e-04
1.595458888914436102e-04
1.824700884753838181e-04
1.759318838594481349e-04
4.262904403731226921e-04
2.079645637422800064e-04
1.666757016209885478e-04
1.563906553201377392e-04
1.553589245304465294e-04
1.571247121319174767e-04
1.641712151467800140e-04
1.596681831870228052e-04
1.602120173629373312e-04
1.628351892577484250e-04
1.650714839342981577e-04
1.639165566302835941e-04
1.668831100687384605e-04
1.649168989388272166e-04
1.546921266708523035e-04
1.683875452727079391e-04
1.615398068679496646e-04
1.662884606048464775e-04
5.164537578821182251e-04
3.898201975971460342e-04
2.657067088875919580e-04
1.701524161035194993e-04
1.561339158797636628e-04
1.532355527160689235e-04
1.521764497738331556e-04
1.581396791152656078e-04
1.574049383634701371e-04
1.571869797771796584e-04
1.568483858136460185e-04
1.569980522617697716e-04
1.576622162247076631e-04
1.585299178259447217e-04
1.585461286595091224e-04
1.577387010911479592e-04
1.582925033289939165e-04
1.577639050083234906e-04
1.581870019435882568e-04
1.579951785970479250e-04
1.576248760102316737e-04
1.573695190018042922e-04
1.594694476807489991e-04
1.578322990098968148e-04
1.526033593108877540e-04
1.506210101069882512e-04
1.547157880850136280e-04
1.619080285308882594e-04
1.587999722687527537e-04
5.779287312179803848e-04
2.991368819493800402e-04
1.906197430798783898e-04
1.549146982142701745e-04
1.488012785557657480e-04
1.471123105147853494e-04
1.463693042751401663e-04
1.651783968554809690e-04
1.552496105432510376e-04
1.515385520178824663e-04
1.459377963328734040e-04
1.473009615438058972e-04
1.545367995277047157e-04
1.770459784893319011e-04
1.519702636869624257e-04
1.682784495642408729e-04
1.555664930492639542e-04
1.498064375482499599e-04
1.451591233490034938e-04
1.548066356917843223e-04
1.607115991646423936e-04
1.585001155035570264e-04
1.640279224375262856e-04
1.473907614126801491e-04
1.454284065403044224e-04
5.995314568281173706e-04
2.402804384473711252e-04
1.777618308551609516e-04
1.485707180108875036e-04
1.437088503735139966e-04
1.424835354555398226e-04
1.590763713466003537e-04
1.682308939052745700e-04
1.567227736813947558e-04
1.582468539709225297e-04
1.584124111104756594e-04
5.219024606049060822e-04
2.152023225789889693e-04
1.552895118948072195e-04
1.434991281712427735e-04
1.411115081282332540e-04
1.559461234137415886e-04
1.422201312379911542e-04
1.483142114011570811e-04
1.608719176147133112e-04
1.749810035107657313e-04
1.684036396909505129e-04
1.506781263742595911e-04
1.568957814015448093e-04
1.410069962730631232e-04
1.458253536839038134e-04
1.433212019037455320e-04
1.509221328888088465e-04
1.512208255007863045e-04
1.537993084639310837e-04
1.472917938372120261e-04
1.435879967175424099e-04
1.498234487371519208e-04
1.551014574943110347e-04
4.113017348572611809e-04
2.081471320707350969e-04
1.646340097067877650e-04
1.418581232428550720e-04
1.379396708216518164e-04
1.367058430332690477e-04
1.561306271469220519e-04
1.555879862280562520e-04
1.497276680311188102e-04
1.503868115833029151e-04
1.532821916043758392e-04
1.432734425179660320e-04
1.453281438443809748e-04
1.774218690115958452e-04
4.678410768974572420e-04
2.724645310081541538e-04
1.640814880374819040e-04
1.406833907822147012e-04
1.357036380795761943e-04
1.353322295472025871e-04
1.360650203423574567e-04
1.364582712994888425e-04
1.355258718831464648e-04
1.356461143586784601e-04
1.429039984941482544e-04
1.365717325825244188e-04
1.657013781368732452e-04
1.621144765522330999e-04
1.534259936306625605e-04
1.563118712510913610e-04
1.430148258805274963e-04
1.805384090403094888e-04
1.399228058289736509e-04
1.359262096229940653e-04
1.368839293718338013e-04
1.425783848389983177e-04
1.507036504335701466e-04
1.399717584718018770e-04
1.454117009416222572e-04
1.371399121126160026e-04
1.316098350798711181e-04
1.341690949629992247e-04
1.452946598874405026e-04
1.357064174953848124e-04
3.293477348051965237e-04
1.822605117922648787e-04
1.380527974106371403e-04
1.306034828303381801e-04
1.295186957577243447e-04
1.321068120887503028e-04
1.460719213355332613e-04
1.388356176903471351e-04
1.383670605719089508e-04
1.467632973799481988e-04
1.585113350301980972e-04
1.546561979921534657e-04
1.412066922057420015e-04
1.375377760268747807e-04
1.308767386944964528e-04
1.482653460698202252e-04
1.381306356051936746e-04
2.936145756393671036e-04
1.732414384605363011e-04
1.330475788563489914e-04
1.272530498681589961e-04
1.276329421671107411e-04
1.393445272697135806e-04
1.321703020948916674e-04
1.281672157347202301e-04
1.306019985349848866e-04
1.331322564510628581e-04
1.341208408121019602e-04
1.409294054610654712e-04
1.309870713157579303e-04
1.323408359894528985e-04
1.377889566356316209e-04
1.324650365859270096e-04
4.221115086693316698e-04
1.907214900711551309e-04
1.437631290173158050e-04
1.267161569558084011e-04
1.238612749148160219e-04
1.381647598464041948e-04
1.238394033862277865e-04
1.224560401169583201e-04
1.256444666069000959e-04
1.460047205910086632e-04
1.508448622189462185e-04
1.270051434403285384e-04
1.375295687466859818e-04
1.306264894083142281e-04
1.247181789949536324e-04
1.346215285593643785e-04
1.359927264275029302e-04
2.375005715293809772e-04
2.643027110025286674e-04
1.434484001947566867e-04
1.250452332897111773e-04
1.233367220265790820e-04
1.265813334612175822e-04
1.276686816709116101e-04
1.280754077015444636e-04
1.387117226840928197e-04
1.318881695624440908e-04
3.477271529845893383e-04
2.905600413214415312e-04
1.415385777363553643e-04
1.228125474881380796e-04
1.199386679218150675e-04
1.258563715964555740e-04
1.284680183744058013e-04
1.212213974213227630e-04
1.210993286804296076e-04
1.250588829861953855e-04
1.276510738534852862e-04
1.279322605114430189e-04
1.273684756597504020e-04
1.265053288079798222e-04
1.577567018102854490e-04
1.453223812859505415e-04
1.336196437478065491e-04
1.180125182145275176e-04
1.406702649546787143e-04
1.193624484585598111e-04
1.168262679129838943e-04
1.211104608955793083e-04
1.259437121916562319e-04
1.220669946633279324e-04
1.185783621622249484e-04
1.216454329551197588e-04
5.705557414330542088e-04
2.025543653871864080e-04
1.284363970626145601e-04
1.169947936432436109e-04
1.226923632202669978e-04
1.230309280799701810e-04
1.209046822623349726e-04
1.182359992526471615e-04
1.190775510622188449e-04
1.171240655821748078e-04
1.256476098205894232e-04
1.250236527994275093e-04
1.229287154274061322e-04
1.334137486992403865e-04
1.240824640262871981e-04
1.342729665338993073e-04
1.190557304653339088e-04
4.189014434814453125e-04
1.808644155971705914e-04
1.185137734864838421e-04
1.142929613706655800e-04
1.160683386842720211e-04
1.230842317454516888e-04
1.242117432411760092e-04
1.257330877706408501e-04
1.197202873299829662e-04
1.314206310780718923e-04
1.211074340972118080e-04
1.247326290467754006e-04
1.223860745085403323e-04
1.161178224720060825e-04
1.448903203709051013e-04
1.228649489348754287e-04
1.258651172975078225e-04
1.211036869790405035e-04
1.212179413414560258e-04
1.145245187217369676e-04
1.606735604582354426e-04
1.573878544149920344e-04
1.437262690160423517e-04
1.502235536463558674e-04
1.368942903354763985e-04
1.356705470243468881e-04
1.272384542971849442e-04
1.129957890952937305e-04
1.119458975153975189e-04
1.148464507423341274e-04
1.106498311855830252e-04
1.161094623967073858e-04
1.282341399928554893e-04
1.169180031865835190e-04
4.429993859957903624e-04
1.902122021419927478e-04
1.605803554411977530e-04
1.558841904625296593e-04
1.138135412475094199e-04
1.100870940717868507e-04
1.080906804418191314e-04
1.068848214345052838e-04
1.064923126250505447e-04
1.174391363747417927e-04
1.189269023598171771e-04
1.118471263907849789e-04
1.083887909771874547e-04
1.081495283870026469e-04
1.098261200240813196e-04
1.164040440926328301e-04
1.184116481454111636e-04
1.161762193078175187e-04
1.077201231964863837e-04
1.079419016605243087e-04
1.268426567548885942e-04
1.212364659295417368e-04
1.072130180546082556e-04
1.139845844591036439e-04
1.246005122084170580e-04
1.195147342514246702e-04
1.178549282485619187e-04
1.160751344286836684e-04
1.139120431616902351e-04
1.228336477652192116e-04
1.113623147830367088e-04
1.231555215781554580e-04
1.176528312498703599e-04
1.358516892651095986e-04
1.092657184926792979e-04
1.069962454494088888e-04
1.102932219509966671e-04
1.131444805650971830e-04
1.130512318923138082e-04
1.238350523635745049e-04
1.194625001517124474e-04
1.142945766332559288e-04
1.162763801403343678e-04
1.101096495403908193e-04
1.160223691840656102e-04
1.042260628310032189e-04
1.117807987611740828e-04
1.160463652922771871e-04
3.818967670667916536e-04
3.812092763837426901e-04
1.757815771270543337e-04
1.138641673605889082e-04
1.040416100295260549e-04
1.014562367345206439e-04
1.008581166388466954e-04
1.005501253530383110e-04
1.091332524083554745e-04
1.093645187211222947e-04
1.101479283533990383e-04
1.102579917642287910e-04
1.108436044887639582e-04
1.110787634388543665e-04
1.102192763937637210e-04
1.096451815101318061e-04
1.090897567337378860e-04
1.097689382731914520e-04
1.111020319513045251e-04
1.095582701964303851e-04
1.049819547915831208e-04
1.134429185185581446e-04
1.090794394258409739e-04
1.191234769066795707e-04
1.079251887858845294e-04
1.078651621355675161e-04
1.130691962316632271e-04
1.131317476392723620e-04
1.218436227645725012e-04
1.069019199348986149e-04
1.118315412895753980e-04
1.110717712435871363e-04
1.245620223926380277e-04
3.005543258041143417e-04
3.493737021926790476e-04
1.844575890572741628e-04
1.309198705712333322e-04
1.065386531990952790e-04
1.001364580588415265e-04
9.855673124548047781e-05
9.786855662241578102e-05
9.745194984134286642e-05
9.916951967170462012e-05
1.076527914847247303e-04
1.011545900837518275e-04
1.088193239411339164e-04
9.776314982445910573e-05
9.938060975400730968e-05
1.080805523088201880e-04
1.092821330530568957e-04
1.092288002837449312e-04
1.072292216122150421e-04
1.042187868733890355e-04
1.051845320034772158e-04
9.577788296155631542e-05
9.876560216071084142e-05
1.014767840388230979e-04
9.832659998210147023e-05
1.039748749462887645e-04
1.114423721446655691e-04
1.015422822092659771e-04
1.039280177792534232e-04
1.072918894351460040e-04
1.181939223897643387e-04
1.136923965532332659e-04
1.166415167972445488e-04
1.181535699288360775e-04
1.072013110388070345e-04
1.043303200276568532e-04
1.122976973420009017e-04
1.056083856383338571e-04
1.161680775112472475e-04
1.073629100574180484e-04
1.033977750921621919e-04
1.078230925486423075e-04
1.055596585501916707e-04
1.058713751262985170e-04
1.052491061273030937e-04
1.046033357852138579e-04
9.943560144165530801e-05
1.253619993804022670e-04
1.135249840444885194e-04
1.096430423785932362e-04
1.167590089607983828e-04
9.442854934604838490e-05
1.196431039716117084e-04
1.673121441854164004e-04
2.502496645320206881e-04
2.534327795729041100e-04
1.106758063542656600e-04
9.670624422142282128e-05
9.375197987537831068e-05
9.285130363423377275e-05
9.244906686944887042e-05
9.217690967489033937e-05
9.201848297379910946e-05
9.450785000808537006e-05
9.467615745961666107e-05
9.688524733064696193e-05
9.901847806759178638e-05
9.993458661483600736e-05
1.000849006231874228e-04
9.985038195736706257e-05
9.943304758053272963e-05
9.908666106639429927e-05
9.919462172547355294e-05
9.980041795643046498e-05
1.000550328171811998e-04
9.928339568432420492e-05
9.889035572996363044e-05
9.991572005674242973e-05
9.996579319704324007e-05
9.850108472164720297e-05
9.830675116972997785e-05
1.008166073006577790e-04
9.658696217229589820e-05
1.024869561661034822e-04
9.684524411568418145e-05
9.587631939211860299e-05
1.247021427843719721e-04
1.047745536197908223e-04
9.709774894872680306e-05
9.397631947649642825e-05
9.645809768699109554e-05
9.581109043210744858e-05
9.956412395695224404e-05
1.186569934361614287e-04
9.355490328744053841e-05
9.841076825978234410e-05
9.330791363026946783e-05
1.008359613479115069e-04
9.976355067919939756e-05
1.108399155782535672e-04
9.993762796511873603e-05
9.870830399449914694e-05
1.154369529103860259e-04
1.009752522804774344e-04
1.148278679465875030e-04
1.007725804811343551e-04
1.082471135305240750e-04
1.003320649033412337e-04
9.051818778971210122e-05
1.084021423594094813e-04
1.227161119459196925e-04
1.018650145852006972e-04
1.038618502207100391e-04
1.025333476718515158e-04
9.166701056528836489e-05
9.639032214181497693e-05
1.060144495568238199e-04
1.018666589516215026e-04
9.107864025281742215e-05
1.128712028730660677e-04
8.906922448659315705e-05
9.359507384942844510e-05
9.673046588432043791e-05
1.047982223099097610e-04
1.068471610778942704e-04
1.008889666991308331e-04
1.001410491880960763e-04
9.461593435844406486e-05
9.232433512806892395e-05
8.606263145338743925e-05
1.044984164764173329e-04
1.119193548220209777e-04
9.259598300559446216e-05
9.599879558663815260e-05
9.989269892685115337e-05
9.033636888489127159e-05
1.027090620482340455e-04
8.785956015344709158e-05
9.893141395878046751e-05
9.067946666618809104e-05
9.615564340492710471e-05
1.152763579739257693e-04
9.596264135325327516e-05
9.900389704853296280e-05
1.039426788338460028e-04
9.891706577036529779e-05
1.002531280391849577e-04
8.778407936915755272e-05
9.785100701265037060e-05
1.042886942741461098e-04
9.656600741436704993e-05
8.571713260607793927e-05
1.098494758480228484e-04
9.856612450676038861e-05
9.496190614299848676e-05
1.071542719728313386e-04
1.094922990887425840e-04
9.538700396660715342e-05
9.582323400536552072e-05
8.475125650875270367e-05
1.016269161482341588e-04
9.331861656391993165e-05
8.658721344545483589e-05
9.461821173317730427e-05
9.504199988441541791e-05
9.647710976423695683e-05
9.991300612455233932e-05
9.650806896388530731e-05
9.158423199551180005e-05
1.095503030228428543e-04
8.627288480056449771e-05
9.339443931821733713e-05
9.566557127982378006e-05
1.001696291496045887e-04
1.081836453522555530e-04
8.976517710834741592e-05
9.634833259042352438e-05
1.023372969939373434e-04
8.435382187599316239e-05
1.063319650711491704e-04
1.100248555303551257e-04
9.781659900909289718e-05
1.025483943521976471e-04
9.095165296457707882e-05
9.169186523649841547e-05
8.735609299037605524e-05
8.559261914342641830e-05
9.361285628983750939e-05
9.666331607149913907e-05
1.078334898920729756e-04
9.199021587846800685e-05
9.891527588479220867e-05
9.189896081807091832e-05
8.736627933103591204e-05
1.172371121356263757e-04
8.189098298316821456e-05
8.911661279853433371e-05
9.764070273377001286e-05
9.237562335329130292e-05
9.047289495356380939e-05
9.281747043132781982e-05
9.831607894739136100e-05
8.958606485975906253e-05
1.006521051749587059e-04
9.787676390260457993e-05
1.038412301568314433e-04
1.253853115485981107e-04
9.865628817351534963e-05
8.197283750632777810e-05
9.935785055859014392e-05
1.065960241248831153e-04
9.459324792260304093e-05
8.587627235101535916e-05
1.005320518743246794e-04
8.621963206678628922e-05
9.135765867540612817e-05
9.323858830612152815e-05
8.777967741480097175e-05
8.912282646633684635e-05
1.166558358818292618e-04
8.590085781179368496e-05
8.858102955855429173e-05
1.073405946954153478e-04
9.127210796577855945e-05
9.560680337017402053e-05
9.113368287216871977e-05
9.108596714213490486e-05
8.415134652750566602e-05
8.991731010610237718e-05
9.684272663434967399e-05
9.804331057239323854e-05
9.966096695279702544e-05
8.609783981228247285e-05
8.332301513291895390e-05
9.990183025365695357e-05
9.624811355024576187e-05
1.168517410405911505e-04
8.338165935128927231e-05
3.293733170721679926e-04
2.790015714708715677e-04
1.627075980650261045e-04
1.330591039732098579e-04
1.295077672693878412e-04
1.220885751536116004e-04
1.197906676679849625e-04
1.182718260679394007e-04
1.169550887425430119e-04
1.157743172370828688e-04
1.160312021966092288e-04
1.197221135953441262e-04
1.179603568743914366e-04
1.123020629165694118e-04
1.114088736358098686e-04
1.107224888983182609e-04
1.100756344385445118e-04
1.094858889700844884e-04
1.089379729819484055e-04
1.084284522221423686e-04
1.147978764493018389e-04
1.257071271538734436e-04
1.077140550478361547e-04
1.070238067768514156e-04
1.128618314396589994e-04
1.060683571267873049e-04
1.182256164611317217e-04
1.262691221199929714e-04
1.100613662856630981e-04
1.055750326486304402e-04
1.081856971723027527e-04
1.248511689482256770e-04
1.109708537114784122e-04
1.113162725232541561e-04
1.125468479585833848e-04
1.138095467467792332e-04
1.052702646120451391e-04
1.157203660113736987e-04
1.093779064831323922e-04
1.033467051456682384e-04
1.202816201839596033e-04
1.026296085910871625e-04
1.132268516812473536e-04
1.114838596549816430e-04
1.217245298903435469e-04
1.061587317963130772e-04
1.018129696603864431e-04
1.244908053195104003e-04
1.072938903234899044e-04
1.075405307346954942e-04
1.055967513821087778e-04
1.036789399222470820e-04
1.102272726711817086e-04
1.037298425217159092e-04
1.078579298336990178e-04
1.104372931877151132e-04
1.137456274591386318e-04
1.006000602501444519e-04
1.017574977595359087e-04
9.903014870360493660e-05
1.179689861601218581e-04
1.010850392049178481e-04
1.010050982586108148e-04
1.160636602435261011e-04
1.000613920041359961e-04
1.128000440075993538e-04
1.028745973599143326e-04
9.886535553960129619e-05
1.148387382272630930e-04
1.107537245843559504e-04
1.018114053294993937e-04
1.151084652519784868e-04
1.043837546603754163e-04
9.815763041842728853e-05
9.784491703612729907e-05
1.095152256311848760e-04
1.028558908728882670e-04
1.019037954392842948e-04
1.055149623425677419e-04
1.123307301895692945e-04
9.912214591167867184e-05
1.166237707366235554e-04
9.701921226223930717e-05
1.124894261010922492e-04
1.068295314325951040e-04
1.047262849169783294e-04
1.096418127417564392e-04
9.748401498654857278e-05
1.261265861103311181e-04
1.085602343664504588e-04
1.037580586853437126e-04
1.042968724505044520e-04
1.023362128762528300e-04
1.046417819452472031e-04
1.243873848579823971e-04
9.932734974427148700e-05
9.918931755237281322e-05
1.092961028916761279e-04
9.824411972658708692e-05
9.417946421308442950e-05
1.093128157663159072e-04
1.115529012167826295e-04
9.990724356612190604e-05
1.009245825116522610e-04
9.916207636706531048e-05
1.015575398923829198e-04
9.678740025265142322e-05
9.531486284686252475e-05
1.011447893688455224e-04
1.017029717331752181e-04
1.115166669478639960e-04
9.444386523682624102e-05
1.197823148686438799e-04
1.067718476406298578e-04
1.050277569447644055e-04
9.696029155747964978e-05
1.025977617246098816e-04
9.730312012834474444e-05
9.664092067396268249e-05
9.811526251723989844e-05
9.491265518590807915e-05
1.015945890685543418e-04
1.047949263011105359e-04
1.073686726158484817e-04
9.848998888628557324e-05
9.147061791736632586e-05
9.540808241581544280e-05
9.798366954782977700e-05
1.085046533262357116e-04
9.489177318755537271e-05
1.158459417638368905e-04
9.568966197548434138e-05
9.825787856243550777e-05
1.034475644701160491e-04
9.287710417993366718e-05
9.730755846248939633e-05
1.004064397420734167e-04
1.093878963729366660e-04
9.169951226795092225e-05
9.279893129132688046e-05
1.156880025519058108e-04
9.193694131681695580e-05
1.102574169635772705e-04
9.227445116266608238e-05
9.257397323381155729e-05
1.098752836696803570e-04
9.241121733793988824e-05
8.999022975331172347e-05
9.706270793685689569e-05
1.024059747578576207e-04
1.071905353455804288e-04
9.204637899529188871e-05
1.051974832080304623e-04
1.029962295433506370e-04
9.467460768064484000e-05
9.391322964802384377e-05
8.771453576628118753e-05
9.255111217498779297e-05
9.841015707934275270e-05
9.596210293238982558e-05
9.164679067907854915e-05
8.854016778059303761e-05
8.795386384008452296e-05
8.833820902509614825e-05
1.015971138258464634e-04
9.349433821626007557e-05
8.810868894215673208e-05
9.401302668265998363e-05
9.970970859285444021e-05
9.541717736283317208e-05
9.020279685501009226e-05
1.072920204023830593e-04
9.618564945412799716e-05
8.706390508450567722e-05
1.028544065775349736e-04
1.030698767863214016e-04
8.461536344839259982e-05
1.034041488310322165e-04
9.710200538393110037e-05
9.789774776436388493e-05
9.343552665086463094e-05
8.975095261121168733e-05
8.840326336212456226e-05
9.050103835761547089e-05
1.010388587019406259e-04
8.957204408943653107e-05
9.299076191382482648e-05
8.729448018129914999e-05
9.040492295753210783e-05
1.130182499764487147e-04
1.030164930853061378e-04
9.546561341267079115e-05
8.530044578947126865e-05
8.274544234154745936e-05
8.818287460599094629e-05
9.461706940783187747e-05
1.001768541755154729e-04
8.539958071196451783e-05
8.539422560716047883e-05
8.839635120239108801e-05
9.161920752376317978e-05
9.821088315220549703e-05
8.849844016367569566e-05
8.455731585854664445e-05
8.693679410498589277e-05
9.001233411254361272e-05
8.661382889840751886e-05
8.883428381523117423e-05
9.540199971524998546e-05
9.092537220567464828e-05
8.844976400723680854e-05
8.786833495832979679e-05
1.144918205682188272e-04
9.201549255521968007e-05
9.093307744478806853e-05
9.172809950541704893e-05
9.260013757739216089e-05
8.163480379153043032e-05
8.327999239554628730e-05
8.364701352547854185e-05
7.979189831530675292e-05
8.033087215153500438e-05
7.978352368809282780e-05
8.547214383725076914e-05
8.869505109032616019e-05
8.373061427846550941e-05
8.217395225074142218e-05
7.978472422109916806e-05
8.575356332585215569e-05
9.882720041787251830e-05
8.005546987988054752e-05
9.040228906087577343e-05
8.679971506353467703e-05
8.501901174895465374e-05
8.176824485417455435e-05
9.316734940512105823e-05
8.800756768323481083e-05
8.310801786137744784e-05
8.122584404191002250e-05
8.432294271187856793e-05
8.582460577599704266e-05
8.401796367252245545e-05
8.008429722394794226e-05
7.989183359313756227e-05
1.017214963212609291e-04
7.802854088367894292e-05
8.514881483279168606e-05
9.255299664800986648e-05
8.683443593326956034e-05
8.084771980065852404e-05
9.330761531600728631e-05
8.807160338619723916e-05
8.301268826471641660e-05
9.651953587308526039e-05
1.022120195557363331e-04
8.795698522590100765e-05
8.293416613014414907e-05
8.816705667413771152e-05
8.085588342510163784e-05
9.840956772677600384e-05
8.084849832812324166e-05
7.913186709629371762e-05
8.074370271060615778e-05
7.950053986860439181e-05
7.760780863463878632e-05
8.599692228017374873e-05
8.387630805373191833e-05
8.509156759828329086e-05
7.523088424932211637e-05
9.553562267683446407e-05
9.387607133248820901e-05
9.116461296798661351e-05
8.343103399965912104e-05
9.339039388578385115e-05
8.619965956313535571e-05
7.544903928646817803e-05
7.891596033005043864e-05
7.950118742883205414e-05
7.656842353753745556e-05
8.457015792373567820e-05
1.009678817354142666e-04
7.734059181530028582e-05
9.521581523586064577e-05
7.396742876153439283e-05
8.926175360102206469e-05
7.903411460574716330e-05
8.935629739426076412e-05
7.608639862155541778e-05
9.338622476207092404e-05
9.407189645571634173e-05
7.736594125162810087e-05
8.864927076501771808e-05
7.517169433413073421e-05
8.144726598402485251e-05
9.264287655241787434e-05
8.889588207239285111e-05
8.420563972322270274e-05
8.383575914194807410e-05
7.498914783354848623e-05
7.838987949071452022e-05
7.588829612359404564e-05
7.203433051472529769e-05
7.371946412604302168e-05
7.824297063052654266e-05
8.288209210149943829e-05
8.010362944332882762e-05
7.876069139456376433e-05
7.899606134742498398e-05
8.079118560999631882e-05
9.383042925037443638e-05
8.713552961125969887e-05
7.538033241871744394e-05
7.437702151946723461e-05
9.313999180449172854e-05
7.814147102180868387e-05
9.071620297618210316e-05
8.591077494202181697e-05
8.541702118236571550e-05
7.718887354712933302e-05
8.500234980601817369e-05
8.235411223722621799e-05
8.368891576537862420e-05
7.476151222363114357e-05
7.567913417005911469e-05
7.641377305844798684e-05
8.951534255174919963e-05
8.803998935036361217e-05
9.277791832573711872e-05
7.011788693489506841e-05
8.551864448236301541e-05
7.694816304137930274e-05
8.343455556314438581e-05
8.287855598609894514e-05
7.678168913116678596e-05
7.761119195492938161e-05
7.779240695526823401e-05
8.461094694212079048e-05
8.146146137733012438e-05
8.142987644532695413e-05
7.207207818282768130e-05
8.720974437892436981e-05
8.231616811826825142e-05
8.975082164397463202e-05
7.143755647120997310e-05
7.538323552580550313e-05
9.504656190983951092e-05
8.063975110417231917e-05
7.440055924234911799e-05
8.577829430578276515e-05
7.656122033949941397e-05
7.055899914121255279e-05
7.685436139581725001e-05
8.207003702409565449e-05
7.303411985049024224e-05
7.279829878825694323e-05
8.085642912192270160e-05
8.267657540272921324e-05
8.939117105910554528e-05
8.111070201266556978e-05
8.810029248706996441e-05
7.692765939282253385e-05
8.223909389926120639e-05
7.437168096657842398e-05
8.740369230508804321e-05
7.422667840728536248e-05
8.038840314839035273e-05
7.566981366835534573e-05
8.797491318546235561e-05
7.376872963504865766e-05
7.390903920168057084e-05
8.044687274377793074e-05
7.340823503909632564e-05
7.179011299740523100e-05
8.089574112091213465e-05
7.347270002355799079e-05
7.411187834804877639e-05
8.728279499337077141e-05
8.301468915306031704e-05
7.998724322533234954e-05
7.755276601528748870e-05
7.869155524531379342e-05
7.423256465699523687e-05
7.805172936059534550e-05
7.265804015332832932e-05
7.003725477261468768e-05
6.844146992079913616e-05
7.883047510404139757e-05
7.232529605971649289e-05
7.579346856800839305e-05
7.729042408755049109e-05
8.271738624898716807e-05
7.269292837008833885e-05
8.355094905709847808e-05
7.645859295735135674e-05
7.452493446180596948e-05
7.405939686577767134e-05
7.672203355468809605e-05
7.328268839046359062e-05
7.368344813585281372e-05
8.246352808782830834e-05
7.738472777418792248e-05
7.560344965895637870e-05
7.516727055190131068e-05
6.851094804005697370e-05
7.529043068643659353e-05
7.297837873920798302e-05
7.188203744590282440e-05
7.638127863174304366e-05
7.626087608514353633e-05
7.525488035753369331e-05
7.133694452932104468e-05
7.444159564329311252e-05
7.105302938725799322e-05
7.613781053805723786e-05
7.816895958967506886e-05
7.557743811048567295e-05
7.025456579867750406e-05
6.739053787896409631e-05
7.108516001608222723e-05
6.999753531999886036e-05
6.888213829370215535e-05
7.404590724036097527e-05
6.961770850466564298e-05
7.718218694208189845e-05
7.261330756591632962e-05
7.911699503893032670e-05
7.548556459369137883e-05
8.003359107533469796e-05
7.300103607121855021e-05
7.900049240561202168e-05
7.691611972404643893e-05
7.786163769196718931e-05
7.397584704449400306e-05
7.490916323149576783e-05
7.577346696052700281e-05
8.968266047304496169e-05
8.155815157806500793e-05
8.324661757797002792e-05
7.710079080425202847e-05
8.242449257522821426e-05
7.274762174347415566e-05
7.507463305955752730e-05
7.243557774927467108e-05
7.101640221662819386e-05
7.115771586541086435e-05
7.426812953781336546e-05
7.440658373525366187e-05
7.119575457181781530e-05
6.829958147136494517e-05
7.036577881081029773e-05
7.306277257157489657e-05
7.677342364331707358e-05
7.948676648084074259e-05
7.100984657881781459e-05
7.277400436578318477e-05
7.582364196423441172e-05
7.123340037651360035e-05
7.027840183582156897e-05
7.337250281125307083e-05
6.996477168286219239e-05
7.952501619001850486e-05
7.671777711948379874e-05
7.622437260579317808e-05
6.904167821630835533e-05
7.799491140758618712e-05
6.764173303963616490e-05
8.844886906445026398e-05
7.302754238480702043e-05
7.439562614308670163e-05
7.267954788403585553e-05
7.155663479352369905e-05
7.000502228038385510e-05
8.553569932701066136e-05
6.842857692390680313e-05
7.192920020315796137e-05
7.830557296983897686e-05
6.922988541191443801e-05
7.811770046828314662e-05
7.179142994573339820e-05
7.341463060583919287e-05
7.177650695666670799e-05
6.999029574217274785e-05
7.046277460176497698e-05
7.194423233158886433e-05
7.142630784073844552e-05
6.935960118426010013e-05
6.885473703732714057e-05
6.891809607623144984e-05
7.852885028114542365e-05
7.015367737039923668e-05
7.112729508662596345e-05
7.068711420288309455e-05
6.577018211828544736e-05
6.753035995643585920e-05
6.874780228827148676e-05
6.836227112216874957e-05
7.269799243658781052e-05
7.188144809333607554e-05
7.422165072057396173e-05
6.948340887902304530e-05
7.691956852795556188e-05
6.677419878542423248e-05
8.193677786039188504e-05
6.730600580340251327e-05
8.042037370614707470e-05
6.609156844206154346e-05
7.366306817857548594e-05
7.688791811233386397e-05
7.668431499041616917e-05
7.285787432920187712e-05
6.961425242479890585e-05
6.974281859584152699e-05
7.927625119918957353e-05
6.774749635951593518e-05
7.085563993314281106e-05
6.683467654511332512e-05
7.534482574556022882e-05
7.055776222841814160e-05
6.729429878760129213e-05
7.163779810070991516e-05
6.608385592699050903e-05
7.355117850238457322e-05
7.082424417603760958e-05
7.016579911578446627e-05
6.911392119945958257e-05
7.084393291734158993e-05
7.224525325000286102e-05
7.073603046592324972e-05
6.986098742345348001e-05
7.513085438404232264e-05
6.646865949733182788e-05
6.679551734123378992e-05
7.207773887785151601e-05
7.398377056233584881e-05
7.905963138910010457e-05
7.273776282090693712e-05
7.134184852475300431e-05
7.675944652874022722e-05
7.082722004270181060e-05
7.380241004284471273e-05
7.037234172457829118e-05
6.527071673190221190e-05
7.154059130698442459e-05
6.610662967432290316e-05
7.109067519195377827e-05
6.944031338207423687e-05
7.125976844690740108e-05
6.769603351131081581e-05
7.308842032216489315e-05
6.972675328142940998e-05
7.696806278545409441e-05
6.753794150426983833e-05
7.516187179135158658e-05
7.280343561433255672e-05
7.087347330525517464e-05
6.724763807142153382e-05
7.173953781602904201e-05
7.190227188402786851e-05
6.907663191668689251e-05
6.863574526505544782e-05
7.217248639790341258e-05
6.793751526856794953e-05
6.784145807614549994e-05
7.741931767668575048e-05
7.975592598086223006e-05
6.698306970065459609e-05
7.915959577076137066e-05
6.598148320335894823e-05
6.630495045101270080e-05
6.992588896537199616e-05
6.963357736822217703e-05
6.651238072663545609e-05
6.684748950647190213e-05
6.708011642331257463e-05
7.122712850105017424e-05
7.286704931175336242e-05
6.407666660379618406e-05
6.993662827881053090e-05
6.434442911995574832e-05
7.367947546299546957e-05
6.814945663791149855e-05
7.118962821550667286e-05
6.764059071429073811e-05
7.709606143180280924e-05
6.501012830995023251e-05
7.370240928139537573e-05
6.706169369863346219e-05
7.685119635425508022e-05
6.641781510552391410e-05
7.301312143681570888e-05
7.180960528785362840e-05
7.019930490059778094e-05
6.534771819133311510e-05
6.670515722362324595e-05
7.068418199196457863e-05
6.569958350155502558e-05
6.691404269076883793e-05
6.549804675159975886e-05
6.959019810892641544e-05
6.688386201858520508e-05
7.046568498481065035e-05
6.588134419871494174e-05
7.307690248126164079e-05
6.574486178578808904e-05
7.807572546880692244e-05
6.295646016951650381e-05
6.783082062611356378e-05
7.142157119233161211e-05
6.570367986569181085e-05
7.349333463935181499e-05
6.773021596018224955e-05
7.079236092977225780e-05
6.477473652921617031e-05
7.067463593557476997e-05
6.709813897032290697e-05
6.391558417817577720e-05
6.859732820885255933e-05
6.603384827030822635e-05
7.393863052129745483e-05
6.519252201542258263e-05
7.543242099927738309e-05
6.341951666399836540e-05
6.479187140939757228e-05
6.916494021425023675e-05
6.720569945173338056e-05
8.455894567305222154e-05
7.241527782753109932e-05
7.211206684587523341e-05
6.883117021061480045e-05
6.425833271350711584e-05
7.176330836955457926e-05
7.023762736935168505e-05
7.413098501274362206e-05
6.611624849028885365e-05
6.366616435116156936e-05
6.473810208262875676e-05
7.970032311277464032e-05
6.782759737689048052e-05
6.436280091293156147e-05
6.717437645420432091e-05
6.552981358254328370e-05
7.406817894661799073e-05
6.500820018118247390e-05
6.975240830797702074e-05
6.942581967450678349e-05
6.380912964232265949e-05
7.292673399206250906e-05
6.660313374595716596e-05
6.502756878035143018e-05
6.872176891192793846e-05
6.293746992014348507e-05
7.344140612985938787e-05
6.547175144078209996e-05
6.531555845867842436e-05
6.740332173649221659e-05
6.438366835936903954e-05
7.135411578929051757e-05
6.585202936548739672e-05
7.103576353983953595e-05
6.276331259869039059e-05
6.686363485641777515e-05
6.801829295000061393e-05
6.682855018880218267e-05
6.453344394685700536e-05
6.317313818726688623e-05
6.790175393689423800e-05
6.647049303865060210e-05
6.865778414066880941e-05
6.343836867017671466e-05
7.362711039604619145e-05
6.263652903726324439e-05
6.991440750425681472e-05
6.405308522516861558e-05
6.281266541918739676e-05
7.066184480208903551e-05
6.527989899041131139e-05
6.274212501011788845e-05
6.653445598203688860e-05
6.314948404906317592e-05
6.390341150108724833e-05
6.993100396357476711e-05
6.486880738520994782e-05
6.504668999696150422e-05
6.299503002082929015e-05
6.781538832001388073e-05
6.596204912057146430e-05
6.911436503287404776e-05
6.224789103725925088e-05
7.107542478479444981e-05
6.769791070837527514e-05
6.318258238025009632e-05
6.191567808855324984e-05
6.729197048116475344e-05
6.927890353836119175e-05
7.356206333497539163e-05
6.315050268312916160e-05
6.085908171371556818e-05
6.426053005270659924e-05
6.712680624332278967e-05
6.553370621986687183e-05
6.593799480469897389e-05
6.321291584754362702e-05
6.080843013478443027e-05
6.890483928145840764e-05
6.310220487648621202e-05
6.386326276697218418e-05
6.256683991523459554e-05
6.798726099077612162e-05
6.831550126662477851e-05
6.690056761726737022e-05
6.230005965335294604e-05
7.378146256087347865e-05
6.586461677215993404e-05
6.082247273297980428e-05
6.482684693764895201e-05
6.467890489147976041e-05
6.435826799133792520e-05
6.115568976383656263e-05
6.571901030838489532e-05
6.640844367211684585e-05
6.610059062950313091e-05
6.255389598663896322e-05
7.124232797650620341e-05
6.234119064174592495e-05
