2.130265347659587860e-03
2.004429930821061134e-03
1.956427702680230141e-03
1.951687620021402836e-03
1.948364544659852982e-03
1.946590607985854149e-03
1.945349504239857197e-03
1.944464049302041531e-03
1.943834242410957813e-03
1.943381503224372864e-03
1.943051116541028023e-03
1.942806760780513287e-03
1.942623872309923172e-03
1.942484988830983639e-03
1.942378701642155647e-03
1.942296396009624004e-03
1.942230970598757267e-03
1.942177885212004185e-03
1.942133647389709949e-03
1.942095463164150715e-03
1.942061702720820904e-03
1.942030852660536766e-03
1.942002214491367340e-03
1.941974624060094357e-03
1.941948430612683296e-03
1.941922935657203197e-03
1.941897906363010406e-03
1.941873924806714058e-03
1.941849826835095882e-03
1.941826543770730495e-03
1.941803726367652416e-03
1.941781141795217991e-03
1.941759488545358181e-03
1.941738068126142025e-03
1.941717462614178658e-03
1.941697089932858944e-03
1.941677415743470192e-03
1.941658207215368748e-03
1.941639464348554611e-03
1.941621303558349609e-03
1.941603841260075569e-03
1.941586611792445183e-03
1.941570430062711239e-03
1.941554597578942776e-03
1.941538997925817966e-03
1.941524213179945946e-03
1.941510010510683060e-03
1.941496273502707481e-03
1.941482885740697384e-03
1.941469963639974594e-03
1.941457740031182766e-03
1.941445865668356419e-03
1.941434573382139206e-03
1.941423746757209301e-03
1.941413269378244877e-03
1.941403141245245934e-03
1.941393595188856125e-03
1.941384631209075451e-03
1.941375900059938431e-03
1.941367518156766891e-03
1.941359485499560833e-03
1.941352034918963909e-03
1.941344584338366985e-03
1.941337715834379196e-03
1.941331080161035061e-03
1.941324793733656406e-03
1.941318856552243233e-03
1.941313152201473713e-03
1.941307797096669674e-03
1.941302674822509289e-03
1.941297901794314384e-03
1.941293245181441307e-03
1.941288937814533710e-03
1.941284746862947941e-03
1.941280672326683998e-03
1.941277063451707363e-03
1.941273687407374382e-03
1.941269962117075920e-03
1.941266935318708420e-03
1.941264141350984573e-03
1.941261230967938900e-03
1.941258553415536880e-03
1.941255875863134861e-03
1.941253663972020149e-03
1.941251335665583611e-03
1.941249240189790726e-03
1.941247144713997841e-03
1.941245165653526783e-03
1.941243535839021206e-03
1.941241789609193802e-03
1.941240276210010052e-03
1.941238762810826302e-03
1.941237249411642551e-03
1.941235736012458801e-03
1.941234571859240532e-03
1.941233407706022263e-03
1.941232243552803993e-03
1.941231079399585724e-03
1.941229915246367455e-03
1.941228867508471012e-03
1.941228052601218224e-03
1.941227237693965435e-03
1.941226306371390820e-03
1.941225375048816204e-03
1.941224676556885242e-03
1.941223861649632454e-03
1.941223046742379665e-03
1.941222348250448704e-03
1.941221999004483223e-03
1.941221416927874088e-03
1.941220834851264954e-03
1.941220019944012165e-03
1.941219437867403030e-03
1.941218855790793896e-03
1.941218506544828415e-03
1.941218157298862934e-03
1.941217342391610146e-03
1.941216993145644665e-03
1.941216643899679184e-03
1.980006694793701172e-03
1.947492593899369240e-03
1.941262744367122650e-03
1.941452501341700554e-03
1.941259717568755150e-03
1.941221533343195915e-03
1.941216178238391876e-03
1.941215479746460915e-03
1.941215130500495434e-03
1.941214664839208126e-03
1.941214315593242645e-03
1.941213966347277164e-03
1.941213500685989857e-03
1.941213384270668030e-03
1.941213035024702549e-03
1.941212802194058895e-03
1.941212452948093414e-03
1.941211987286806107e-03
1.941211638040840626e-03
1.941211405210196972e-03
1.941211288794875145e-03
1.941210939548909664e-03
1.941210706718266010e-03
1.941210124641656876e-03
1.941210124641656876e-03
1.941209775395691395e-03
1.941209309734404087e-03
1.941209193319082260e-03
1.941208611242473125e-03
1.941210473887622356e-03
2.043152227997779846e-03
1.943457173183560371e-03
1.942222588695585728e-03
1.941347494721412659e-03
1.941224676556885242e-03
1.941210473887622356e-03
1.941208029165863991e-03
1.941207679919898510e-03
1.941207447089254856e-03
1.941207097843289375e-03
1.941206865012645721e-03
1.941206748597323895e-03
1.941206282936036587e-03
1.941205933690071106e-03
1.941205933690071106e-03
1.941205584444105625e-03
1.941205118782818317e-03
1.941205002367496490e-03
1.941204769536852837e-03
1.941204420290887356e-03
1.941204187460243702e-03
1.941204536706209183e-03
1.965364441275596619e-03
1.951534766703844070e-03
1.941998605616390705e-03
1.941217808052897453e-03
1.941224210895597935e-03
1.941205351613461971e-03
1.941203488968312740e-03
1.941202906891703606e-03
1.941202674061059952e-03
1.941202441230416298e-03
1.941202091984450817e-03
1.941201742738485336e-03
1.941201509907841682e-03
1.941201393492519855e-03
1.941200927831232548e-03
1.941200578585267067e-03
1.941200345754623413e-03
1.941200229339301586e-03
1.941199880093336105e-03
1.941285678185522556e-03
1.956528285518288612e-03
1.943102222867310047e-03
1.941208029165863991e-03
1.941227237693965435e-03
1.941204187460243702e-03
1.941199647262692451e-03
1.941199298016726971e-03
1.941199065186083317e-03
1.941198483109474182e-03
1.941198133863508701e-03
1.941197901032865047e-03
1.941197551786899567e-03
1.941197551786899567e-03
1.941197202540934086e-03
1.941196736879646778e-03
1.941196620464324951e-03
1.941196154803037643e-03
1.941196038387715816e-03
1.941195805557072163e-03
1.941195456311106682e-03
1.941195223480463028e-03
1.941194874234497547e-03
1.941194524988532066e-03
1.941194524988532066e-03
2.093568444252014160e-03
1.947310403920710087e-03
1.941479393281042576e-03
1.941219321452081203e-03
1.941200927831232548e-03
1.941195456311106682e-03
1.941194524988532066e-03
1.941193942911922932e-03
1.941193477250635624e-03
1.941193360835313797e-03
1.941193011589348316e-03
1.941192545928061008e-03
1.941192196682095528e-03
1.941191963851451874e-03
1.941191847436130047e-03
1.941191381774842739e-03
1.941191032528877258e-03
1.941190683282911777e-03
1.941190450452268124e-03
1.941190101206302643e-03
1.941189868375658989e-03
1.941189519129693508e-03
1.941189169883728027e-03
1.941188820637762547e-03
1.941188587807118893e-03
1.941188238561153412e-03
1.941188005730509758e-03
1.941187656484544277e-03
1.941187190823256969e-03
1.945349271409213543e-03
1.943415380083024502e-03
1.941885333508253098e-03
1.941315829753875732e-03
1.941191847436130047e-03
1.941188005730509758e-03
1.941186492331326008e-03
1.941185910254716873e-03
1.941185561008751392e-03
1.941185095347464085e-03
1.941184978932142258e-03
1.941184513270854950e-03
1.941190683282911777e-03
1.998639665544033051e-03
1.946352771483361721e-03
1.941263908520340919e-03
1.941260532476007938e-03
1.941184746101498604e-03
1.941183465532958508e-03
1.941182999871671200e-03
1.941182883456349373e-03
1.941182417795062065e-03
1.941182301379740238e-03
1.941181952133774757e-03
1.941181486472487450e-03
1.941181137226521969e-03
1.941180787980556488e-03
1.941180322319269180e-03
1.941180205903947353e-03
1.941179856657981873e-03
1.941179274581372738e-03
1.941179274581372738e-03
2.005972201004624367e-03
1.949717989191412926e-03
1.941182650625705719e-03
1.941314782015979290e-03
1.941192196682095528e-03
1.941179623827338219e-03
1.941178459674119949e-03
1.941178110428154469e-03
1.941177644766867161e-03
1.941177295520901680e-03
1.941176946274936199e-03
1.941176597028970718e-03
1.941176131367683411e-03
1.941176014952361584e-03
1.941175432875752449e-03
1.941175083629786968e-03
1.941174850799143314e-03
1.941174501553177834e-03
1.942697912454605103e-03
1.941320020705461502e-03
1.941321883350610733e-03
1.941198133863508701e-03
1.941173453815281391e-03
1.941172755323350430e-03
1.941172988153994083e-03
1.942132948897778988e-03
1.941632013767957687e-03
1.942207687534391880e-03
1.941266353242099285e-03
1.941177295520901680e-03
1.941171358339488506e-03
1.941170776262879372e-03
1.941170310601592064e-03
1.941169844940304756e-03
1.941169728524982929e-03
1.941169146448373795e-03
1.941168680787086487e-03
1.941168331541121006e-03
1.941167982295155525e-03
1.941187190823256969e-03
1.955964136868715286e-03
1.944789662957191467e-03
1.941217924468219280e-03
1.941200345754623413e-03
1.941170427016913891e-03
1.941167982295155525e-03
1.941166585311293602e-03
1.941166468895971775e-03
1.941166119650006294e-03
1.941165653988718987e-03
1.941165071912109852e-03
1.941164722666144371e-03
1.941164489835500717e-03
1.941164140589535236e-03
1.941163791343569756e-03
1.941163209266960621e-03
1.941162976436316967e-03
1.941162394359707832e-03
1.941162277944386005e-03
1.941335271112620831e-03
1.948711927980184555e-03
1.942198141478002071e-03
1.941193011589348316e-03
1.941181719303131104e-03
1.941163558512926102e-03
1.941161463037133217e-03
1.941160880960524082e-03
1.941160531714558601e-03
1.941160182468593121e-03
1.941159716807305813e-03
1.941159251146018505e-03
1.941158669069409370e-03
1.941158436238765717e-03
1.941158086992800236e-03
1.941157621331512928e-03
1.941157272085547447e-03
1.941156922839581966e-03
1.941156573593616486e-03
1.941155991517007351e-03
1.941155525855720043e-03
1.941155176609754562e-03
1.953508006408810616e-03
1.946418313309550285e-03
1.941564842127263546e-03
1.941224210895597935e-03
1.941164955496788025e-03
1.941155525855720043e-03
1.941154012456536293e-03
1.941153663210570812e-03
1.941153081133961678e-03
1.941152731887996197e-03
1.941152149811387062e-03
1.941151800565421581e-03
1.941151334904134274e-03
1.941150985658168793e-03
1.941150636412203312e-03
1.941150287166237831e-03
1.941149821504950523e-03
1.941168215125799179e-03
1.944179297424852848e-03
1.942984294146299362e-03
1.941205351613461971e-03
1.941166236065328121e-03
1.941150403581559658e-03
1.941148540936410427e-03
1.941147958859801292e-03
1.941147143952548504e-03
1.941146794706583023e-03
1.941146445460617542e-03
1.941146212629973888e-03
1.941145630553364754e-03
1.941145281307399273e-03
1.941144932061433792e-03
1.943041221238672733e-03
1.945442520081996918e-03
1.942564733326435089e-03
1.941230730153620243e-03
1.941144932061433792e-03
1.941144466400146484e-03
1.941143767908215523e-03
1.941143418662250042e-03
1.941142836585640907e-03
1.941142254509031773e-03
1.941141788847744465e-03
1.941141439601778984e-03
1.941141090355813503e-03
1.941140508279204369e-03
1.941140159033238888e-03
1.941139576956629753e-03
1.941139227710664272e-03
1.941316993907094002e-03
1.944006537087261677e-03
1.941255526617169380e-03
1.941148890182375908e-03
1.941142254509031773e-03
1.941137830726802349e-03
1.941136666573584080e-03
1.941136084496974945e-03
1.941135735251009464e-03
1.941672875545918941e-03
1.944452058523893356e-03
1.942264498211443424e-03
1.941201160661876202e-03
1.941136084496974945e-03
1.941134571097791195e-03
1.941133872605860233e-03
1.941133406944572926e-03
1.941133057698607445e-03
1.941132359206676483e-03
1.941132126376032829e-03
1.941131544299423695e-03
1.941130962222814560e-03
1.942228642292320728e-03
1.941471826285123825e-03
1.941156690008938313e-03
1.941132708452641964e-03
1.941133639775216579e-03
1.948459190316498280e-03
1.943118404597043991e-03
1.941215828992426395e-03
1.941181952133774757e-03
1.941134221851825714e-03
1.941127935424447060e-03
1.941126538440585136e-03
1.941126189194619656e-03
1.941125490702688694e-03
1.941142603754997253e-03
1.944076502695679665e-03
1.941182301379740238e-03
1.941141090355813503e-03
1.941142370924353600e-03
1.949413213878870010e-03
1.943236449733376503e-03
1.941392081789672375e-03
1.941158086992800236e-03
1.941121765412390232e-03
1.941121648997068405e-03
1.941120834089815617e-03
1.941120252013206482e-03
1.941119669936597347e-03
1.941119902767241001e-03
1.946435542777180672e-03
1.941467635333538055e-03
1.941161695867776871e-03
1.941128517501056194e-03
1.941124675795435905e-03
1.941117807291448116e-03
1.941116875968873501e-03
1.941116293892264366e-03
1.941115711815655231e-03
1.941115129739046097e-03
1.941203605383634567e-03
1.941367285326123238e-03
1.941137481480836868e-03
1.941130729392170906e-03
1.941115129739046097e-03
1.942394534125924110e-03
1.942540169693529606e-03
1.941492548212409019e-03
1.941122347488999367e-03
1.941119669936597347e-03
1.941223512403666973e-03
1.942711533047258854e-03
1.941940281540155411e-03
1.941199414432048798e-03
1.941110938787460327e-03
1.941108494065701962e-03
1.941107911989092827e-03
1.941107097081840038e-03
1.941106747835874557e-03
1.941113965585827827e-03
1.963733229786157608e-03
1.942836912348866463e-03
1.941347261890769005e-03
1.941105234436690807e-03
1.941108494065701962e-03
1.941104419529438019e-03
1.941103371791541576e-03
1.941102556884288788e-03
1.941101974807679653e-03
1.941101159900426865e-03
1.941120252013206482e-03
1.943784649483859539e-03
1.941146794706583023e-03
1.941127702593803406e-03
1.941131544299423695e-03
1.955120358616113663e-03
1.941389171406626701e-03
1.941136084496974945e-03
1.941098016686737537e-03
1.941100461408495903e-03
1.941096852533519268e-03
1.941095921210944653e-03
1.941095339134335518e-03
1.941125607118010521e-03
1.944461022503674030e-03
1.941371476277709007e-03
1.941209891811013222e-03
1.947146723978221416e-03
1.941456575877964497e-03
1.941130380146205425e-03
1.941098365932703018e-03
1.941092777997255325e-03
1.941090333275496960e-03
1.941089984029531479e-03
1.949639641679823399e-03
1.945287454873323441e-03
1.941204420290887356e-03
1.941125257872045040e-03
1.941096503287553787e-03
1.941088470630347729e-03
1.941086957231163979e-03
1.941085909493267536e-03
1.941085211001336575e-03
1.941084628924727440e-03
1.941083814017474651e-03
1.941083115525543690e-03
1.941082300618290901e-03
1.941081718541681767e-03
1.941683585755527020e-03
1.941369962878525257e-03
1.941121998243033886e-03
1.941101741977035999e-03
1.941087306477129459e-03
1.946226810105144978e-03
1.943310839124023914e-03
1.941232592798769474e-03
1.941092195920646191e-03
1.941081602126359940e-03
1.941076014190912247e-03
1.941075432114303112e-03
1.941074733622372150e-03
1.941116643138229847e-03
1.943459268659353256e-03
1.941132708452641964e-03
1.941093360073864460e-03
1.941101043485105038e-03
1.950874691829085350e-03
1.941963098943233490e-03
1.941078109666705132e-03
1.941069727763533592e-03
1.941069727763533592e-03
1.941068214364349842e-03
1.941067283041775227e-03
1.941066468134522438e-03
1.941065536811947823e-03
1.941064838320016861e-03
1.941064372658729553e-03
1.945992000401020050e-03
1.942262169905006886e-03
1.941504655405879021e-03
1.941065187565982342e-03
1.941067050211131573e-03
1.941062510013580322e-03
1.941060763783752918e-03
1.941059832461178303e-03
1.941059017553925514e-03
1.941058086231350899e-03
1.941057387739419937e-03
1.941476250067353249e-03
1.941770082339644432e-03
1.941239112056791782e-03
1.941096968948841095e-03
1.941059017553925514e-03
1.941053778864443302e-03
1.941052614711225033e-03
1.941053313203155994e-03
1.948911813087761402e-03
1.942489179782569408e-03
1.941224676556885242e-03
1.941051799803972244e-03
1.941051101312041283e-03
1.941047608852386475e-03
1.941046444699168205e-03
1.941045280545949936e-03
1.941046677529811859e-03
1.949126366525888443e-03
1.941213151440024376e-03
1.941230730153620243e-03
1.941054477356374264e-03
1.941045280545949936e-03
1.941040740348398685e-03
1.941038877703249454e-03
1.941037946380674839e-03
1.941036898642778397e-03
1.941035850904881954e-03
1.941034686751663685e-03
1.943989540450274944e-03
1.942357164807617664e-03
1.941189751960337162e-03
1.941043417900800705e-03
1.941035035997629166e-03
1.941131195053458214e-03
1.941908965818583965e-03
1.941238762810826302e-03
1.941089401952922344e-03
1.941032358445227146e-03
1.941026304848492146e-03
1.941025140695273876e-03
1.941023743711411953e-03
1.941023161634802818e-03
1.947415061295032501e-03
1.941182650625705719e-03
1.941074733622372150e-03
1.941019785590469837e-03
1.941030495800077915e-03
1.949354074895381927e-03
1.941641559824347496e-03
1.941023976542055607e-03
1.941025489941239357e-03
1.941014779731631279e-03
1.941012567840516567e-03
1.941011054441332817e-03
1.941009424626827240e-03
1.941008376888930798e-03
1.941006747074425220e-03
1.941005699336528778e-03
1.941003953106701374e-03
1.941002556122839451e-03
1.941102556884288788e-03
1.943125855177640915e-03
1.941676717251539230e-03
1.941032707691192627e-03
1.940999878570437431e-03
1.940999180078506470e-03
1.940996269695460796e-03
1.940994639880955219e-03
1.940993126481771469e-03
1.940991729497909546e-03
1.940989983268082142e-03
1.940988469868898392e-03
1.949563971720635891e-03
1.942633767612278461e-03
1.941259368322789669e-03
1.941007212735712528e-03
1.940984162501990795e-03
1.940980437211692333e-03
1.940978341735899448e-03
1.940976711921393871e-03
1.940974732860922813e-03
1.940974383614957333e-03
1.945026684552431107e-03
1.941350521519780159e-03
1.940971706062555313e-03
1.940973568707704544e-03
1.940966001711785793e-03
1.940963324159383774e-03
1.940960995852947235e-03
1.940959133207798004e-03
1.941144466400146484e-03
1.945069874636828899e-03
1.941090333275496960e-03
1.940992660820484161e-03
1.940950169228017330e-03
1.940947258844971657e-03
1.940944232046604156e-03
1.940941205248236656e-03
1.940938527695834637e-03
1.940936082974076271e-03
1.946921460330486298e-03
1.940951100550591946e-03
1.940975082106888294e-03
1.940938294865190983e-03
1.940927701070904732e-03
1.944187912158668041e-03
1.942688366398215294e-03
1.940917107276618481e-03
1.940927701070904732e-03
1.940911286510527134e-03
1.940905465744435787e-03
1.940901507623493671e-03
1.940897316671907902e-03
1.940892892889678478e-03
1.940891379490494728e-03
1.940999762155115604e-03
1.940922345966100693e-03
1.940877060405910015e-03
1.940872869454324245e-03
1.941325725056231022e-03
1.942492672242224216e-03
1.940963091328740120e-03
1.940854243002831936e-03
1.940846210345625877e-03
1.940835150890052319e-03
1.940826885402202606e-03
1.940818503499031067e-03
1.941591617651283741e-03
1.941528054885566235e-03
1.940894289873540401e-03
1.940799062140285969e-03
1.940776826813817024e-03
1.942928298376500607e-03
1.942332950420677662e-03
1.940960879437625408e-03
1.940751215443015099e-03
1.940707676112651825e-03
1.940686954185366631e-03
1.940665533766150475e-03
1.940641901455819607e-03
1.940615591593086720e-03
1.944341580383479595e-03
1.941653201356530190e-03
1.940596732310950756e-03
1.940510468557476997e-03
1.940474263392388821e-03
1.940434449352324009e-03
1.943692332133650780e-03
1.940675545483827591e-03
1.940506277605891228e-03
1.940242713317275047e-03
1.940174261108040810e-03
1.940098474733531475e-03
1.940014655701816082e-03
1.945873256772756577e-03
1.940070302225649357e-03
1.939797191880643368e-03
1.939596375450491905e-03
1.942679518833756447e-03
1.939910463988780975e-03
1.939253532327711582e-03
1.939094741828739643e-03
1.938938861712813377e-03
1.946671283803880215e-03
1.939382869750261307e-03
1.938481116667389870e-03
1.938240602612495422e-03
1.938021392561495304e-03
1.945835072547197342e-03
1.938076689839363098e-03
1.937549910508096218e-03
1.937332097440958023e-03
1.937217661179602146e-03
1.938933739438652992e-03
1.937102875672280788e-03
1.936669112183153629e-03
1.936492859385907650e-03
1.936327316798269749e-03
1.939264009706676006e-03
1.936686225235462189e-03
1.936087384819984436e-03
1.935874926857650280e-03
1.935743261128664017e-03
1.943848910741508007e-03
1.936129294335842133e-03
1.935429289005696774e-03
1.935311825945973396e-03
1.935197040438652039e-03
1.935084350407123566e-03
1.941167050972580910e-03
1.935018924996256828e-03
1.934961881488561630e-03
1.934709725901484489e-03
1.934595638886094093e-03
1.934487489052116871e-03
1.936465036123991013e-03
1.934429281391203403e-03
1.934319501742720604e-03
1.934099011123180389e-03
1.935841748490929604e-03
1.935386215336620808e-03
1.933893538080155849e-03
1.933740568347275257e-03
1.933630672283470631e-03
1.933534163981676102e-03
1.933626132085919380e-03
1.934402389451861382e-03
1.933296560309827328e-03
1.933234161697328091e-03
1.933121820911765099e-03
1.933037536218762398e-03
1.941053313203155994e-03
1.933808904141187668e-03
1.932824263349175453e-03
1.932733342982828617e-03
1.932655693963170052e-03
1.935167820192873478e-03
1.932965824380517006e-03
1.932463026605546474e-03
1.932376064360141754e-03
1.932295737788081169e-03
1.932219252921640873e-03
1.933119492605328560e-03
1.932651037350296974e-03
1.932203071191906929e-03
1.931958715431392193e-03
1.931868260726332664e-03
1.931838574819266796e-03
1.931867911480367184e-03
1.932239509187638760e-03
1.931610284373164177e-03
1.931533799506723881e-03
1.931449864059686661e-03
1.931957434862852097e-03
1.933283405378460884e-03
1.931410981342196465e-03
1.931181643158197403e-03
1.931062433868646622e-03
1.930971862748265266e-03
1.930878730490803719e-03
1.930784201249480247e-03
1.934970030561089516e-03
1.931630657054483891e-03
1.930625527165830135e-03
1.930454629473388195e-03
1.930348575115203857e-03
1.930236234329640865e-03
1.930120051838457584e-03
1.929998747073113918e-03
1.930037629790604115e-03
1.930973958224058151e-03
1.930005615577101707e-03
1.929575693793594837e-03
1.929384190589189529e-03
1.929234247654676437e-03
1.929084304720163345e-03
1.937919761985540390e-03
1.929717254824936390e-03
1.928804558701813221e-03
1.928523182868957520e-03
1.928330515511333942e-03
1.928140991367399693e-03
1.927941804751753807e-03
1.927731675095856190e-03
1.943357056006789207e-03
1.927401637658476830e-03
1.927256351336836815e-03
1.926945988088846207e-03
1.926676137372851372e-03
1.926417928189039230e-03
1.926150056533515453e-03
1.926164142787456512e-03
1.925889169797301292e-03
1.925562391988933086e-03
1.925187301822006702e-03
1.924863550812005997e-03
1.924560521729290485e-03
1.924249576404690742e-03
1.923938747495412827e-03
1.926647499203681946e-03
1.923926523886620998e-03
1.923068775795400143e-03
1.922721392475068569e-03
1.922385767102241516e-03
1.923961448483169079e-03
1.924031414091587067e-03
1.921668997965753078e-03
1.921242801472544670e-03
1.920897280797362328e-03
1.920574577525258064e-03
1.920252339914441109e-03
1.919943955726921558e-03
1.920320792123675346e-03
1.919674803502857685e-03
1.919128699228167534e-03
1.931634848006069660e-03
1.919646747410297394e-03
1.918328809551894665e-03
1.917980960570275784e-03
1.917686662636697292e-03
1.917403540574014187e-03
1.918226713314652443e-03
1.917511341162025928e-03
1.916771638207137585e-03
1.916432520374655724e-03
1.916158478707075119e-03
1.915877917781472206e-03
1.915594097226858139e-03
1.926683587953448296e-03
1.916296663694083691e-03
1.915019587613642216e-03
1.914569409564137459e-03
1.914620166644454002e-03
1.919171889312565327e-03
1.913942513056099415e-03
1.913639600388705730e-03
1.913291867822408676e-03
1.912995823659002781e-03
1.912717823870480061e-03
1.915066619403660297e-03
1.912512117996811867e-03
1.911942614242434502e-03
1.911591272801160812e-03
1.911309198476374149e-03
1.920932321809232235e-03
1.911227707751095295e-03
1.910545513965189457e-03
1.910218037664890289e-03
1.909916638396680355e-03
1.909605343826115131e-03
1.909289159812033176e-03
1.908968668431043625e-03
1.912998734042048454e-03
1.910163206048309803e-03
1.908282632939517498e-03
1.907975296489894390e-03
1.907669007778167725e-03
1.907371450215578079e-03
1.907071797177195549e-03
1.906766672618687153e-03
1.906458404846489429e-03
1.919039525091648102e-03
1.906859106384217739e-03
1.905759796500205994e-03
1.905410550534725189e-03
1.905095763504505157e-03
1.904786447994410992e-03
1.904472708702087402e-03
1.904152217321097851e-03
1.903832540847361088e-03
1.914383843541145325e-03
1.903948956169188023e-03
1.903204247355461121e-03
1.902752206660807133e-03
1.902413321658968925e-03
1.902085030451416969e-03
1.901750685647130013e-03
1.901407144032418728e-03
1.901053939945995808e-03
1.900691189803183079e-03
1.900318078696727753e-03
1.908486941829323769e-03
1.901730312965810299e-03
1.899634138680994511e-03
1.899203052744269371e-03
1.898833783343434334e-03
1.898488146252930164e-03
1.898137037642300129e-03
1.897776965051889420e-03
1.897407812066376209e-03
1.897029113024473190e-03
1.896640402264893055e-03
1.896241563372313976e-03
1.896084402687847614e-03
1.903111930005252361e-03
1.895283465273678303e-03
1.894908142276108265e-03
1.894460641779005527e-03
1.894049462862312794e-03
1.893639564514160156e-03
1.893220469355583191e-03
1.892790896818041801e-03
1.892350381240248680e-03
1.891912776045501232e-03
1.912903157062828541e-03
1.893284614197909832e-03
1.890842802822589874e-03
1.890325453132390976e-03
1.889864681288599968e-03
1.889393781311810017e-03
1.888916012831032276e-03
1.888426020741462708e-03
1.887923339381814003e-03
1.887407852336764336e-03
1.886879093945026398e-03
1.886336482129991055e-03
1.902169315144419670e-03
1.887084101326763630e-03
1.885156962089240551e-03
1.884615630842745304e-03
1.884071854874491692e-03
1.883563236333429813e-03
1.883050543256103992e-03
1.882526325061917305e-03
1.881991163827478886e-03
1.881444361060857773e-03
1.880885683931410313e-03
1.880315016023814678e-03
1.879731891676783562e-03
1.886049401946365833e-03
1.878877752460539341e-03
1.878949464298784733e-03
1.877852831967175007e-03
1.877252361737191677e-03
1.876711379736661911e-03
1.876164227724075317e-03
1.875607878901064396e-03
1.875041285529732704e-03
1.874464796856045723e-03
1.873879926279187202e-03
1.884932280518114567e-03
1.873423927463591099e-03
1.872374443337321281e-03
1.871681888587772846e-03
1.871063956059515476e-03
1.899490132927894592e-03
1.870323088951408863e-03
1.869948115199804306e-03
1.868952182121574879e-03
1.868302817456424236e-03
1.867697341367602348e-03
1.867081271484494209e-03
1.866452512331306934e-03
1.865809550508856773e-03
1.876479713246226311e-03
1.865311060100793839e-03
1.864263438619673252e-03
1.863673678599298000e-03
1.863017212599515915e-03
1.862394274212419987e-03
1.861760858446359634e-03
1.861111959442496300e-03
1.860445365309715271e-03
1.859761425293982029e-03
1.859059091657400131e-03
1.863171695731580257e-03
1.859070966020226479e-03
1.857402385212481022e-03
1.856536022387444973e-03
1.855802140198647976e-03
1.855073496699333191e-03
1.854326226748526096e-03
1.854331116192042828e-03
1.854989561252295971e-03
1.853005611337721348e-03
1.851779525168240070e-03
1.850865548476576805e-03
1.850107917562127113e-03
1.849334337748587132e-03
1.848545041866600513e-03
1.847740844823420048e-03
1.846921863034367561e-03
1.848434214480221272e-03
1.851049717515707016e-03
1.845321967266499996e-03
1.844174345023930073e-03
1.843360252678394318e-03
1.842577708885073662e-03
1.841799472458660603e-03
1.841012854129076004e-03
1.840217155404388905e-03
1.839412492699921131e-03
1.838619937188923359e-03
1.846767612732946873e-03
1.838766387663781643e-03
1.836851588450372219e-03
1.835975563153624535e-03
1.835230737924575806e-03
1.834484399296343327e-03
1.833733287639915943e-03
1.832972629927098751e-03
1.832202309742569923e-03
1.831615809351205826e-03
1.832923037000000477e-03
1.830992870964109898e-03
1.829326152801513672e-03
1.828544773161411285e-03
1.827759318985044956e-03
1.826969906687736511e-03
1.826349180191755295e-03
1.828004606068134308e-03
1.825589570216834545e-03
1.824421226046979427e-03
1.823403174057602882e-03
1.822632737457752228e-03
1.821852405555546284e-03
1.821058220230042934e-03
1.820250879973173141e-03
1.819428987801074982e-03
1.820276957005262375e-03
1.820759149268269539e-03
1.817728625610470772e-03
1.816427567973732948e-03
1.815556082874536514e-03
1.844393904320895672e-03
1.814092043787240982e-03
1.813682145439088345e-03
1.812500762753188610e-03
1.811619848012924194e-03
1.820853329263627529e-03
1.810060231946408749e-03
1.809511333703994751e-03
1.808566972613334656e-03
1.808264874853193760e-03
1.807050895877182484e-03
1.806120970286428928e-03
1.805219566449522972e-03
1.804356346838176250e-03
1.803491497412323952e-03
1.852635527029633522e-03
1.802995218895375729e-03
1.801692182198166847e-03
1.800372265279293060e-03
1.799476216547191143e-03
1.798608340322971344e-03
1.798042096197605133e-03
1.800665631890296936e-03
1.796127995476126671e-03
1.795268966816365719e-03
1.814705086871981621e-03
1.795243821106851101e-03
1.793302129954099655e-03
1.792012015357613564e-03
1.791162416338920593e-03
1.790295005775988102e-03
1.789432135410606861e-03
1.794743468053638935e-03
1.790741691365838051e-03
1.787637476809322834e-03
1.786462729796767235e-03
1.785650383681058884e-03
1.784858643077313900e-03
1.784070394933223724e-03
1.783280284143984318e-03
1.782495062798261642e-03
1.801003934815526009e-03
1.781940809451043606e-03
1.780399237759411335e-03
1.779657322913408279e-03
1.784195308573544025e-03
1.782556064426898956e-03
1.778214238584041595e-03
1.776873599737882614e-03
1.776171848177909851e-03
1.775469165295362473e-03
1.775827724486589432e-03
1.774203847162425518e-03
1.774952281266450882e-03
1.772887771949172020e-03
1.772226649336516857e-03
1.771569019183516502e-03
1.770903356373310089e-03
1.770240371115505695e-03
1.769620692357420921e-03
1.801373437047004700e-03
1.772024086676537991e-03
1.768184243701398373e-03
1.767374807968735695e-03
1.766773173585534096e-03
1.766176777891814709e-03
1.765583408996462822e-03
1.764990971423685551e-03
1.776687568053603172e-03
1.766212633810937405e-03
1.763559877872467041e-03
1.762777334079146385e-03
1.762219239026308060e-03
1.761657884344458580e-03
1.761111081577837467e-03
1.788820256479084492e-03
1.760927960276603699e-03
1.760377082973718643e-03
1.759221660904586315e-03
1.758686965331435204e-03
1.758185331709682941e-03
1.757685444317758083e-03
1.757188350893557072e-03
1.756692654453217983e-03
1.756198704242706299e-03
1.755824079737067223e-03
1.771588227711617947e-03
1.755514531396329403e-03
1.754640135914087296e-03
1.754036522470414639e-03
1.753578195348381996e-03
1.753142452798783779e-03
1.752708805724978447e-03
1.752289012074470520e-03
1.799252699129283428e-03
1.756013836711645126e-03
1.751768868416547775e-03
1.750811352394521236e-03
1.750406227074563503e-03
1.750012976117432117e-03
1.749629969708621502e-03
1.749249408021569252e-03
1.748871523886919022e-03
1.748496550135314465e-03
1.748788636177778244e-03
1.761255785822868347e-03
1.749693998135626316e-03
1.747316680848598480e-03
1.746906200423836708e-03
1.746572088450193405e-03
1.746246125549077988e-03
1.745922840200364590e-03
1.745602348819375038e-03
1.745284185744822025e-03
1.744968350976705551e-03
1.744654611684381962e-03
1.744416775181889534e-03
1.761713414452970028e-03
1.744833658449351788e-03
1.744028995744884014e-03
1.743405126035213470e-03
1.743123750202357769e-03
1.742863794788718224e-03
1.742607099004089832e-03
1.742352265864610672e-03
1.742098713293671608e-03
1.741846790537238121e-03
1.741596148349344730e-03
1.741349231451749802e-03
1.818605349399149418e-03
1.741320011205971241e-03
1.740935142152011395e-03
1.740685780532658100e-03
1.740350271575152874e-03
1.740129431709647179e-03
1.739909290336072445e-03
1.739691710099577904e-03
1.739474828355014324e-03
1.739259343594312668e-03
1.739044091664254665e-03
1.738830120302736759e-03
1.738616498187184334e-03
1.738403225317597389e-03
1.738191000185906887e-03
1.751050353050231934e-03
1.743989298120141029e-03
1.737940590828657150e-03
1.737538492307066917e-03
1.737341633997857571e-03
1.737148850224912167e-03
1.736963400617241859e-03
1.736778998747467995e-03
1.736594480462372303e-03
1.736410427838563919e-03
1.736226840876042843e-03
1.736043137498199940e-03
1.736267236992716789e-03
1.748563721776008606e-03
1.737545593641698360e-03
1.735573867335915565e-03
1.735341385938227177e-03
1.735137891955673695e-03
1.734969671815633774e-03
1.734805293381214142e-03
1.734641613438725471e-03
1.734477933496236801e-03
1.734313904307782650e-03
1.734149642288684845e-03
1.733985147438943386e-03
1.733820652589201927e-03
1.733724726364016533e-03
1.769144553691148758e-03
1.734108314849436283e-03
1.733581069856882095e-03
1.733206096105277538e-03
1.733015640638768673e-03
1.732859993353486061e-03
1.732709468342363834e-03
1.732559176161885262e-03
1.732408883981406689e-03
1.732258358970284462e-03
1.732107251882553101e-03
1.748187234625220299e-03
1.735078054480254650e-03
1.732110162265598774e-03
1.731614465825259686e-03
1.731430413201451302e-03
1.731300726532936096e-03
1.786249340511858463e-03
1.734644873067736626e-03
1.731385244056582451e-03
1.730838674120604992e-03
1.730697927996516228e-03
1.730556483380496502e-03
1.730422955006361008e-03
1.730289077386260033e-03
1.730154966935515404e-03
1.730020274408161640e-03
1.729885232634842396e-03
1.729767536744475365e-03
1.745134708471596241e-03
1.731702941469848156e-03
1.729827024973928928e-03
1.729420851916074753e-03
1.729231211356818676e-03
1.729104551486670971e-03
1.728981500491499901e-03
1.728858565911650658e-03
1.728735165670514107e-03
1.728611299768090248e-03
1.728487201035022736e-03
1.728437957353889942e-03
1.761304214596748352e-03
1.730582793243229389e-03
1.728171831928193569e-03
1.728032599203288555e-03
1.727870665490627289e-03
1.727746566757559776e-03
1.727628638036549091e-03
1.727510243654251099e-03
1.727391383610665798e-03
1.727274851873517036e-03
1.739789498969912529e-03
1.727621071040630341e-03
1.727240742184221745e-03
1.726885559037327766e-03
1.726747490465641022e-03
1.726633752696216106e-03
1.727091497741639614e-03
1.740774721838533878e-03
1.726720016449689865e-03
1.726505230180919170e-03
1.726152142509818077e-03
1.726026530377566814e-03
1.725909416563808918e-03
1.725796493701636791e-03
1.725682755932211876e-03
1.725569483824074268e-03
1.732220407575368881e-03
1.726158079691231251e-03
1.725643873214721680e-03
1.725313952192664146e-03
1.725114416331052780e-03
1.725003938190639019e-03
1.724892412312328815e-03
1.724782516248524189e-03
1.724672503769397736e-03
1.724562840536236763e-03
1.742730499245226383e-03
1.724478905089199543e-03
1.724489498883485794e-03
1.724194618873298168e-03
1.724081346765160561e-03
1.725583570078015327e-03
1.739830942824482918e-03
1.725972280837595463e-03
1.724009867757558823e-03
1.723668072372674942e-03
1.723541179671883583e-03
1.723439549095928669e-03
1.723338500596582890e-03
1.723237219266593456e-03
1.723135705105960369e-03
1.723033841699361801e-03
1.722932211123406887e-03
1.734295976348221302e-03
1.724304398521780968e-03
1.722796936519443989e-03
1.723764813505113125e-03
1.732122967950999737e-03
1.722579705528914928e-03
1.722512417472898960e-03
1.722275861538946629e-03
1.722156535834074020e-03
1.722077955491840839e-03
1.740893698297441006e-03
1.723330235108733177e-03
1.722033252008259296e-03
1.721797743812203407e-03
1.721657114103436470e-03
1.721564447507262230e-03
1.721471780911087990e-03
1.721379463560879230e-03
1.722440705634653568e-03
1.726435613818466663e-03
1.721569220535457134e-03
1.721251639537513256e-03
1.721006585285067558e-03
1.720894593745470047e-03
1.723627094179391861e-03
1.734419260174036026e-03
1.721816603094339371e-03
1.720625441521406174e-03
1.720556989312171936e-03
1.720446161925792694e-03
1.720359548926353455e-03
1.720273750834167004e-03
1.720188534818589687e-03
1.720103085972368717e-03
1.720019499771296978e-03
1.783385407179594040e-03
1.720246626064181328e-03
1.720011816360056400e-03
1.719792489893734455e-03
1.719691441394388676e-03
1.719600870274007320e-03
1.719517866149544716e-03
1.719438936561346054e-03
1.724491128697991371e-03
1.720095169730484486e-03
1.719260006211698055e-03
1.719154650345444679e-03
1.719073392450809479e-03
1.718991436064243317e-03
1.719684922136366367e-03
1.728596398606896400e-03
1.720526604913175106e-03
1.719054183922708035e-03
1.718713669106364250e-03
1.718610874377191067e-03
1.718534971587359905e-03
1.718459650874137878e-03
1.718384679406881332e-03
1.718309358693659306e-03
1.718234037980437279e-03
1.718158251605927944e-03
1.743031316436827183e-03
1.718588056974112988e-03
1.718016806989908218e-03
1.717915059998631477e-03
1.720640924759209156e-03
1.720280386507511139e-03
1.719089224934577942e-03
1.717781997285783291e-03
1.717625535093247890e-03
1.717534381896257401e-03
1.717464416287839413e-03
1.717395382001996040e-03
1.717325532808899879e-03
1.719486201182007790e-03
1.727844588458538055e-03
1.717796083539724350e-03
1.717127976007759571e-03
1.717067672871053219e-03
1.716978847980499268e-03
1.716911443509161472e-03
1.716843806207180023e-03
1.716776634566485882e-03
1.716784201562404633e-03
1.719187479466199875e-03
1.717856153845787048e-03
1.716625178232789040e-03
1.716516795568168163e-03
1.716431579552590847e-03
1.716367318294942379e-03
1.716416561976075172e-03
1.717151957564055920e-03
1.718417159281671047e-03
1.716400496661663055e-03
1.716117840260267258e-03
1.716040191240608692e-03
1.715970807708799839e-03
1.715908176265656948e-03
1.716141821816563606e-03
1.716883271001279354e-03
1.715950551442801952e-03
1.717185135930776596e-03
1.717766281217336655e-03
1.715970225632190704e-03
1.715538557618856430e-03
1.715474645607173443e-03
1.715420163236558437e-03
1.763305393978953362e-03
1.720611006021499634e-03
1.715531339868903160e-03
1.715303747914731503e-03
1.715175574645400047e-03
1.715108053758740425e-03
1.715048914775252342e-03
1.714990707114338875e-03
1.715015736408531666e-03
1.717164996080100536e-03
1.715129474177956581e-03
1.714834012091159821e-03
1.724366913549602032e-03
1.716132741421461105e-03
1.715071499347686768e-03
1.714609679765999317e-03
1.714557176455855370e-03
1.714494312182068825e-03
1.715211430564522743e-03
1.715696300379931927e-03
1.715213758870959282e-03
1.714400830678641796e-03
1.714279293082654476e-03
1.714850543066859245e-03
1.720121712423861027e-03
1.714282552711665630e-03
1.714252633973956108e-03
1.714048325084149837e-03
1.713964971713721752e-03
1.713917823508381844e-03
1.715807477012276649e-03
1.714665326289832592e-03
1.713812234811484814e-03
1.713770208880305290e-03
1.713717589154839516e-03
1.713647274300456047e-03
1.713592675514519215e-03
1.713811070658266544e-03
1.716851373203098774e-03
1.713934820145368576e-03
1.714279525913298130e-03
1.714869984425604343e-03
1.714154612272977829e-03
1.713304081931710243e-03
1.713336096145212650e-03
1.724811736494302750e-03
1.714549609459936619e-03
1.713624573312699795e-03
1.713151927106082439e-03
