2.796772634610533714e-03
2.030806615948677063e-03
1.975595718249678612e-03
1.955667743459343910e-03
1.950622536242008209e-03
1.949234167113900185e-03
1.948499237187206745e-03
1.948048127815127373e-03
1.947700395248830318e-03
1.947391428984701633e-03
1.947098528034985065e-03
1.946814241819083691e-03
1.946538453921675682e-03
1.946271630004048347e-03
1.946014701388776302e-03
1.945768250152468681e-03
1.945533091202378273e-03
1.945309806615114212e-03
1.945098047144711018e-03
1.944898162037134171e-03
1.944710151292383671e-03
1.944533898495137691e-03
1.944369054399430752e-03
1.944215153343975544e-03
1.944072078913450241e-03
1.943939132615923882e-03
1.943816081620752811e-03
1.943702227436006069e-03
1.943597337231040001e-03
1.943500479683279991e-03
1.943411538377404213e-03
1.943329814821481705e-03
1.943254843354225159e-03
1.943185925483703613e-03
1.943122595548629761e-03
1.943064620718359947e-03
1.943011768162250519e-03
1.942962990142405033e-03
1.942918403074145317e-03
1.942877541296184063e-03
1.942839706316590309e-03
1.942804898135364056e-03
1.942772767506539822e-03
1.942743081599473953e-03
1.942715374752879143e-03
1.942689646966755390e-03
1.942665665410459042e-03
1.942643080838024616e-03
1.942621893249452114e-03
1.942601869814097881e-03
1.942583010531961918e-03
1.942564966157078743e-03
1.942547969520092010e-03
1.942531322129070759e-03
1.942515489645302296e-03
1.942499889992177486e-03
1.942485338076949120e-03
1.942470902577042580e-03
1.942456932738423347e-03
1.942443428561091423e-03
1.942430273629724979e-03
1.942417118698358536e-03
1.942404545843601227e-03
1.942391972988843918e-03
1.942379865795373917e-03
1.942367875017225742e-03
1.942356117069721222e-03
1.942344475537538528e-03
1.942333183251321316e-03
1.942321890965104103e-03
1.942310831509530544e-03
1.942300004884600639e-03
1.942289294674992561e-03
1.942278817296028137e-03
1.942268456332385540e-03
1.942257978953421116e-03
1.942247967235743999e-03
1.942238188348710537e-03
1.942228293046355247e-03
1.942218746989965439e-03
1.942209200933575630e-03
1.942200004123151302e-03
1.942190923728048801e-03
1.942181959748268127e-03
1.942172995768487453e-03
1.942164381034672260e-03
1.942155766300857067e-03
1.942147151567041874e-03
1.942139002494513988e-03
1.942130969837307930e-03
1.942122937180101871e-03
1.942115020938217640e-03
1.942107337526977062e-03
1.942099770531058311e-03
1.942092087119817734e-03
1.942084869369864464e-03
1.942077535204589367e-03
1.942070550285279751e-03
1.944536343216896057e-03
1.942951581440865993e-03
1.942143193446099758e-03
1.942045520991086960e-03
1.942040631547570229e-03
1.942032016813755035e-03
1.942026079632341862e-03
1.942020026035606861e-03
1.942014321684837341e-03
1.942008500918745995e-03
1.942002680152654648e-03
1.941997092217206955e-03
1.941991620697081089e-03
1.941999536938965321e-03
1.948106568306684494e-03
1.942642149515450001e-03
1.942064613103866577e-03
1.941974158398807049e-03
1.941961585544049740e-03
1.941957045346498489e-03
1.941952039487659931e-03
1.941947499290108681e-03
1.941942959092557430e-03
1.941938302479684353e-03
1.941933995112776756e-03
1.941929571330547333e-03
1.941925147548317909e-03
1.941928057931363583e-03
1.942277071066200733e-03
1.942872535437345505e-03
1.942024799063801765e-03
1.941904425621032715e-03
1.941902446560561657e-03
1.941896975040435791e-03
1.941892551258206367e-03
1.941888709552586079e-03
1.941884751431643963e-03
1.941880909726023674e-03
1.941876951605081558e-03
1.941873109899461269e-03
1.941869268193840981e-03
1.941914902999997139e-03
1.942457514815032482e-03
1.942415954545140266e-03
1.941938302479684353e-03
1.941851573064923286e-03
1.941847614943981171e-03
1.941844122484326363e-03
1.941840746439993382e-03
1.941837021149694920e-03
1.941833412274718285e-03
1.941829803399741650e-03
1.941826194524765015e-03
1.941822818480432034e-03
1.941818976774811745e-03
1.941815367899835110e-03
1.941811759024858475e-03
1.941807917319238186e-03
1.941926195286214352e-03
1.941801747307181358e-03
1.941920956596732140e-03
1.941860537044703960e-03
1.941798720508813858e-03
1.941787311807274818e-03
1.941783819347620010e-03
1.941780210472643375e-03
1.941776601597666740e-03
1.941773225553333759e-03
1.941769383847713470e-03
1.941765774972736835e-03
1.941762166097760201e-03
1.941758324392139912e-03
1.941754715517163277e-03
1.941754133440554142e-03
1.960709225386381149e-03
1.941757858730852604e-03
1.941774738952517509e-03
1.941765774972736835e-03
1.941733527928590775e-03
1.941729919053614140e-03
1.941726077347993851e-03
1.941722468473017216e-03
1.941718626767396927e-03
1.941714785061776638e-03
1.941710943356156349e-03
1.941707218065857887e-03
1.941703376360237598e-03
1.941702561452984810e-03
1.960764639079570770e-03
1.943339826539158821e-03
1.941939466632902622e-03
1.941714668646454811e-03
1.941681955941021442e-03
1.941677764989435673e-03
1.941673806868493557e-03
1.941669965162873268e-03
1.941666123457252979e-03
1.941662165336310863e-03
1.941658323630690575e-03
1.941654481925070286e-03
1.941650290973484516e-03
1.941646565683186054e-03
1.941642374731600285e-03
1.941638300195336342e-03
1.965689938515424728e-03
1.945654279552400112e-03
1.942069153301417828e-03
1.941661932505667210e-03
1.941620255820453167e-03
1.941617112606763840e-03
1.941612572409212589e-03
1.941608614288270473e-03
1.941604539752006531e-03
1.941600930877029896e-03
1.941596972756087780e-03
1.941592781804502010e-03
1.941588940098881721e-03
1.941584865562617779e-03
1.941580907441675663e-03
1.941576716490089893e-03
1.941572525538504124e-03
1.941568334586918354e-03
1.941564143635332584e-03
1.941559952683746815e-03
1.941562048159539700e-03
1.943378360010683537e-03
1.941678230650722980e-03
1.941646565683186054e-03
1.941569498740136623e-03
1.941540045663714409e-03
1.941532711498439312e-03
1.941528636962175369e-03
1.941524678841233253e-03
1.941520487889647484e-03
1.941516296938061714e-03
1.941512222401797771e-03
1.941508264280855656e-03
1.941503840498626232e-03
1.941499998793005943e-03
1.941495458595454693e-03
1.941491500474512577e-03
1.941526774317026138e-03
1.953940140083432198e-03
1.941880909726023674e-03
1.941555412486195564e-03
1.941496040672063828e-03
1.941471593454480171e-03
1.941465307027101517e-03
1.941461116075515747e-03
1.941457274369895458e-03
1.941453549079596996e-03
1.941449707373976707e-03
1.941445865668356419e-03
1.941441907547414303e-03
1.941437833011150360e-03
1.941433991305530071e-03
1.941430266015231609e-03
1.941426191478967667e-03
1.941422466188669205e-03
1.943960320204496384e-03
1.942957635037600994e-03
1.941847964189946651e-03
1.941458787769079208e-03
1.941415132023394108e-03
1.941402791999280453e-03
1.941399299539625645e-03
1.941395923495292664e-03
1.941392431035637856e-03
1.941389054991304874e-03
1.941385795362293720e-03
1.941382302902638912e-03
1.941379159688949585e-03
1.941375667229294777e-03
1.941372407600283623e-03
1.941369147971272469e-03
1.941365771926939487e-03
1.941362745128571987e-03
1.943126204423606396e-03
1.945177209563553333e-03
1.941904076375067234e-03
1.941422466188669205e-03
1.941350521519780159e-03
1.941347029060125351e-03
1.941343303769826889e-03
1.941340626217424870e-03
1.941337715834379196e-03
1.941335038281977177e-03
1.941332244314253330e-03
1.941329566761851311e-03
1.941326889209449291e-03
1.941324328072369099e-03
1.941341790370643139e-03
1.941659254953265190e-03
1.941787661053240299e-03
1.941399881616234779e-03
1.941335969604551792e-03
1.941311988048255444e-03
1.941309543326497078e-03
1.941306982189416885e-03
1.941304770298302174e-03
1.941302674822509289e-03
1.941300579346716404e-03
1.941298251040279865e-03
1.941296388395130634e-03
1.941294060088694096e-03
1.941292197443544865e-03
1.942444127053022385e-03
1.946444856002926826e-03
1.941895578056573868e-03
1.941354712471365929e-03
1.941286027431488037e-03
1.941283699125051498e-03
1.941281021572649479e-03
1.941279508173465729e-03
1.941277878358960152e-03
1.941276364959776402e-03
1.941274618729948997e-03
1.941273221746087074e-03
1.941271591931581497e-03
1.941270194947719574e-03
1.941268681548535824e-03
1.941267400979995728e-03
1.943163224495947361e-03
1.949163386598229408e-03
1.942060072906315327e-03
1.941290451213717461e-03
1.941263326443731785e-03
1.941262045875191689e-03
1.941260881721973419e-03
1.941259484738111496e-03
1.941258437000215054e-03
1.941257389262318611e-03
1.941256341524422169e-03
1.941255177371203899e-03
1.941254362463951111e-03
1.941253198310732841e-03
1.941252499818801880e-03
1.941251568496227264e-03
1.941250520758330822e-03
1.941249822266399860e-03
1.941248658113181591e-03
1.941247843205928802e-03
1.941247144713997841e-03
1.941246329806745052e-03
1.941250171512365341e-03
1.952472841367125511e-03
1.943015609867870808e-03
1.941309659741818905e-03
1.941244467161595821e-03
1.941243303008377552e-03
1.941242371685802937e-03
1.941241207532584667e-03
1.941240625455975533e-03
1.941239926964044571e-03
1.941239344887435436e-03
1.941238762810826302e-03
1.941238180734217167e-03
1.941237598657608032e-03
1.941237249411642551e-03
1.941236434504389763e-03
1.941235852427780628e-03
1.941462629474699497e-03
1.945661497302353382e-03
1.941895228810608387e-03
1.941277994774281979e-03
1.941248658113181591e-03
1.941234571859240532e-03
1.941233407706022263e-03
1.941232592798769474e-03
1.941232476383447647e-03
1.941231894306838512e-03
1.941231545060873032e-03
1.941231079399585724e-03
1.941230730153620243e-03
1.941230380907654762e-03
1.941229915246367455e-03
1.941229566000401974e-03
1.941229216754436493e-03
1.941228983923792839e-03
1.941754831932485104e-03
1.944085699506103992e-03
1.941445516422390938e-03
1.941243303008377552e-03
1.941228401847183704e-03
1.941228634677827358e-03
1.941226888447999954e-03
1.941226772032678127e-03
1.941226539202034473e-03
1.941226189956068993e-03
1.941225724294781685e-03
1.941225724294781685e-03
1.941225375048816204e-03
1.941225025802850723e-03
1.941225025802850723e-03
1.941224676556885242e-03
1.941224443726241589e-03
1.962317619472742081e-03
1.944728777743875980e-03
1.941747963428497314e-03
1.941224792972207069e-03
1.941233756951987743e-03
1.941223279573023319e-03
1.941222697496414185e-03
1.941222697496414185e-03
1.941222348250448704e-03
1.941222348250448704e-03
1.941221999004483223e-03
1.941221999004483223e-03
1.941221766173839569e-03
1.941221533343195915e-03
1.941221533343195915e-03
1.941221184097230434e-03
1.941220951266586781e-03
1.941220834851264954e-03
1.941220602020621300e-03
1.941220369189977646e-03
1.941220369189977646e-03
1.941220019944012165e-03
1.941220252774655819e-03
1.943083130754530430e-03
1.941327587701380253e-03
1.942099770531058311e-03
1.942859613336622715e-03
1.941388705745339394e-03
1.941249822266399860e-03
1.941219088621437550e-03
1.941219321452081203e-03
1.941221533343195915e-03
1.946660224348306656e-03
1.942107686772942543e-03
1.941218855790793896e-03
1.941219437867403030e-03
1.941218273714184761e-03
1.941218157298862934e-03
1.941217808052897453e-03
1.941217575222253799e-03
1.941217342391610146e-03
1.941217342391610146e-03
1.941217342391610146e-03
1.942934584803879261e-03
1.944125164300203323e-03
1.941648777574300766e-03
1.941246329806745052e-03
1.941217808052897453e-03
1.941216643899679184e-03
1.941216178238391876e-03
1.941216061823070049e-03
1.941215828992426395e-03
1.941215828992426395e-03
1.941222348250448704e-03
1.942067290656268597e-03
1.941247144713997841e-03
1.941220019944012165e-03
1.941560534760355949e-03
1.944146351888775826e-03
1.941310125403106213e-03
1.941234339028596878e-03
1.941215712577104568e-03
1.941214664839208126e-03
1.941214897669851780e-03
1.941214548423886299e-03
1.941215828992426395e-03
1.944057759828865528e-03
1.943411189131438732e-03
1.941273454576730728e-03
1.941214315593242645e-03
1.941213966347277164e-03
1.941214315593242645e-03
1.941213500685989857e-03
1.941213500685989857e-03
1.941213500685989857e-03
1.941213151440024376e-03
1.941213151440024376e-03
1.941301627084612846e-03
1.945260213688015938e-03
1.941649941727519035e-03
1.941246329806745052e-03
1.941218157298862934e-03
1.941213384270668030e-03
1.941212452948093414e-03
1.941212452948093414e-03
1.941212452948093414e-03
1.941212452948093414e-03
1.941211987286806107e-03
1.941211987286806107e-03
1.941263559274375439e-03
1.947801327332854271e-03
1.941285678185522556e-03
1.941220951266586781e-03
1.941225025802850723e-03
1.941211405210196972e-03
1.941211405210196972e-03
1.941211288794875145e-03
1.941211288794875145e-03
1.941211055964231491e-03
1.941210939548909664e-03
1.941210939548909664e-03
1.941210939548909664e-03
1.941210939548909664e-03
1.941210939548909664e-03
1.951490179635584354e-03
1.943123410455882549e-03
1.941216643899679184e-03
1.941242604516446590e-03
1.941215712577104568e-03
1.941210706718266010e-03
1.941210124641656876e-03
1.941209891811013222e-03
1.941209891811013222e-03
1.941209775395691395e-03
1.941209775395691395e-03
1.941209542565047741e-03
1.941227703355252743e-03
1.941449358128011227e-03
1.941292895935475826e-03
1.941210124641656876e-03
1.941210939548909664e-03
1.941398368217051029e-03
1.944888266734778881e-03
1.941217575222253799e-03
1.941248308867216110e-03
1.941216411069035530e-03
1.941209309734404087e-03
1.941208611242473125e-03
1.941208611242473125e-03
1.941208378411829472e-03
1.941208261996507645e-03
1.941208261996507645e-03
1.941208261996507645e-03
1.941553782671689987e-03
1.942141447216272354e-03
1.941210124641656876e-03
1.941214315593242645e-03
1.941215712577104568e-03
1.941207679919898510e-03
1.941207447089254856e-03
1.941207447089254856e-03
1.941207214258611202e-03
1.941207679919898510e-03
1.942941569723188877e-03
1.941216760315001011e-03
1.941215479746460915e-03
1.941209775395691395e-03
1.941207097843289375e-03
1.941234571859240532e-03
1.941969851031899452e-03
1.941971946507692337e-03
1.941249822266399860e-03
1.941216411069035530e-03
1.941206515766680241e-03
1.941206282936036587e-03
1.941206166520714760e-03
1.941205933690071106e-03
1.941205933690071106e-03
1.941205933690071106e-03
1.941205933690071106e-03
1.941205700859427452e-03
1.941208261996507645e-03
1.956816995516419411e-03
1.941530616022646427e-03
1.941249938681721687e-03
1.941205933690071106e-03
1.941206748597323895e-03
1.941205118782818317e-03
1.941205002367496490e-03
1.941205002367496490e-03
1.941205933690071106e-03
1.941336784511804581e-03
1.941347494721412659e-03
1.941219670698046684e-03
1.941205118782818317e-03
1.941204769536852837e-03
1.941205118782818317e-03
1.942172530107200146e-03
1.941699883900582790e-03
1.941409660503268242e-03
1.941237598657608032e-03
1.941205933690071106e-03
1.941204071044921875e-03
1.941203605383634567e-03
1.941203605383634567e-03
1.941203605383634567e-03
1.941203488968312740e-03
1.941204420290887356e-03
1.947718905285000801e-03
1.941625494509935379e-03
1.941279741004109383e-03
1.941225375048816204e-03
1.941205933690071106e-03
1.941203023307025433e-03
1.941202906891703606e-03
1.941202906891703606e-03
1.942326314747333527e-03
1.941343303769826889e-03
1.941209542565047741e-03
1.941206282936036587e-03
1.941203605383634567e-03
1.941530383192002773e-03
1.943355542607605457e-03
1.941501977853477001e-03
1.941243303008377552e-03
1.941201975569128990e-03
1.941202324815094471e-03
1.941201742738485336e-03
1.941201742738485336e-03
1.941201393492519855e-03
1.941202091984450817e-03
1.943300245329737663e-03
1.943034701980650425e-03
1.941263559274375439e-03
1.941233407706022263e-03
1.941202441230416298e-03
1.941200927831232548e-03
1.941200578585267067e-03
1.941200927831232548e-03
1.943175098858773708e-03
1.941305818036198616e-03
1.941218506544828415e-03
1.941201975569128990e-03
1.941200229339301586e-03
1.941333757713437080e-03
1.943982439115643501e-03
1.941546215675771236e-03
1.941207214258611202e-03
1.941205933690071106e-03
1.941200578585267067e-03
1.941199414432048798e-03
1.941199414432048798e-03
1.941199298016726971e-03
1.941199298016726971e-03
1.941199065186083317e-03
1.941199065186083317e-03
1.941198832355439663e-03
1.941199065186083317e-03
1.943926210515201092e-03
1.941817230544984341e-03
1.941303955391049385e-03
1.941229566000401974e-03
1.941203838214278221e-03
1.941198832355439663e-03
1.941198250278830528e-03
1.941198250278830528e-03
1.941198250278830528e-03
1.941197901032865047e-03
1.941197901032865047e-03
1.941197901032865047e-03
1.941197901032865047e-03
1.941197784617543221e-03
1.941199880093336105e-03
1.953680766746401787e-03
1.941919443197548389e-03
1.941303256899118423e-03
1.941205002367496490e-03
1.941197202540934086e-03
1.941197318956255913e-03
1.941196736879646778e-03
1.941196736879646778e-03
1.941196736879646778e-03
1.941196620464324951e-03
1.941196387633681297e-03
1.941196387633681297e-03
1.941196387633681297e-03
1.941196154803037643e-03
1.941196038387715816e-03
1.941867405548691750e-03
1.943976152688264847e-03
1.941235270351171494e-03
1.941205351613461971e-03
1.941198250278830528e-03
1.941195572726428509e-03
1.941195572726428509e-03
1.941195223480463028e-03
1.941195223480463028e-03
1.941195107065141201e-03
1.941194874234497547e-03
1.941194874234497547e-03
1.941194641403853893e-03
1.941196038387715816e-03
1.941420370712876320e-03
1.941366936080157757e-03
1.941407099366188049e-03
1.941758091561496258e-03
1.941362163051962852e-03
1.941222930327057838e-03
1.941206748597323895e-03
1.942389644682407379e-03
1.941606518812477589e-03
1.941198133863508701e-03
1.941198483109474182e-03
1.941195223480463028e-03
1.941193360835313797e-03
1.941196620464324951e-03
1.947647775523364544e-03
1.941193942911922932e-03
1.941234571859240532e-03
1.941198483109474182e-03
1.941192778758704662e-03
1.941192778758704662e-03
1.941192429512739182e-03
1.941192196682095528e-03
1.941193710081279278e-03
1.941394526511430740e-03
1.941471244208514690e-03
1.941537484526634216e-03
1.941363094374537468e-03
1.941202441230416298e-03
1.941193710081279278e-03
1.941248308867216110e-03
1.943650771863758564e-03
1.941223861649632454e-03
1.941196038387715816e-03
1.941191265359520912e-03
1.941191847436130047e-03
1.941190916113555431e-03
1.941192196682095528e-03
1.947272103279829025e-03
1.941275317221879959e-03
1.941355061717331409e-03
1.941202091984450817e-03
1.941191614605486393e-03
1.941190334036946297e-03
1.941189868375658989e-03
1.941189519129693508e-03
1.941190683282911777e-03
1.941366703249514103e-03
1.941347494721412659e-03
1.941203838214278221e-03
1.943385228514671326e-03
1.941735274158418179e-03
1.941202091984450817e-03
1.941202906891703606e-03
1.941191265359520912e-03
1.941188354976475239e-03
1.941188354976475239e-03
1.941188820637762547e-03
1.941487891599535942e-03
1.942603965289890766e-03
1.941302791237831116e-03
1.941200927831232548e-03
1.941192545928061008e-03
1.941187656484544277e-03
1.941187423653900623e-03
1.941187190823256969e-03
1.941187190823256969e-03
1.941187074407935143e-03
1.941905589774250984e-03
1.943868584930896759e-03
1.941980677656829357e-03
1.941195572726428509e-03
1.941204071044921875e-03
1.941188820637762547e-03
1.941186492331326008e-03
1.941186143085360527e-03
1.941186143085360527e-03
1.941324560903012753e-03
1.944142859429121017e-03
1.941477530635893345e-03
1.941211055964231491e-03
1.941191032528877258e-03
1.941185328178107738e-03
1.941185095347464085e-03
1.941184978932142258e-03
1.941184746101498604e-03
1.941184513270854950e-03
1.941184396855533123e-03
1.941380673088133335e-03
1.941298251040279865e-03
1.941230730153620243e-03
1.941211288794875145e-03
1.941190450452268124e-03
1.941183814778923988e-03
1.941183465532958508e-03
1.941183465532958508e-03
1.941821770742535591e-03
1.941235736012458801e-03
1.941216643899679184e-03
1.941184978932142258e-03
1.941182999871671200e-03
1.941182650625705719e-03
1.941182650625705719e-03
1.941240974701941013e-03
1.945486408658325672e-03
1.941401977092027664e-03
1.941204536706209183e-03
1.941186259500682354e-03
1.941182068549096584e-03
1.941181486472487450e-03
1.941181486472487450e-03
1.941181137226521969e-03
1.941181137226521969e-03
1.941180904395878315e-03
1.941180787980556488e-03
1.941180787980556488e-03
1.944811199791729450e-03
1.941870432347059250e-03
1.941197901032865047e-03
1.941182650625705719e-03
1.941182301379740238e-03
1.941179973073303699e-03
1.941179856657981873e-03
1.941179623827338219e-03
1.941179274581372738e-03
1.941179274581372738e-03
1.941179623827338219e-03
1.946640782989561558e-03
1.942203147336840630e-03
1.941208960488438606e-03
1.941182650625705719e-03
1.941181719303131104e-03
1.941178692504763603e-03
1.941178226843476295e-03
1.941178110428154469e-03
1.941177877597510815e-03
1.941177877597510815e-03
1.941177644766867161e-03
1.941177295520901680e-03
1.941177295520901680e-03
1.941177644766867161e-03
1.948525547049939632e-03
1.942487317137420177e-03
1.941231079399585724e-03
1.941181370057165623e-03
1.941178226843476295e-03
1.941176597028970718e-03
1.941176131367683411e-03
1.941187190823256969e-03
1.941801747307181358e-03
1.941203605383634567e-03
1.941180555149912834e-03
1.941176597028970718e-03
1.941175432875752449e-03
1.941182883456349373e-03
1.947810640558600426e-03
1.941502676345407963e-03
1.941217342391610146e-03
1.941179856657981873e-03
1.941174617968499660e-03
1.941174268722534180e-03
1.941173919476568699e-03
1.941173686645925045e-03
1.941173453815281391e-03
1.941182301379740238e-03
1.944419462233781815e-03
1.941744936630129814e-03
1.941250986419618130e-03
1.941179856657981873e-03
1.941173104569315910e-03
1.941172406077384949e-03
1.941171940416097641e-03
1.941171940416097641e-03
1.941171940416097641e-03
1.941212220117449760e-03
1.944001880474388599e-03
1.941470894962549210e-03
1.941184978932142258e-03
1.941178459674119949e-03
1.941171940416097641e-03
1.941170776262879372e-03
1.941170427016913891e-03
1.941170427016913891e-03
1.941170310601592064e-03
1.941170077770948410e-03
1.941170077770948410e-03
1.941172755323350430e-03
1.947369892150163651e-03
1.941485563293099403e-03
1.941170077770948410e-03
1.941177644766867161e-03
1.941169728524982929e-03
1.941168913617730141e-03
1.941168564371764660e-03
1.941168331541121006e-03
1.941168215125799179e-03
1.942620961926877499e-03
1.941398135386407375e-03
1.941180787980556488e-03
1.941168215125799179e-03
1.941167749464511871e-03
1.941588590852916241e-03
1.941180322319269180e-03
1.941210124641656876e-03
1.941179041750729084e-03
1.941166468895971775e-03
1.941166585311293602e-03
1.941165886819362640e-03
1.941165886819362640e-03
1.941165537573397160e-03
1.941165304742753506e-03
1.941165886819362640e-03
1.946335542015731335e-03
1.941661001183092594e-03
1.941197318956255913e-03
1.941181952133774757e-03
1.941166236065328121e-03
1.941164373420178890e-03
1.941164024174213409e-03
1.941164722666144371e-03
1.941273105330765247e-03
1.941165071912109852e-03
1.941162976436316967e-03
1.941162627190351486e-03
1.941162627190351486e-03
1.941188820637762547e-03
1.941163209266960621e-03
1.941196620464324951e-03
1.941189286299049854e-03
1.941163558512926102e-03
1.941161463037133217e-03
1.941161113791167736e-03
1.941160764545202255e-03
1.941160531714558601e-03
1.941160182468593121e-03
1.941160182468593121e-03
1.941376482136547565e-03
1.941165886819362640e-03
1.941464957781136036e-03
1.941162045113742352e-03
1.941164024174213409e-03
1.941159600391983986e-03
1.941158669069409370e-03
1.941158203408122063e-03
1.941185677424073219e-03
1.941285445354878902e-03
1.941201742738485336e-03
1.941159716807305813e-03
1.941157155670225620e-03
1.941166585311293602e-03
1.943254028446972370e-03
1.941163442097604275e-03
1.941231079399585724e-03
1.941163209266960621e-03
1.941156690008938313e-03
1.941155525855720043e-03
1.941155176609754562e-03
1.941154827363789082e-03
1.941154478117823601e-03
1.941154245287179947e-03
1.941154012456536293e-03
1.941164373420178890e-03
1.943880808539688587e-03
1.941277645528316498e-03
1.941206865012645721e-03
1.941158203408122063e-03
1.941152848303318024e-03
1.941152382642030716e-03
1.941151916980743408e-03
1.941151567734777927e-03
1.941151334904134274e-03
1.941150985658168793e-03
1.941159367561340332e-03
1.941152149811387062e-03
1.941792783327400684e-03
1.941203605383634567e-03
1.941150985658168793e-03
1.941150403581559658e-03
1.941149472258985043e-03
1.941148890182375908e-03
1.941148657351732254e-03
1.941148308105766773e-03
1.941147958859801292e-03
1.941147609613835812e-03
1.941147376783192158e-03
1.941147143952548504e-03
1.941174617968499660e-03
1.945651951245963573e-03
1.941678230650722980e-03
1.941202441230416298e-03
1.941154012456536293e-03
1.941146445460617542e-03
1.941145048476755619e-03
1.941144932061433792e-03
1.941144349984824657e-03
1.941144117154181004e-03
1.941143767908215523e-03
1.941241207532584667e-03
1.941577065736055374e-03
1.941194292157888412e-03
1.941149123013019562e-03
1.941142603754997253e-03
1.941146096214652061e-03
1.947655458934605122e-03
1.941351220011711121e-03
1.941202091984450817e-03
1.941150287166237831e-03
1.941140741109848022e-03
1.941139693371951580e-03
1.941139227710664272e-03
1.941138762049376965e-03
1.941138412803411484e-03
1.941138063557446003e-03
1.941137597896158695e-03
1.941137597896158695e-03
1.946964766830205917e-03
1.942160422913730145e-03
1.941162976436316967e-03
1.941143185831606388e-03
1.941136317327618599e-03
1.941135386005043983e-03
1.941134571097791195e-03
1.941133989021182060e-03
1.941352267749607563e-03
1.941376482136547565e-03
1.941154827363789082e-03
1.941134571097791195e-03
1.941131893545389175e-03
1.941131311468780041e-03
1.941134454682469368e-03
1.943142502568662167e-03
1.941832131706178188e-03
1.941193360835313797e-03
1.941139227710664272e-03
1.941130380146205425e-03
1.941128517501056194e-03
1.941128051839768887e-03
1.941127353347837925e-03
1.941127004101872444e-03
1.941126538440585136e-03
1.941125839948654175e-03
1.941125490702688694e-03
1.941135386005043983e-03
1.941986382007598877e-03
1.941256341524422169e-03
1.941149821504950523e-03
1.942563336342573166e-03
1.941144466400146484e-03
1.941126538440585136e-03
1.941131893545389175e-03
1.941123395226895809e-03
1.941121765412390232e-03
1.941992901265621185e-03
1.941362279467284679e-03
1.941125839948654175e-03
1.941122813150286674e-03
1.941119553521275520e-03
1.941117458045482635e-03
1.941116643138229847e-03
1.941115944646298885e-03
1.941115362569689751e-03
1.941131544299423695e-03
1.941235736012458801e-03
1.941488939337432384e-03
1.941123860888183117e-03
1.941114198416471481e-03
1.941112102940678596e-03
1.941110938787460327e-03
1.941112452186644077e-03
1.941855996847152710e-03
1.941208844073116779e-03
1.941130380146205425e-03
1.941111288033425808e-03
1.941107911989092827e-03
1.941230730153620243e-03
1.942700357176363468e-03
1.941175432875752449e-03
1.941109076142311096e-03
1.941105583682656288e-03
1.941102906130254269e-03
1.941101741977035999e-03
1.941101043485105038e-03
1.941100694239139557e-03
1.942293834872543812e-03
1.941855531185865402e-03
1.941176713444292545e-03
1.941111288033425808e-03
1.941098715178668499e-03
1.941095921210944653e-03
1.941094873473048210e-03
1.941094524227082729e-03
1.942422473803162575e-03
1.942303846590220928e-03
1.941157621331512928e-03
1.941091846674680710e-03
1.941089984029531479e-03
1.941088819876313210e-03
1.941087306477129459e-03
1.941086491569876671e-03
1.941085211001336575e-03
1.941084046848118305e-03
1.941082882694900036e-03
1.941293710842728615e-03
1.942217233590781689e-03
1.941201160661876202e-03
1.941098948009312153e-03
1.941080088727176189e-03
1.941078109666705132e-03
1.941076829098165035e-03
1.941075664944946766e-03
1.941074500791728497e-03
1.941073220223188400e-03
1.941073336638510227e-03
1.948590390384197235e-03
1.941485563293099403e-03
1.941122580319643021e-03
1.941069378517568111e-03
1.941065886057913303e-03
1.941064256243407726e-03
1.941062510013580322e-03
1.941061113029718399e-03
1.941059483215212822e-03
1.941057969816029072e-03
1.941056223586201668e-03
1.941054477356374264e-03
1.941052963957190514e-03
1.941051101312041283e-03
1.941049122251570225e-03
1.945302938111126423e-03
1.942323870025575161e-03
1.941057969816029072e-03
1.941054244525730610e-03
1.941043417900800705e-03
1.941041904501616955e-03
1.941040041856467724e-03
1.941038062795996666e-03
1.941036200150847435e-03
1.941034221090376377e-03
1.941032358445227146e-03
1.941030495800077915e-03
1.943896641023457050e-03
1.942449132911860943e-03
1.941191381774842739e-03
1.941031427122652531e-03
1.941021648235619068e-03
1.941018388606607914e-03
1.941015594638884068e-03
1.941013149917125702e-03
1.941010588780045509e-03
1.941007911227643490e-03
1.941005117259919643e-03
1.941002206876873970e-03
1.940999180078506470e-03
1.940996153280138969e-03
1.940992893651127815e-03
1.941033289767801762e-03
1.942757400684058666e-03
1.941113267093896866e-03
1.941001042723655701e-03
1.940982765518128872e-03
1.940978341735899448e-03
1.940974732860922813e-03
1.940971706062555313e-03
1.940968330018222332e-03
1.940995338372886181e-03
1.943395240232348442e-03
1.941075897775590420e-03
1.940985093824565411e-03
1.940955873578786850e-03
1.940947258844971657e-03
1.940942485816776752e-03
1.940938178449869156e-03
1.940933521836996078e-03
1.940928981639444828e-03
1.940923975780606270e-03
1.940918737091124058e-03
1.940914429724216461e-03
1.944698626175522804e-03
1.941013266332447529e-03
1.940986257977783680e-03
1.940898247994482517e-03
1.940892310813069344e-03
1.940885325893759727e-03
1.940879039466381073e-03
1.940872869454324245e-03
1.940866233780980110e-03
1.940859598107635975e-03
1.941028167493641376e-03
1.940928632393479347e-03
1.940870657563209534e-03
1.940837595611810684e-03
1.940825604833662510e-03
1.940817222930490971e-03
1.940808841027319431e-03
1.940799993462860584e-03
1.940791029483079910e-03
1.940782531164586544e-03
1.946097938343882561e-03
1.941292663104832172e-03
1.940798945724964142e-03
1.940741669386625290e-03
1.940753078088164330e-03
1.941166585311293602e-03
1.940719899721443653e-03
1.940708141773939133e-03
1.940687303431332111e-03
1.940672984346747398e-03
1.940659247338771820e-03
1.940645161084830761e-03
1.941661816090345383e-03
1.940877875313162804e-03
1.940774847753345966e-03
1.940598594956099987e-03
1.940576476044952869e-03
1.940559479407966137e-03
1.940541784279048443e-03
1.940522692166268826e-03
1.940502901561558247e-03
1.940501388162374496e-03
1.941678812727332115e-03
1.940585672855377197e-03
1.940440502949059010e-03
1.940400223247706890e-03
1.940376241691410542e-03
1.940349931828677654e-03
1.940322224982082844e-03
1.940293121151626110e-03
1.940822578035295010e-03
1.941377180628478527e-03
1.940367976203560829e-03
1.940196030773222446e-03
1.940134330652654171e-03
1.940093934535980225e-03
1.940050045959651470e-03
1.940002781338989735e-03
1.940728165209293365e-03
1.940440735779702663e-03
1.939902780577540398e-03
1.939795678481459618e-03
1.939729438163340092e-03
1.939727575518190861e-03
1.941314316354691982e-03
1.939633162692189217e-03
1.939432811923325062e-03
1.939323032274842262e-03
1.939217676408588886e-03
1.939105568453669548e-03
1.940928050316870213e-03
1.939026988111436367e-03
1.938790665008127689e-03
1.938633504323661327e-03
1.938521862030029297e-03
1.940692076459527016e-03
1.938301604241132736e-03
1.938120811246335506e-03
1.937966328114271164e-03
1.937823835760354996e-03
1.937683671712875366e-03
1.937658991664648056e-03
1.938391826115548611e-03
1.937303110025823116e-03
1.937197404913604259e-03
1.937057822942733765e-03
1.936941524036228657e-03
1.936836750246584415e-03
1.937585533596575260e-03
1.936761778779327869e-03
1.936560729518532753e-03
1.936474349349737167e-03
1.936389482580125332e-03
1.936509041115641594e-03
1.936281099915504456e-03
1.936329412274062634e-03
1.936127664521336555e-03
1.936052460223436356e-03
1.935989945195615292e-03
1.935929409228265285e-03
1.935871085152029991e-03
1.935813808813691139e-03
1.936482614837586880e-03
1.935779117047786713e-03
1.935803564265370369e-03
1.935651293024420738e-03
1.935578067786991596e-03
1.935526961460709572e-03
1.935570850037038326e-03
1.935505191795527935e-03
1.935440814122557640e-03
1.935354550369083881e-03
1.935312640853226185e-03
1.935269101522862911e-03
1.935226377099752426e-03
1.935189939104020596e-03
1.935671200044453144e-03
1.935199135914444923e-03
1.935077947564423084e-03
1.935039414092898369e-03
1.934997504577040672e-03
1.934957457706332207e-03
1.934920088388025761e-03
1.940529211424291134e-03
1.935089007019996643e-03
1.934850821271538734e-03
1.934788422659039497e-03
1.934744184836745262e-03
1.934706815518438816e-03
1.934670261107385159e-03
1.934633241035044193e-03
1.934596570208668709e-03
1.936441170983016491e-03
1.935343723744153976e-03
1.934672472998499870e-03
1.934488420374691486e-03
1.934442436322569847e-03
1.934408559463918209e-03
1.934374915435910225e-03
1.934342202730476856e-03
1.938708825036883354e-03
1.935277483426034451e-03
1.934329513460397720e-03
1.934226602315902710e-03
1.934197149239480495e-03
1.934164785780012608e-03
1.934133702889084816e-03
1.934102619998157024e-03
1.934071537107229233e-03
1.934040221385657787e-03
1.934071304276585579e-03
1.935965730808675289e-03
1.934130443260073662e-03
1.933940686285495758e-03
1.933913910761475563e-03
1.933880732394754887e-03
1.933852094225585461e-03
1.937279477715492249e-03
1.934050931595265865e-03
1.933836261741816998e-03
1.933748950250446796e-03
1.933719147928059101e-03
1.933690160512924194e-03
1.933661988005042076e-03
1.933633349835872650e-03
1.933604595251381397e-03
1.933583756908774376e-03
1.936958404257893562e-03
1.933753956109285355e-03
1.933549996465444565e-03
1.933489926159381866e-03
1.933456980623304844e-03
1.933429273776710033e-03
1.933401683345437050e-03
1.933374325744807720e-03
1.943669514730572701e-03
1.934240688569843769e-03
1.933319843374192715e-03
1.933286781422793865e-03
1.933253020979464054e-03
1.933224615640938282e-03
1.933197490870952606e-03
1.933170482516288757e-03
1.933143008500337601e-03
1.933115185238420963e-03
1.935095759108662605e-03
1.933447434566915035e-03
1.933181658387184143e-03
1.933032181113958359e-03
1.933000865392386913e-03
1.932972692884504795e-03
1.932945800945162773e-03
1.932918909005820751e-03
1.932891784235835075e-03
1.932869316078722477e-03
1.933020306751132011e-03
1.932822982780635357e-03
1.932805171236395836e-03
1.932768383994698524e-03
1.932741841301321983e-03
1.932714367285370827e-03
1.932687358930706978e-03
1.932659652084112167e-03
1.933315652422606945e-03
1.932939281687140465e-03
1.932727755047380924e-03
1.932579325512051582e-03
1.932538696564733982e-03
1.932509592734277248e-03
1.932482118718326092e-03
1.932455343194305897e-03
1.938733388669788837e-03
1.933061401359736919e-03
1.932477578520774841e-03
1.932354876771569252e-03
1.932327984832227230e-03
1.932298648171126842e-03
1.932270359247922897e-03
1.932244864292442799e-03
1.933186664246022701e-03
1.932559534907341003e-03
1.932183979079127312e-03
1.932143350131809711e-03
1.932110521011054516e-03
1.932083279825747013e-03
1.938002766110002995e-03
1.932733925059437752e-03
1.932017505168914795e-03
1.931986538693308830e-03
1.931947073899209499e-03
1.931916805915534496e-03
1.931887003593146801e-03
1.933749299496412277e-03
1.931965933181345463e-03
1.931838924065232277e-03
1.931782113388180733e-03
1.931748120114207268e-03
1.931717619299888611e-03
1.937011722475290298e-03
1.932416809722781181e-03
1.931639388203620911e-03
1.931615639477968216e-03
1.931573031470179558e-03
1.931540202349424362e-03
1.931508188135921955e-03
1.932193757966160774e-03
1.931536011397838593e-03
1.931446255184710026e-03
1.931404112838208675e-03
1.931359642185270786e-03
1.931327395141124725e-03
1.932112034410238266e-03
1.932417275384068489e-03
1.931264414452016354e-03
1.931203179992735386e-03
1.931168371811509132e-03
1.931134145706892014e-03
1.931098871864378452e-03
1.931063248775899410e-03
1.931411679834127426e-03
1.931431586854159832e-03
1.930967671796679497e-03
1.930934842675924301e-03
1.930907368659973145e-03
1.931688631884753704e-03
1.930836006067693233e-03
1.930834492668509483e-03
1.930764294229447842e-03
1.930720871314406395e-03
1.930682687088847160e-03
1.930643222294747829e-03
1.930602942593395710e-03
1.930561731569468975e-03
1.931883394718170166e-03
1.930490485392510891e-03
1.930459751747548580e-03
1.930419704876840115e-03
1.930365338921546936e-03
1.930745784193277359e-03
1.930731348693370819e-03
1.930266502313315868e-03
1.930213882587850094e-03
1.930156606249511242e-03
1.930110505782067776e-03
1.930063823238015175e-03
1.930015510879456997e-03
1.929966267198324203e-03
1.929916674271225929e-03
1.934538595378398895e-03
1.930411439388990402e-03
1.929782098159193993e-03
1.929725171066820621e-03
1.929671969264745712e-03
1.929616555571556091e-03
1.929598976857960224e-03
1.930167665705084801e-03
1.929616904817521572e-03
1.929426915012300014e-03
1.929336460307240486e-03
1.929273363202810287e-03
1.929208287037909031e-03
1.929141581058502197e-03
1.929867547005414963e-03
1.929210382513701916e-03
1.928957644850015640e-03
1.928885933011770248e-03
1.928815036080777645e-03
1.928736804984509945e-03
1.928660203702747822e-03
1.934425323270261288e-03
1.928656711243093014e-03
1.928471843712031841e-03
1.928356941789388657e-03
1.928259618580341339e-03
1.928169978782534599e-03
1.928554847836494446e-03
1.929481630213558674e-03
1.928112003952264786e-03
1.927853329107165337e-03
1.927728648297488689e-03
1.927631674334406853e-03
1.927531557157635689e-03
1.927429111674427986e-03
1.930647646076977253e-03
1.927806762978434563e-03
1.927178353071212769e-03
1.927050761878490448e-03
1.926928991451859474e-03
1.927732024341821671e-03
1.926743891090154648e-03
1.926654367707669735e-03
1.926542259752750397e-03
1.926441094838082790e-03
1.926337601616978645e-03
1.926233991980552673e-03
1.926129451021552086e-03
1.926023629494011402e-03
1.925916643813252449e-03
1.925808843225240707e-03
1.927997684106230736e-03
1.927431439980864525e-03
1.925807679072022438e-03
1.925467280671000481e-03
1.925343647599220276e-03
1.925245625898241997e-03
1.925561460666358471e-03
1.925275893881917000e-03
1.925014657899737358e-03
