1.677166856825351715e-02
3.870465792715549469e-03
2.077424200251698494e-03
1.988066826015710831e-03
1.957575324922800064e-03
1.951685640960931778e-03
1.949616242200136185e-03
1.948171528056263924e-03
1.947041600942611694e-03
1.946159871295094490e-03
1.945485593751072884e-03
1.944979070685803890e-03
1.944603165611624718e-03
1.944325165823101997e-03
1.944119459949433804e-03
1.943964743986725807e-03
1.943845534697175026e-03
1.943750656209886074e-03
1.943671726621687412e-03
1.943603507243096828e-03
1.943542272783815861e-03
1.943484880030155182e-03
1.943430281244218349e-03
1.943377661518752575e-03
1.943326089531183243e-03
1.943275216035544872e-03
1.943225041031837463e-03
1.943175448104739189e-03
1.943126204423606396e-03
1.943077426403760910e-03
1.943029114045202732e-03
1.942980918101966381e-03
1.942933187820017338e-03
1.942886272445321083e-03
1.942839706316590309e-03
1.942793373018503189e-03
1.942747854627668858e-03
1.942702801898121834e-03
1.942658331245183945e-03
1.942614326253533363e-03
1.942571252584457397e-03
1.942528528161346912e-03
1.942486502230167389e-03
1.942444941960275173e-03
1.942404545843601227e-03
1.942364848218858242e-03
1.942325499840080738e-03
1.942286966368556023e-03
1.942249480634927750e-03
1.942212576977908611e-03
1.942176371812820435e-03
1.942141097970306873e-03
1.942106522619724274e-03
1.942072762176394463e-03
1.942040049470961094e-03
1.942007802426815033e-03
1.941976486705243587e-03
1.941945985890924931e-03
1.941916649229824543e-03
1.941888011060655117e-03
1.941859954968094826e-03
1.941833063028752804e-03
1.941806753166019917e-03
1.941781607456505299e-03
1.941756810992956161e-03
1.941733527928590775e-03
1.941710477694869041e-03
1.941688475199043751e-03
1.941667287610471249e-03
1.941647147759795189e-03
1.941627240739762783e-03
1.941608381457626820e-03
1.941590453498065472e-03
1.941573107615113258e-03
1.941556460224092007e-03
1.941540511325001717e-03
1.941525610163807869e-03
1.941511058248579502e-03
1.941497204825282097e-03
1.941484049893915653e-03
1.941471593454480171e-03
1.941459602676331997e-03
1.941448310390114784e-03
1.941437483765184879e-03
1.941427355632185936e-03
1.941544120199978352e-03
8.702234365046024323e-03
2.420347183942794800e-03
1.996733713895082474e-03
1.948486315086483955e-03
1.942215487360954285e-03
1.941442023962736130e-03
1.941412105225026608e-03
1.941398950293660164e-03
1.941390917636454105e-03
1.941383467055857182e-03
1.941377180628478527e-03
1.941370777785778046e-03
1.941364957019686699e-03
1.941359252668917179e-03
1.941353897564113140e-03
1.941349008120596409e-03
1.941344351507723331e-03
1.941339811310172081e-03
1.941335387527942657e-03
1.941331662237644196e-03
1.941327587701380253e-03
1.941323978826403618e-03
1.941320719197392464e-03
1.941317110322415829e-03
1.941313850693404675e-03
1.941312220878899097e-03
2.047179732471704483e-03
2.186875557526946068e-03
1.950279576703906059e-03
1.951347920112311840e-03
1.943183131515979767e-03
1.941544236615300179e-03
1.941326307132840157e-03
1.941300695762038231e-03
1.941298483870923519e-03
1.941295806318521500e-03
1.941293827258050442e-03
1.941291731782257557e-03
1.941289869137108326e-03
1.941287890076637268e-03
1.941286027431488037e-03
1.941284164786338806e-03
1.941282651387155056e-03
1.941280905157327652e-03
1.941279391758143902e-03
1.941277994774281979e-03
1.941276364959776402e-03
1.941274735145270824e-03
1.941273454576730728e-03
1.941271941177546978e-03
1.941270427778363228e-03
1.941269030794501305e-03
1.941267866641283035e-03
1.941266586072742939e-03
1.941265421919524670e-03
1.941392663866281509e-03
3.654745873063802719e-03
2.284442773088812828e-03
1.941583235748112202e-03
1.946271047927439213e-03
1.941391499713063240e-03
1.941352384164929390e-03
1.941270427778363228e-03
1.941266935318708420e-03
1.941265771165490150e-03
1.941264490596950054e-03
1.941263093613088131e-03
1.941261813044548035e-03
1.941260648891329765e-03
1.941259484738111496e-03
1.941258204169571400e-03
1.941257040016353130e-03
1.941256108693778515e-03
1.941254711709916592e-03
1.941253780387341976e-03
1.941252849064767361e-03
1.941251684911549091e-03
1.941250520758330822e-03
1.941249589435756207e-03
1.941248425282537937e-03
1.941247726790606976e-03
1.941246562637388706e-03
1.941245631314814091e-03
1.941244816407561302e-03
1.941243652254343033e-03
1.941242953762412071e-03
1.941242022439837456e-03
1.941241207532584667e-03
1.941240276210010052e-03
1.941258437000215054e-03
6.696466822177171707e-03
2.365365857258439064e-03
1.942115719430148602e-03
1.946953707374632359e-03
1.941278926096856594e-03
1.941335271112620831e-03
1.941249938681721687e-03
1.941243652254343033e-03
1.941242371685802937e-03
1.941241440363228321e-03
1.941240509040653706e-03
1.941239461302757263e-03
1.941238529980182648e-03
1.941237831488251686e-03
1.941236783750355244e-03
1.941236085258424282e-03
1.941235153935849667e-03
1.941234106197953224e-03
1.941233640536665916e-03
1.941232825629413128e-03
1.941231894306838512e-03
1.941231079399585724e-03
1.941230380907654762e-03
1.941229798831045628e-03
1.941228867508471012e-03
1.941228052601218224e-03
1.941227237693965435e-03
1.941226772032678127e-03
1.941226189956068993e-03
1.941225142218172550e-03
1.941224676556885242e-03
1.941223861649632454e-03
1.941223046742379665e-03
1.941222697496414185e-03
1.945062773302197456e-03
2.654118929058313370e-03
2.070598537102341652e-03
1.942986622452735901e-03
1.942096627317368984e-03
1.941414200700819492e-03
1.941240974701941013e-03
1.941228634677827358e-03
1.941227470524609089e-03
1.941226306371390820e-03
1.941225375048816204e-03
1.941224676556885242e-03
1.941223861649632454e-03
1.941223046742379665e-03
1.941222348250448704e-03
1.941221533343195915e-03
1.941220834851264954e-03
1.941220019944012165e-03
1.941219321452081203e-03
1.941218739375472069e-03
1.941218157298862934e-03
1.941217342391610146e-03
1.941216643899679184e-03
1.941215828992426395e-03
1.941215246915817261e-03
1.941214664839208126e-03
1.941213966347277164e-03
1.941213384270668030e-03
1.941212802194058895e-03
1.941211987286806107e-03
1.941211638040840626e-03
1.941211055964231491e-03
1.941210473887622356e-03
1.941209775395691395e-03
1.941209309734404087e-03
1.941208611242473125e-03
1.941218855790793896e-03
5.630797240883111954e-03
2.199877053499221802e-03
1.949742669239640236e-03
1.942151575349271297e-03
1.941694994457066059e-03
1.941279158927500248e-03
1.941224676556885242e-03
1.941217808052897453e-03
1.941216061823070049e-03
1.941215130500495434e-03
1.941214315593242645e-03
1.941213500685989857e-03
1.941212802194058895e-03
1.941211870871484280e-03
1.941211055964231491e-03
1.941210357472300529e-03
1.941209775395691395e-03
1.941208960488438606e-03
1.941208261996507645e-03
1.941207679919898510e-03
1.941207097843289375e-03
1.941206282936036587e-03
1.941205700859427452e-03
1.941205118782818317e-03
1.941204420290887356e-03
1.941203838214278221e-03
1.941203256137669086e-03
1.941202906891703606e-03
1.941202091984450817e-03
1.941201509907841682e-03
1.941200927831232548e-03
1.941200345754623413e-03
1.941199880093336105e-03
1.941199298016726971e-03
1.941198715940117836e-03
1.941198133863508701e-03
1.941197551786899567e-03
1.941196969710290432e-03
1.941196620464324951e-03
1.941196038387715816e-03
1.941195223480463028e-03
1.941194874234497547e-03
1.960865687578916550e-03
2.471502404659986496e-03
1.943222363479435444e-03
1.941974158398807049e-03
1.941340393386781216e-03
1.941208611242473125e-03
1.941207447089254856e-03
1.941205584444105625e-03
1.941202674061059952e-03
1.941201975569128990e-03
1.941201160661876202e-03
1.941200229339301586e-03
1.941199647262692451e-03
1.941198832355439663e-03
1.941198250278830528e-03
1.941197551786899567e-03
1.941196736879646778e-03
1.941196154803037643e-03
1.941195572726428509e-03
1.941194874234497547e-03
1.941194292157888412e-03
1.941193710081279278e-03
1.941193128004670143e-03
1.941192545928061008e-03
1.941191847436130047e-03
1.941191381774842739e-03
1.941190683282911777e-03
1.941190334036946297e-03
1.941189751960337162e-03
1.941189169883728027e-03
1.941188587807118893e-03
1.941188005730509758e-03
1.941187423653900623e-03
1.941186841577291489e-03
1.941186259500682354e-03
1.941185910254716873e-03
1.941185328178107738e-03
1.941184978932142258e-03
1.941322465427219868e-03
2.451000967994332314e-03
2.030173782259225845e-03
1.941359252668917179e-03
1.942427828907966614e-03
1.941191032528877258e-03
1.941200927831232548e-03
1.941191381774842739e-03
1.941188587807118893e-03
1.941187656484544277e-03
1.941186841577291489e-03
1.941186143085360527e-03
1.941185561008751392e-03
1.941184978932142258e-03
1.941184164024889469e-03
1.941183814778923988e-03
1.941182999871671200e-03
1.941182417795062065e-03
1.941181719303131104e-03
1.941181137226521969e-03
1.941180555149912834e-03
1.941179973073303699e-03
1.941179390996694565e-03
1.941178808920085430e-03
1.941178110428154469e-03
1.941177644766867161e-03
1.941224676556885242e-03
2.800650428980588913e-03
1.998683204874396324e-03
1.948064425960183144e-03
1.941852853633463383e-03
1.941299415193498135e-03
1.941204420290887356e-03
1.941182068549096584e-03
1.941180322319269180e-03
1.941179623827338219e-03
1.941178808920085430e-03
1.941178110428154469e-03
1.941177295520901680e-03
1.941176713444292545e-03
1.941176131367683411e-03
1.941175200045108795e-03
1.941174850799143314e-03
1.941174035891890526e-03
1.941173453815281391e-03
1.941172755323350430e-03
1.941172173246741295e-03
1.941171591170132160e-03
1.941170776262879372e-03
1.941170077770948410e-03
1.941169495694339275e-03
1.941168913617730141e-03
1.941168215125799179e-03
1.941167633049190044e-03
1.941167050972580910e-03
1.941166236065328121e-03
1.941167050972580910e-03
2.454673172906041145e-03
2.061600331217050552e-03
1.945200143381953239e-03
1.941735739819705486e-03
1.941422931849956512e-03
1.941202441230416298e-03
1.941173919476568699e-03
1.941169728524982929e-03
1.941168564371764660e-03
1.941167400218546391e-03
1.941166585311293602e-03
1.941166119650006294e-03
1.941165071912109852e-03
1.941164373420178890e-03
1.941163558512926102e-03
1.941162860020995140e-03
1.941162045113742352e-03
1.941161346621811390e-03
1.941160531714558601e-03
1.941159716807305813e-03
1.941159018315374851e-03
1.941158203408122063e-03
1.941157504916191101e-03
1.941156690008938313e-03
1.941155991517007351e-03
1.941155176609754562e-03
1.941154245287179947e-03
1.941153430379927158e-03
1.941152731887996197e-03
1.941151800565421581e-03
1.941150985658168793e-03
1.941243303008377552e-03
2.147996565327048302e-03
1.991334836930036545e-03
1.942494534887373447e-03
1.941481139510869980e-03
1.941247144713997841e-03
1.941162976436316967e-03
1.941153081133961678e-03
1.941150985658168793e-03
1.941149705089628696e-03
1.941148657351732254e-03
1.941147726029157639e-03
1.941146561875939369e-03
1.941145630553364754e-03
1.941144699230790138e-03
1.941143418662250042e-03
1.941142370924353600e-03
1.941141439601778984e-03
1.941140275448560715e-03
1.941138994880020618e-03
1.941137830726802349e-03
1.941136666573584080e-03
1.941135735251009464e-03
1.941134221851825714e-03
1.941133057698607445e-03
1.941131893545389175e-03
1.941130380146205425e-03
1.941129099577665329e-03
3.143712878227233887e-03
2.165201818570494652e-03
1.944302115589380264e-03
1.941875787451863289e-03
1.941303606145083904e-03
1.941159367561340332e-03
1.941138063557446003e-03
1.941134920343756676e-03
1.941133290529251099e-03
1.941131544299423695e-03
1.941129681654274464e-03
1.941128284670412540e-03
1.941126538440585136e-03
1.941125025041401386e-03
1.941123395226895809e-03
1.941121648997068405e-03
1.941120135597884655e-03
1.941118622198700905e-03
1.941116643138229847e-03
1.941115129739046097e-03
1.941113383509218693e-03
1.941111520864069462e-03
1.941109658218920231e-03
1.941107679158449173e-03
1.941105583682656288e-03
1.941103721037507057e-03
1.941101741977035999e-03
1.941099530085921288e-03
1.941097201779484749e-03
1.941094873473048210e-03
1.941092428751289845e-03
1.941089984029531479e-03
1.941087306477129459e-03
1.941084861755371094e-03
1.941081951372325420e-03
1.941079040989279747e-03
1.941076247021555901e-03
1.941072987392544746e-03
1.941069727763533592e-03
1.941066351719200611e-03
1.941062859259545803e-03
1.941059017553925514e-03
1.941055292263627052e-03
1.941051217727363110e-03
1.941047026775777340e-03
1.941042486578226089e-03
1.941037713550031185e-03
1.941032707691192627e-03
1.941027818247675896e-03
1.941023627296090126e-03
2.112415153533220291e-03
1.941563561558723450e-03
1.943018287420272827e-03
1.941729336977005005e-03
1.941098016686737537e-03
1.941009424626827240e-03
1.940991496667265892e-03
1.940982765518128872e-03
1.940974965691566467e-03
1.940966700203716755e-03
1.940958201885223389e-03
1.940949237905442715e-03
1.940939691849052906e-03
1.940929330885410309e-03
1.940918853506445885e-03
1.940907677635550499e-03
1.940895454026758671e-03
1.940882997587323189e-03
1.940869842655956745e-03
1.940855756402015686e-03
1.940840855240821838e-03
1.940825255587697029e-03
1.940822927281260490e-03
2.276748418807983398e-03
1.960920169949531555e-03
1.941993716172873974e-03
1.940813381224870682e-03
1.940736314281821251e-03
1.940718735568225384e-03
1.940689282491803169e-03
1.940666930750012398e-03
1.940643647685647011e-03
1.940619200468063354e-03
1.940594287589192390e-03
1.940568094141781330e-03
1.940541202202439308e-03
1.940513378940522671e-03
1.940484973601996899e-03
1.940455753356218338e-03
1.940426067449152470e-03
1.940395683050155640e-03
1.940364367328584194e-03
1.940333168022334576e-03
1.940314192324876785e-03
2.346412278711795807e-03
1.961715286597609520e-03
1.940984278917312622e-03
1.940202666446566582e-03
1.940171234309673309e-03
1.940138055942952633e-03
1.940107671543955803e-03
1.940076821483671665e-03
1.940046204254031181e-03
1.940016518346965313e-03
1.939986716024577618e-03
1.939957612194120884e-03
1.939928391948342323e-03
1.939899753779172897e-03
1.939871348440647125e-03
1.939843175932765007e-03
1.939815236255526543e-03
1.939787296578288078e-03
1.939759589731693268e-03
1.939731882885098457e-03
1.939704408869147301e-03
1.939677051268517971e-03
1.942721544764935970e-03
2.016731305047869682e-03
1.943245646543800831e-03
1.940476591698825359e-03
1.939694397151470184e-03
1.939548877999186516e-03
1.939507666975259781e-03
1.939480542205274105e-03
1.939453301019966602e-03
1.939425943419337273e-03
1.939398352988064289e-03
1.939370878972113132e-03
1.939343172125518322e-03
1.939314999617636204e-03
1.939286710694432259e-03
1.939258188940584660e-03
1.939229201525449753e-03
1.939199748449027538e-03
1.939170062541961670e-03
1.939140027388930321e-03
1.939108944498002529e-03
1.939080539159476757e-03
2.190793631598353386e-03
1.940667047165334225e-03
1.939591369591653347e-03
1.939221168868243694e-03
1.939006033353507519e-03
1.938923844136297703e-03
1.938891713507473469e-03
1.938856439664959908e-03
1.938818139024078846e-03
1.938774832524359226e-03
1.938724075444042683e-03
1.938664237968623638e-03
1.938592875376343727e-03
1.938503584824502468e-03
1.938384026288986206e-03
1.938214991241693497e-03
1.937982277013361454e-03
1.943619921803474426e-03
1.953037804923951626e-03
1.937461784109473228e-03
1.937323715537786484e-03
1.936892978847026825e-03
1.936550834216177464e-03
1.936223008669912815e-03
1.935887499712407589e-03
1.935546635650098324e-03
1.935213571414351463e-03
1.954484730958938599e-03
1.939528854563832283e-03
1.934429863467812538e-03
1.934126368723809719e-03
1.933758496306836605e-03
1.933386549353599548e-03
1.932969084009528160e-03
1.938883680850267410e-03
1.955246552824974060e-03
1.933171181008219719e-03
1.930830883793532848e-03
1.929890015162527561e-03
1.928586512804031372e-03
1.927043078467249870e-03
1.967948162928223610e-03
1.925921067595481873e-03
1.922366442158818245e-03
1.919834525324404240e-03
1.917761750519275665e-03
1.915635308250784874e-03
1.927211298607289791e-03
1.913285930640995502e-03
1.910974504426121712e-03
1.909047248773276806e-03
1.908803475089371204e-03
1.916311215609312057e-03
1.907118014059960842e-03
1.904772478155791759e-03
1.903738011606037617e-03
1.961778150871396065e-03
1.907104044221341610e-03
1.902165589854121208e-03
1.900949282571673393e-03
1.900242525152862072e-03
1.900220056995749474e-03
1.919502741657197475e-03
1.902693882584571838e-03
1.898694317787885666e-03
1.897990121506154537e-03
1.897466252557933331e-03
1.897009788081049919e-03
1.896632718853652477e-03
1.899750437587499619e-03
1.901229843497276306e-03
1.895840046927332878e-03
1.895085442811250687e-03
1.894658780656754971e-03
1.894183107651770115e-03
1.893690438009798527e-03
1.899453345686197281e-03
1.921520568430423737e-03
1.895558903925120831e-03
1.892139436677098274e-03
1.891321153379976749e-03
1.890557585284113884e-03
1.889717415906488895e-03
1.889245002530515194e-03
1.893856329843401909e-03
1.888497150503098965e-03
1.885811798274517059e-03
1.884176977910101414e-03
1.882261596620082855e-03
1.880641095340251923e-03
1.911644940264523029e-03
1.879350980743765831e-03
1.875562244094908237e-03
1.873597153462469578e-03
1.871702959761023521e-03
1.869912142865359783e-03
1.910252962261438370e-03
1.869778381660580635e-03
1.866577891632914543e-03
1.865296158939599991e-03
1.864166930317878723e-03
1.863148994743824005e-03
1.862200442701578140e-03
1.863933866843581200e-03
1.871461863629519939e-03
1.863705343566834927e-03
1.860694610513746738e-03
1.859698095358908176e-03
1.859099953435361385e-03
1.858534174971282482e-03
1.857980852946639061e-03
1.857431605458259583e-03
1.856880728155374527e-03
1.856502261944115162e-03
1.910001505166292191e-03
1.857811352238059044e-03
1.855642651207745075e-03
1.855107257142663002e-03
1.854557776823639870e-03
1.854050788097083569e-03
1.853535766713321209e-03
1.853006891906261444e-03
1.852461951784789562e-03
1.851899665780365467e-03
1.854975824244320393e-03
1.873595989309251308e-03
1.853681285865604877e-03
1.850836910307407379e-03
1.849909196607768536e-03
1.849337364546954632e-03
1.848794752731919289e-03
1.848238869570195675e-03
1.847668550908565521e-03
1.847082050517201424e-03
1.846477272920310497e-03
1.845911727286875248e-03
1.846932922489941120e-03
1.846632687374949455e-03
1.844878308475017548e-03
1.844260725192725658e-03
1.843639533035457134e-03
1.843022881075739861e-03
1.842391211539506912e-03
1.841733930632472038e-03
1.841045334003865719e-03
1.840322394855320454e-03
1.860336633399128914e-03
1.851928071118891239e-03
1.840738230384886265e-03
1.838518888689577579e-03
1.837593037635087967e-03
1.836831215769052505e-03
1.836033770814538002e-03
1.835190108977258205e-03
1.834295457229018211e-03
1.896632486023008823e-03
1.838934258557856083e-03
1.834717928431928158e-03
1.832108478993177414e-03
1.830832217819988728e-03
1.829851651564240456e-03
1.828796346671879292e-03
1.827638247050344944e-03
1.942372415214776993e-03
1.849550171755254269e-03
1.825782121159136295e-03
1.824715174734592438e-03
1.823052880354225636e-03
1.821478363126516342e-03
1.819668104872107506e-03
1.997147221118211746e-03
1.854500966146588326e-03
1.821736805140972137e-03
1.816765521652996540e-03
1.814475632272660732e-03
1.812523812986910343e-03
1.810432411730289459e-03
1.808192231692373753e-03
1.805818290449678898e-03
1.814535469748079777e-03
1.816470641642808914e-03
1.805574400350451469e-03
1.801313948817551136e-03
1.799359801225364208e-03
1.797370845451951027e-03
1.795489457435905933e-03
1.793669071048498154e-03
1.791921909898519516e-03
1.790252979844808578e-03
1.788699650205671787e-03
1.805860898457467556e-03
1.793823204934597015e-03
1.787392422556877136e-03
1.785974833182990551e-03
1.784667489118874073e-03
1.783488085493445396e-03
1.782362349331378937e-03
1.781268860213458538e-03
1.780201680958271027e-03
1.779155107215046883e-03
1.778124016709625721e-03
1.837668940424919128e-03
1.795635558664798737e-03
1.778975594788789749e-03
1.776478136889636517e-03
1.775392098352313042e-03
1.774462987668812275e-03
1.773586962372064590e-03
1.772714778780937195e-03
1.771839102730154991e-03
1.770955044776201248e-03
1.770058064721524715e-03
1.769143389537930489e-03
1.769076450727880001e-03
1.814675051718950272e-03
1.771795563399791718e-03
1.767506008036434650e-03
1.766284112818539143e-03
1.765328226611018181e-03
1.764388638548552990e-03
1.763420063070952892e-03
1.762413536198437214e-03
1.761364866979420185e-03
1.760271843522787094e-03
1.759137259796261787e-03
1.870198408141732216e-03
1.767904963344335556e-03
1.757575897499918938e-03
1.756318262778222561e-03
1.755132107064127922e-03
1.754080178216099739e-03
1.753053627908229828e-03
1.752053038217127323e-03
1.751087373122572899e-03
1.750164316035807133e-03
1.943682436831295490e-03
1.759985112585127354e-03
1.750351279042661190e-03
1.748395501635968685e-03
1.747488742694258690e-03
1.746881054714322090e-03
1.746315741911530495e-03
1.745784538798034191e-03
1.745284185744822025e-03
1.744810491800308228e-03
1.744359382428228855e-03
1.749010640196502209e-03
1.757887657731771469e-03
1.745561719872057438e-03
1.743525266647338867e-03
1.743188593536615372e-03
1.742784050293266773e-03
1.742436899803578854e-03
1.742093940265476704e-03
1.741750515066087246e-03
1.741403713822364807e-03
1.741050160489976406e-03
1.740690320730209351e-03
1.757822348736226559e-03
1.745866378769278526e-03
1.740359817631542683e-03
1.739967265166342258e-03
1.739450381137430668e-03
1.738989376462996006e-03
1.738517312332987785e-03
1.737997401505708694e-03
1.737422659061849117e-03
1.747286180034279823e-03
1.745976624079048634e-03
1.736543956212699413e-03
1.735792495310306549e-03
1.734863268211483955e-03
1.733944285660982132e-03
1.732917735353112221e-03
1.811135443858802319e-03
1.738095073960721493e-03
1.730960793793201447e-03
1.729579525999724865e-03
1.728218747302889824e-03
1.726900809444487095e-03
1.729659852571785450e-03
1.728820032440125942e-03
1.724532688967883587e-03
1.722594373859465122e-03
1.721177250146865845e-03
1.777531811967492104e-03
1.727776485495269299e-03
1.719660940580070019e-03
1.717825653031468391e-03
1.716704573482275009e-03
1.715779886581003666e-03
1.714953221380710602e-03
1.798879005946218967e-03
1.716560567729175091e-03
1.714587793685495853e-03
1.713463570922613144e-03
1.712876139208674431e-03
1.712392433546483517e-03
1.712014200165867805e-03
1.712886150926351547e-03
1.711748423986136913e-03
1.712069613859057426e-03
1.711181597784161568e-03
1.710758311673998833e-03
1.710493816062808037e-03
1.710252487100660801e-03
1.710029318928718567e-03
1.709819538518786430e-03
1.709621748887002468e-03
1.709434902295470238e-03
1.754009630531072617e-03
1.715598977170884609e-03
1.711439806967973709e-03
1.709286822006106377e-03
1.708939671516418457e-03
1.708761556074023247e-03
1.708608353510499001e-03
1.708464813418686390e-03
1.708327094092965126e-03
1.708193565718829632e-03
1.708064577542245388e-03
1.841317862272262573e-03
1.720126834698021412e-03
1.709504285827279091e-03
1.708068419247865677e-03
1.707761548459529877e-03
1.707610092125833035e-03
1.707495423033833504e-03
1.707384828478097916e-03
1.707276911474764347e-03
1.707170973531901836e-03
1.707067014649510384e-03
1.706968410871922970e-03
1.818049815483391285e-03
1.723820110782980919e-03
1.707506948150694370e-03
1.706884126178920269e-03
1.706728129647672176e-03
1.706613460555672646e-03
1.706517883576452732e-03
1.706423354335129261e-03
1.706330222077667713e-03
1.706238486804068089e-03
1.706147682853043079e-03
1.706058857962489128e-03
1.834976370446383953e-03
1.720775384455919266e-03
1.707131159491837025e-03
1.705989358015358448e-03
1.705862348899245262e-03
1.705758273601531982e-03
1.705672824755311012e-03
1.705589587800204754e-03
1.705507282167673111e-03
1.705426024273037910e-03
1.705345464870333672e-03
1.706460490822792053e-03
1.717627630569040775e-03
1.710967044346034527e-03
1.705506816506385803e-03
1.705351169221103191e-03
1.705153612419962883e-03
1.705067232251167297e-03
1.704989233985543251e-03
1.704913098365068436e-03
1.704838476143777370e-03
1.704764901660382748e-03
1.704692025668919086e-03
1.704620546661317348e-03
1.704568858258426189e-03
1.732280710712075233e-03
1.706495299004018307e-03
1.705239876173436642e-03
1.704595168121159077e-03
1.704439171589910984e-03
1.704366062767803669e-03
1.704299123957753181e-03
1.704233116470277309e-03
1.704168622381985188e-03
1.704104943200945854e-03
1.704050344415009022e-03
1.808298402465879917e-03
1.704890397377312183e-03
1.704008085653185844e-03
1.704055350273847580e-03
1.703876419924199581e-03
1.703810412436723709e-03
1.703748712316155434e-03
1.703688758425414562e-03
1.703629968687891960e-03
1.704623922705650330e-03
1.718639512546360493e-03
1.704497262835502625e-03
1.703744521364569664e-03
1.703512389212846756e-03
1.703421701677143574e-03
1.703362562693655491e-03
1.703312271274626255e-03
1.720450120046734810e-03
1.724901143461465836e-03
1.704072696156799793e-03
1.703477813862264156e-03
1.703161164186894894e-03
1.703106099739670753e-03
1.703050220385193825e-03
1.702999696135520935e-03
1.702952547930181026e-03
1.726096495985984802e-03
1.705536385998129845e-03
1.703171059489250183e-03
1.702963956631720066e-03
1.702840789221227169e-03
1.702778623439371586e-03
1.702731242403388023e-03
1.702689682133495808e-03
1.729691284708678722e-03
1.713614212349057198e-03
1.702866284176707268e-03
1.702739275060594082e-03
1.702567213214933872e-03
1.702516456134617329e-03
1.702470006421208382e-03
1.702426816336810589e-03
1.702386769466102123e-03
1.723233028315007687e-03
1.708101364783942699e-03
1.703457557596266270e-03
1.702553126960992813e-03
1.702331937849521637e-03
1.702272566035389900e-03
1.702229841612279415e-03
1.702191075310111046e-03
1.704555703327059746e-03
1.713404781185090542e-03
1.704576076008379459e-03
1.702308189123868942e-03
1.702081295661628246e-03
1.702019595541059971e-03
1.701977918855845928e-03
1.701948116533458233e-03
1.712583471089601517e-03
1.710190903395414352e-03
1.703313784673810005e-03
1.701962202787399292e-03
1.701864530332386494e-03
1.701811561360955238e-03
1.701776869595050812e-03
1.701743691228330135e-03
1.701712026260793209e-03
1.706263632513582706e-03
1.725862850435078144e-03
1.703800517134368420e-03
1.825990388169884682e-03
1.728284638375043869e-03
1.703050918877124786e-03
1.702011446468532085e-03
1.701858825981616974e-03
1.701771514490246773e-03
1.701727858744561672e-03
1.701687928289175034e-03
1.701651373878121376e-03
1.701617031358182430e-03
1.701584784314036369e-03
1.701554050669074059e-03
1.701524714007973671e-03
1.701496425084769726e-03
1.701468951068818569e-03
1.701442291960120201e-03
1.701416564173996449e-03
1.701391185633838177e-03
1.701366389170289040e-03
1.701341941952705383e-03
1.701317960396409035e-03
1.701294328086078167e-03
1.701271045021712780e-03
1.701247761957347393e-03
1.701225060969591141e-03
1.701202359981834888e-03
1.701180008240044117e-03
1.701157772913575172e-03
1.713716890662908554e-03
1.702223205938935280e-03
1.701327855698764324e-03
1.701192464679479599e-03
1.701089437119662762e-03
1.701065455563366413e-03
1.701041706837713718e-03
1.701019005849957466e-03
1.700998283922672272e-03
1.705258153378963470e-03
1.704274327494204044e-03
1.701602479442954063e-03
1.700974185951054096e-03
1.700973836705088615e-03
1.700915512628853321e-03
1.700891298241913319e-03
1.700868946500122547e-03
1.700847409665584564e-03
1.700872904621064663e-03
1.786440960131585598e-03
1.708003343082964420e-03
1.700863591395318508e-03
1.700873137451708317e-03
1.700786757282912731e-03
1.700762542895972729e-03
1.700739259831607342e-03
1.700717839412391186e-03
1.700697233900427818e-03
1.700677094049751759e-03
1.700680470094084740e-03
1.792560098692774773e-03
1.713449601083993912e-03
1.703066169284284115e-03
1.700890250504016876e-03
1.700702589005231857e-03
1.700647291727364063e-03
1.700622844509780407e-03
1.700600725598633289e-03
1.700580120086669922e-03
1.700560096651315689e-03
1.700540655292570591e-03
1.700521796010434628e-03
1.700519002042710781e-03
1.733742072246968746e-03
1.705736154690384865e-03
1.700968132354319096e-03
1.700550084933638573e-03
1.700441353023052216e-03
1.700421096757054329e-03
1.700401422567665577e-03
1.700383727438747883e-03
1.700366963632404804e-03
1.701344270259141922e-03
1.732407719828188419e-03
1.700840541161596775e-03
1.700846012681722641e-03
1.700356835499405861e-03
1.700312364846467972e-03
1.700289547443389893e-03
1.700270804576575756e-03
1.700253691524267197e-03
1.700236811302602291e-03
1.700220396742224693e-03
1.701011206023395061e-03
1.734506222419440746e-03
1.714283484034240246e-03
1.701095956377685070e-03
1.700426219031214714e-03
1.700247870758175850e-03
1.700205961242318153e-03
1.700184540823101997e-03
1.700165914371609688e-03
1.700148335658013821e-03
1.700131571851670742e-03
1.700115506537258625e-03
1.700099674053490162e-03
1.700084307231009007e-03
1.700069056823849678e-03
1.700054155662655830e-03
1.700039487332105637e-03
1.701124128885567188e-03
1.818860531784594059e-03
1.942958799190819263e-03
1.794567098841071129e-03
1.716168946586549282e-03
1.702703419141471386e-03
1.701340195722877979e-03
1.701031811535358429e-03
1.700870459899306297e-03
1.700757886283099651e-03
1.700668246485292912e-03
1.700592925772070885e-03
1.700527966022491455e-03
1.700471038930118084e-03
1.700421096757054329e-03
1.700376509688794613e-03
1.700336579233407974e-03
1.700300956144928932e-03
1.700268476270139217e-03
1.700239139609038830e-03
1.700212247669696808e-03
1.700187684036791325e-03
1.700164750218391418e-03
1.700143795460462570e-03
1.700123772025108337e-03
1.700105261988937855e-03
1.700087683275341988e-03
1.700070919468998909e-03
1.700055319815874100e-03
1.700040185824036598e-03
1.700025866739451885e-03
1.700011780485510826e-03
1.699998392723500729e-03
1.699985470622777939e-03
1.699972897768020630e-03
1.699960441328585148e-03
1.699948450550436974e-03
1.699936576187610626e-03
1.699925167486071587e-03
1.699913758784532547e-03
1.699902466498315334e-03
1.699891639873385429e-03
1.699880696833133698e-03
1.699869870208203793e-03
1.699859159998595715e-03
1.699848682619631290e-03
1.699838205240666866e-03
1.699827727861702442e-03
1.699817250482738018e-03
1.699806773103773594e-03
1.699796644970774651e-03
1.699786167591810226e-03
1.699775806628167629e-03
1.699765562079846859e-03
1.699755433946847916e-03
1.699744956567883492e-03
1.699734828434884548e-03
1.699724583886563778e-03
1.699714222922921181e-03
1.699703978374600410e-03
1.699693617410957813e-03
1.699683372862637043e-03
1.699673011898994446e-03
1.699662534520030022e-03
1.699652057141065598e-03
1.699641812592744827e-03
1.699631218798458576e-03
1.699620741419494152e-03
1.699610264040529728e-03
1.699599553830921650e-03
1.699605374597012997e-03
1.719291205517947674e-03
1.699644373729825020e-03
1.700325403362512589e-03
1.699615037068724632e-03
1.699569635093212128e-03
1.699556712992489338e-03
1.699544489383697510e-03
1.699532265774905682e-03
1.699520857073366642e-03
1.699509215541183949e-03
1.699497923254966736e-03
1.699486514553427696e-03
1.699475455097854137e-03
1.699464162811636925e-03
1.699452986940741539e-03
1.699441811069846153e-03
1.699432730674743652e-03
1.785303116776049137e-03
1.699830172583460808e-03
1.701287575997412205e-03
1.699512475170195103e-03
1.699448912404477596e-03
1.699403859674930573e-03
1.699388027191162109e-03
1.699375105090439320e-03
1.699362765066325665e-03
1.699350657872855663e-03
1.699339249171316624e-03
1.699327607639133930e-03
1.699316315352916718e-03
1.699304906651377678e-03
1.699293847195804119e-03
1.699282554909586906e-03
1.699271728284657001e-03
1.702733221463859081e-03
1.724033732898533344e-03
1.701843459159135818e-03
1.699551590718328953e-03
1.699269050732254982e-03
1.699255546554923058e-03
1.699236803688108921e-03
1.699223648756742477e-03
1.699211425147950649e-03
1.699199434369802475e-03
1.699187792837619781e-03
1.699176384136080742e-03
1.699165324680507183e-03
1.699153799563646317e-03
1.699283136986196041e-03
1.729500130750238895e-03
1.701389439404010773e-03
1.699594315141439438e-03
1.699224463663995266e-03
1.699170679785311222e-03
1.699147047474980354e-03
1.699131680652499199e-03
1.699118409305810928e-03
1.699105836451053619e-03
1.699093612842261791e-03
1.699081971310079098e-03
1.699334825389087200e-03
1.744921784847974777e-03
1.702775130979716778e-03
1.699098153039813042e-03
1.699053100310266018e-03
1.699041109532117844e-03
1.699027256108820438e-03
1.699013635516166687e-03
1.699001877568662167e-03
1.698990818113088608e-03
1.698979525826871395e-03
1.698968815617263317e-03
1.698957988992333412e-03
1.698947278782725334e-03
1.698936452157795429e-03
1.698929117992520332e-03
1.806061714887619019e-03
1.701460569165647030e-03
1.699749496765434742e-03
1.699114916846156120e-03
1.698929117992520332e-03
1.698906649835407734e-03
1.698893494904041290e-03
1.698880922049283981e-03
1.698869280517101288e-03
1.698857988230884075e-03
1.698846812359988689e-03
1.698835869319736958e-03
1.698825275525450706e-03
1.698814681731164455e-03
1.699098385870456696e-03
1.722645480185747147e-03
1.702459645457565784e-03
1.699104439467191696e-03
1.698837033472955227e-03
1.698791049420833588e-03
1.698777312412858009e-03
1.698764390312135220e-03
1.698753098025918007e-03
1.698889303952455521e-03
1.701882691122591496e-03
1.703802263364195824e-03
1.698996289633214474e-03
1.698795706033706665e-03
1.698724692687392235e-03
1.698707113973796368e-03
1.698694191873073578e-03
1.698682783171534538e-03
1.698671723715960979e-03
1.698661013506352901e-03
1.698650652542710304e-03
1.698642736300826073e-03
1.779709942638874054e-03
1.712661120109260082e-03
1.700415741652250290e-03
1.698919688351452351e-03
1.698670326732099056e-03
1.698649139143526554e-03
1.698630861937999725e-03
1.698617707006633282e-03
1.698605716228485107e-03
1.698594191111624241e-03
1.698583131656050682e-03
1.698572072200477123e-03
1.698561478406190872e-03
1.698550768196582794e-03
1.699012354947626591e-03
1.704705995507538319e-03
1.699360669590532780e-03
1.698693027719855309e-03
1.698564155958592892e-03
1.698535867035388947e-03
1.698513515293598175e-03
1.698501524515450001e-03
1.698490115813910961e-03
1.698479056358337402e-03
1.698467996902763844e-03
1.698457286693155766e-03
1.698446576483547688e-03
1.698435982689261436e-03
1.698443549685180187e-03
1.747423899360001087e-03
1.706705661490559578e-03
1.698947511613368988e-03
1.698549953289330006e-03
1.698435982689261436e-03
1.698419568128883839e-03
1.699896063655614853e-03
1.707008923403918743e-03
1.698398729786276817e-03
1.698490814305841923e-03
1.698375330306589603e-03
1.698354142718017101e-03
1.698341686278581619e-03
1.698816660791635513e-03
1.707137213088572025e-03
1.698479405604302883e-03
1.698451000265777111e-03
1.698323758319020271e-03
1.698299311101436615e-03
1.698287203907966614e-03
1.698275329545140266e-03
1.698271138593554497e-03
1.729128998704254627e-03
1.706272130832076073e-03
1.699295011349022388e-03
1.698369742371141911e-03
1.698241569101810455e-03
1.698226551525294781e-03
1.698213163763284683e-03
1.698201289400458336e-03
1.698189880698919296e-03
1.698224572464823723e-03
1.734564546495676041e-03
1.698983367532491684e-03
1.698652748018503189e-03
1.698254025541245937e-03
1.698172767646610737e-03
1.698145992122590542e-03
1.698133070021867752e-03
1.698120846413075924e-03
1.698108972050249577e-03
1.698097330518066883e-03
1.698086271062493324e-03
1.704852445982396603e-03
1.716734608635306358e-03
1.699072425253689289e-03
1.698106760159134865e-03
1.698094187304377556e-03
1.698095235042273998e-03
1.698506879620254040e-03
1.698108855634927750e-03
1.698037842288613319e-03
1.698025851510465145e-03
1.698006060905754566e-03
1.698121428489685059e-03
1.714256242848932743e-03
1.699373824521899223e-03
1.698354142718017101e-03
1.697976607829332352e-03
1.697973231784999371e-03
1.697936560958623886e-03
1.697943313047289848e-03
1.774972886778414249e-03
1.714057289063930511e-03
1.932214363478124142e-03
1.725030131638050079e-03
1.706862240098416805e-03
1.699434476904571056e-03
1.698531676083803177e-03
1.698362873867154121e-03
1.698276610113680363e-03
1.698212232440710068e-03
1.698162057437002659e-03
1.698122010566294193e-03
1.698088599368929863e-03
1.698060776107013226e-03
1.698037143796682358e-03
1.698015956208109856e-03
1.697997679002583027e-03
1.697981264442205429e-03
1.697966014035046101e-03
1.697952044196426868e-03
1.697938889265060425e-03
1.697926898486912251e-03
1.697915024124085903e-03
1.697903731837868690e-03
1.697892905212938786e-03
1.697882427833974361e-03
1.697872066870331764e-03
1.697861589491367340e-03
1.697851694189012051e-03
1.697841566056013107e-03
1.697831670753657818e-03
1.697822008281946182e-03
1.697811996564269066e-03
1.697801984846591949e-03
1.697792205959558487e-03
1.697782427072525024e-03
1.697772531770169735e-03
1.697762636467814445e-03
1.697752391919493675e-03
1.697742380201816559e-03
1.697732135653495789e-03
1.697722240351140499e-03
1.697711879387497902e-03
1.697701634839177132e-03
1.697691273875534534e-03
1.697680563665926456e-03
1.697669969871640205e-03
1.697659608907997608e-03
1.697648782283067703e-03
1.697638072073459625e-03
1.697627012617886066e-03
1.697616185992956161e-03
1.697605126537382603e-03
1.697593601420521736e-03
1.697582541964948177e-03
1.697571133263409138e-03
1.697559724561870098e-03
1.697549014352262020e-03
1.715286052785813808e-03
1.706488546915352345e-03
1.698090345598757267e-03
1.697539235465228558e-03
1.697520841844379902e-03
1.697507221251726151e-03
1.697493484243750572e-03
1.697480329312384129e-03
1.697467407211661339e-03
1.697454601526260376e-03
1.697441795840859413e-03
1.697428990155458450e-03
1.697416300885379314e-03
1.697403262369334698e-03
1.697390107437968254e-03
1.697379047982394695e-03
1.786531764082610607e-03
1.701416331343352795e-03
1.698007108643651009e-03
1.697545172646641731e-03
1.697375089861452579e-03
1.697340514510869980e-03
1.697324332781136036e-03
1.697309431619942188e-03
1.697294996120035648e-03
1.697280793450772762e-03
1.697266940027475357e-03
1.697252970188856125e-03
1.699344022199511528e-03
1.699353335425257683e-03
1.697574974969029427e-03
1.699260319583117962e-03
1.703775138594210148e-03
1.697740517556667328e-03
1.697275671176612377e-03
1.697188010439276695e-03
1.697163330391049385e-03
1.697174389846622944e-03
1.756314653903245926e-03
1.703292015008628368e-03
1.697572064585983753e-03
1.697153085842728615e-03
1.697112456895411015e-03
1.697084517218172550e-03
1.697069499641656876e-03
1.697054598480463028e-03
1.697044004686176777e-03
1.704446389339864254e-03
1.706006005406379700e-03
1.697049243375658989e-03
1.697101513855159283e-03
1.697001978754997253e-03
1.696988474577665329e-03
1.696977182291448116e-03
1.701621338725090027e-03
1.697230851277709007e-03
1.697250758297741413e-03
1.697035972028970718e-03
1.696927007287740707e-03
1.696902094408869743e-03
1.696886261925101280e-03
1.696870429441332817e-03
1.696985913440585136e-03
1.723198220133781433e-03
1.700540888123214245e-03
1.697326661087572575e-03
1.696863910183310509e-03
1.696841791272163391e-03
1.696815481409430504e-03
1.696797902695834637e-03
1.696781837381422520e-03
1.696791965514421463e-03
1.754525350406765938e-03
1.702445209957659245e-03
1.697166357189416885e-03
1.696777879260480404e-03
1.696722581982612610e-03
1.696695690043270588e-03
1.696679275482892990e-03
1.696663442999124527e-03
1.696647959761321545e-03
1.696771010756492615e-03
1.699331449344754219e-03
1.698786509223282337e-03
1.696782303042709827e-03
1.696693710982799530e-03
1.696617691777646542e-03
1.696596271358430386e-03
1.696578925475478172e-03
1.696563442237675190e-03
1.698687672615051270e-03
1.697720726951956749e-03
1.696775434538722038e-03
1.696571358479559422e-03
1.696523977443575859e-03
1.696482417173683643e-03
1.696464722044765949e-03
1.696447958238422871e-03
1.696431660093367100e-03
1.696574734523892403e-03
1.703834510408341885e-03
1.699836342595517635e-03
1.696754829026758671e-03
1.696420018561184406e-03
1.696367980912327766e-03
1.696344697847962379e-03
1.696326420642435551e-03
1.696309074759483337e-03
1.696293242275714874e-03
1.699604792520403862e-03
1.720660366117954254e-03
1.697004074230790138e-03
1.696563092991709709e-03
1.696309191174805164e-03
1.696263090707361698e-03
1.696235849522054195e-03
1.696215593256056309e-03
1.696197083219885826e-03
1.696179155260324478e-03
1.696161227300763130e-03
1.696143648587167263e-03
1.696125720627605915e-03
1.696826308034360409e-03
1.700018066912889481e-03
1.696503255516290665e-03
1.696184510365128517e-03
1.696077524684369564e-03
1.696059131063520908e-03
1.696034218184649944e-03
1.696015126071870327e-03
1.695996383205056190e-03
1.695977407507598400e-03
1.695959479548037052e-03
1.698724343441426754e-03
1.705685397610068321e-03
1.696817926131188869e-03
1.696072169579565525e-03
1.695919199846684933e-03
1.695893588475883007e-03
1.695868209935724735e-03
1.695846905931830406e-03
1.695826300419867039e-03
1.695806509815156460e-03
1.698148669674992561e-03
1.696738763712346554e-03
1.696221879683434963e-03
1.695854007266461849e-03
1.695738174021244049e-03
1.695713377557694912e-03
1.695688231848180294e-03
1.695665647275745869e-03
1.695643411949276924e-03
1.695632352493703365e-03
1.751170144416391850e-03
1.698335167020559311e-03
1.696052495390176773e-03
1.695622224360704422e-03
1.695564249530434608e-03
1.695533865131437778e-03
1.695552840828895569e-03
1.721441978588700294e-03
1.697945175692439079e-03
1.695460523478686810e-03
1.695429557003080845e-03
1.695401733741164207e-03
1.695373095571994781e-03
1.696231425739824772e-03
1.711950288154184818e-03
1.695547020062804222e-03
1.695558079518377781e-03
1.695279264822602272e-03
1.695242477580904961e-03
1.695214654318988323e-03
1.695185783319175243e-03
1.695207902230322361e-03
1.784888212569057941e-03
1.793159404769539833e-03
1.706095063127577305e-03
1.697893487289547920e-03
1.695957151241600513e-03
1.695405109785497189e-03
1.695277751423418522e-03
1.695212558843195438e-03
1.695167156867682934e-03
1.695129321888089180e-03
1.695096376352012157e-03
1.695066224783658981e-03
1.695038168691098690e-03
1.695011509582400322e-03
1.694985316134989262e-03
1.694959821179509163e-03
1.694934442639350891e-03
1.694909064099192619e-03
1.694883685559034348e-03
1.694857957772910595e-03
1.694831764325499535e-03
1.694805454462766647e-03
1.694778562523424625e-03
1.694751321338117123e-03
1.694723498076200485e-03
1.694695209152996540e-03
1.694666221737861633e-03
1.694636652246117592e-03
1.694606500677764416e-03
1.694575883448123932e-03
1.694544218480587006e-03
1.694512087851762772e-03
1.694478909485042095e-03
1.694445381872355938e-03
1.694410806521773338e-03
1.694375416263937950e-03
1.694339094683527946e-03
1.694302191026508808e-03
1.694267964921891689e-03
1.728510600514709949e-03
1.698484760709106922e-03
1.694662380032241344e-03
1.694214763119816780e-03
1.694110804237425327e-03
1.694061444140970707e-03
1.694017322733998299e-03
1.693972968496382236e-03
1.693927682936191559e-03
1.693881349638104439e-03
1.693834317848086357e-03
1.693786238320171833e-03
1.693736412562429905e-03
1.693757018074393272e-03
1.712954719550907612e-03
1.694626989774405956e-03
1.693997532129287720e-03
1.693615340627729893e-03
1.693494152277708054e-03
1.693432917818427086e-03
1.693377969786524773e-03
1.693322323262691498e-03
1.693265512585639954e-03
1.693208236247301102e-03
1.693399040959775448e-03
1.730975345708429813e-03
1.695091952569782734e-03
1.693294500000774860e-03
1.692971331067383289e-03
1.692913589067757130e-03
1.692843623459339142e-03
1.692778896540403366e-03
1.692714635282754898e-03
1.692752004601061344e-03
1.693142810836434364e-03
1.696630381047725677e-03
1.692545600235462189e-03
1.692475052550435066e-03
1.692380872555077076e-03
1.692311023361980915e-03
1.692243502475321293e-03
1.692187972366809845e-03
1.694017904810607433e-03
1.700355438515543938e-03
1.702366396784782410e-03
1.692952471785247326e-03
1.692139194346964359e-03
1.691898331046104431e-03
1.691825804300606251e-03
1.691753393970429897e-03
1.691827317699790001e-03
1.694552600383758545e-03
1.691836514510214329e-03
1.691583544015884399e-03
1.691439538262784481e-03
1.691348617896437645e-03
1.691276906058192253e-03
1.691205776296555996e-03
1.704450231045484543e-03
1.693400205112993717e-03
1.692370977252721786e-03
1.691012876108288765e-03
1.690913341008126736e-03
1.690839184448122978e-03
1.690767239779233932e-03
1.690694247372448444e-03
1.690620789304375648e-03
1.690546749159693718e-03
1.690495060756802559e-03
1.716027734801173210e-03
1.694541540928184986e-03
1.690630335360765457e-03
1.690311590209603310e-03
1.690200995653867722e-03
1.690123928710818291e-03
1.690049306489527225e-03
1.689974684268236160e-03
1.689899363555014133e-03
1.690578064881265163e-03
1.693056663498282433e-03
1.689880737103521824e-03
1.689760130830109119e-03
1.689606811851263046e-03
1.689521130174398422e-03
1.689443131908774376e-03
1.689370255917310715e-03
1.691593090072274208e-03
1.865276251919567585e-03
1.710730837658047676e-03
1.693051075562834740e-03
1.690099481493234634e-03
1.689464203082025051e-03
1.689325901679694653e-03
1.689240220002830029e-03
1.689168857410550117e-03
1.689103315584361553e-03
1.689040916971862316e-03
1.688980613835155964e-03
1.688921125605702400e-03
1.688862219452857971e-03
1.688803429715335369e-03
1.688744523562490940e-03
1.688685151748359203e-03
1.688624965026974678e-03
1.688564312644302845e-03
1.688502496108412743e-03
1.688439864665269852e-03
1.688376185484230518e-03
1.688311574980616570e-03
1.688245683908462524e-03
1.688178395852446556e-03
1.688109943643212318e-03
1.688040094450116158e-03
1.687968731857836246e-03
1.687895972281694412e-03
1.687821582891047001e-03
1.687745680101215839e-03
1.687667565420269966e-03
1.687607495114207268e-03
1.716723199933767319e-03
1.688082818873226643e-03
1.687501324340701103e-03
1.687371172010898590e-03
1.687292009592056274e-03
1.687200157903134823e-03
1.687115873210132122e-03
1.687030424363911152e-03
1.686943578533828259e-03
1.686855219304561615e-03
1.686765579506754875e-03
1.686674426309764385e-03
1.686581410467624664e-03
1.686486997641623020e-03
1.686390489339828491e-03
1.686292234808206558e-03
1.686549745500087738e-03
1.720151631161570549e-03
1.688206451945006847e-03
1.686157542280852795e-03
1.686027622781693935e-03
1.685906201601028442e-03
1.685807947069406509e-03
1.685711205936968327e-03
1.685614930465817451e-03
1.685517490841448307e-03
1.685418072156608105e-03
1.685317372903227806e-03
1.693585887551307678e-03
1.685799914412200451e-03
1.685269875451922417e-03
1.715523656457662582e-03
1.687220297753810883e-03
1.684971968643367290e-03
1.684789080172777176e-03
1.684646587818861008e-03
1.684538554400205612e-03
1.684430055320262909e-03
1.684320741333067417e-03
1.684208982624113560e-03
1.684095710515975952e-03
1.686662668362259865e-03
1.687297248281538486e-03
1.686681760475039482e-03
1.683970564045011997e-03
1.683744019828736782e-03
1.683629234321415424e-03
1.683518523350358009e-03
1.683405600488185883e-03
1.683291979134082794e-03
1.683176727965474129e-03
1.683059264905750751e-03
1.683458453044295311e-03
1.731679541990160942e-03
1.687741023488342762e-03
1.683188369497656822e-03
1.682681031525135040e-03
1.682511065155267715e-03
1.682382542639970779e-03
1.682259375229477882e-03
1.682138536125421524e-03
1.723519526422023773e-03
1.692873309366405010e-03
1.682997448369860649e-03
1.681896159425377846e-03
1.681706751696765423e-03
1.681586843915283680e-03
1.681463909335434437e-03
1.681341673247516155e-03
1.681223977357149124e-03
1.713312813080847263e-03
1.682674977928400040e-03
1.681122113950550556e-03
1.680924557149410248e-03
1.680763205513358116e-03
1.680635847151279449e-03
1.680514309555292130e-03
1.683159614913165569e-03
1.688029384240508080e-03
1.681619207374751568e-03
1.680253189988434315e-03
1.680077170021831989e-03
1.679934212006628513e-03
1.679813722148537636e-03
1.679690903984010220e-03
1.684379531070590019e-03
1.689202617853879929e-03
1.680996851064264774e-03
1.679604640230536461e-03
1.679336070083081722e-03
1.679179724305868149e-03
1.679061097092926502e-03
1.678941654972732067e-03
1.678822329267859459e-03
1.691352459602057934e-03
1.681206515058875084e-03
1.678778091445565224e-03
1.678556785918772221e-03
1.678457832895219326e-03
1.678312662988901138e-03
1.678195898421108723e-03
1.678080298006534576e-03
1.677964348345994949e-03
1.677847234532237053e-03
1.677729189395904541e-03
1.681740744970738888e-03
1.978244632482528687e-03
1.688693999312818050e-03
1.681549358181655407e-03
1.678171334788203239e-03
1.677689724601805210e-03
1.677572377957403660e-03
1.677464577369391918e-03
1.677368534728884697e-03
1.677275053225457668e-03
1.677183434367179871e-03
1.677092281170189381e-03
1.677001710049808025e-03
1.676910906098783016e-03
1.676819985732436180e-03
1.676728017628192902e-03
1.676635700277984142e-03
1.676542451605200768e-03
1.676448620855808258e-03
1.676353393122553825e-03
1.676257466897368431e-03
1.676160609349608421e-03
1.676062354817986488e-03
1.675963168963789940e-03
1.675862818956375122e-03
1.675794133916497231e-03
1.717995735816657543e-03
1.678413362242281437e-03
1.675723935477435589e-03
1.675604609772562981e-03
1.675466657616198063e-03
1.675364677794277668e-03
1.675264327786862850e-03
1.675163977779448032e-03
1.675063278526067734e-03
1.674961647950112820e-03
1.674858853220939636e-03
1.674755010753870010e-03
1.674649771302938461e-03
1.674543367698788643e-03
1.674491097219288349e-03
1.713169855065643787e-03
1.680330373346805573e-03
1.674916013143956661e-03
1.674330444075167179e-03
1.674203202128410339e-03
1.674096682108938694e-03
1.673994935117661953e-03
1.673894817940890789e-03
1.673794118687510490e-03
1.673692837357521057e-03
1.673590857535600662e-03
1.673487829975783825e-03
1.673383638262748718e-03
1.673278398811817169e-03
1.673294464126229286e-03
1.689061638899147511e-03
1.676353043876588345e-03
1.673560705967247486e-03
1.673036138527095318e-03
1.672907616011798382e-03
1.672801910899579525e-03
1.672701211646199226e-03
1.672602025792002678e-03
1.672501908615231514e-03
1.672401442192494869e-03
1.672299928031861782e-03
1.672197482548654079e-03
1.672094338573515415e-03
1.718328101560473442e-03
1.674488768912851810e-03
1.673782360740005970e-03
1.672084210440516472e-03
1.671850564889609814e-03
1.671722042374312878e-03
1.671620528213679790e-03
1.671523437835276127e-03
1.671426347456872463e-03
1.671328675001859665e-03
1.671230304054915905e-03
1.671131118200719357e-03
1.671030535362660885e-03
1.670932746492326260e-03
1.763783977366983891e-03
1.681288122199475765e-03
1.671310630626976490e-03
1.670833327807486057e-03
1.670669182203710079e-03
1.670566271059215069e-03
1.670469646342098713e-03
1.670374418608844280e-03
1.670278841629624367e-03
1.670182333327829838e-03
1.670085475780069828e-03
1.669987221248447895e-03
1.669923891313374043e-03
1.715919119305908680e-03
1.675097853876650333e-03
1.670622616074979305e-03
1.669788733124732971e-03
1.669600605964660645e-03
1.669503981247544289e-03
1.669407822191715240e-03
1.669312594458460808e-03
1.669216901063919067e-03
1.669120392762124538e-03
1.669023302383720875e-03
1.703504705801606178e-03
1.675664912909269333e-03
1.669932506047189236e-03
1.668983371928334236e-03
1.668728073127567768e-03
1.668623648583889008e-03
1.668526208959519863e-03
1.668430515564978123e-03
1.668339478783309460e-03
1.720266649499535561e-03
1.670287689194083214e-03
1.669070450589060783e-03
1.668165903538465500e-03
1.667959033511579037e-03
1.667860778979957104e-03
1.667763805016875267e-03
1.667687552981078625e-03
1.739700092002749443e-03
1.674241619184613228e-03
1.667662756517529488e-03
1.667442033067345619e-03
1.667336560785770416e-03
1.667225384153425694e-03
1.667126780375838280e-03
1.667032600380480289e-03
1.687810523435473442e-03
1.674073748290538788e-03
1.667705131694674492e-03
1.666936790570616722e-03
1.666685799136757851e-03
1.666587777435779572e-03
1.666490104980766773e-03
1.666419208049774170e-03
1.721655949950218201e-03
1.669473829679191113e-03
1.666368450969457626e-03
1.666218857280910015e-03
1.666035852394998074e-03
1.665925723500549793e-03
1.665864954702556133e-03
1.717124367132782936e-03
1.667803153395652771e-03
1.665763789787888527e-03
1.665656571276485920e-03
1.665470656007528305e-03
1.665358664467930794e-03
1.665299525484442711e-03
1.696889055892825127e-03
1.667487667873501778e-03
1.665926305577158928e-03
1.665144343860447407e-03
1.664912328124046326e-03
1.664803246967494488e-03
1.664700219407677650e-03
1.667171483859419823e-03
1.666812109760940075e-03
1.671808771789073944e-03
1.664715935476124287e-03
1.664374838583171368e-03
1.664245617575943470e-03
1.664144336245954037e-03
1.664041425101459026e-03
1.667566015385091305e-03
1.665723160840570927e-03
1.664272043853998184e-03
1.663992065005004406e-03
1.663671806454658508e-03
1.663561444729566574e-03
1.663457602262496948e-03
1.663473900407552719e-03
1.666517462581396103e-03
1.671049045398831367e-03
1.663981936872005463e-03
1.663093920797109604e-03
1.662994967773556709e-03
1.662877970375120640e-03
1.662782859057188034e-03
1.695925719104707241e-03
1.669668126851320267e-03
1.663408824242651463e-03
1.662517897784709930e-03
1.662373077124357224e-03
1.662254333496093750e-03
1.662478549405932426e-03
1.676520914770662785e-03
1.663798466324806213e-03
1.662627561017870903e-03
1.661941292695701122e-03
1.661770977079868317e-03
1.661645830608904362e-03
1.661566086113452911e-03
1.707285293377935886e-03
1.661707879975438118e-03
1.661941292695701122e-03
1.661228481680154800e-03
1.661105547100305557e-03
1.660994486883282661e-03
1.662254682742059231e-03
1.681470428593456745e-03
1.663599396124482155e-03
1.662348513491451740e-03
1.660765381529927254e-03
1.660483656451106071e-03
1.660367939621210098e-03
1.660260371863842010e-03
1.680138404481112957e-03
1.670250669121742249e-03
1.660136505961418152e-03
1.660160371102392673e-03
1.659844187088310719e-03
1.659691566601395607e-03
1.659568166360259056e-03
1.667746342718601227e-03
1.926307217217981815e-03
1.723888912238180637e-03
1.669468823820352554e-03
1.662214635871350765e-03
1.660916837863624096e-03
1.660538022406399250e-03
1.660327077843248844e-03
1.660165027715265751e-03
1.660029171034693718e-03
1.659910776652395725e-03
1.659804722294211388e-03
1.659707748331129551e-03
1.659617526456713676e-03
1.659532310441136360e-03
1.659450354054570198e-03
1.659370725974440575e-03
1.659292727708816528e-03
1.659215893596410751e-03
1.659139641560614109e-03
1.659063855186104774e-03
1.658987719565629959e-03
1.658911816775798798e-03
1.658835564740002155e-03
1.658758847042918205e-03
1.658681663684546947e-03
1.658603665418922901e-03
1.658525085076689720e-03
1.658445456996560097e-03
1.658365596085786819e-03
1.658284338191151619e-03
1.658202265389263630e-03
1.658119377680122852e-03
1.658035442233085632e-03
1.657950575463473797e-03
1.657864311710000038e-03
1.657777000218629837e-03
1.657688640989363194e-03
1.657599001191556454e-03
1.657508197240531445e-03
1.657416112720966339e-03
1.657322631217539310e-03
1.657227869145572186e-03
1.657131942920386791e-03
1.657034270465373993e-03
1.656935317441821098e-03
1.656835083849728107e-03
1.656732871197164059e-03
1.656629494391381741e-03
1.656524953432381153e-03
1.716199098154902458e-03
1.656688051298260689e-03
1.657205517403781414e-03
1.656511216424405575e-03
1.656192704103887081e-03
1.656076754443347454e-03
1.655970118008553982e-03
1.655862783081829548e-03
1.655754051171243191e-03
1.655644038692116737e-03
1.655532396398484707e-03
1.655418775044381618e-03
1.655303873121738434e-03
1.655186759307980537e-03
1.655068714171648026e-03
1.694776699878275394e-03
1.662358990870416164e-03
1.656854175962507725e-03
1.655292115174233913e-03
1.654762425459921360e-03
1.654642866924405098e-03
1.654519583098590374e-03
1.654401887208223343e-03
1.654283725656569004e-03
1.654164516367018223e-03
1.654043560847640038e-03
1.653920742683112621e-03
1.653796294704079628e-03
1.653669751249253750e-03
1.653541112318634987e-03
1.653454382903873920e-03
1.717065926641225815e-03
1.653682324104011059e-03
1.653446001000702381e-03
1.653364743106067181e-03
1.653092331252992153e-03
1.652962062507867813e-03
1.652832957915961742e-03
1.652705366723239422e-03
1.652577193453907967e-03
1.652447041124105453e-03
1.652315491810441017e-03
1.652181963436305523e-03
1.652046339586377144e-03
1.651908853091299534e-03
1.651773811317980289e-03
1.844297396019101143e-03
1.667782897129654884e-03
1.652538427151739597e-03
1.651753787882626057e-03
1.651403727009892464e-03
1.651258440688252449e-03
1.651118858717381954e-03
1.650980673730373383e-03
1.650841441005468369e-03
1.650700694881379604e-03
1.650558086112141609e-03
1.650413498282432556e-03
1.650266582146286964e-03
1.650144346058368683e-03
1.679495209828019142e-03
1.656051259487867355e-03
1.651552738621830940e-03
1.649913028813898563e-03
1.649762503802776337e-03
1.649596728384494781e-03
1.649449346587061882e-03
1.649304176680743694e-03
1.649157842621207237e-03
1.649009995162487030e-03
1.648860168643295765e-03
1.648708246648311615e-03
1.648554229177534580e-03
1.648399280384182930e-03
1.776521443389356136e-03
1.663360511884093285e-03
1.648501143790781498e-03
1.648404635488986969e-03
1.647976809181272984e-03
1.647821161895990372e-03
1.647667610086500645e-03
1.647514523938298225e-03
1.647360157221555710e-03
1.647204160690307617e-03
1.647046185098588467e-03
1.646886346861720085e-03
1.646724413149058819e-03
1.646560267545282841e-03
1.663249218836426735e-03
1.681725261732935905e-03
1.650966238230466843e-03
1.646723365411162376e-03
1.646140823140740395e-03
1.645978540182113647e-03
1.645814278163015842e-03
1.645653857849538326e-03
1.645493437536060810e-03
1.645331969484686852e-03
1.645168056711554527e-03
1.645002746954560280e-03
1.644834876060485840e-03
1.644665142521262169e-03
1.644514850340783596e-03
1.653579645790159702e-03
1.656823325902223587e-03
1.645386801101267338e-03
1.644263393245637417e-03
1.644009724259376526e-03
1.643841271288692951e-03
1.643674448132514954e-03
1.643506577238440514e-03
1.643337775021791458e-03
1.643166877329349518e-03
1.642994466237723827e-03
1.642819610424339771e-03
1.642642891965806484e-03
1.651483820751309395e-03
1.654544612392783165e-03
1.643878174945712090e-03
1.642780262045562267e-03
1.642192015424370766e-03
1.641959766857326031e-03
1.641778857447206974e-03
1.641605864278972149e-03
1.641432172618806362e-03
1.641256618313491344e-03
1.641079667024314404e-03
1.640900620259344578e-03
1.640719128772616386e-03
1.643445924855768681e-03
1.654649269767105579e-03
1.646154327318072319e-03
1.640475005842745304e-03
1.640288508497178555e-03
1.640034024603664875e-03
1.639847527258098125e-03
1.639671623706817627e-03
1.639495370909571648e-03
1.639317604713141918e-03
1.639138325117528439e-03
1.638956833630800247e-03
1.638773479498922825e-03
1.640814007259905338e-03
1.680954359471797943e-03
1.639078138396143913e-03
1.638961024582386017e-03
1.638289191760122776e-03
1.638022949919104576e-03
1.637840410694479942e-03
1.637660199776291847e-03
1.637479756027460098e-03
1.637297798879444599e-03
1.637113746255636215e-03
1.636927947402000427e-03
1.637281151488423347e-03
1.640923670493066311e-03
1.642367569729685783e-03
1.637299661524593830e-03
1.636443077586591244e-03
1.636155880987644196e-03
1.635966473259031773e-03
1.635783002711832523e-03
1.635599881410598755e-03
1.635415246710181236e-03
1.635228632949292660e-03
1.635040389373898506e-03
1.635907683521509171e-03
1.697867759503424168e-03
1.635552383959293365e-03
1.635663560591638088e-03
1.634541316889226437e-03
1.634305575862526894e-03
1.634122454561293125e-03
1.633939682506024837e-03
1.633758540265262127e-03
1.633576117455959320e-03
1.633391948416829109e-03
1.633206149563193321e-03
1.633018255233764648e-03
1.632835716009140015e-03
1.724732923321425915e-03
1.648833393119275570e-03
1.634111162275075912e-03
1.632902887649834156e-03
1.632410567253828049e-03
1.632224419154226780e-03
1.632047235034406185e-03
1.631874474696815014e-03
1.631701597943902016e-03
1.631528022699058056e-03
1.631352934055030346e-03
1.631176332011818886e-03
1.630997983738780022e-03
1.630818122066557407e-03
1.630636514164507389e-03
1.715990598313510418e-03
1.631725230254232883e-03
1.632850966416299343e-03
1.630448852665722370e-03
1.630047918297350407e-03
1.629853155463933945e-03
1.629668753594160080e-03
1.629488659091293812e-03
1.629307516850531101e-03
1.629124395549297333e-03
1.628939644433557987e-03
1.628752914257347584e-03
1.628571306355297565e-03
1.691367477178573608e-03
1.638747402466833591e-03
1.629226258955895901e-03
1.628279103897511959e-03
1.627974328584969044e-03
1.627766177989542484e-03
1.627580611966550350e-03
1.627395744435489178e-03
1.627209014259278774e-03
1.627020188607275486e-03
1.626829151064157486e-03
1.634799526073038578e-03
1.644976437091827393e-03
1.628879108466207981e-03
1.626816112548112869e-03
1.626151264645159245e-03
1.625937642529606819e-03
1.625733333639800549e-03
1.625535194762051105e-03
1.625335309654474258e-03
1.625131699256598949e-03
1.624927041120827198e-03
1.798582612536847591e-03
1.626065350137650967e-03
1.625898294150829315e-03
1.624623779207468033e-03
1.624200376681983471e-03
1.623971504159271717e-03
1.623759046196937561e-03
1.623543677851557732e-03
1.623325282707810402e-03
1.623103278689086437e-03
1.624335767701268196e-03
1.624881755560636520e-03
1.626619719900190830e-03
1.622473471798002720e-03
1.622231677174568176e-03
1.621950301341712475e-03
1.621716655790805817e-03
1.621478237211704254e-03
1.621239003725349903e-03
1.621121889911592007e-03
1.654861029237508774e-03
1.625368837267160416e-03
1.621225266717374325e-03
1.620412454940378666e-03
1.620062044821679592e-03
1.619804534129798412e-03
1.619567046873271465e-03
1.619329559616744518e-03
1.619141548871994019e-03
1.620549359358847141e-03
1.623678137548267841e-03
1.619772287085652351e-03
1.618491369299590588e-03
1.618198701180517673e-03
1.617952832020819187e-03
1.617730478756129742e-03
1.617508241906762123e-03
1.617570058442652225e-03
1.681491616182029247e-03
1.625916222110390663e-03
1.617929083295166492e-03
1.616801368072628975e-03
1.616501598618924618e-03
1.616297871805727482e-03
1.616092631593346596e-03
1.615889370441436768e-03
1.615685992874205112e-03
1.616267720237374306e-03
1.628708560019731522e-03
1.616449677385389805e-03
1.615662011317908764e-03
1.615029876120388508e-03
1.614748151041567326e-03
1.614551874808967113e-03
1.614355598576366901e-03
1.614162349142134190e-03
1.648926525376737118e-03
1.625093980692327023e-03
1.615415094420313835e-03
1.613651402294635773e-03
1.613380038179457188e-03
1.613148488104343414e-03
1.612977706827223301e-03
1.693787868134677410e-03
1.613372005522251129e-03
1.612724619917571545e-03
1.612550695426762104e-03
1.612179912626743317e-03
1.611951738595962524e-03
1.611749175935983658e-03
1.637705950997769833e-03
1.689261174760758877e-03
1.628954429179430008e-03
1.618197071366012096e-03
1.611588289961218834e-03
1.611176063306629658e-03
1.610979787074029446e-03
1.610781415365636349e-03
1.610600971616804600e-03
1.610420527867972851e-03
1.610239967703819275e-03
1.610058126971125603e-03
1.609874656423926353e-03
1.609689905308187008e-03
1.609503524377942085e-03
1.609314698725938797e-03
1.609151368029415607e-03
1.680135494098067284e-03
1.615543733350932598e-03
1.609797240234911442e-03
1.608689082786440849e-03
1.608437742106616497e-03
1.608238206245005131e-03
1.608045538887381554e-03
1.607851125299930573e-03
1.607654732652008533e-03
1.607456593774259090e-03
1.607262995094060898e-03
1.745796529576182365e-03
1.610644278116524220e-03
1.607431331649422646e-03
1.606986974366009235e-03
1.606567879207432270e-03
1.606357749551534653e-03
1.606153789907693863e-03
1.605951692909002304e-03
1.605747384019196033e-03
1.605542376637458801e-03
1.661784946918487549e-03
1.627221237868070602e-03
1.607579761184751987e-03
1.605069264769554138e-03
1.604843535460531712e-03
1.604590564966201782e-03
1.604379271157085896e-03
1.604168326593935490e-03
1.603956217877566814e-03
1.603742013685405254e-03
1.616040011867880821e-03
1.628539641387760639e-03
1.604022923856973648e-03
1.603542827069759369e-03
1.603004406206309795e-03
1.602733624167740345e-03
1.602513832040131092e-03
1.602294156327843666e-03
1.602073083631694317e-03
1.618477981537580490e-03
1.615606248378753662e-03
1.605396391823887825e-03
1.601631171070039272e-03
1.601311843842267990e-03
1.601026509888470173e-03
1.600792631506919861e-03
1.600564690306782722e-03
1.600333955138921738e-03
1.600362360477447510e-03
1.659410423599183559e-03
1.601081457920372486e-03
1.600448973476886749e-03
1.599537790752947330e-03
1.599289127625524998e-03
1.599046634510159492e-03
1.598811591975390911e-03
1.598575385287404060e-03
1.599292852915823460e-03
1.616405672393739223e-03
1.599976443685591221e-03
1.598588773049414158e-03
1.597731024958193302e-03
1.597392838448286057e-03
1.597147551365196705e-03
1.596900285221636295e-03
1.597860245965421200e-03
1.623950200155377388e-03
1.599145471118390560e-03
1.596852438524365425e-03
1.595977577380836010e-03
1.595711917616426945e-03
1.595452311448752880e-03
1.595303067006170750e-03
1.596233109012246132e-03
1.595522509887814522e-03
1.594983506947755814e-03
1.594462199136614799e-03
1.594124012626707554e-03
1.593852299265563488e-03
1.593736466020345688e-03
1.643268740735948086e-03
1.598163857124745846e-03
1.594906789250671864e-03
1.593253109604120255e-03
1.592810731381177902e-03
1.592523534782230854e-03
1.592262764461338520e-03
1.592000597156584263e-03
1.591744949109852314e-03
1.699433894827961922e-03
1.602853764779865742e-03
1.591276843100786209e-03
1.590915839187800884e-03
1.590665546245872974e-03
1.590363099239766598e-03
1.590080559253692627e-03
1.598236034624278545e-03
1.599453273229300976e-03
1.590601634234189987e-03
1.589323161169886589e-03
1.589031657204031944e-03
1.588690676726400852e-03
1.588390441611409187e-03
1.596171292476356030e-03
1.617835951037704945e-03
1.587931066751480103e-03
1.587951090186834335e-03
1.587280770763754845e-03
1.586971688084304333e-03
1.586675643920898438e-03
1.633767620660364628e-03
1.593456836417317390e-03
1.586438738740980625e-03
1.585900085046887398e-03
1.585458870977163315e-03
1.672453247010707855e-03
1.587643520906567574e-03
1.586140599101781845e-03
1.584530225954949856e-03
1.584230456501245499e-03
1.583992503583431244e-03
1.625911332666873932e-03
1.585219171829521656e-03
1.583522069267928600e-03
1.583105768077075481e-03
1.583014032803475857e-03
1.625371514819562435e-03
1.589882653206586838e-03
1.582978060469031334e-03
1.582040102221071720e-03
1.581751159392297268e-03
1.620690920390188694e-03
1.586283789947628975e-03
1.580925891175866127e-03
1.580903306603431702e-03
1.675694598816335201e-03
1.582696917466819286e-03
1.580037875100970268e-03
1.579690142534673214e-03
1.579397241584956646e-03
1.641507260501384735e-03
1.610027858987450600e-03
1.886044978164136410e-03
1.594700035639107227e-03
1.584138488397002220e-03
1.579431816935539246e-03
1.578901428729295731e-03
1.578620402142405510e-03
1.578367897309362888e-03
1.578125753439962864e-03
1.577889197506010532e-03
1.577654969878494740e-03
1.577421673573553562e-03
1.577188260853290558e-03
1.576954033225774765e-03
1.576718525029718876e-03
1.576481387019157410e-03
1.576242502778768539e-03
1.576003269292414188e-03
1.603150158189237118e-03
1.583254197612404823e-03
1.575819216668605804e-03
1.575541798956692219e-03
1.575261238031089306e-03
1.575017813593149185e-03
1.574771711602807045e-03
1.574526540935039520e-03
1.574279973283410072e-03
1.574031077325344086e-03
1.573779736645519733e-03
1.583035103976726532e-03
1.616359804756939411e-03
1.578215509653091431e-03
1.573589048348367214e-03
1.573303597979247570e-03
1.572952256537973881e-03
1.572699751704931259e-03
1.572450506500899792e-03
1.572201610542833805e-03
1.571951434016227722e-03
1.571699045598506927e-03
1.571467961184680462e-03
1.655241008847951889e-03
1.580512966029345989e-03
1.572267734445631504e-03
1.571073662489652634e-03
1.570788910612463951e-03
1.570517313666641712e-03
1.570262364111840725e-03
1.570009160786867142e-03
1.569754211232066154e-03
1.569938263855874538e-03
1.586056663654744625e-03
1.573241432197391987e-03
1.570600667037069798e-03
1.569216023199260235e-03
1.568795298226177692e-03
1.568538020364940166e-03
1.568281557410955429e-03
1.568023115396499634e-03
1.567765371873974800e-03
1.727650174871087074e-03
1.574971596710383892e-03
1.569456653669476509e-03
1.567317405715584755e-03
1.567026483826339245e-03
1.566744176670908928e-03
1.566481892950832844e-03
1.566219259984791279e-03
1.566314604133367538e-03
1.617723377421498299e-03
1.567103900015354156e-03
1.565867336466908455e-03
1.565565471537411213e-03
1.565238577313721180e-03
1.564967096783220768e-03
1.564702717587351799e-03
1.564436242915689945e-03
1.565484562888741493e-03
1.573023386299610138e-03
1.566416001878678799e-03
1.564459060318768024e-03
1.563740894198417664e-03
1.563373720273375511e-03
1.563102472573518753e-03
1.562832156196236610e-03
1.563449040986597538e-03
1.566361053846776485e-03
1.565690501593053341e-03
1.562795834615826607e-03
1.562114339321851730e-03
1.561808516271412373e-03
1.561535871587693691e-03
1.561261480674147606e-03
1.560985576361417770e-03
1.567880972288548946e-03
1.596796559169888496e-03
1.564729027450084686e-03
1.561102108098566532e-03
1.560317003168165684e-03
1.560000120662152767e-03
1.559713738970458508e-03
1.559437718242406845e-03
1.559233409352600574e-03
1.567834871821105480e-03
1.568778650835156441e-03
1.559156575240194798e-03
1.558689284138381481e-03
1.558252261020243168e-03
1.557967392727732658e-03
1.557682757265865803e-03
1.558464020490646362e-03
1.585451420396566391e-03
1.564513193443417549e-03
1.557171111926436424e-03
1.556777511723339558e-03
1.556493691168725491e-03
1.556184724904596806e-03
1.555919880047440529e-03
1.688693417236208916e-03
1.569556188769638538e-03
1.556902891024947166e-03
1.555422204546630383e-03
1.554917311295866966e-03
1.554612419568002224e-03
1.554455957375466824e-03
1.572885666973888874e-03
1.556219416670501232e-03
1.555108581669628620e-03
1.553614158183336258e-03
1.553308218717575073e-03
1.553004607558250427e-03
1.556351431645452976e-03
1.581138232722878456e-03
1.557564479298889637e-03
1.552405534312129021e-03
1.551977708004415035e-03
1.551659312099218369e-03
1.553316600620746613e-03
1.590477186255156994e-03
1.555390539579093456e-03
1.550852786749601364e-03
1.550515647977590561e-03
1.550222514197230339e-03
1.563183381222188473e-03
1.569161424413323402e-03
1.553728594444692135e-03
1.549683860503137112e-03
1.549234730191528797e-03
1.548860920593142509e-03
1.548805972561240196e-03
1.551911816932260990e-03
1.559634925797581673e-03
1.548290252685546875e-03
1.548002241179347038e-03
1.547505962662398815e-03
1.547211315482854843e-03
1.556875417008996010e-03
1.565084909088909626e-03
1.551755820401012897e-03
1.547124586068093777e-03
1.546154497191309929e-03
1.545850303955376148e-03
1.545580453239381313e-03
1.612634281627833843e-03
1.561660203151404858e-03
1.545656006783246994e-03
1.545062405057251453e-03
1.544444938190281391e-03
1.544235972687602043e-03
1.671840087510645390e-03
1.549853361211717129e-03
1.544667640700936317e-03
1.543462392874062061e-03
1.543076941743493080e-03
1.542839803732931614e-03
1.624472439289093018e-03
1.554854796268045902e-03
1.543411752209067345e-03
1.542109879665076733e-03
1.541625708341598511e-03
1.570865162648260593e-03
1.566487480886280537e-03
1.544479280710220337e-03
1.540765282697975636e-03
1.540435012429952621e-03
1.540229539386928082e-03
1.612529275007545948e-03
1.545082894153892994e-03
1.540110330097377300e-03
1.539381803013384342e-03
1.539013115689158440e-03
1.539616496302187443e-03
1.607462996616959572e-03
1.548997126519680023e-03
1.538342796266078949e-03
1.538038952276110649e-03
1.537685398943722248e-03
1.537402276881039143e-03
1.543518272228538990e-03
1.555202994495630264e-03
1.537539996206760406e-03
1.537048141472041607e-03
1.536301104351878166e-03
1.669344492256641388e-03
1.538517186418175697e-03
1.536492607556283474e-03
1.535511342808604240e-03
1.535127754323184490e-03
1.534898299723863602e-03
1.579061266966164112e-03
1.536853611469268799e-03
1.535519375465810299e-03
1.534507260657846928e-03
1.580650103278458118e-03
1.539595075882971287e-03
1.535181538201868534e-03
1.533186179585754871e-03
1.534001901745796204e-03
1.546185347251594067e-03
1.541616977192461491e-03
1.579106901772320271e-03
1.532446593046188354e-03
1.532388385385274887e-03
1.531645306386053562e-03
1.531287911348044872e-03
1.534321228973567486e-03
1.553096110001206398e-03
1.535208080895245075e-03
1.533352187834680080e-03
1.530544599518179893e-03
1.530136214569211006e-03
1.607836107723414898e-03
1.539582968689501286e-03
1.530648209154605865e-03
1.529049011878669262e-03
1.532757305540144444e-03
1.557445153594017029e-03
1.532500726170837879e-03
1.528356340713799000e-03
1.528048655018210411e-03
1.530509092845022678e-03
1.563462312333285809e-03
1.528351800516247749e-03
1.527839107438921928e-03
1.526940846815705299e-03
1.527284155599772930e-03
1.574101974256336689e-03
1.530100591480731964e-03
1.526709180325269699e-03
1.526403590105473995e-03
1.590155297890305519e-03
1.536967814899981022e-03
1.527381245978176594e-03
1.525007770396769047e-03
1.527714659459888935e-03
1.532913185656070709e-03
1.525405095890164375e-03
1.524947467260062695e-03
1.524123363196849823e-03
1.556415110826492310e-03
1.526346197351813316e-03
1.526589854620397091e-03
1.523420447483658791e-03
1.522981445305049419e-03
1.524327788501977921e-03
1.551180845126509666e-03
1.523539656773209572e-03
1.522384583950042725e-03
1.522124046459794044e-03
1.542499638162553310e-03
1.522672944702208042e-03
1.523261074908077717e-03
1.521718571893870831e-03
1.521029975265264511e-03
1.520741381682455540e-03
1.534912618808448315e-03
1.551164430566132069e-03
1.524897292256355286e-03
1.520580495707690716e-03
1.519977115094661713e-03
1.519655459560453892e-03
1.551415538415312767e-03
1.524726161733269691e-03
1.530761015601456165e-03
1.520133344456553459e-03
1.519061857834458351e-03
1.518601668067276478e-03
1.518360106274485588e-03
1.518136356025934219e-03
1.566793187521398067e-03
1.533935545012354851e-03
1.519317389465868473e-03
1.517532858997583389e-03
1.517291646450757980e-03
1.517028547823429108e-03
1.528106629848480225e-03
1.518562785349786282e-03
1.517526921816170216e-03
1.516508404165506363e-03
1.516181044280529022e-03
1.515936106443405151e-03
1.515744952484965324e-03
1.673023216426372528e-03
1.525877509266138077e-03
1.516369869932532310e-03
1.515205949544906616e-03
1.515012118034064770e-03
1.548329484649002552e-03
1.516522141173481941e-03
1.514884526841342449e-03
1.518428209237754345e-03
1.514479401521384716e-03
1.513899653218686581e-03
1.514653675258159637e-03
1.513961236923933029e-03
1.626050914637744427e-03
1.520614372566342354e-03
1.513319439254701138e-03
1.512752845883369446e-03
1.512545277364552021e-03
1.513010356575250626e-03
1.527958200313150883e-03
1.518556149676442146e-03
1.512727933004498482e-03
1.511948183178901672e-03
1.511557609774172306e-03
1.513887429609894753e-03
1.539851189590990543e-03
1.512569608166813850e-03
1.510858885012567043e-03
1.510825357399880886e-03
1.510427449829876423e-03
1.570613472722470760e-03
1.534364768303930759e-03
1.517393626272678375e-03
1.510537113063037395e-03
1.509809866547584534e-03
1.509566442109644413e-03
1.509326277300715446e-03
1.509324647486209869e-03
1.533807720988988876e-03
1.525131170637905598e-03
1.509788562543690205e-03
1.508688437752425671e-03
1.508469344116747379e-03
1.508233137428760529e-03
1.508023822680115700e-03
1.507829641923308372e-03
1.595987239852547646e-03
1.522408798336982727e-03
1.508224988356232643e-03
1.507397275418043137e-03
1.507145701907575130e-03
1.506925793364644051e-03
1.516170683316886425e-03
1.510250964201986790e-03
1.506975153461098671e-03
1.507173408754169941e-03
1.506241620518267155e-03
1.505949418060481548e-03
1.506212167441844940e-03
