2.430437831208109856e-03
2.031688345596194267e-03
1.993351615965366364e-03
1.971000805497169495e-03
1.962301088497042656e-03
1.958517590537667274e-03
1.956226769834756851e-03
1.954397652298212051e-03
1.952772261574864388e-03
1.951312529854476452e-03
1.950013916939496994e-03
1.948871766217052937e-03
1.947878161445260048e-03
1.947023323737084866e-03
1.946294563822448254e-03
1.945678493939340115e-03
1.945160795003175735e-03
1.944727264344692230e-03
1.944364863447844982e-03
1.944061252288520336e-03
1.943805254995822906e-03
1.943588024005293846e-03
1.943401643075048923e-03
1.943239942193031311e-03
1.943098264746367931e-03
1.942972536198794842e-03
1.942859380505979061e-03
1.942757400684058666e-03
1.942664617672562599e-03
1.942579983733594418e-03
1.942501752637326717e-03
1.942430040799081326e-03
1.942363451234996319e-03
1.942302216775715351e-03
1.942245289683341980e-03
1.942192437127232552e-03
1.942143426276743412e-03
1.942097558639943600e-03
1.942054717801511288e-03
1.942014787346124649e-03
1.941977301612496376e-03
1.941942144185304642e-03
1.941908965818583965e-03
1.941877650097012520e-03
1.941847964189946651e-03
1.941819558851420879e-03
1.941792666912078857e-03
1.941766706295311451e-03
1.941742259077727795e-03
1.941718277521431446e-03
1.941695343703031540e-03
1.941673224791884422e-03
1.941651920787990093e-03
1.941631315276026726e-03
1.941611059010028839e-03
1.941591384820640087e-03
1.941572176292538643e-03
1.941553200595080853e-03
1.941534923389554024e-03
1.941516879014670849e-03
1.941499300301074982e-03
1.941482070833444595e-03
1.941464957781136036e-03
1.941448193974792957e-03
1.941431779414415359e-03
1.941415597684681416e-03
1.941399532370269299e-03
1.941384049132466316e-03
1.941368449479341507e-03
1.941353199072182178e-03
1.941337948665022850e-03
1.941323047503829002e-03
1.941308495588600636e-03
1.941294060088694096e-03
1.941279508173465729e-03
1.941265421919524670e-03
1.941251335665583611e-03
1.941237598657608032e-03
1.941223861649632454e-03
1.941210124641656876e-03
1.941196620464324951e-03
1.941183232702314854e-03
1.941169844940304756e-03
1.941156690008938313e-03
1.941143767908215523e-03
1.941130380146205425e-03
1.941117458045482635e-03
1.941104419529438019e-03
1.941091730259358883e-03
1.941078691743314266e-03
1.941065769642591476e-03
1.941052731126546860e-03
1.941039576195180416e-03
1.941026654094457626e-03
1.941013266332447529e-03
1.940999762155115604e-03
1.940986257977783680e-03
1.940972520969808102e-03
1.940958551131188869e-03
1.940944464877247810e-03
1.940929912962019444e-03
1.940915011800825596e-03
1.940899761393666267e-03
1.940884394571185112e-03
1.940868096426129341e-03
1.940851565450429916e-03
1.940834568813443184e-03
1.940816873684525490e-03
1.940798130817711353e-03
1.940779038704931736e-03
1.940758898854255676e-03
1.940737827681005001e-03
1.940715708769857883e-03
1.940692425705492496e-03
1.940668094903230667e-03
1.940642250701785088e-03
1.940615009516477585e-03
1.940586022101342678e-03
1.940555521287024021e-03
1.940522692166268826e-03
1.940488000400364399e-03
1.940450398251414299e-03
1.940410584211349487e-03
1.940367626957595348e-03
1.940321642905473709e-03
1.940271933563053608e-03
1.940218266099691391e-03
1.940160291269421577e-03
1.940097426995635033e-03
1.940029091201722622e-03
1.939954468980431557e-03
1.939873211085796356e-03
1.939784619025886059e-03
1.939687295816838741e-03
1.939580077305436134e-03
1.939462614245712757e-03
1.939332694746553898e-03
1.939189271070063114e-03
1.939030364155769348e-03
1.938853994943201542e-03
1.938658067956566811e-03
1.938439905643463135e-03
1.938197296112775803e-03
1.937926397658884525e-03
1.937624881975352764e-03
1.937287859618663788e-03
1.936911488883197308e-03
1.936490531079471111e-03
1.936018699780106544e-03
1.935488893650472164e-03
1.934892265126109123e-03
1.934218220412731171e-03
1.933453371748328209e-03
1.932580140419304371e-03
1.931575359776616096e-03
1.930407714098691940e-03
1.929031335748732090e-03
1.927371951751410961e-03
1.925293356180191040e-03
1.922490424476563931e-03
1.918053021654486656e-03
1.908701611682772636e-03
1.893592416308820248e-03
1.877048867754638195e-03
1.863429439254105091e-03
1.854830654338002205e-03
1.850558561272919178e-03
1.848714193329215050e-03
1.847908366471529007e-03
1.847477047704160213e-03
1.847167382948100567e-03
1.846897299401462078e-03
1.846640952862799168e-03
1.846390543505549431e-03
1.846142113208770752e-03
1.845893450081348419e-03
1.845643972046673298e-03
1.845391816459596157e-03
1.845136634074151516e-03
1.844877144321799278e-03
1.844612881541252136e-03
1.844343147240579128e-03
1.844067708589136600e-03
1.843785867094993591e-03
1.843497389927506447e-03
1.843993319198489189e-03
1.842996920458972454e-03
1.842667115852236748e-03
1.842383295297622681e-03
1.842096098698675632e-03
1.841806690208613873e-03
1.841517980210483074e-03
1.841866993345320225e-03
1.840987359173595905e-03
1.840700628235936165e-03
1.840412267483770847e-03
1.840133452787995338e-03
1.839944394305348396e-03
1.839717617258429527e-03
1.839345553889870644e-03
1.839030184783041477e-03
1.838746014982461929e-03
1.838456722907721996e-03
1.838201889768242836e-03
1.838665688410401344e-03
1.837693387642502785e-03
1.837332150898873806e-03
1.837059506215155125e-03
1.836791518144309521e-03
1.836553099565207958e-03
1.836913055740296841e-03
1.836074399761855602e-03
1.835867995396256447e-03
1.835636096075177193e-03
1.835424336604773998e-03
1.835223753005266190e-03
1.839168253354728222e-03
1.835155067965388298e-03
1.834731199778616428e-03
1.834526425227522850e-03
1.834366586990654469e-03
1.834210357628762722e-03
1.834058668464422226e-03
1.833997434005141258e-03
1.835050294175744057e-03
1.833687885664403439e-03
1.833528513088822365e-03
1.833408256061375141e-03
1.833286019973456860e-03
1.833169837482273579e-03
1.833056798204779625e-03
1.832948648370802402e-03
1.838743686676025391e-03
1.833346905186772346e-03
1.832683105021715164e-03
1.832564827054738998e-03
1.832473906688392162e-03
1.832384499721229076e-03
1.832298468798398972e-03
1.832214300520718098e-03
1.832133042626082897e-03
1.836788491345942020e-03
1.832093810662627220e-03
1.831945381127297878e-03
1.831844332627952099e-03
1.831776811741292477e-03
1.831708475947380066e-03
1.831643050536513329e-03
1.831579138524830341e-03
1.831516972742974758e-03
1.835409551858901978e-03
1.831446774303913116e-03
1.831465284340083599e-03
1.831304165534675121e-03
1.831243513152003288e-03
1.831190427765250206e-03
1.831139321438968182e-03
1.831089030019938946e-03
1.831039786338806152e-03
1.830991357564926147e-03
1.831132685765624046e-03
1.831150380894541740e-03
1.830929541029036045e-03
1.830839435569941998e-03
1.830777269788086414e-03
1.830735011026263237e-03
1.830694149248301983e-03
1.830653753131628036e-03
1.830614055506885052e-03
1.830574707128107548e-03
1.830548048019409180e-03
1.832343288697302341e-03
1.830592635087668896e-03
1.830484718084335327e-03
1.830401364713907242e-03
1.830363762564957142e-03
1.830328488722443581e-03
1.830294379033148289e-03
1.830260385759174824e-03
1.830226625315845013e-03
1.830193097703158855e-03
1.830159570090472698e-03
1.830128836445510387e-03
1.833478454500436783e-03
1.830441644415259361e-03
1.830070978030562401e-03
1.830015564337372780e-03
1.829976565204560757e-03
1.829946413636207581e-03
1.829916494898498058e-03
1.829886226914823055e-03
1.829856424592435360e-03
1.829995075240731239e-03
1.829816959798336029e-03
1.830058288760483265e-03
1.829762943089008331e-03
1.829721615649759769e-03
1.829688786529004574e-03
1.829660148359835148e-03
1.829631626605987549e-03
1.829603104852139950e-03
1.829574699513614178e-03
1.829546294175088406e-03
1.829521846957504749e-03
1.832803245633840561e-03
1.829903689213097095e-03
1.829480286687612534e-03
1.829415326938033104e-03
1.829386106692254543e-03
1.829358865506947041e-03
1.829331507906317711e-03
1.829304266721010208e-03
1.829381682910025120e-03
1.831492525525391102e-03
1.829241286031901836e-03
1.829242683015763760e-03
1.829181215725839138e-03
1.829149783588945866e-03
1.829122891649603844e-03
1.829095999710261822e-03
1.829069107770919800e-03
1.829041983000934124e-03
1.829022774472832680e-03
1.831517787650227547e-03
1.829408225603401661e-03
1.828968524932861328e-03
1.828918233513832092e-03
1.828889828175306320e-03
1.828863518312573433e-03
1.828837208449840546e-03
1.828811597079038620e-03
1.831462490372359753e-03
1.829124637879431248e-03
1.828790293075144291e-03
1.828730106353759766e-03
1.828688429668545723e-03
1.828660955652594566e-03
1.828634645789861679e-03
1.828608452342450619e-03
1.828581909649074078e-03
1.828556065447628498e-03
1.832565874792635441e-03
1.829231157898902893e-03
1.828604028560221195e-03
1.828462933190166950e-03
1.828433945775032043e-03
1.828406471759080887e-03
1.828380511142313480e-03
1.828354550525546074e-03
1.828331500291824341e-03
1.834815717302262783e-03
1.828640350140631199e-03
1.828260370530188084e-03
1.828243257477879524e-03
1.828208332881331444e-03
1.828182372264564037e-03
1.828156760893762112e-03
1.828130683861672878e-03
1.828104723244905472e-03
1.828078180551528931e-03
1.828051754273474216e-03
1.828640117309987545e-03
1.829012413509190083e-03
1.828043838031589985e-03
1.827963627874851227e-03
1.827928121201694012e-03
1.827902160584926605e-03
1.827878877520561218e-03
1.830834895372390747e-03
1.828546286560595036e-03
1.827897038310766220e-03
1.827794825658202171e-03
1.827753032557666302e-03
1.827726839110255241e-03
1.827700762078166008e-03
1.827674452215433121e-03
1.827648491598665714e-03
1.833072630688548088e-03
1.828249660320580006e-03
1.827580621466040611e-03
1.827568397857248783e-03
1.827528583817183971e-03
1.827502390369772911e-03
1.827476662583649158e-03
1.827450469136238098e-03
1.827424159273505211e-03
1.827397732995450497e-03
1.827370841056108475e-03
1.827349071390926838e-03
1.829516142606735229e-03
1.827845699153840542e-03
1.827282714657485485e-03
1.827254774980247021e-03
1.827223575673997402e-03
1.827196450904011726e-03
1.827170141041278839e-03
1.827143831178545952e-03
1.827116706408560276e-03
1.827089465223252773e-03
1.827061641961336136e-03
1.827037194743752480e-03
1.827290165238082409e-03
1.827421132475137711e-03
1.827021362259984016e-03
1.826945808716118336e-03
1.826911116950213909e-03
1.826882129535079002e-03
1.826854422688484192e-03
1.826826017349958420e-03
1.826797495596110821e-03
1.826768391765654087e-03
1.826738705858588219e-03
1.826708321459591389e-03
1.826677471399307251e-03
1.826646039262413979e-03
1.826628111302852631e-03
1.829058164730668068e-03
1.827365835197269917e-03
1.826542196795344353e-03
1.826513442210853100e-03
1.826469320803880692e-03
1.826435793191194534e-03
1.826403778977692127e-03
1.826424500904977322e-03
1.828011707402765751e-03
1.826633000746369362e-03
1.826326129958033562e-03
1.826246618293225765e-03
1.826208783313632011e-03
1.826172578148543835e-03
1.826136023737490177e-03
1.826098770834505558e-03
1.826069550588726997e-03
1.827074331231415272e-03
1.826436026021838188e-03
1.825975719839334488e-03
1.825920422561466694e-03
1.825876417569816113e-03
1.825834391638636589e-03
1.825792132876813412e-03
1.825748360715806484e-03
1.825703773647546768e-03
1.825657207518815994e-03
1.825781539082527161e-03
1.827533706091344357e-03
1.825826941058039665e-03
1.825525192543864250e-03
1.825445098802447319e-03
1.825391547754406929e-03
1.825342304073274136e-03
1.825291430577635765e-03
1.825239160098135471e-03
1.825238578021526337e-03
1.828236156143248081e-03
1.825594692490994930e-03
1.825091312639415264e-03
1.824981882236897945e-03
1.824924838729202747e-03
1.824864884838461876e-03
1.824803068302571774e-03
1.824739389121532440e-03
1.824673614464700222e-03
1.824605511501431465e-03
1.824536477215588093e-03
1.835113042034208775e-03
1.825068960897624493e-03
1.824412494897842407e-03
1.824271515943109989e-03
1.824196544475853443e-03
1.824117265641689301e-03
1.824036939069628716e-03
1.823953934945166111e-03
1.823867787607014179e-03
1.823778147809207439e-03
1.823685015551745892e-03
1.823784550651907921e-03
1.825589570216834545e-03
1.823649508878588676e-03
1.823334838263690472e-03
1.823238329961895943e-03
1.823131344281136990e-03
1.823025057092308998e-03
1.822913647629320621e-03
1.822796999476850033e-03
1.822673948481678963e-03
1.822544028982520103e-03
1.822469872422516346e-03
1.823304337449371815e-03
1.822327147237956524e-03
1.822075573727488518e-03
1.821869052946567535e-03
1.821708865463733673e-03
1.821536454372107983e-03
1.821350771933794022e-03
1.821149373427033424e-03
1.820930279791355133e-03
1.820689765736460686e-03
1.820579054765403271e-03
1.823079423047602177e-03
1.820347504690289497e-03
1.819678815081715584e-03
1.819319091737270355e-03
1.818950637243688107e-03
1.818545511923730373e-03
1.818088698200881481e-03
1.817568787373602390e-03
1.816972740925848484e-03
1.816696720197796822e-03
1.816501142457127571e-03
1.815516036003828049e-03
1.814199029467999935e-03
1.813295180909335613e-03
1.812258153222501278e-03
1.811062917113304138e-03
1.809678622521460056e-03
1.808077329769730568e-03
1.810846268199384212e-03
1.804802101105451584e-03
1.802991842851042747e-03
1.800811965949833393e-03
1.798408222384750843e-03
1.810404937714338303e-03
1.793315052054822445e-03
1.790484413504600525e-03
1.787092303857207298e-03
1.783490763045847416e-03
1.780175720341503620e-03
1.779925078153610229e-03
1.773103838786482811e-03
1.769568421877920628e-03
1.766482484526932240e-03
1.763612264767289162e-03
1.761129009537398815e-03
1.764573389664292336e-03
1.756421639584004879e-03
1.753779943101108074e-03
1.751385862007737160e-03
1.748970360495150089e-03
1.746527384966611862e-03
1.750853727571666241e-03
1.742564374580979347e-03
1.739774248562753201e-03
1.738140825182199478e-03
1.739823142997920513e-03
1.734653254970908165e-03
1.732681179419159889e-03
1.731215859763324261e-03
1.729930401779711246e-03
1.728767296299338341e-03
1.727725146338343620e-03
1.726797432638704777e-03
1.737185870297253132e-03
1.726403017528355122e-03
1.725012902170419693e-03
1.724271103739738464e-03
1.723764813505113125e-03
1.723319524899125099e-03
1.722909277305006981e-03
1.722529530525207520e-03
1.722175977192819118e-03
1.721844193525612354e-03
1.721637672744691372e-03
1.723422785289585590e-03
1.721588894724845886e-03
1.720782020129263401e-03
1.720548607409000397e-03
1.720315893180668354e-03
1.720095635391771793e-03
1.719882595352828503e-03
1.719675259664654732e-03
1.719473628327250481e-03
1.719279098324477673e-03
1.737414160743355751e-03
1.718967338092625141e-03
1.718774205073714256e-03
1.718621002510190010e-03
1.718438346870243549e-03
1.718280604109168053e-03
1.718125655315816402e-03
1.717973500490188599e-03
1.717824139632284641e-03
1.717676874250173569e-03
1.717532286420464516e-03
1.717390026897192001e-03
1.717663719318807125e-03
1.721747219562530518e-03
1.717086415737867355e-03
1.716921920888125896e-03
1.716778730042278767e-03
1.716654165647923946e-03
1.716537633910775185e-03
1.716423430480062962e-03
1.716310507617890835e-03
1.716199098154902458e-03
1.716088852845132351e-03
1.716069527901709080e-03
1.720464671961963177e-03
1.716109458357095718e-03
1.715707709081470966e-03
1.715593622066080570e-03
1.715495251119136810e-03
1.715399557724595070e-03
1.715305610559880733e-03
1.715212594717741013e-03
1.715120626613497734e-03
1.715046120807528496e-03
1.715062651783227921e-03
1.715817255899310112e-03
1.714861835353076458e-03
1.714711193926632404e-03
1.714621088467538357e-03
1.714539248496294022e-03
1.714459387585520744e-03
1.714380225166678429e-03
1.714301295578479767e-03
1.714223064482212067e-03
1.714145182631909847e-03
1.714076148346066475e-03
1.717110979370772839e-03
1.714252983219921589e-03
1.714053447358310223e-03
1.713814679533243179e-03
1.713719917461276054e-03
1.713647041469812393e-03
1.713577192276716232e-03
1.713517704047262669e-03
1.719854073598980904e-03
1.713611185550689697e-03
1.713457051664590836e-03
1.713268575258553028e-03
1.713194651529192924e-03
1.713129342533648014e-03
1.713066594675183296e-03
1.713004312478005886e-03
1.712941681034862995e-03
1.712879515253007412e-03
1.712817349471151829e-03
1.712835626676678658e-03
1.716033555567264557e-03
1.713055768050253391e-03
1.712681143544614315e-03
1.712549361400306225e-03
1.712485449388623238e-03
1.712429802864789963e-03
1.712375204078853130e-03
1.712320721708238125e-03
1.712266122922301292e-03
1.712211756967008114e-03
1.712157041765749454e-03
1.712102792225778103e-03
1.712048309855163097e-03
1.711994875222444534e-03
1.725982641801238060e-03
1.712399302050471306e-03
1.711871824227273464e-03
1.711802673526108265e-03
1.711749238893389702e-03
1.711695571430027485e-03
1.711646211333572865e-03
1.711596618406474590e-03
1.711547258310019970e-03
1.711568795144557953e-03
1.712811994366347790e-03
1.711596967652440071e-03
1.711376477032899857e-03
1.711314776912331581e-03
1.711265882477164268e-03
1.711218035779893398e-03
1.711189397610723972e-03
1.719442312605679035e-03
1.712056342512369156e-03
1.711160759441554546e-03
1.710997312329709530e-03
1.710951328277587891e-03
1.710904645733535290e-03
1.710859825834631920e-03
1.710815238766372204e-03
1.710771466605365276e-03
1.715402584522962570e-03
1.712759025394916534e-03
1.710894866846501827e-03
1.710628508590161800e-03
1.710568903945386410e-03
1.710524666123092175e-03
1.710483455099165440e-03
1.710442127659916878e-03
1.710401149466633797e-03
1.710555981844663620e-03
1.713665900751948357e-03
1.710531185381114483e-03
1.710268319584429264e-03
1.710208714939653873e-03
1.710169948637485504e-03
1.710131065919995308e-03
1.710092066787183285e-03
1.710053533315658569e-03
1.710014883428812027e-03
1.709996024146676064e-03
1.715887454338371754e-03
1.710266456939280033e-03
1.709935371764004230e-03
1.709836535155773163e-03
1.709799864329397678e-03
1.709762495011091232e-03
1.709726639091968536e-03
1.709755277261137962e-03
1.711799995973706245e-03
1.710027456283569336e-03
1.709669479168951511e-03
1.709562493488192558e-03
1.709522912278771400e-03
1.709487871266901493e-03
1.709453761577606201e-03
1.709419535472989082e-03
1.709385309368371964e-03
1.709364121779799461e-03
1.712415600195527077e-03
1.709291944280266762e-03
1.709306729026138783e-03
1.709234551526606083e-03
1.709196483716368675e-03
1.709164353087544441e-03
1.709132688120007515e-03
1.709101023152470589e-03
1.709069358184933662e-03
1.709037576802074909e-03
1.709005679003894329e-03
1.710810465738177299e-03
1.709540141746401787e-03
1.709190546534955502e-03
1.708942581899464130e-03
1.708866795524954796e-03
1.708831754513084888e-03
1.708801952190697193e-03
1.708772848360240459e-03
1.708743395283818245e-03
1.708714291453361511e-03
1.708687166683375835e-03
1.714979298412799835e-03
1.708726282231509686e-03
1.708668889477849007e-03
1.708579249680042267e-03
1.708545256406068802e-03
1.708516851067543030e-03
1.708488445729017258e-03
1.708677038550376892e-03
1.710479729808866978e-03
1.708684256300330162e-03
1.708432333543896675e-03
1.708357245661318302e-03
1.708327792584896088e-03
1.708300318568944931e-03
1.708273310214281082e-03
1.708245836198329926e-03
1.708218362182378769e-03
1.708190888166427612e-03
1.708581461571156979e-03
1.709964475594460964e-03
1.708388095721602440e-03
1.708134426735341549e-03
1.708071329630911350e-03
1.708089839667081833e-03
1.711809891276061535e-03
1.708046649582684040e-03
1.707966555841267109e-03
1.707937219180166721e-03
1.707910909317433834e-03
1.707887626253068447e-03
1.708531170152127743e-03
1.708936993964016438e-03
1.708097173832356930e-03
1.707788440398871899e-03
1.707763411104679108e-03
1.707736519165337086e-03
1.707711373455822468e-03
1.707686926238238811e-03
1.708332798443734646e-03
1.709592412225902081e-03
1.707850373350083828e-03
1.707599265500903130e-03
1.707569113932549953e-03
1.707543153315782547e-03
1.707518589682877064e-03
1.707494142465293407e-03
1.707560848444700241e-03
1.710906741209328175e-03
1.707753515802323818e-03
1.707412651740014553e-03
1.707378891296684742e-03
1.707354094833135605e-03
1.707330113276839256e-03
1.707306248135864735e-03
1.707307528704404831e-03
1.709416392259299755e-03
1.707480172626674175e-03
1.707228831946849823e-03
1.707193674519658089e-03
1.707169110886752605e-03
1.707149087451398373e-03
1.708585652522742748e-03
1.707282266579568386e-03
1.707204733975231647e-03
1.707071671262383461e-03
1.707037677988409996e-03
1.707010553218424320e-03
1.706987386569380760e-03
1.706965267658233643e-03
1.708643627353012562e-03
1.708027208223938942e-03
1.706957351416349411e-03
1.706901937723159790e-03
1.706859562546014786e-03
1.706832437776029110e-03
1.706809620372951031e-03
1.706786919385194778e-03
1.706819166429340839e-03
1.709111384116113186e-03
1.707271556369960308e-03
1.706702401861548424e-03
1.706681447103619576e-03
1.706656650640070438e-03
1.706634648144245148e-03
1.706612296402454376e-03
1.706595532596111298e-03
1.710932934656739235e-03
1.707095070742070675e-03
1.706581446342170238e-03
1.706516603007912636e-03
1.706487615592777729e-03
1.706465845927596092e-03
1.706444076262414455e-03
1.706422423012554646e-03
1.706430222839117050e-03
1.706533250398933887e-03
1.706756884232163429e-03
1.706430804915726185e-03
1.706334296613931656e-03
1.706299954093992710e-03
1.706278184428811073e-03
1.706256880424916744e-03
1.706235227175056934e-03
1.706213690340518951e-03
1.706191920675337315e-03
1.706257229670882225e-03
1.709304400719702244e-03
1.706550596281886101e-03
1.706146984361112118e-03
1.706098555587232113e-03
1.706074108369648457e-03
1.706053502857685089e-03
1.706032897345721722e-03
1.706012291833758354e-03
1.705991686321794987e-03
1.705970731563866138e-03
1.705950126051902771e-03
1.714622485451400280e-03
1.707031624391674995e-03
1.705931266769766808e-03
1.705879112705588341e-03
1.705855946056544781e-03
1.705835456959903240e-03
1.705815084278583527e-03
1.705795293673872948e-03
1.705775270238518715e-03
1.705754781141877174e-03
1.705734641291201115e-03
1.705714035779237747e-03
1.705693430267274380e-03
1.705793547444045544e-03
1.709202886559069157e-03
1.706255716271698475e-03
1.705678179860115051e-03
1.705619040876626968e-03
1.705589587800204754e-03
1.705571310594677925e-03
1.705553033389151096e-03
1.705534523352980614e-03
1.705516013316810131e-03
1.705497270449995995e-03
1.705478760413825512e-03
1.705459901131689548e-03
1.705440809018909931e-03
1.705421833321452141e-03
1.705402741208672523e-03
1.705383416265249252e-03
1.705367234535515308e-03
1.712479977868497372e-03
1.706360257230699062e-03
1.705460483208298683e-03
1.705306931398808956e-03
1.705280505120754242e-03
1.705259433947503567e-03
1.705241156741976738e-03
1.705222995951771736e-03
1.705204369500279427e-03
1.705185626633465290e-03
1.705167000181972980e-03
1.705148257315158844e-03
1.705129630863666534e-03
1.705428119748830795e-03
1.706635579466819763e-03
1.705457456409931183e-03
1.705100992694497108e-03
1.705049886368215084e-03
1.705027883872389793e-03
1.705009839497506618e-03
1.704991911537945271e-03
1.704974099993705750e-03
1.704956055618822575e-03
1.704938127659261227e-03
1.704919966869056225e-03
1.705237315036356449e-03
1.706510898657143116e-03
1.704880851320922375e-03
1.704867463558912277e-03
1.704840804450213909e-03
1.704819267615675926e-03
1.704801572486758232e-03
1.704788301140069962e-03
1.714292913675308228e-03
1.705263857729732990e-03
1.704777823761105537e-03
1.704724854789674282e-03
1.704705762676894665e-03
1.704687601886689663e-03
1.704670838080346584e-03
1.704654074274003506e-03
1.704638241790235043e-03
1.709625590592622757e-03
1.704826718196272850e-03
1.704768161289393902e-03
1.704598194919526577e-03
1.704561989754438400e-03
1.704544178210198879e-03
1.704527647234499454e-03
1.704511232674121857e-03
1.704494818113744259e-03
1.704478403553366661e-03
1.704464317299425602e-03
1.714059384539723396e-03
1.704746740870177746e-03
1.704493304714560509e-03
1.704416587017476559e-03
1.704387599602341652e-03
1.704371068626642227e-03
1.704355585388839245e-03
1.712024444714188576e-03
1.705687260255217552e-03
1.704371650703251362e-03
1.704326830804347992e-03
1.704285969026386738e-03
1.704271300695836544e-03
1.704256399534642696e-03
1.704241731204092503e-03
1.704226597212255001e-03
1.704211928881704807e-03
1.704196911305189133e-03
1.704181777313351631e-03
1.704175141640007496e-03
1.706416253000497818e-03
1.705291098915040493e-03
1.704240799881517887e-03
1.704121124930679798e-03
1.704102149233222008e-03
1.704085734672844410e-03
1.704071182757616043e-03
1.704056514427065849e-03
1.704042195342481136e-03
1.704027527011930943e-03
1.704012975096702576e-03
1.703998190350830555e-03
1.703997724689543247e-03
1.709823962301015854e-03
1.704504014924168587e-03
1.703949877992272377e-03
1.703935442492365837e-03
1.703917863778769970e-03
1.703903195448219776e-03
1.703893649391829967e-03
1.715287333354353905e-03
1.705048140138387680e-03
1.703963265754282475e-03
1.703848829492926598e-03
1.703828340396285057e-03
1.703812391497194767e-03
1.703798654489219189e-03
1.703785033896565437e-03
1.703771413303911686e-03
1.703757792711257935e-03
1.703753601759672165e-03
1.705026719719171524e-03
1.704843132756650448e-03
1.703805522993206978e-03
1.703701913356781006e-03
1.703683286905288696e-03
1.703669317066669464e-03
1.703655929304659367e-03
1.703642657957971096e-03
1.703629270195960999e-03
1.703615533187985420e-03
1.703602145425975323e-03
1.703588408417999744e-03
1.703574554994702339e-03
1.704011345282196999e-03
1.705739414319396019e-03
1.704060938209295273e-03
1.703549525700509548e-03
1.703521702438592911e-03
1.703502843156456947e-03
1.703490037471055984e-03
1.703477231785655022e-03
1.703464658930897713e-03
1.703451736830174923e-03
1.703438931144773960e-03
1.703425776213407516e-03
1.703412970528006554e-03
1.705146743915975094e-03
1.705482602119445801e-03
1.703519257716834545e-03
1.703371410258114338e-03
1.703355344943702221e-03
1.703339396044611931e-03
1.703326124697923660e-03
1.703313202597200871e-03
1.703300047665834427e-03
1.703287125565111637e-03
1.703285612165927887e-03
1.705449307337403297e-03
1.703963382169604301e-03
1.703253365121781826e-03
1.703238580375909805e-03
1.703215413726866245e-03
1.703200512565672398e-03
1.703187124803662300e-03
1.703174202702939510e-03
1.703161047771573067e-03
1.703147660009562969e-03
1.703134272247552872e-03
1.703148824162781239e-03
1.706162816844880581e-03
1.703307847492396832e-03
1.703091547824442387e-03
1.703076181001961231e-03
1.703135785646736622e-03
1.703287824057042599e-03
1.703493995591998100e-03
1.703029614873230457e-03
1.703009940683841705e-03
1.702998531982302666e-03
1.702984329313039780e-03
1.702971407212316990e-03
1.703029964119195938e-03
1.708093797788023949e-03
1.703112036921083927e-03
1.702966284938156605e-03
1.702921581454575062e-03
1.702899113297462463e-03
1.702885027043521404e-03
1.702871988527476788e-03
1.702859066426753998e-03
1.702845911495387554e-03
1.702832756564021111e-03
1.702819368802011013e-03
1.703704358078539371e-03
1.706279348582029343e-03
1.703064539469778538e-03
1.702773268334567547e-03
1.702763140201568604e-03
1.702745794318616390e-03
1.702732639387249947e-03
1.702719600871205330e-03
1.702706445939838886e-03
1.702693174593150616e-03
1.702679786831140518e-03
1.703708549030125141e-03
1.702816924080252647e-03
1.702691195532679558e-03
1.702649053186178207e-03
1.702618785202503204e-03
1.702605397440493107e-03
1.702971989288926125e-03
1.704106689430773258e-03
1.702811801806092262e-03
1.702601555734872818e-03
1.702542882412672043e-03
1.702530193142592907e-03
1.702517271041870117e-03
1.702503883279860020e-03
1.702490961179137230e-03
1.702507026493549347e-03
1.703369431197643280e-03
1.703210989944636822e-03
1.702456851489841938e-03
1.702441019006073475e-03
1.702417735941708088e-03
1.702403184026479721e-03
1.702390261925756931e-03
1.702376874163746834e-03
1.702363486401736736e-03
1.702350215055048466e-03
1.702660694718360901e-03
1.703370013274252415e-03
1.702408539131283760e-03
1.703972928225994110e-03
1.702555571682751179e-03
1.702314708381891251e-03
1.702272333204746246e-03
1.702250097878277302e-03
1.703050220385193825e-03
1.702393055893480778e-03
1.702371751889586449e-03
1.702220877632498741e-03
1.702190027572214603e-03
1.702172448858618736e-03
1.702158711850643158e-03
1.702145324088633060e-03
1.702153007499873638e-03
1.703991671092808247e-03
1.702142646536231041e-03
1.702131819911301136e-03
1.702086650766432285e-03
1.702069072052836418e-03
1.702055335044860840e-03
1.702041598036885262e-03
1.702028093859553337e-03
1.702069072052836418e-03
1.703489688225090504e-03
1.702017965726554394e-03
1.701997942291200161e-03
1.702678971923887730e-03
1.702250214293599129e-03
1.702143810689449310e-03
1.701934379525482655e-03
1.701916684396564960e-03
1.701899454928934574e-03
1.701886183582246304e-03
1.701872562989592552e-03
1.701959758065640926e-03
1.705639064311981201e-03
1.702289911918342113e-03
1.701853936538100243e-03
1.701815403066575527e-03
1.701795728877186775e-03
1.701781759038567543e-03
1.701768022030591965e-03
1.701754168607294559e-03
1.701740431599318981e-03
1.703389687463641167e-03
1.702777459286153316e-03
1.701754285022616386e-03
1.701727276667952538e-03
1.702082809060811996e-03
1.702521811239421368e-03
1.701762201264500618e-03
1.701636705547571182e-03
1.701622153632342815e-03
1.701631117612123489e-03
1.707526389509439468e-03
1.702055451460182667e-03
1.701574656181037426e-03
1.701557543128728867e-03
1.701544155366718769e-03
1.701528904959559441e-03
1.701522618532180786e-03
1.709528733044862747e-03
1.701493398286402225e-03
1.701487926766276360e-03
1.701479661278426647e-03
1.701447647064924240e-03
1.701433560810983181e-03
1.701419241726398468e-03
1.701405271887779236e-03
1.707873889245092869e-03
1.701587578281760216e-03
1.701430068351328373e-03
1.701362198218703270e-03
1.701338333077728748e-03
1.710038282908499241e-03
1.702812383882701397e-03
1.701318542473018169e-03
1.701315632089972496e-03
1.701274421066045761e-03
1.701259519904851913e-03
1.701245782896876335e-03
1.701231696642935276e-03
1.701217610388994217e-03
1.701203524135053158e-03
1.701188972219824791e-03
1.701174536719918251e-03
1.701221452094614506e-03
1.706954557448625565e-03
1.701799337752163410e-03
1.701190951280295849e-03
1.701108878478407860e-03
1.701095141470432281e-03
1.701079541817307472e-03
1.701064989902079105e-03
1.701050554402172565e-03
1.701035653240978718e-03
1.701020752079784870e-03
1.701006316579878330e-03
1.704712049104273319e-03
1.701465575024485588e-03
1.700978609733283520e-03
1.701252302154898643e-03
1.702588051557540894e-03
1.701021683402359486e-03
1.700906665064394474e-03
1.700894674286246300e-03
1.700876047834753990e-03
1.700861495919525623e-03
1.701476983726024628e-03
1.701167086139321327e-03
1.700955908745527267e-03
1.700838445685803890e-03
1.700787688605487347e-03
1.700772205367684364e-03
1.700756838545203209e-03
1.700741122476756573e-03
1.700725872069597244e-03
1.701992703601717949e-03
1.702687819488346577e-03
1.700779306702315807e-03
1.700677094049751759e-03
1.700652646832168102e-03
1.700634951703250408e-03
1.700618653558194637e-03
1.700602704659104347e-03
1.700586522929370403e-03
1.701300381682813168e-03
1.701898756437003613e-03
1.700728200376033783e-03
1.700542983599007130e-03
1.700510736554861069e-03
1.700492808595299721e-03
1.700475811958312988e-03
1.700459280982613564e-03
1.700763241387903690e-03
1.703527639620006084e-03
1.700801192782819271e-03
1.700439024716615677e-03
1.700382912531495094e-03
1.700367662124335766e-03
1.700350316241383553e-03
1.700333785265684128e-03
1.700316905044019222e-03
1.700300024822354317e-03
1.700282678939402103e-03
1.700265100225806236e-03
1.700247288681566715e-03
1.700229244306683540e-03
1.700218184851109982e-03
1.701815985143184662e-03
1.700492808595299721e-03
1.700175809673964977e-03
1.700154854916036129e-03
1.700129127129912376e-03
1.700110966339707375e-03
1.700093038380146027e-03
1.700074877589941025e-03
1.700056600384414196e-03
1.700038090348243713e-03
1.700019231066107750e-03
1.702118664979934692e-03
1.700757537037134171e-03
1.700105378404259682e-03
1.699957181699573994e-03
1.699928194284439087e-03
1.699909684248268604e-03
1.699890126474201679e-03
1.699876389466226101e-03
1.709086238406598568e-03
1.700342167168855667e-03
1.699910731986165047e-03
1.699798973277211189e-03
1.699777902103960514e-03
1.699755783192813396e-03
1.699735643342137337e-03
1.699714804999530315e-03
1.699693617410957813e-03
1.699675340205430984e-03
1.712560770101845264e-03
1.700049149803817272e-03
1.699617016129195690e-03
1.699605374597012997e-03
1.699573127552866936e-03
1.699551125057041645e-03
1.699529238976538181e-03
1.699507120065391064e-03
1.699484535492956638e-03
1.699461718089878559e-03
1.699438784271478653e-03
1.699589309282600880e-03
1.700205728411674500e-03
1.699442276731133461e-03
1.699370099231600761e-03
1.699408632703125477e-03
1.700650784187018871e-03
1.699344371445477009e-03
1.699275919236242771e-03
1.699235639534890652e-03
1.699206884950399399e-03
1.699182437732815742e-03
1.701753237284719944e-03
1.700313296169042587e-03
1.699167536571621895e-03
1.699121203273534775e-03
1.699065789580345154e-03
1.699037500657141209e-03
1.699011540040373802e-03
1.698985463008284569e-03
1.698958920314908028e-03
1.698931679129600525e-03
1.698903855867683887e-03
1.698902691714465618e-03
1.703494577668607235e-03
1.699048210866749287e-03
1.698837615549564362e-03
1.698786276392638683e-03
1.698746695183217525e-03
1.698718988336622715e-03
1.698690699413418770e-03
1.698662177659571171e-03
1.698632724583148956e-03
1.698603038676083088e-03
1.698573119938373566e-03
1.698627020232379436e-03
1.698920968919992447e-03
1.698698615655303001e-03
1.698455424048006535e-03
1.698487671092152596e-03
1.699275220744311810e-03
1.698624808341264725e-03
1.698384643532335758e-03
1.698308275081217289e-03
1.698267529718577862e-03
1.698234933428466320e-03
1.698203966952860355e-03
1.705921138636767864e-03
1.698353094980120659e-03
1.698244828730821609e-03
1.698094536550343037e-03
1.698039588518440723e-03
1.698004081845283508e-03
1.697968575172126293e-03
1.697932719253003597e-03
1.697896397672593594e-03
1.697859144769608974e-03
1.698069740086793900e-03
1.697993371635675430e-03
1.698189880698919296e-03
1.697735162451863289e-03
1.697686384432017803e-03
1.697641331702470779e-03
1.697601634077727795e-03
1.697562402114272118e-03
1.697522122412919998e-03
1.697483356110751629e-03
1.700192922726273537e-03
1.697557047009468079e-03
1.697405939921736717e-03
1.697322470135986805e-03
1.697422703728079796e-03
1.699935644865036011e-03
1.697223400697112083e-03
1.697182073257863522e-03
1.697115134447813034e-03
1.697071827948093414e-03
1.697027590125799179e-03
1.696983119472861290e-03
1.696937950327992439e-03
1.696891733445227146e-03
1.696845982223749161e-03
1.705719856545329094e-03
1.698075095191597939e-03
1.696726190857589245e-03
1.696692779660224915e-03
1.696620485745370388e-03
1.696570543572306633e-03
1.696521765552461147e-03
1.696472172625362873e-03
1.696421764791011810e-03
1.696370076388120651e-03
1.696317573077976704e-03
1.696272403933107853e-03
1.699808868579566479e-03
1.696618390269577503e-03
1.696189050562679768e-03
1.696134568192064762e-03
1.698371488600969315e-03
1.696146326139569283e-03
1.695943414233624935e-03
1.695849932730197906e-03
1.695794635452330112e-03
1.695785904303193092e-03
1.695765997283160686e-03
1.695851096883416176e-03
1.695642946287989616e-03
1.695516752079129219e-03
1.695459126494824886e-03
1.695400336757302284e-03
1.695340499281883240e-03
1.695280079729855061e-03
1.696745981462299824e-03
1.697204541414976120e-03
1.695234444923698902e-03
1.695064827799797058e-03
1.694985898211598396e-03
1.694919774308800697e-03
1.694856211543083191e-03
1.694791950285434723e-03
1.694726175628602505e-03
1.694659353233873844e-03
1.694595324806869030e-03
1.702313194982707500e-03
1.695178565569221973e-03
1.694425707682967186e-03
1.694350037723779678e-03
1.694269943982362747e-03
1.694202539511024952e-03
1.694133854471147060e-03
1.694063888862729073e-03
1.693992991931736469e-03
1.693920232355594635e-03
1.693846425041556358e-03
1.693781232461333275e-03
1.698252861388027668e-03
1.693885424174368382e-03
1.693594735115766525e-03
1.693495083600282669e-03
1.693414989858865738e-03
1.693340600468218327e-03
1.693264348432421684e-03
1.693187281489372253e-03
1.693562138825654984e-03
1.693724072538316250e-03
1.693281461484730244e-03
1.692886347882449627e-03
1.692808116786181927e-03
1.692726858891546726e-03
1.692645600996911526e-03
1.692562247626483440e-03
1.692477380856871605e-03
1.692390418611466885e-03
1.692301477305591106e-03
1.692233956418931484e-03
1.698557287454605103e-03
1.692463993094861507e-03
1.691991812549531460e-03
1.691872021183371544e-03
1.691778888925909996e-03
1.691685291007161140e-03
1.691589830443263054e-03
1.691492390818893909e-03
1.691392506472766399e-03
1.691289711743593216e-03
1.691184006631374359e-03
1.691075507551431656e-03
1.690964447334408760e-03
1.706734183244407177e-03
1.691426965408027172e-03
1.690771430730819702e-03
1.690547564066946507e-03
1.690432080067694187e-03
1.690314966253936291e-03
1.690196222625672817e-03
1.690073404461145401e-03
1.689946744590997696e-03
1.689815078862011433e-03
1.689679338596761227e-03
1.689537777565419674e-03
1.689392025582492352e-03
1.702748588286340237e-03
1.689992146566510201e-03
1.689110533334314823e-03
1.688837190158665180e-03
1.688645337708294392e-03
1.688479213044047356e-03
1.688305637799203396e-03
1.688125194050371647e-03
1.687936950474977493e-03
1.687740441411733627e-03
1.687536248937249184e-03
1.692010671831667423e-03
1.687668147496879101e-03
1.687048468738794327e-03
1.686709001660346985e-03
1.686513423919677734e-03
1.692457357421517372e-03
1.686272560618817806e-03
1.685804571025073528e-03
1.685539958998560905e-03
1.685286290012300014e-03
1.685052062384784222e-03
1.689324388280510902e-03
1.685098046436905861e-03
1.684224698692560196e-03
1.683952519670128822e-03
1.683658221736550331e-03
1.683364622294902802e-03
1.683082547970116138e-03
1.683582318946719170e-03
1.682748785242438316e-03
1.682275324128568172e-03
1.681902213022112846e-03
1.681592664681375027e-03
1.681283116340637207e-03
1.680969609878957272e-03
1.680652145296335220e-03
1.681709778495132923e-03
1.682430971413850784e-03
1.679907785728573799e-03
1.679450157098472118e-03
1.679126289673149586e-03
1.678811269812285900e-03
1.678496948443353176e-03
1.678179483860731125e-03
1.677859108895063400e-03
1.679975888691842556e-03
1.678229426033794880e-03
1.677244086749851704e-03
1.676656887866556644e-03
1.676340820267796516e-03
1.676029758527874947e-03
1.675716950558125973e-03
1.675400650128722191e-03
1.675080275163054466e-03
1.674755476415157318e-03
1.674644066952168941e-03
1.675041974522173405e-03
1.674199244007468224e-03
1.673529623076319695e-03
1.673187944106757641e-03
1.672866404987871647e-03
1.672537997364997864e-03
1.672203070484101772e-03
1.671860809437930584e-03
1.671511214226484299e-03
1.671233680099248886e-03
1.675160601735115051e-03
1.671120407991111279e-03
1.670155674219131470e-03
1.669791410677134991e-03
1.669417484663426876e-03
1.669044839218258858e-03
1.668663928285241127e-03
1.668273704126477242e-03
1.667873701080679893e-03
1.667464035563170910e-03
1.673367689363658428e-03
1.668338198214769363e-03
1.666315365582704544e-03
1.665898133069276810e-03
1.665467047132551670e-03
1.665046089328825474e-03
1.664617098867893219e-03
1.664179726503789425e-03
1.663733273744583130e-03
1.663278206251561642e-03
1.663313014432787895e-03
1.663074828684329987e-03
1.662144670262932777e-03
1.661515794694423676e-03
1.661038491874933243e-03
1.662684953771531582e-03
1.661727437749505043e-03
1.659826608374714851e-03
1.659247558563947678e-03
1.658785389736294746e-03
1.658326829783618450e-03
1.657862216234207153e-03
1.657670596614480019e-03
1.657179556787014008e-03
1.657127286307513714e-03
1.656101318076252937e-03
1.655647181905806065e-03
1.655205502174794674e-03
1.654759980738162994e-03
1.654314575716853142e-03
1.653868588618934155e-03
1.653491519391536713e-03
1.659351284615695477e-03
1.653252169489860535e-03
1.652226201258599758e-03
1.651817816309630871e-03
1.651401864364743233e-03
1.650997088290750980e-03
1.650594873353838921e-03
1.650193356908857822e-03
1.649793237447738647e-03
1.650131889618933201e-03
1.652480103075504303e-03
1.648944453336298466e-03
1.648400677368044853e-03
1.647982513532042503e-03
1.647622673772275448e-03
1.647268072701990604e-03
1.646914286538958549e-03
1.646561548113822937e-03
1.646209508180618286e-03
1.645878539420664310e-03
1.654491992667317390e-03
1.645890763029456139e-03
1.645046169869601727e-03
1.644654432311654091e-03
1.644339296035468578e-03
1.644031144678592682e-03
1.643724157474935055e-03
1.643417170271277428e-03
1.643109833821654320e-03
1.642801682464778423e-03
1.642493065446615219e-03
1.642183284275233746e-03
1.650290680117905140e-03
1.643516472540795803e-03
1.641438459046185017e-03
1.641091308556497097e-03
1.640777685679495335e-03
1.640489208512008190e-03
1.640202477574348450e-03
1.639914233237504959e-03
1.639624359086155891e-03
1.639336696825921535e-03
1.646050368435680866e-03
1.640391070395708084e-03
1.638747751712799072e-03
1.638283836655318737e-03
1.638010726310312748e-03
1.637734938412904739e-03
1.637459499761462212e-03
1.637181965634226799e-03
1.636902219615876675e-03
1.636621658690273762e-03
1.654399442486464977e-03
1.638008630834519863e-03
1.635957509279251099e-03
1.635629218071699142e-03
1.635332009755074978e-03
1.635061809793114662e-03
1.634795335121452808e-03
1.634528161957859993e-03
1.634260290302336216e-03
1.639560330659151077e-03
1.633831416256725788e-03
1.633923733606934547e-03
1.633296138606965542e-03
1.633039675652980804e-03
1.632792409509420395e-03
1.632545841857790947e-03
1.632300089113414288e-03
1.632055384106934071e-03
1.631875173188745975e-03
1.637445413507521152e-03
1.631834777072072029e-03
1.631219987757503986e-03
1.630997750908136368e-03
1.630765269510447979e-03
1.630553393624722958e-03
1.630342798307538033e-03
1.630133367143571377e-03
1.629925100132822990e-03
1.629718346521258354e-03
1.629515201784670353e-03
1.643923576921224594e-03
1.631171326152980328e-03
1.629277365282177925e-03
1.628842670470476151e-03
1.628635218366980553e-03
1.628457219339907169e-03
1.628281315788626671e-03
1.628106459975242615e-03
1.627932651899755001e-03
1.627759658731520176e-03
1.627587713301181793e-03
1.627496676519513130e-03
1.628924510441720486e-03
1.627827179618179798e-03
1.627166755497455597e-03
1.626869197934865952e-03
1.626701676286756992e-03
1.626553246751427650e-03
1.626406097784638405e-03
1.626259181648492813e-03
1.626113080419600010e-03
1.625967212021350861e-03
1.625821692869067192e-03
1.625676639378070831e-03
1.626868615858256817e-03
1.630806713365018368e-03
1.625896431505680084e-03
1.625219127163290977e-03
1.625046133995056152e-03
1.624908065423369408e-03
1.624778145924210548e-03
1.624648226425051689e-03
1.624518772587180138e-03
1.624389085918664932e-03
1.624259515665471554e-03
1.624142751097679138e-03
1.624855329282581806e-03
1.624498283490538597e-03
1.623917021788656712e-03
1.623713294975459576e-03
1.623566611669957638e-03
1.623448566533625126e-03
1.623331801965832710e-03
1.623215037398040295e-03
1.623097923584282398e-03
1.622980809770524502e-03
1.622863695956766605e-03
1.622766605578362942e-03
1.624754047952592373e-03
1.623367425054311752e-03
1.622596289962530136e-03
1.622342853806912899e-03
1.622236450202763081e-03
1.622127485461533070e-03
1.622021198272705078e-03
1.621915260329842567e-03
1.621808973141014576e-03
1.621702685952186584e-03
1.621596515178680420e-03
1.621634582988917828e-03
1.625110162422060966e-03
1.621670904569327831e-03
1.621288596652448177e-03
1.621149247512221336e-03
1.621035160496830940e-03
1.620939234271645546e-03
1.620844472199678421e-03
1.620749593712389469e-03
1.620654598809778690e-03
1.620559603907167912e-03
1.620464841835200787e-03
1.620370429009199142e-03
1.632884144783020020e-03
1.622491749003529549e-03
1.620320137590169907e-03
1.620081835426390171e-03
1.619956223294138908e-03
1.619867631234228611e-03
1.619782182388007641e-03
1.619696966372430325e-03
1.619611517526209354e-03
1.619526301510632038e-03
1.619440852664411068e-03
1.619367394596338272e-03
1.626886310987174511e-03
1.620226190425455570e-03
1.619204296730458736e-03
1.619074726477265358e-03
1.618984155356884003e-03
1.618904294446110725e-03
1.618826994672417641e-03
1.618749927729368210e-03
1.618672511540353298e-03
1.618595444597303867e-03
1.618518377654254436e-03
1.620640512555837631e-03
1.622639945708215237e-03
1.618678681552410126e-03
1.618322567082941532e-03
1.618189620785415173e-03
1.618116395547986031e-03
1.618046197108924389e-03
1.617977512069046497e-03
1.617908594198524952e-03
1.617839792743325233e-03
1.617770758457481861e-03
1.617702073417603970e-03
1.617636065930128098e-03
1.644502743147313595e-03
1.617840491235256195e-03
1.617585541680455208e-03
1.617419417016208172e-03
1.617337809875607491e-03
1.617272500880062580e-03
1.617209985852241516e-03
1.617147820070385933e-03
1.617085654288530350e-03
1.617023372091352940e-03
1.616961206309497356e-03
1.616902532987296581e-03
1.642889692448079586e-03
1.617126050405204296e-03
1.616882858797907829e-03
1.616699155420064926e-03
1.616632565855979919e-03
1.616574008949100971e-03
1.616517198272049427e-03
1.616461086086928844e-03
1.616404857486486435e-03
1.616348628886044025e-03
1.616292516700923443e-03
1.616236404515802860e-03
1.624048338271677494e-03
1.618723617866635323e-03
1.616640016436576843e-03
1.616116729564964771e-03
1.616004854440689087e-03
1.615950372070074081e-03
1.615899964235723019e-03
1.615850371308624744e-03
1.615800778381526470e-03
1.615750836208462715e-03
1.615701243281364441e-03
1.615651301108300686e-03
1.615601358935236931e-03
1.615551300346851349e-03
1.615602406673133373e-03
1.619484624825417995e-03
1.616884139366447926e-03
1.615544315427541733e-03
1.615353394299745560e-03
1.615302404388785362e-03
1.615258515812456608e-03
1.615214860066771507e-03
1.615171437151730061e-03
1.615127664990723133e-03
1.615084009245038033e-03
1.615040586329996586e-03
1.614996697753667831e-03
1.614952809177339077e-03
1.614908920601010323e-03
1.614873413927853107e-03
1.622784533537924290e-03
1.616929192095994949e-03
1.614872133359313011e-03
1.614731503650546074e-03
1.614677254110574722e-03
1.614636974409222603e-03
1.614596927538514137e-03
1.614556415006518364e-03
1.614516368135809898e-03
1.614475972019135952e-03
1.614435692317783833e-03
1.614394946955144405e-03
1.614739187061786652e-03
1.617581117898225784e-03
1.615137793123722076e-03
1.614300534129142761e-03
1.614230917766690254e-03
1.614189823158085346e-03
1.614151289686560631e-03
1.614114386029541492e-03
1.614077715203166008e-03
1.614040927961468697e-03
1.614004140719771385e-03
1.613967120647430420e-03
1.613929867744445801e-03
1.613894943147897720e-03
1.638405374251306057e-03
1.616754336282610893e-03
1.613991917110979557e-03
1.613808795809745789e-03
1.613735570572316647e-03
1.613696804270148277e-03
1.613661530427634716e-03
1.613626838661730289e-03
1.613591914065182209e-03
1.613556873053312302e-03
1.613521715626120567e-03
1.613902859389781952e-03
1.615412533283233643e-03
1.614345470443367958e-03
1.613448490388691425e-03
1.613380736671388149e-03
1.613335800357162952e-03
1.613301807083189487e-03
1.613268977962434292e-03
1.613235450349748135e-03
1.613202271983027458e-03
1.613168627955019474e-03
1.613135915249586105e-03
1.621913048438727856e-03
1.613942673429846764e-03
1.613276661373674870e-03
1.613038941286504269e-03
1.612996216863393784e-03
1.612959196791052818e-03
1.612927182577550411e-03
1.612895517610013485e-03
1.612863852642476559e-03
1.612832187674939632e-03
1.612800173461437225e-03
1.612771186046302319e-03
1.638906425796449184e-03
1.615158049389719963e-03
1.612910768017172813e-03
1.612681895494461060e-03
1.612629508599638939e-03
1.612597610801458359e-03
1.612567109987139702e-03
1.612536609172821045e-03
1.612505642697215080e-03
1.612475025467574596e-03
1.612443826161324978e-03
1.612419029697775841e-03
1.631459221243858337e-03
1.612701336853206158e-03
1.612409949302673340e-03
1.612325664609670639e-03
1.612280961126089096e-03
1.612250343896448612e-03
1.612220541574060917e-03
1.612191321328282356e-03
1.612161635421216488e-03
1.612132065929472446e-03
1.612102030776441097e-03
1.612071995623409748e-03
1.616792869754135609e-03
1.613180735148489475e-03
1.612416817806661129e-03
1.612052088603377342e-03
1.611939980648458004e-03
1.611911924555897713e-03
1.611882587894797325e-03
1.611853367649018764e-03
1.611824380233883858e-03
1.611795043572783470e-03
1.611765241250395775e-03
1.611735438928008080e-03
1.611705403774976730e-03
1.612152438610792160e-03
1.613504369743168354e-03
1.612507039681077003e-03
1.611727057024836540e-03
1.611585612408816814e-03
1.611554529517889023e-03
1.611525542102754116e-03
1.611498068086802959e-03
1.611470361240208149e-03
1.611442537978291512e-03
1.611414249055087566e-03
1.611385843716561794e-03
1.611357671208679676e-03
1.611972227692604065e-03
1.611815998330712318e-03
1.611903775483369827e-03
1.611304469406604767e-03
1.611243351362645626e-03
1.611202256754040718e-03
1.611172105185687542e-03
1.611143699847161770e-03
1.611115178093314171e-03
1.611086190678179264e-03
1.611057203263044357e-03
1.611027866601943970e-03
1.611151266843080521e-03
1.617167028598487377e-03
1.612145220860838890e-03
1.611105632036924362e-03
1.610909821465611458e-03
1.610873034223914146e-03
1.610842882655560970e-03
1.610814477317035198e-03
1.610785839147865772e-03
1.610756968148052692e-03
1.610727864317595959e-03
1.610698294825851917e-03
1.610668492503464222e-03
1.610640436410903931e-03
1.639934722334146500e-03
1.612827880308032036e-03
1.610983978025615215e-03
1.610569772310554981e-03
1.610514824278652668e-03
1.610480831004679203e-03
1.610451843589544296e-03
1.610423089005053043e-03
1.610393868759274483e-03
1.610364532098174095e-03
1.610334729775786400e-03
1.610304927453398705e-03
1.610277569852769375e-03
1.640406320802867413e-03
1.610995270311832428e-03
1.610487699508666992e-03
1.610213075764477253e-03
1.610140199773013592e-03
1.610108534805476665e-03
1.610078732483088970e-03
1.610048580914735794e-03
1.610018080100417137e-03
1.609987230040132999e-03
1.609955914318561554e-03
1.609926228411495686e-03
1.620892668142914772e-03
1.609938917681574821e-03
1.609942060895264149e-03
1.609822618775069714e-03
1.610789797268807888e-03
1.612408552318811417e-03
1.609770930372178555e-03
1.609737752005457878e-03
1.609664293937385082e-03
1.609634025953710079e-03
1.609603641554713249e-03
1.610474195331335068e-03
1.611390034668147564e-03
1.609851373359560966e-03
1.609571045264601707e-03
1.609453349374234676e-03
1.609422266483306885e-03
1.609390252269804478e-03
1.609357772395014763e-03
1.609325408935546875e-03
1.609303988516330719e-03
1.616042456589639187e-03
1.611198997125029564e-03
1.609358587302267551e-03
1.609211089089512825e-03
1.609146478585898876e-03
1.609114231541752815e-03
1.609081402420997620e-03
1.609048806130886078e-03
1.609015627764165401e-03
1.608982100151479244e-03
1.608948106877505779e-03
1.608913531526923180e-03
1.608883379958570004e-03
1.618968555703759193e-03
1.610672334209084511e-03
1.608843565918505192e-03
1.608769176527857780e-03
1.608724938705563545e-03
1.608690246939659119e-03
1.608656835742294788e-03
1.608623075298964977e-03
1.608678954653441906e-03
1.615944784134626389e-03
1.609462895430624485e-03
1.608504797331988811e-03
1.608468592166900635e-03
1.608430291526019573e-03
1.608396531082689762e-03
1.608361373655498028e-03
1.608326099812984467e-03
1.608290593139827251e-03
1.608254620805382729e-03
1.608257996849715710e-03
1.612168503925204277e-03
1.608973252587020397e-03
1.608356484211981297e-03
1.608091173693537712e-03
1.608053687959909439e-03
1.608016202226281166e-03
1.607979764230549335e-03
1.607942976988852024e-03
1.607905142009258270e-03
1.607867423444986343e-03
1.607829006388783455e-03
1.607790356501936913e-03
1.614761538803577423e-03
1.611582119949162006e-03
1.607937039807438850e-03
1.607663696631789207e-03
1.607615966349840164e-03
1.607578597031533718e-03
1.607540994882583618e-03
1.607502694241702557e-03
1.607464160770177841e-03
1.607424928806722164e-03
1.607385347597301006e-03
1.607345533557236195e-03
1.617755042389035225e-03
1.610696781426668167e-03
1.607643906027078629e-03
1.607219222933053970e-03
1.607165439054369926e-03
1.607122714631259441e-03
1.607082318514585495e-03
1.607041922397911549e-03
1.607000711373984814e-03
1.606959267519414425e-03
1.606917125172913074e-03
1.606874051503837109e-03
1.606830512173473835e-03
1.606880920007824898e-03
1.612395397387444973e-03
1.606970210559666157e-03
1.606704667210578918e-03
1.606637379154562950e-03
1.606589648872613907e-03
1.606545643880963326e-03
1.606531441211700439e-03
1.616765395738184452e-03
1.607529004104435444e-03
1.606400590389966965e-03
1.606362289749085903e-03
1.606296515092253685e-03
1.606249599717557430e-03
1.606204430572688580e-03
1.606161124072968960e-03
1.610916340723633766e-03
1.609960105270147324e-03
1.606191159226000309e-03
1.605996279977262020e-03
1.605949597433209419e-03
1.605897094123065472e-03
1.605850411579012871e-03
1.605803263373672962e-03
1.605755183845758438e-03
1.605706755071878433e-03
1.606303034350275993e-03
1.607513171620666981e-03
1.605889876373112202e-03
1.605588127858936787e-03
1.605490106157958508e-03
1.605434576049447060e-03
1.605384401045739651e-03
1.605335157364606857e-03
1.605285448022186756e-03
1.605234923772513866e-03
1.605183701030910015e-03
1.605131896212697029e-03
1.613346859812736511e-03
1.606550416909158230e-03
1.605197088792920113e-03
1.605029217898845673e-03
1.604901859536767006e-03
1.604849239811301231e-03
1.604798715561628342e-03
1.604747725650668144e-03
1.604696270078420639e-03
1.604643999598920345e-03
1.604590914212167263e-03
1.604537130333483219e-03
1.604482415132224560e-03
1.604447490535676479e-03
1.623538555577397346e-03
1.605835161171853542e-03
1.604406745173037052e-03
1.604250865057110786e-03
1.604187302291393280e-03
1.604130724444985390e-03
1.604076707735657692e-03
1.604022341780364513e-03
1.603966811671853065e-03
1.603911165148019791e-03
1.603854005225002766e-03
1.603796379640698433e-03
1.603737589903175831e-03
1.603677752427756786e-03
1.603617100045084953e-03
1.603612443432211876e-03
1.610754174180328846e-03
1.603662967681884766e-03
1.603565528057515621e-03
1.603341661393642426e-03
1.603273674845695496e-03
1.603209297172725201e-03
1.603146665729582310e-03
1.603083568625152111e-03
1.603019656613469124e-03
1.602957840077579021e-03
1.615273649804294109e-03
1.603233278729021549e-03
1.602871809154748917e-03
1.602727803401648998e-03
1.602643518708646297e-03
1.602630363777279854e-03
1.603344688192009926e-03
1.602748408913612366e-03
1.602520351298153400e-03
1.602326519787311554e-03
1.602256787009537220e-03
1.602186704985797405e-03
1.602117670699954033e-03
1.602048287168145180e-03
1.602902542799711227e-03
1.601932104676961899e-03
1.602481817826628685e-03
1.601881231181323528e-03
1.601722673512995243e-03
1.601636875420808792e-03
1.601563766598701477e-03
1.601489377208054066e-03
1.601413707248866558e-03
1.601336640305817127e-03
1.601264695636928082e-03
1.624712487682700157e-03
1.603941665962338448e-03
1.601321389898657799e-03
1.601012772880494595e-03
1.600901130586862564e-03
1.600819523446261883e-03
1.600741525180637836e-03
1.600661780685186386e-03
1.600580988451838493e-03
1.600498566403985023e-03
1.600416144356131554e-03
1.615338493138551712e-03
1.603135257028043270e-03
1.600198564119637012e-03
1.600158051587641239e-03
1.600014278665184975e-03
1.599928131327033043e-03
1.599841052666306496e-03
1.599752111360430717e-03
1.599661423824727535e-03
1.599568757228553295e-03
1.599474344402551651e-03
1.599378418177366257e-03
1.603411859832704067e-03
1.601446536369621754e-03
1.599162002094089985e-03
1.599031733348965645e-03
1.598928356543183327e-03
1.598826027475297451e-03
1.598726958036422729e-03
1.598626142367720604e-03
1.598523696884512901e-03
1.598418457433581352e-03
1.598311238922178745e-03
1.598217058926820755e-03
1.604199991561472416e-03
1.600100309588015079e-03
1.597991096787154675e-03
1.597809256054461002e-03
1.597688300535082817e-03
1.597575377672910690e-03
1.597461523488163948e-03
1.597345690242946148e-03
1.597227295860648155e-03
1.597105991095304489e-03
1.596981775946915150e-03
1.597253256477415562e-03
1.596944057382643223e-03
1.597386086359620094e-03
1.596632180735468864e-03
1.596379559487104416e-03
1.596245099790394306e-03
1.596112502738833427e-03
1.595976646058261395e-03
1.595837878994643688e-03
1.595695619471371174e-03
1.595550100319087505e-03
1.595401205122470856e-03
1.595277688466012478e-03
1.601104275323450565e-03
1.595786423422396183e-03
1.594974775798618793e-03
1.594695495441555977e-03
1.594535191543400288e-03
1.594382571056485176e-03
1.594227156601846218e-03
1.594069413840770721e-03
1.593908760696649551e-03
1.593745430000126362e-03
1.593579421751201153e-03
1.593475346453487873e-03
1.599324867129325867e-03
1.593667897395789623e-03
1.592989428900182247e-03
1.592791755683720112e-03
1.592619810253381729e-03
1.593306311406195164e-03
1.593868480995297432e-03
1.592417364008724689e-03
1.592037966474890709e-03
1.591826789081096649e-03
1.591657404787838459e-03
1.591492444276809692e-03
1.591371488757431507e-03
1.592378597706556320e-03
1.592829474247992039e-03
1.590915722772479057e-03
1.590732135809957981e-03
1.590575557202100754e-03
1.590422820299863815e-03
1.590269384905695915e-03
1.590116415172815323e-03
1.589963329024612904e-03
1.589810010045766830e-03
1.589698716998100281e-03
1.594955218024551868e-03
1.590364612638950348e-03
1.589370542205870152e-03
1.589124905876815319e-03
1.588967046700417995e-03
1.588828046806156635e-03
1.588689046911895275e-03
1.588550279848277569e-03
1.588411396369338036e-03
1.588272280059754848e-03
1.588133047334849834e-03
1.588000915944576263e-03
1.607116078957915306e-03
1.589090330526232719e-03
1.587721752002835274e-03
1.587496488355100155e-03
1.587373320944607258e-03
1.587248058058321476e-03
1.587122795172035694e-03
1.586997532285749912e-03
1.586872269399464130e-03
1.586746540851891041e-03
1.586620346643030643e-03
1.586499041877686977e-03
1.602733973413705826e-03
1.588144805282354355e-03
1.586333732120692730e-03
1.586057362146675587e-03
1.585912657901644707e-03
1.585792284458875656e-03
1.585673890076577663e-03
1.585554913617670536e-03
1.585435471497476101e-03
1.585351303219795227e-03
1.585741527378559113e-03
1.586748869158327579e-03
1.585016842000186443e-03
1.584873301908373833e-03
1.584754674695432186e-03
1.584639656357467175e-03
1.584524055942893028e-03
1.584407757036387920e-03
1.584290643222630024e-03
1.584172598086297512e-03
1.584053738042712212e-03
1.585079357028007507e-03
1.591556938365101814e-03
1.584406825713813305e-03
1.583667937666177750e-03
1.583500183187425137e-03
1.583383884280920029e-03
1.583269215188920498e-03
1.583154080435633659e-03
1.583037897944450378e-03
1.582920900546014309e-03
1.582802506163716316e-03
1.582682947628200054e-03
1.582655822858214378e-03
1.585399266332387924e-03
1.582911354489624500e-03
1.582236960530281067e-03
1.583767822012305260e-03
1.583566656336188316e-03
1.582041266374289989e-03
1.581807038746774197e-03
1.581654185429215431e-03
1.581529970280826092e-03
1.584568875841796398e-03
1.582068623974919319e-03
1.581216347403824329e-03
1.581126824021339417e-03
1.580949756316840649e-03
1.580825308337807655e-03
1.580702955834567547e-03
1.580580254085361958e-03
1.580487354658544064e-03
1.583189005032181740e-03
1.580916461534798145e-03
1.580323325470089912e-03
1.579991541802883148e-03
1.579863717779517174e-03
1.579739502631127834e-03
1.579614356160163879e-03
1.579488278366625309e-03
1.579360337927937508e-03
1.579230767674744129e-03
1.579138333909213543e-03
1.582488534040749073e-03
1.579838572070002556e-03
1.578757655806839466e-03
1.579967211000621319e-03
1.580019714310765266e-03
1.578593743033707142e-03
1.578286173753440380e-03
1.578101189807057381e-03
1.577964518219232559e-03
1.577832153998315334e-03
1.577883260324597359e-03
1.582356635481119156e-03
1.578021328896284103e-03
1.577363931573927402e-03
1.577186398208141327e-03
1.577050192281603813e-03
1.576914335601031780e-03
1.576777664013206959e-03
1.576638896949589252e-03
1.576500013470649719e-03
1.586954575031995773e-03
1.576633076183497906e-03
1.576471724547445774e-03
1.575976959429681301e-03
1.575828646309673786e-03
1.575684174895286560e-03
1.575542730279266834e-03
1.575400121510028839e-03
1.575255533680319786e-03
1.575108850374817848e-03
1.574966008774936199e-03
1.584892161190509796e-03
1.576070790179073811e-03
1.574587891809642315e-03
1.574426190927624702e-03
1.577084301970899105e-03
1.574961002916097641e-03
1.574186841025948524e-03
1.573815476149320602e-03
1.573697896674275398e-03
1.578723662532866001e-03
1.573370187543332577e-03
1.573241082951426506e-03
1.573077286593616009e-03
1.572911627590656281e-03
1.572774490341544151e-03
1.582513330504298210e-03
1.574717694893479347e-03
1.572358072735369205e-03
1.572191598825156689e-03
1.571997650898993015e-03
1.571834553033113480e-03
1.571674714796245098e-03
1.571625354699790478e-03
1.574412803165614605e-03
1.572278211824595928e-03
1.571147004142403603e-03
1.570902648381888866e-03
1.570729655213654041e-03
1.570565160363912582e-03
1.570400781929492950e-03
1.570234424434602261e-03
1.571033266372978687e-03
1.573138986714184284e-03
1.569898566231131554e-03
1.569717656821012497e-03
1.569433603435754776e-03
1.569265383295714855e-03
1.569098676554858685e-03
1.568929408676922321e-03
1.568757928907871246e-03
1.568584237247705460e-03
1.568407635204493999e-03
1.568252919241786003e-03
1.573617104440927505e-03
1.568116480484604836e-03
1.567816128954291344e-03
1.567579456605017185e-03
1.573254936374723911e-03
1.567456056363880634e-03
1.567076076753437519e-03
1.566863968037068844e-03
1.566675840876996517e-03
1.566491322591900826e-03
1.566994236782193184e-03
1.566582592204213142e-03
1.566569902934134007e-03
1.565904472954571247e-03
1.565622398629784584e-03
1.565427053719758987e-03
1.565241604112088680e-03
1.565054524689912796e-03
1.564864767715334892e-03
1.564672449603676796e-03
1.564477919600903988e-03
1.572094741277396679e-03
1.566935097798705101e-03
1.564368838444352150e-03
1.563773490488529205e-03
1.563547528348863125e-03
1.563351950608193874e-03
1.563156954944133759e-03
1.562959863804280758e-03
1.562759978696703911e-03
1.562557183206081390e-03
1.562351244501769543e-03
1.562153454869985580e-03
1.564006903208792210e-03
1.563156489282846451e-03
1.561636338010430336e-03
1.561376149766147137e-03
1.561177545227110386e-03
1.560975331813097000e-03
1.560773001983761787e-03
1.560567761771380901e-03
1.560359844006597996e-03
1.560149015858769417e-03
1.559935160912573338e-03
1.559718279168009758e-03
1.559498603455722332e-03
1.559276133775711060e-03
1.569731044583022594e-03
1.561207347549498081e-03
1.559457858093082905e-03
1.558488467708230019e-03
1.558262389153242111e-03
1.558046089485287666e-03
1.557834912091493607e-03
1.557622104883193970e-03
1.557406969368457794e-03
1.557189156301319599e-03
1.556968665681779385e-03
1.556745497509837151e-03
1.556519651785492897e-03
1.556293223984539509e-03
1.584505662322044373e-03
1.558809424750506878e-03
1.556150964461266994e-03
1.555453985929489136e-03
1.555228605866432190e-03
1.555000897496938705e-03
1.554778194986283779e-03
1.554553513415157795e-03
1.554326503537595272e-03
1.554097048938274384e-03
1.553865149617195129e-03
1.553631504066288471e-03
1.566639053635299206e-03
1.554552465677261353e-03
1.553116948343813419e-03
1.552829984575510025e-03
1.552556175738573074e-03
1.552329165861010551e-03
1.552107161842286587e-03
1.551883411593735218e-03
1.551657333038747311e-03
1.551428809762001038e-03
1.551203895360231400e-03
1.566686434671282768e-03
1.553603564389050007e-03
1.550777233205735683e-03
1.550395740196108818e-03
1.550150685943663120e-03
1.549926702864468098e-03
1.549706794321537018e-03
1.549484790302813053e-03
1.549260225147008896e-03
1.549033098854124546e-03
1.548803527839481831e-03
1.548571162857115269e-03
1.548336236737668514e-03
1.550670480355620384e-03
1.552233821712434292e-03
1.548009342513978481e-03
1.547505147755146027e-03
1.547243446111679077e-03
1.547018066048622131e-03
1.546790590509772301e-03
1.546561252325773239e-03
1.546329003758728504e-03
1.546093844808638096e-03
1.545855309814214706e-03
1.545613282360136509e-03
1.546040643006563187e-03
1.557497307658195496e-03
1.545734121464192867e-03
1.544737024232745171e-03
1.544496859423816204e-03
1.544264727272093296e-03
1.544030965305864811e-03
1.543793594464659691e-03
1.543552963994443417e-03
1.543308375403285027e-03
1.543059828691184521e-03
1.542807323858141899e-03
1.542550278827548027e-03
1.542289042845368385e-03
1.542041194625198841e-03
1.553182839415967464e-03
1.542884623631834984e-03
1.541386591270565987e-03
1.541129779070615768e-03
1.549388631246984005e-03
1.540656667202711105e-03
1.540293218567967415e-03
1.540036406368017197e-03
1.539765275083482265e-03
1.539495424367487431e-03
1.540493220090866089e-03
1.543413847684860229e-03
1.538984244689345360e-03
1.538541400805115700e-03
1.538210664875805378e-03
1.537922653369605541e-03
1.537643023766577244e-03
1.537358970381319523e-03
1.537069561891257763e-03
1.536774216219782829e-03
1.536472584120929241e-03
1.537144067697227001e-03
1.547283958643674850e-03
1.536435331217944622e-03
1.535367337055504322e-03
1.535061048343777657e-03
1.534756855107843876e-03
1.534451264888048172e-03
1.534142415039241314e-03
1.533827395178377628e-03
1.533506088890135288e-03
1.533178379759192467e-03
1.532843918539583683e-03
1.532502588815987110e-03
1.532262191176414490e-03
1.547254738397896290e-03
1.532710273750126362e-03
1.531257061287760735e-03
1.530903158709406853e-03
1.530535519123077393e-03
1.530190580524504185e-03
1.529839704744517803e-03
1.529482658952474594e-03
1.529118861071765423e-03
1.528748194687068462e-03
1.528371707536280155e-03
1.550676650367677212e-03
1.531049259938299656e-03
1.527400920167565346e-03
1.526999403722584248e-03
1.526608946733176708e-03
1.526238163933157921e-03
1.525864354334771633e-03
1.525484491139650345e-03
1.525098225101828575e-03
1.524705672636628151e-03
1.524306717328727245e-03
1.524082967080175877e-03
1.526694628410041332e-03
1.525313127785921097e-03
1.522896229289472103e-03
1.522518810816109180e-03
1.522125443443655968e-03
1.521747326478362083e-03
1.521368045359849930e-03
1.520984224043786526e-03
1.520595746114850044e-03
1.520202262327075005e-03
1.519804354757070541e-03
1.519401557743549347e-03
1.518994336947798729e-03
1.518632052466273308e-03
1.525506144389510155e-03
1.519263954833149910e-03
1.517541240900754929e-03
1.517154392786324024e-03
1.516746706329286098e-03
1.516367541626095772e-03
1.515986979939043522e-03
1.515603042207658291e-03
1.515215612016618252e-03
1.514825271442532539e-03
1.523104845546185970e-03
1.515536336228251457e-03
1.513835624791681767e-03
1.513421535491943359e-03
1.513064256869256496e-03
1.512690796516835690e-03
1.512326765805482864e-03
1.511960988864302635e-03
1.511592534370720387e-03
1.511221169494092464e-03
1.510847010649740696e-03
1.510469825007021427e-03
1.510831643827259541e-03
1.524306484498083591e-03
1.510458532720804214e-03
1.509116962552070618e-03
1.508773420937359333e-03
1.508434186689555645e-03
1.508088782429695129e-03
1.507743028923869133e-03
1.507394714280962944e-03
1.507043838500976562e-03
1.506690517999231815e-03
1.506334403529763222e-03
1.505975960753858089e-03
1.505614607594907284e-03
1.505339168943464756e-03
1.508231507614254951e-03
1.507178414613008499e-03
1.504402724094688892e-03
1.504029845818877220e-03
1.503685954958200455e-03
1.503359409980475903e-03
1.503033330664038658e-03
1.502705039456486702e-03
1.502374652773141861e-03
1.502041821368038654e-03
1.501706545241177082e-03
1.501369057223200798e-03
1.501028775237500668e-03
1.500686397776007652e-03
1.500500948168337345e-03
1.515580574050545692e-03
1.501637394540011883e-03
1.499517820775508881e-03
1.499129459261894226e-03
1.498791272751986980e-03
1.498471130616962910e-03
1.498149125836789608e-03
1.497825258411467075e-03
1.497498946264386177e-03
1.497170422226190567e-03
1.496839686296880245e-03
1.500409794971346855e-03
1.500272657722234726e-03
1.496858079917728901e-03
1.495725824497640133e-03
1.495342236012220383e-03
1.495038392022252083e-03
1.494732452556490898e-03
1.494425116106867790e-03
1.494116033427417278e-03
1.493804506026208401e-03
1.493490999564528465e-03
1.493174699135124683e-03
1.492968876846134663e-03
1.510392525233328342e-03
1.493890420533716679e-03
1.492136972956359386e-03
1.491761184297502041e-03
1.491439063102006912e-03
1.491141039878129959e-03
1.490843365900218487e-03
1.490543712861835957e-03
1.490241847932338715e-03
1.489937305450439453e-03
1.489630551077425480e-03
1.489321119152009487e-03
1.489023212343454361e-03
1.489743939600884914e-03
1.488604699261486530e-03
1.488330191932618618e-03
1.487920992076396942e-03
1.487614586949348450e-03
1.487323548644781113e-03
1.487031346186995506e-03
1.486737048253417015e-03
1.486440538428723812e-03
1.486141467466950417e-03
1.485839718952775002e-03
1.485535409301519394e-03
1.485228538513183594e-03
1.485464395955204964e-03
1.494002528488636017e-03
1.486240304075181484e-03
1.484233653172850609e-03
1.483844011090695858e-03
1.483549596741795540e-03
1.483263913542032242e-03
1.482974970713257790e-03
1.482684048824012280e-03
1.482390798628330231e-03
1.482094870880246162e-03
1.481796381995081902e-03
1.481495331972837448e-03
1.481196610257029533e-03
1.520903431810438633e-03
1.485286862589418888e-03
1.480806968174874783e-03
1.480132923461496830e-03
1.479802653193473816e-03
1.479513593949377537e-03
1.479225815273821354e-03
1.478935824707150459e-03
1.478643855080008507e-03
1.478349324315786362e-03
1.478052232414484024e-03
1.477782381698489189e-03
1.498260418884456158e-03
1.481287996284663677e-03
1.477083889767527580e-03
1.476707053370773792e-03
1.476429053582251072e-03
1.476155943237245083e-03
1.475879689678549767e-03
1.475602388381958008e-03
1.475323108024895191e-03
1.475041848607361317e-03
1.474758493714034557e-03
1.474473509006202221e-03
1.474186428822577000e-03
1.473897369578480721e-03
1.473709242418408394e-03
1.495923963375389576e-03
1.473865821026265621e-03
1.472890842705965042e-03
1.472602947615087032e-03
1.472330302931368351e-03
1.472069066949188709e-03
1.471805036999285221e-03
1.471540774218738079e-03
1.471275347284972668e-03
1.471008756197988987e-03
1.470741000957787037e-03
1.470472314395010471e-03
1.470202580094337463e-03
1.469933893531560898e-03
1.513550290837883949e-03
1.471779774874448776e-03
1.469630398787558079e-03
1.469033770263195038e-03
1.468753558583557606e-03
1.468512462452054024e-03
1.468275557272136211e-03
1.468038884922862053e-03
1.467801397666335106e-03
1.467563561163842678e-03
1.467325375415384769e-03
1.467086724005639553e-03
1.467037363909184933e-03
1.482572639361023903e-03
1.468784525059163570e-03
1.466394751332700253e-03
1.466018962673842907e-03
1.465796958655118942e-03
1.465581706725060940e-03
1.465367269702255726e-03
1.465152599848806858e-03
1.464937697164714336e-03
1.464722678065299988e-03
1.464507309719920158e-03
1.464294968172907829e-03
1.515529234893620014e-03
1.465027569793164730e-03
1.464007538743317127e-03
1.463631633669137955e-03
1.463340478949248791e-03
1.463147928006947041e-03
1.462953863665461540e-03
1.462760497815907001e-03
1.462567015551030636e-03
1.462373067624866962e-03
1.462179003283381462e-03
1.461984356865286827e-03
1.461961306631565094e-03
1.483375555835664272e-03
1.462438842281699181e-03
1.461313222534954548e-03
1.461143488995730877e-03
1.460936502553522587e-03
1.460755476728081703e-03
1.460577943362295628e-03
1.460400759242475033e-03
1.460222993046045303e-03
1.460044877603650093e-03
1.459866296499967575e-03
1.460044295527040958e-03
1.464931643567979336e-03
1.460868632420897484e-03
1.459530554711818695e-03
1.459076185710728168e-03
1.458913786336779594e-03
1.458748243749141693e-03
1.458585378713905811e-03
1.458422862924635410e-03
1.458259881474077702e-03
1.458095968700945377e-03
1.457931706681847572e-03
1.457773032598197460e-03
1.510949339717626572e-03
1.457595964893698692e-03
1.457582926377654076e-03
1.457267557270824909e-03
1.457047765143215656e-03
1.456894446164369583e-03
1.456744386814534664e-03
1.456593861803412437e-03
1.456442638300359249e-03
1.456290716305375099e-03
1.456138212233781815e-03
1.455985940992832184e-03
1.474870136007666588e-03
1.460105529986321926e-03
1.455693156458437443e-03
1.455510617233812809e-03
1.455316552892327309e-03
1.455169986002147198e-03
1.455027377232909203e-03
1.454885932616889477e-03
1.454743556678295135e-03
1.454600249417126179e-03
1.454456243664026260e-03
1.454311306588351727e-03
1.455267891287803650e-03
1.458948710933327675e-03
1.454106881283223629e-03
1.453920849598944187e-03
1.453677890822291374e-03
1.453533070161938667e-03
1.453394419513642788e-03
1.453257747925817966e-03
1.453120843507349491e-03
1.452982891350984573e-03
1.452843775041401386e-03
1.452703494578599930e-03
1.452563097700476646e-03
1.500345533713698387e-03
1.452760072425007820e-03
1.452673343010246754e-03
1.452205586247146130e-03
1.451970660127699375e-03
1.451826188713312149e-03
1.451696967706084251e-03
1.451566116884350777e-03
1.451434451155364513e-03
1.451301737688481808e-03
1.451167627237737179e-03
1.451032469049096107e-03
1.450895797461271286e-03
1.450757728889584541e-03
1.450639683753252029e-03
1.452257507480680943e-03
1.451065414585173130e-03
1.450293464586138725e-03
1.450171810574829578e-03
1.450022333301603794e-03
1.449885312467813492e-03
1.449754694476723671e-03
1.449623261578381062e-03
1.449490664526820183e-03
1.449356670491397381e-03
1.449221395887434483e-03
1.449084491468966007e-03
1.448946772143244743e-03
1.455361838452517986e-03
1.450531883165240288e-03
1.449160627089440823e-03
1.448614057153463364e-03
1.448338618502020836e-03
1.448202878236770630e-03
1.448068767786026001e-03
1.447936054319143295e-03
1.447802176699042320e-03
1.447666902095079422e-03
1.447529997676610947e-03
1.447392045520246029e-03
1.447266782633960247e-03
1.489837653934955597e-03
1.447608810849487782e-03
1.447096234187483788e-03
1.446819282136857510e-03
1.446636742912232876e-03
1.446495181880891323e-03
1.446359674446284771e-03
1.446223934181034565e-03
1.446087146177887917e-03
1.445948611944913864e-03
1.445808797143399715e-03
1.445777015760540962e-03
1.463005202822387218e-03
1.445502042770385742e-03
1.445623929612338543e-03
1.445184345357120037e-03
1.445044530555605888e-03
1.444904715754091740e-03
1.444768626242876053e-03
1.444631488993763924e-03
1.444493071176111698e-03
1.444353023543953896e-03
1.444211695343255997e-03
1.444126479327678680e-03
1.459061051718890667e-03
1.444445573724806309e-03
1.443799934349954128e-03
1.443588407710194588e-03
1.443455112166702747e-03
1.443314249627292156e-03
1.443178509362041950e-03
1.443042187020182610e-03
1.442904584109783173e-03
1.442765817046165466e-03
1.442625303752720356e-03
1.442483626306056976e-03
1.442341599613428116e-03
1.490715425461530685e-03
1.444271416403353214e-03
1.442126231268048286e-03
1.441894099116325378e-03
1.441724714823067188e-03
1.441593864001333714e-03
1.441458822228014469e-03
1.441324711777269840e-03
1.441189204342663288e-03
1.441052649170160294e-03
1.440914580598473549e-03
1.440775231458246708e-03
1.440634368918836117e-03
1.440494903363287449e-03
1.478727557696402073e-03
1.448472612537443638e-03
1.441076747141778469e-03
1.440018881112337112e-03
1.439882442355155945e-03
1.439734944142401218e-03
1.439600135199725628e-03
1.439464744180440903e-03
1.439328305423259735e-03
1.439190586097538471e-03
1.439051353372633457e-03
1.438911072909832001e-03
1.438879524357616901e-03
1.470102812163531780e-03
1.442187698557972908e-03
1.438869861885905266e-03
1.438327948562800884e-03
1.438162522390484810e-03
1.438029808923602104e-03
