2.696406096220016479e-03
1.997087616473436356e-03
1.956010004505515099e-03
1.944601419381797314e-03
1.942569855600595474e-03
1.942478353157639503e-03
1.942379516549408436e-03
1.942295813933014870e-03
1.942215254530310631e-03
1.942137489095330238e-03
1.942062750458717346e-03
1.941991387866437435e-03
1.941924099810421467e-03
1.941860537044703960e-03
1.941801398061215878e-03
1.941746682859957218e-03
1.941696158610284328e-03
1.941649941727519035e-03
1.941607450135052204e-03
1.941568683832883835e-03
1.941533642821013927e-03
1.941501977853477001e-03
1.941473106853663921e-03
1.941447379067540169e-03
1.941424096003174782e-03
1.941403141245245934e-03
1.941384514793753624e-03
1.941367285326123238e-03
1.941352267749607563e-03
1.941338647156953812e-03
1.941326423548161983e-03
1.941315364092588425e-03
1.941305352374911308e-03
1.941318507306277752e-03
1.953760161995887756e-03
1.944927033036947250e-03
1.941481954418122768e-03
1.941315829753875732e-03
1.941269962117075920e-03
1.941263326443731785e-03
1.941257854923605919e-03
1.941254013217985630e-03
1.941250171512365341e-03
1.941246795468032360e-03
1.941243652254343033e-03
1.941241440363228321e-03
2.036072779446840286e-03
1.952750724740326405e-03
1.941331196576356888e-03
1.941418391652405262e-03
1.941240276210010052e-03
1.941230380907654762e-03
1.941226539202034473e-03
1.941224792972207069e-03
1.941223279573023319e-03
1.941221999004483223e-03
1.941220369189977646e-03
1.941219321452081203e-03
1.941217808052897453e-03
1.941327587701380253e-03
2.001442946493625641e-03
1.941294758580625057e-03
1.942153554409742355e-03
1.941299764439463615e-03
1.941223512403666973e-03
1.941213966347277164e-03
1.941210939548909664e-03
1.941210124641656876e-03
1.941209309734404087e-03
1.941208844073116779e-03
1.941208029165863991e-03
1.941207447089254856e-03
1.941206748597323895e-03
1.941206282936036587e-03
1.974588260054588318e-03
1.981331966817378998e-03
1.941805821843445301e-03
1.941516296938061714e-03
1.941293827258050442e-03
1.941209193319082260e-03
1.941203838214278221e-03
1.941203023307025433e-03
1.941202441230416298e-03
1.941201975569128990e-03
1.941201393492519855e-03
1.941200927831232548e-03
1.941200578585267067e-03
1.941199880093336105e-03
1.941199414432048798e-03
1.941199065186083317e-03
1.941198483109474182e-03
1.944448216818273067e-03
2.051637740805745125e-03
1.941464608535170555e-03
1.941879629157483578e-03
1.941376016475260258e-03
1.941201742738485336e-03
1.941198483109474182e-03
1.941197202540934086e-03
1.941196387633681297e-03
1.941195572726428509e-03
1.941195223480463028e-03
1.941194641403853893e-03
1.941194059327244759e-03
1.941193710081279278e-03
1.941193128004670143e-03
1.941192778758704662e-03
1.941192196682095528e-03
1.941191847436130047e-03
1.941191381774842739e-03
1.942155417054891586e-03
1.982498448342084885e-03
1.942226779647171497e-03
1.941411406733095646e-03
1.941214664839208126e-03
1.941195107065141201e-03
1.941189868375658989e-03
1.941188820637762547e-03
1.941188005730509758e-03
1.941187423653900623e-03
1.941186841577291489e-03
1.941301627084612846e-03
1.943410839885473251e-03
1.958266366273164749e-03
1.942312577739357948e-03
1.941223628818988800e-03
1.941195805557072163e-03
1.941187772899866104e-03
1.941184978932142258e-03
1.941183814778923988e-03
1.941183465532958508e-03
1.941182650625705719e-03
1.941182301379740238e-03
1.941181719303131104e-03
1.941181137226521969e-03
1.941180555149912834e-03
1.941179973073303699e-03
1.941179390996694565e-03
1.941178808920085430e-03
1.941178226843476295e-03
1.941180904395878315e-03
2.017708495259284973e-03
1.943512237630784512e-03
1.942845643498003483e-03
1.941217808052897453e-03
1.941199647262692451e-03
1.941185677424073219e-03
1.942628645338118076e-03
1.975570339709520340e-03
1.943179988302290440e-03
1.941914320923388004e-03
1.941180322319269180e-03
1.941184164024889469e-03
1.941173104569315910e-03
1.941171241924166679e-03
1.941170427016913891e-03
1.941169728524982929e-03
1.941168913617730141e-03
1.941168331541121006e-03
1.941167633049190044e-03
1.941174617968499660e-03
2.094985917210578918e-03
1.942159957252442837e-03
1.941304886713624001e-03
1.941217225976288319e-03
1.941166468895971775e-03
1.941166236065328121e-03
1.941164373420178890e-03
1.941162860020995140e-03
1.941162045113742352e-03
1.941161113791167736e-03
1.941160298883914948e-03
1.941159367561340332e-03
1.941158669069409370e-03
1.941157854162156582e-03
1.941157155670225620e-03
1.941156690008938313e-03
2.046411158517003059e-03
1.955082640051841736e-03
1.941320369951426983e-03
1.941254013217985630e-03
1.941180322319269180e-03
1.941155991517007351e-03
1.941151800565421581e-03
1.941150403581559658e-03
1.941149472258985043e-03
1.941148540936410427e-03
1.941147609613835812e-03
1.942220027558505535e-03
1.941579743288457394e-03
1.941823516972362995e-03
1.941342838108539581e-03
1.941199880093336105e-03
1.941149472258985043e-03
1.941142953000962734e-03
1.941142021678388119e-03
1.941140741109848022e-03
1.941139576956629753e-03
1.941138179972767830e-03
1.941137132234871387e-03
1.941135735251009464e-03
1.941134571097791195e-03
1.941133406944572926e-03
1.941132126376032829e-03
1.941130729392170906e-03
1.941129448823630810e-03
1.941128051839768887e-03
1.941126538440585136e-03
1.941125025041401386e-03
1.941123511642217636e-03
1.941121998243033886e-03
1.941120834089815617e-03
2.146978396922349930e-03
1.952352467924356461e-03
1.943328417837619781e-03
1.941560301929712296e-03
1.941122347488999367e-03
1.941123860888183117e-03
1.941115129739046097e-03
1.941112801432609558e-03
1.941111288033425808e-03
1.941109192557632923e-03
1.941107562743127346e-03
1.941105583682656288e-03
1.941103721037507057e-03
1.941101625561714172e-03
1.941099530085921288e-03
1.941097434610128403e-03
1.941095339134335518e-03
1.941093010827898979e-03
1.941090566106140614e-03
1.941088004969060421e-03
1.941085560247302055e-03
1.941082766279578209e-03
1.941104419529438019e-03
2.036721445620059967e-03
1.949702738784253597e-03
1.941194059327244759e-03
1.941195223480463028e-03
1.941069029271602631e-03
1.941064838320016861e-03
1.941060996614396572e-03
1.941057504154741764e-03
1.941053778864443302e-03
1.941049704328179359e-03
1.941045513376593590e-03
1.941041089594364166e-03
1.941036316566169262e-03
1.941031543537974358e-03
1.941026654094457626e-03
1.941021298989653587e-03
1.941015711054205894e-03
1.941010239534080029e-03
1.955592771992087364e-03
1.956034917384386063e-03
1.943849725648760796e-03
1.941240625455975533e-03
1.940989634022116661e-03
1.940977759659290314e-03
1.940970192663371563e-03
1.940961927175521851e-03
1.940953428857028484e-03
1.940944232046604156e-03
1.940934685990214348e-03
1.940924441441893578e-03
1.940913731232285500e-03
1.940925954841077328e-03
1.946622389368712902e-03
1.944479532539844513e-03
1.941274269483983517e-03
1.940879621542990208e-03
1.940854243002831936e-03
1.940833986736834049e-03
1.940818736329674721e-03
1.940802671015262604e-03
1.940785907208919525e-03
1.940767979249358177e-03
1.940748887136578560e-03
1.940729096531867981e-03
1.940707676112651825e-03
1.940685440786182880e-03
1.941613736562430859e-03
1.971098128706216812e-03
1.944585703313350677e-03
1.940989284776151180e-03
1.940591144375503063e-03
1.940559712238609791e-03
1.940528978593647480e-03
1.940499991178512573e-03
1.940469723194837570e-03
1.940438058227300644e-03
1.940405229106545448e-03
1.940370653755962849e-03
1.940334681421518326e-03
1.940297312103211880e-03
1.940258196555078030e-03
1.940217567607760429e-03
1.940245041623711586e-03
1.961619593203067780e-03
1.942309550940990448e-03
1.940181246027350426e-03
1.940030953846871853e-03
1.939987763762474060e-03
1.939944457262754440e-03
1.939899404533207417e-03
1.939852838404476643e-03
1.939804991707205772e-03
1.939755631610751152e-03
1.939704408869147301e-03
1.939726178534328938e-03
1.971856690943241119e-03
1.941475085914134979e-03
1.939711510203778744e-03
1.939533161930739880e-03
1.939425594173371792e-03
1.939365756697952747e-03
1.939310575835406780e-03
1.939254347234964371e-03
1.939196721650660038e-03
1.939137815497815609e-03
1.939077745191752911e-03
1.939015928655862808e-03
1.938953180797398090e-03
1.938889268785715103e-03
1.938824076205492020e-03
1.938758417963981628e-03
1.970350742340087891e-03
1.942804316058754921e-03
1.939210109412670135e-03
1.938557717949151993e-03
1.938481465913355350e-03
1.938411267474293709e-03
1.938347588293254375e-03
1.938284607604146004e-03
1.938222092576324940e-03
1.938159344717860222e-03
1.938096596859395504e-03
1.938034198246896267e-03
1.937972032465040684e-03
1.937910448759794235e-03
1.940705114975571632e-03
1.952143386006355286e-03
1.938916160725057125e-03
1.937770983204245567e-03
1.937677385285496712e-03
1.937622786499559879e-03
1.937574474141001701e-03
1.937526278197765350e-03
1.937479362823069096e-03
1.937432447448372841e-03
1.937386114150285721e-03
1.937341992743313313e-03
1.993841491639614105e-03
1.942228293046355247e-03
1.937542809173464775e-03
1.937221153639256954e-03
1.937170745804905891e-03
1.937123248353600502e-03
1.937083434313535690e-03
1.937043736688792706e-03
1.937004039064049721e-03
1.936964923515915871e-03
1.936928136274218559e-03
1.990256365388631821e-03
1.939641195349395275e-03
1.936937449499964714e-03
1.936884596943855286e-03
1.936771324835717678e-03
1.936723478138446808e-03
1.936687622219324112e-03
1.936652697622776031e-03
1.936617656610906124e-03
1.936582149937748909e-03
1.936546643264591694e-03
1.936511136591434479e-03
1.936474931426346302e-03
1.936461543664336205e-03
1.946166739799082279e-03
1.937585417181253433e-03
1.936577144078910351e-03
1.936365850269794464e-03
1.936307060532271862e-03
1.936274697072803974e-03
1.936245127581059933e-03
1.948300166986882687e-03
1.938791596330702305e-03
1.936287852004170418e-03
1.936161424964666367e-03
1.936108339577913284e-03
1.936062239110469818e-03
1.936028595082461834e-03
1.935994485393166542e-03
1.935959560796618462e-03
1.935924054123461246e-03
1.935888081789016724e-03
1.935858163051307201e-03
1.985215349122881889e-03
1.939765526913106441e-03
1.935840351507067680e-03
1.935756299644708633e-03
1.935684704221785069e-03
1.935639185830950737e-03
1.935599138960242271e-03
1.935594365932047367e-03
1.937227207235991955e-03
1.935862121172249317e-03
1.935694483108818531e-03
1.935448031872510910e-03
1.935390406288206577e-03
1.935347914695739746e-03
1.935305190272629261e-03
1.935261883772909641e-03
1.935217180289328098e-03
1.935171894729137421e-03
1.936708344146609306e-03
1.940678339451551437e-03
1.935620093718171120e-03
1.935022068209946156e-03
1.934985863044857979e-03
1.934922765940427780e-03
1.934873871505260468e-03
1.934824162162840366e-03
1.934774918481707573e-03
1.956260064616799355e-03
1.939508016221225262e-03
1.935094944201409817e-03
1.934646512381732464e-03
1.934566069394350052e-03
1.934505649842321873e-03
1.934449770487844944e-03
1.934393076226115227e-03
1.934334868565201759e-03
1.934286439791321754e-03
1.934990868903696537e-03
1.934301340952515602e-03
1.934398431330919266e-03
1.934064668603241444e-03
1.933979801833629608e-03
1.933912630192935467e-03
1.933850231580436230e-03
1.954339444637298584e-03
1.935162348672747612e-03
1.933779101818799973e-03
1.933636260218918324e-03
1.933552091941237450e-03
1.933475839905440807e-03
1.933399937115609646e-03
1.933322055265307426e-03
1.940915593877434731e-03
1.938248402439057827e-03
1.933326711878180504e-03
1.933135557919740677e-03
1.932969084009528160e-03
1.932877115905284882e-03
1.932788058184087276e-03
1.932696090079843998e-03
1.932603190653026104e-03
1.956354128196835518e-03
1.933776657097041607e-03
1.932618324644863605e-03
1.932329847477376461e-03
1.932220067828893661e-03
1.932120067067444324e-03
1.932017505168914795e-03
1.931912149302661419e-03
1.932429498992860317e-03
1.934976200573146343e-03
1.931979670189321041e-03
1.931587932631373405e-03
1.931378850713372231e-03
1.931251259520649910e-03
1.931123668327927589e-03
1.931652426719665527e-03
1.936623710207641125e-03
1.931131351739168167e-03
1.930745318531990051e-03
1.930541591718792915e-03
1.930382335558533669e-03
1.930224942043423653e-03
1.930061262100934982e-03
1.929890015162527561e-03
1.958799082785844803e-03
1.933328225277364254e-03
1.929890830069780350e-03
1.929311314597725868e-03
1.929066376760601997e-03
1.928859855979681015e-03
1.928681856952607632e-03
1.947742421180009842e-03
1.928988378494977951e-03
1.928077661432325840e-03
1.927827834151685238e-03
1.927532372064888477e-03
1.927239587530493736e-03
1.926930155605077744e-03
1.927657402120530605e-03
1.926597906276583672e-03
1.926433178596198559e-03
1.925736549310386181e-03
1.925352960824966431e-03
1.925006275996565819e-03
1.933127525262534618e-03
1.924800802953541279e-03
1.924187643453478813e-03
1.923775998875498772e-03
1.923366682603955269e-03
1.922984607517719269e-03
1.922599389217793941e-03
1.922579482197761536e-03
1.926678465679287910e-03
1.922112191095948219e-03
1.921401591971516609e-03
1.921040471643209457e-03
1.920718350447714329e-03
1.920414273627102375e-03
1.920670503750443459e-03
1.923356903716921806e-03
1.920278649777173996e-03
1.919651404023170471e-03
1.919385045766830444e-03
1.919157220982015133e-03
1.918956753797829151e-03
1.918766880407929420e-03
1.932878047227859497e-03
1.920540933497250080e-03
1.918673282489180565e-03
1.918272697366774082e-03
1.918093068525195122e-03
1.917956164106726646e-03
1.917824149131774902e-03
1.917697140015661716e-03
1.917573739774525166e-03
1.922170631587505341e-03
1.925497781485319138e-03
1.918211462907493114e-03
1.917356392368674278e-03
1.917168730869889259e-03
1.917043235152959824e-03
1.916933804750442505e-03
1.916823559440672398e-03
1.916712499223649502e-03
1.916685607284307480e-03
1.927870674990117550e-03
1.917443820275366306e-03
1.916377572342753410e-03
1.916271867230534554e-03
1.916163018904626369e-03
1.916053704917430878e-03
1.915941014885902405e-03
1.915825414471328259e-03
1.915707020089030266e-03
1.930306199938058853e-03
1.916926703415811062e-03
1.915740896947681904e-03
1.915315748192369938e-03
1.915162196382880211e-03
1.915021450258791447e-03
1.914876513183116913e-03
1.914725406095385551e-03
1.914568711072206497e-03
1.956474268808960915e-03
1.919346163049340248e-03
1.914546592161059380e-03
1.914075575768947601e-03
1.913872896693646908e-03
1.913682906888425350e-03
1.913492567837238312e-03
1.913293846882879734e-03
1.913085114210844040e-03
1.912866369821131229e-03
1.912636100314557552e-03
1.915264059789478779e-03
1.913149957545101643e-03
1.912118517793715000e-03
1.911887316964566708e-03
1.911605009809136391e-03
1.911333063617348671e-03
1.911059138365089893e-03
1.910769962705671787e-03
1.910462859086692333e-03
1.910166116431355476e-03
1.931313076056540012e-03
1.910972874611616135e-03
1.909617334604263306e-03
1.909054932184517384e-03
1.908647827804088593e-03
1.908248639665544033e-03
1.907825469970703125e-03
1.907374477013945580e-03
1.906892401166260242e-03
1.906376564875245094e-03
1.911668921820819378e-03
1.909306622110307217e-03
1.905079232528805733e-03
1.904504722915589809e-03
1.903913682326674461e-03
1.903298194520175457e-03
1.902652671560645103e-03
1.901971758343279362e-03
1.901251962408423424e-03
1.900491886772215366e-03
1.899690949358046055e-03
1.900627044960856438e-03
1.902938820421695709e-03
1.898209331557154655e-03
1.896899309940636158e-03
1.896002911962568760e-03
1.895122812129557133e-03
1.894214190542697906e-03
1.893275068141520023e-03
1.892307191155850887e-03
1.901041134260594845e-03
1.894783577881753445e-03
1.889700884930789471e-03
1.888801343739032745e-03
1.887797145172953606e-03
1.886817510239779949e-03
1.885821344330906868e-03
1.884806551970541477e-03
1.897374284453690052e-03
1.890956074930727482e-03
1.883271033875644207e-03
1.881372416391968727e-03
1.880303956568241119e-03
1.879317569546401501e-03
1.878318726085126400e-03
1.877304399386048317e-03
1.876273658126592636e-03
1.875226967968046665e-03
1.874360255897045135e-03
1.888066297397017479e-03
1.874204957857728004e-03
1.871664775535464287e-03
1.870656735263764858e-03
1.869692932814359665e-03
1.868723426014184952e-03
1.867748214863240719e-03
1.866768579930067062e-03
1.865785219706594944e-03
1.864977413788437843e-03
1.870815176516771317e-03
1.863942830823361874e-03
1.862504752352833748e-03
1.861624885350465775e-03
1.860755146481096745e-03
1.859891461208462715e-03
1.859026495367288589e-03
1.858158619143068790e-03
1.857286435551941395e-03
1.856519025750458241e-03
1.863694284111261368e-03
1.856859191320836544e-03
1.854674890637397766e-03
1.853692810982465744e-03
1.852893969044089317e-03
1.852100947871804237e-03
1.851297332905232906e-03
1.850482309237122536e-03
1.849654945544898510e-03
1.848813146352767944e-03
1.848499639891088009e-03
1.855594920925796032e-03
1.848887768574059010e-03
1.846458995714783669e-03
1.845463179051876068e-03
1.844634534791111946e-03
1.843825681135058403e-03
1.843000762164592743e-03
1.842156983911991119e-03
1.841293647885322571e-03
1.840409589931368828e-03
1.948814373463392258e-03
1.845002756454050541e-03
1.839038799516856670e-03
1.837839838117361069e-03
1.836868003010749817e-03
1.836012932471930981e-03
1.835144939832389355e-03
1.834258437156677246e-03
1.833352609537541866e-03
1.832431764341890812e-03
1.839088392443954945e-03
1.835463801398873329e-03
1.830611377954483032e-03
1.829707645811140537e-03
1.828794018365442753e-03
1.827900996431708336e-03
1.826997846364974976e-03
1.826082239858806133e-03
1.827457803301513195e-03
1.828441396355628967e-03
1.826115418225526810e-03
1.823851489461958408e-03
1.822722610086202621e-03
1.821837038733065128e-03
1.820970443077385426e-03
1.820100704208016396e-03
1.819227123633027077e-03
1.830129185691475868e-03
1.820094301365315914e-03
1.817462500184774399e-03
1.816504285670816898e-03
1.815682160668075085e-03
1.814859337173402309e-03
1.819425378926098347e-03
1.830259687267243862e-03
1.815959461964666843e-03
1.812806236557662487e-03
1.811974914744496346e-03
1.811205875128507614e-03
1.810460584238171577e-03
1.809714478440582752e-03
1.808964880183339119e-03
1.808209926821291447e-03
1.807449734769761562e-03
1.854043686762452126e-03
1.807070453651249409e-03
1.806238549761474133e-03
1.805141801014542580e-03
1.804365310817956924e-03
1.803616294637322426e-03
1.802873914130032063e-03
1.802126411348581314e-03
1.801372854970395565e-03
1.889737788587808609e-03
1.801602542400360107e-03
1.799951540306210518e-03
1.799307996407151222e-03
1.798407291062176228e-03
1.797691336832940578e-03
1.796970842406153679e-03
1.796243246644735336e-03
1.795507734641432762e-03
1.794763491488993168e-03
1.811951049603521824e-03
1.795219373889267445e-03
1.793308183550834656e-03
1.792384078726172447e-03
1.791641581803560257e-03
1.790935522876679897e-03
1.790219219401478767e-03
1.789536210708320141e-03
1.797622069716453552e-03
1.792102004401385784e-03
1.788521185517311096e-03
1.787176821380853653e-03
1.786461565643548965e-03
1.785724190995097160e-03
1.784975989721715450e-03
1.784209161996841431e-03
1.783422660082578659e-03
1.782614854164421558e-03
1.782334642484784126e-03
1.785148982889950275e-03
1.780573395080864429e-03
1.779820187948644161e-03
1.778914942406117916e-03
1.778059755451977253e-03
1.777200493961572647e-03
1.778102014213800430e-03
1.779910409823060036e-03
1.777504105120897293e-03
1.774610835127532482e-03
1.773551688529551029e-03
1.772667630575597286e-03
1.771815470419824123e-03
1.770951203070580959e-03
1.770074013620615005e-03
1.811257097870111465e-03
1.772286952473223209e-03
1.768530230037868023e-03
1.767165726050734520e-03
1.766317524015903473e-03
1.765488996170461178e-03
1.765232649631798267e-03
1.779283862560987473e-03
1.765422988682985306e-03
1.763334614224731922e-03
1.762319472618401051e-03
1.761584775522351265e-03
1.760838087648153305e-03
1.760097802616655827e-03
1.759357983246445656e-03
1.758618163876235485e-03
1.757878693751990795e-03
1.803434104658663273e-03
1.760527607984840870e-03
1.756231300532817841e-03
1.755560981109738350e-03
1.754830707795917988e-03
1.754164230078458786e-03
1.753518008626997471e-03
1.760278479196131229e-03
1.758944708853960037e-03
1.752914395183324814e-03
1.751627307385206223e-03
1.751001691445708275e-03
1.750434050336480141e-03
1.749879796989262104e-03
1.749334856867790222e-03
1.748797134496271610e-03
1.748266513459384441e-03
1.748865819536149502e-03
1.767562818713486195e-03
1.748665352351963520e-03
1.746943220496177673e-03
1.746429828926920891e-03
1.745946821756660938e-03
1.745510031469166279e-03
1.745082437992095947e-03
1.744661829434335232e-03
1.744247041642665863e-03
1.743837492540478706e-03
1.743433298543095589e-03
1.743034692481160164e-03
1.753136399202048779e-03
1.743316417559981346e-03
1.742249587550759315e-03
1.741748419590294361e-03
1.741365762427449226e-03
1.741013256832957268e-03
1.740665058605372906e-03
1.740455976687371731e-03
1.766829635016620159e-03
1.740012085065245628e-03
1.739873434416949749e-03
1.739282044582068920e-03
1.738920575007796288e-03
1.738610444590449333e-03
1.738308463245630264e-03
1.738009625114500523e-03
1.737712766043841839e-03
1.737418351694941521e-03
1.737149432301521301e-03
1.782070263288915157e-03
1.737043145112693310e-03
1.736833946779370308e-03
1.736268168315291405e-03
1.735948142595589161e-03
1.735679223202168941e-03
1.735417870804667473e-03
1.735158497467637062e-03
1.734900637529790401e-03
1.734644290991127491e-03
1.734389108605682850e-03
1.734135439619421959e-03
1.784954569302499294e-03
1.736109144985675812e-03
1.733981072902679443e-03
1.733375131152570248e-03
1.733089564368128777e-03
1.732859993353486061e-03
1.732632634229958057e-03
1.732406555674970150e-03
1.732181292027235031e-03
1.731956494040787220e-03
1.731732278130948544e-03
1.731650903820991516e-03
1.746028428897261620e-03
1.732437638565897942e-03
1.731141586787998676e-03
1.730797113850712776e-03
1.730576273985207081e-03
1.730372780002653599e-03
1.730169635266065598e-03
1.729967072606086731e-03
1.730256597511470318e-03
1.730051357299089432e-03
1.729648211039602757e-03
1.729355542920529842e-03
1.729090115986764431e-03
1.728904317133128643e-03
1.728708390146493912e-03
1.728517119772732258e-03
1.728325616568326950e-03
1.728133764117956161e-03
1.727963215671479702e-03
1.754312892444431782e-03
1.731178606860339642e-03
1.727816299535334110e-03
1.727335853502154350e-03
1.727145398035645485e-03
1.726958784274756908e-03
1.726776128634810448e-03
1.726593356579542160e-03
1.726410002447664738e-03
1.726226415485143661e-03
1.769126509316265583e-03
1.728732255287468433e-03
1.726216054521501064e-03
1.725645037367939949e-03
1.725459238514304161e-03
1.725287642329931259e-03
1.725115580484271049e-03
1.724943518638610840e-03
1.724771456792950630e-03
1.733940094709396362e-03
1.732994453050196171e-03
1.724841073155403137e-03
1.724386587738990784e-03
1.724082510918378830e-03
1.723905093967914581e-03
1.723742228932678699e-03
1.723580877296626568e-03
1.723419176414608955e-03
1.723257591947913170e-03
1.724189962260425091e-03
1.728956587612628937e-03
1.723541179671883583e-03
1.722770277410745621e-03
1.722574234008789062e-03
1.722417771816253662e-03
1.722264452837407589e-03
1.722116256132721901e-03
1.792737166397273540e-03
1.723255496472120285e-03
1.722224405966699123e-03
1.721698674373328686e-03
1.721490873023867607e-03
1.721352338790893555e-03
1.721211243420839310e-03
1.721071428619325161e-03
1.720931613817811012e-03
1.720792381092905998e-03
1.743370434269309044e-03
1.725686946883797646e-03
1.720819389447569847e-03
1.720416359603404999e-03
1.720248721539974213e-03
1.720115425996482372e-03
1.719987485557794571e-03
1.719860825687646866e-03
1.719733583740890026e-03
1.719618914648890495e-03
1.731286523863673210e-03
1.720982487313449383e-03
1.719869906082749367e-03
1.719253486953675747e-03
1.719122636131942272e-03
1.719004008919000626e-03
1.718886196613311768e-03
1.718769432045519352e-03
1.718652434647083282e-03
1.718536368571221828e-03
1.728874165564775467e-03
1.720606000162661076e-03
1.718524261377751827e-03
1.718210172839462757e-03
1.718079322017729282e-03
1.717969076707959175e-03
1.718167448416352272e-03
1.731909113004803658e-03
1.718933461233973503e-03
1.717695384286344051e-03
1.717537292279303074e-03
1.717412727884948254e-03
1.717311097308993340e-03
1.717209932394325733e-03
1.718813320621848106e-03
1.720623578876256943e-03
1.717604929581284523e-03
1.717036357149481773e-03
1.716835307888686657e-03
1.716719008982181549e-03
1.716620987281203270e-03
1.716525061056017876e-03
1.716428669169545174e-03
1.717014703899621964e-03
1.724417670629918575e-03
1.717718085274100304e-03
1.716374186798930168e-03
1.716120052151381969e-03
1.715999213047325611e-03
1.715911086648702621e-03
1.715822028927505016e-03
1.715732854790985584e-03
1.715643214993178844e-03
1.716243103146553040e-03
1.724748522974550724e-03
1.716394792310893536e-03
1.715555205009877682e-03
1.715351478196680546e-03
1.715256017632782459e-03
1.715172547847032547e-03
1.715089776553213596e-03
1.715007121674716473e-03
1.715008867904543877e-03
1.719491207040846348e-03
1.715418184176087379e-03
1.714791869744658470e-03
1.714688492938876152e-03
1.714605255983769894e-03
1.716035767458379269e-03
1.717307255603373051e-03
1.715104212053120136e-03
1.714495825581252575e-03
1.714326674118638039e-03
1.714229583740234375e-03
1.714151701889932156e-03
1.714075799100100994e-03
1.714002923108637333e-03
1.746428199112415314e-03
1.714190584607422352e-03
1.713970559649169445e-03
1.713870442472398281e-03
1.713737030513584614e-03
1.713664620183408260e-03
1.713591744191944599e-03
1.713615027256309986e-03
1.742235384881496429e-03
1.716655096970498562e-03
1.713771256618201733e-03
1.713396166451275349e-03
1.713275443762540817e-03
1.713206875137984753e-03
1.713137608021497726e-03
1.713068340905010700e-03
1.713008503429591656e-03
1.721480279229581356e-03
1.713214442133903503e-03
1.712959958240389824e-03
1.712827244773507118e-03
1.712769619189202785e-03
1.733308541588485241e-03
1.714816200546920300e-03
1.712948549538850784e-03
1.712628174573183060e-03
1.712500001303851604e-03
1.712422934360802174e-03
1.712402328848838806e-03
1.717493403702974319e-03
1.713786623440682888e-03
1.712492085061967373e-03
1.712238998152315617e-03
1.712136552669107914e-03
1.712073455564677715e-03
1.712010474875569344e-03
1.712185214273631573e-03
1.720396219752728939e-03
1.712225261144340038e-03
1.711999648250639439e-03
1.711797085590660572e-03
1.711753197014331818e-03
1.731426222249865532e-03
1.713495235890150070e-03
1.711848424747586250e-03
1.711611170321702957e-03
1.711513148620724678e-03
1.711454708129167557e-03
1.711413147859275341e-03
1.714088954031467438e-03
1.711592776700854301e-03
1.711586373858153820e-03
1.716705621220171452e-03
1.713336096145212650e-03
1.711220713332295418e-03
1.711149117909371853e-03
1.711058546788990498e-03
1.711050979793071747e-03
1.731083611957728863e-03
1.713329227641224861e-03
1.711133285425603390e-03
1.710919546894729137e-03
1.710813841782510281e-03
1.710762735456228256e-03
1.710729324258863926e-03
1.719758613035082817e-03
1.710842130705714226e-03
1.710775308310985565e-03
1.727712573483586311e-03
1.711311633698642254e-03
1.710503478534519672e-03
1.710495911538600922e-03
1.710441196337342262e-03
1.735692145302891731e-03
1.711630378849804401e-03
1.710599870420992374e-03
1.710295793600380421e-03
1.710219890810549259e-03
1.710167620331048965e-03
1.712687313556671143e-03
1.713493838906288147e-03
1.710591837763786316e-03
1.710080658085644245e-03
1.709986827336251736e-03
1.711798482574522495e-03
1.713241566903889179e-03
1.710344688035547733e-03
1.709971926175057888e-03
1.709823729470372200e-03
1.709771342575550079e-03
1.709727104753255844e-03
1.722584827803075314e-03
1.711111981421709061e-03
1.711812568828463554e-03
1.710156211629509926e-03
1.710201962850987911e-03
1.709594740532338619e-03
1.710156211629509926e-03
1.709582866169512272e-03
1.709440373815596104e-03
1.709414995275437832e-03
1.742706401273608208e-03
1.711869146674871445e-03
1.709638978354632854e-03
1.709258067421615124e-03
1.709219883196055889e-03
1.709173200652003288e-03
1.714762067422270775e-03
1.747888862155377865e-03
1.714543905109167099e-03
1.709847943857312202e-03
1.709205447696149349e-03
1.709057716652750969e-03
1.709006493911147118e-03
1.708967960439622402e-03
1.708929426968097687e-03
1.708891475573182106e-03
1.708881929516792297e-03
1.714691868983209133e-03
1.709390431642532349e-03
1.709051430225372314e-03
1.708785188384354115e-03
1.708721742033958435e-03
1.708683208562433720e-03
1.708645373582839966e-03
1.708607771433889866e-03
1.708627096377313137e-03
1.715127145871520042e-03
1.710137934423983097e-03
1.708637806586921215e-03
1.708541298285126686e-03
1.708455034531652927e-03
1.708414405584335327e-03
1.708377269096672535e-03
1.708340016193687916e-03
1.708302996121346951e-03
1.710862736217677593e-03
1.709567266516387463e-03
1.708928262814879417e-03
1.708242343738675117e-03
1.708188210614025593e-03
1.712073455564677715e-03
1.708163181319832802e-03
1.708588213659822941e-03
1.708129420876502991e-03
1.708042807877063751e-03
1.707994379103183746e-03
1.707961200736463070e-03
1.721247215755283833e-03
1.711510471068322659e-03
1.708028023131191730e-03
1.707941992208361626e-03
1.707835355773568153e-03
1.707800664007663727e-03
1.707762246951460838e-03
1.707726274617016315e-03
1.711342949420213699e-03
1.708003808744251728e-03
1.707672607153654099e-03
1.707785413600504398e-03
1.713929348625242710e-03
1.709833508357405663e-03
1.707626273855566978e-03
1.707562245428562164e-03
1.707487623207271099e-03
1.707453862763941288e-03
1.707933144643902779e-03
1.713831326924264431e-03
1.707852934487164021e-03
1.707502291537821293e-03
1.707359682768583298e-03
1.707304734736680984e-03
1.707270741462707520e-03
1.707242103293538094e-03
1.760648330673575401e-03
1.711711054667830467e-03
1.707483199425041676e-03
1.707232440821826458e-03
1.707139890640974045e-03
1.707094721496105194e-03
1.707060961052775383e-03
1.707027549855411053e-03
1.707069342955946922e-03
1.707952236756682396e-03
1.707241055555641651e-03
1.707039191387593746e-03
1.712831668555736542e-03
1.708838273771107197e-03
1.706952811218798161e-03
1.706821727566421032e-03
1.707575167529284954e-03
1.719082240015268326e-03
1.708106719888746738e-03
1.706904964521527290e-03
1.706706942059099674e-03
1.706669339910149574e-03
1.706634880974888802e-03
1.709477393887937069e-03
1.707267132587730885e-03
1.707024755887687206e-03
1.707769697532057762e-03
1.709804520942270756e-03
1.707442803308367729e-03
1.706571318209171295e-03
1.706477487459778786e-03
1.706613460555672646e-03
1.708508585579693317e-03
1.706965733319520950e-03
1.706457114778459072e-03
1.706357928924262524e-03
1.706292270682752132e-03
1.706326613202691078e-03
1.710072043351829052e-03
1.712425611913204193e-03
1.710629789158701897e-03
1.707853283733129501e-03
1.706377137452363968e-03
1.706156064756214619e-03
1.706113223917782307e-03
1.706300885416567326e-03
1.707657007500529289e-03
1.706058043055236340e-03
1.706035574898123741e-03
1.706167007796466351e-03
1.720328698866069317e-03
1.707118237391114235e-03
1.706063048914074898e-03
1.705891801975667477e-03
1.705888309516012669e-03
1.721078064292669296e-03
1.708507072180509567e-03
1.705896575003862381e-03
1.705798669718205929e-03
1.705734641291201115e-03
1.707025454379618168e-03
1.713091274723410606e-03
1.706647686660289764e-03
1.705803093500435352e-03
1.705618575215339661e-03
1.705590751953423023e-03
1.713143661618232727e-03
1.706101698800921440e-03
1.705572474747896194e-03
1.705680391751229763e-03
1.716677565127611160e-03
1.705709029920399189e-03
1.705694710835814476e-03
1.705433591268956661e-03
1.705380622297525406e-03
1.705897506326436996e-03
1.710508484393358231e-03
1.706155017018318176e-03
1.705362694337964058e-03
1.705275499261915684e-03
1.705226837657392025e-03
1.705603906884789467e-03
1.708077965304255486e-03
1.705811242572963238e-03
1.705186790786683559e-03
1.705265603959560394e-03
1.722016138955950737e-03
1.706923590973019600e-03
1.705400762148201466e-03
1.705028349533677101e-03
1.705026719719171524e-03
1.711974153295159340e-03
1.706889132037758827e-03
1.705161645077168941e-03
1.705015543848276138e-03
1.704896334558725357e-03
1.704876078292727470e-03
1.719568390399217606e-03
1.706649782136082649e-03
1.705138944089412689e-03
1.704831607639789581e-03
1.706379232928156853e-03
1.710601733066141605e-03
1.704975496977567673e-03
1.704745460301637650e-03
1.704667229205369949e-03
1.704663853161036968e-03
1.714166253805160522e-03
1.790962880477309227e-03
1.708177849650382996e-03
1.706126728095114231e-03
1.705021481029689312e-03
1.704678288660943508e-03
1.704598776996135712e-03
1.704568858258426189e-03
1.704545225948095322e-03
1.704521477222442627e-03
1.704498194158077240e-03
1.704475027509033680e-03
1.704452093690633774e-03
1.704428810626268387e-03
1.704405527561903000e-03
1.704441732726991177e-03
1.708172960206866264e-03
1.705186790786683559e-03
1.704389578662812710e-03
1.704325783066451550e-03
1.704295282252132893e-03
1.706854556687176228e-03
1.705019385553896427e-03
1.704476890154182911e-03
1.704241381958127022e-03
1.704179332591593266e-03
1.704158377833664417e-03
1.704614958725869656e-03
1.712857396341860294e-03
1.704252441413700581e-03
1.704240799881517887e-03
1.704066758975386620e-03
1.704040914773941040e-03
1.704013790003955364e-03
1.703989342786371708e-03
1.705395872704684734e-03
1.706206705421209335e-03
1.704405876807868481e-03
1.704191556200385094e-03
1.703913439996540546e-03
1.703888410702347755e-03
1.703864196315407753e-03
1.703840214759111404e-03
1.703816233202815056e-03
1.703792135231196880e-03
1.711168210022151470e-03
1.706472947262227535e-03
1.704102847725152969e-03
1.703750225715339184e-03
1.703716581687331200e-03
1.745242276228964329e-03
1.706021837890148163e-03
1.704264432191848755e-03
1.703717978671193123e-03
1.703621819615364075e-03
1.703594578430056572e-03
1.703569781966507435e-03
1.703546266071498394e-03
1.703525544144213200e-03
1.719895168207585812e-03
1.705327420495450497e-03
1.704232417978346348e-03
1.703495159745216370e-03
1.703461399301886559e-03
1.703426358290016651e-03
1.703402493149042130e-03
1.703379210084676743e-03
1.703365240246057510e-03
1.709492877125740051e-03
1.704993774183094501e-03
1.703410642221570015e-03
1.703330199234187603e-03
1.709385425783693790e-03
1.703569199889898300e-03
1.703806221485137939e-03
1.703225076198577881e-03
1.703203190118074417e-03
1.703176414594054222e-03
1.703175366856157780e-03
1.732619013637304306e-03
1.704447087831795216e-03
1.703669317066669464e-03
1.703128800727427006e-03
1.703077810816466808e-03
1.703053014352917671e-03
1.707381801679730415e-03
1.704719499684870243e-03
1.703345216810703278e-03
1.703070010989904404e-03
1.702969078905880451e-03
1.702940906397998333e-03
1.702937879599630833e-03
1.706094364635646343e-03
1.710062730126082897e-03
1.703732996247708797e-03
1.703089918009936810e-03
1.702867331914603710e-03
1.702828914858400822e-03
1.719098188914358616e-03
1.707241986878216267e-03
1.703250454738736153e-03
1.702848821878433228e-03
1.702748471871018410e-03
1.702722278423607349e-03
1.702699577435851097e-03
1.702689682133495808e-03
1.714845653623342514e-03
1.703133340924978256e-03
1.702842302620410919e-03
1.702682231552898884e-03
1.710094045847654343e-03
1.702721347101032734e-03
1.702803419902920723e-03
1.702569541521370411e-03
1.702542998827993870e-03
1.702671404927968979e-03
1.707091811113059521e-03
1.704380381852388382e-03
1.702630193904042244e-03
1.702666864730417728e-03
1.715922146104276180e-03
1.702678273431956768e-03
1.702435663901269436e-03
1.702402601949870586e-03
1.702614012174308300e-03
1.714578014798462391e-03
1.702597364783287048e-03
1.702325069345533848e-03
1.702330540865659714e-03
1.702343695797026157e-03
1.704168273136019707e-03
1.702653127722442150e-03
1.702274661511182785e-03
1.707543735392391682e-03
1.704449765384197235e-03
1.702311681583523750e-03
1.702217035926878452e-03
1.702170120552182198e-03
1.702140783891081810e-03
1.710055279545485973e-03
1.703385845758020878e-03
1.702481647953391075e-03
1.702141948044300079e-03
1.702069072052836418e-03
1.702039618976414204e-03
1.702049979940056801e-03
1.716479775495827198e-03
1.705213100649416447e-03
1.702454290352761745e-03
1.702117151580750942e-03
1.701958244666457176e-03
1.701931701973080635e-03
1.701975008472800255e-03
1.704455120489001274e-03
1.702905632555484772e-03
1.702161156572401524e-03
1.701871398836374283e-03
1.701848697848618031e-03
1.701827393844723701e-03
1.701812492683529854e-03
1.715145423077046871e-03
1.704041613265872002e-03
1.702077104710042477e-03
1.701859291642904282e-03
1.701739849522709846e-03
1.701786415651440620e-03
1.722587388940155506e-03
1.703219139017164707e-03
1.701679895631968975e-03
1.701669301837682724e-03
1.701637636870145798e-03
1.702368143014609814e-03
1.709285657852888107e-03
1.701875240541994572e-03
1.702313544228672981e-03
1.702004927210509777e-03
1.701620290987193584e-03
1.701863482594490051e-03
1.710009761154651642e-03
1.702367328107357025e-03
1.701808883808553219e-03
1.701573492027819157e-03
1.703623100183904171e-03
1.706083654426038265e-03
1.702088280580937862e-03
1.701418776065111160e-03
1.701699453406035900e-03
1.705752103589475155e-03
1.701583270914852619e-03
1.701438101008534431e-03
1.731561613269150257e-03
1.704024034552276134e-03
1.701538800261914730e-03
1.701335655525326729e-03
1.701280358247458935e-03
1.701262430287897587e-03
1.701242057606577873e-03
1.701941830106079578e-03
1.707812421955168247e-03
1.701376517303287983e-03
1.702485256828367710e-03
1.704110880382359028e-03
2.046474721282720566e-03
1.703297602944076061e-03
1.702303648926317692e-03
1.701422850601375103e-03
1.701329136267304420e-03
1.701290486380457878e-03
1.701266388408839703e-03
1.701246364973485470e-03
1.701228320598602295e-03
1.701211906038224697e-03
1.701195724308490753e-03
1.701180590316653252e-03
1.701165339909493923e-03
1.701151253655552864e-03
1.701136701740324497e-03
1.701122615486383438e-03
1.701108878478407860e-03
1.701094908639788628e-03
1.701081404462456703e-03
1.701067667454481125e-03
1.701053930446505547e-03
1.701040426269173622e-03
1.701026689261198044e-03
1.701013185083866119e-03
1.700999448075890541e-03
1.700985711067914963e-03
1.700971974059939384e-03
1.700957771390676498e-03
1.700943685136735439e-03
1.700942520983517170e-03
1.704346854239702225e-03
1.701319706626236439e-03
1.700938795693218708e-03
1.700887689366936684e-03
1.700865919701755047e-03
1.700851018540561199e-03
1.700836466625332832e-03
1.700822031125426292e-03
1.700807013548910618e-03
1.700792112387716770e-03
1.700776978395879269e-03
1.700761727988719940e-03
1.700746477581560612e-03
1.700730994343757629e-03
1.700715161859989166e-03
1.700699795037508011e-03
1.701390254311263561e-03
1.709696953184902668e-03
1.701662549749016762e-03
1.700673601590096951e-03
1.700645778328180313e-03
1.700625522062182426e-03
1.700608991086483002e-03
1.700592343695461750e-03
1.700578606687486172e-03
1.723171910271048546e-03
1.702692359685897827e-03
1.700802706182003021e-03
1.700557419098913670e-03
1.700507127679884434e-03
1.700490480288863182e-03
1.700473134405910969e-03
1.700455788522958755e-03
1.700438791885972023e-03
1.700763241387903690e-03
1.713585574179887772e-03
1.701035071164369583e-03
1.700451946817338467e-03
1.700393040664494038e-03
1.700366497971117496e-03
1.700344844721257687e-03
1.700327266007661819e-03
1.700309687294065952e-03
1.700291759334504604e-03
1.700274064205586910e-03
1.700255903415381908e-03
1.700237626209855080e-03
1.703124609775841236e-03
1.720100757665932178e-03
1.700626686215400696e-03
1.700460561551153660e-03
1.700205611996352673e-03
1.700179418548941612e-03
1.700159977190196514e-03
1.700141467154026031e-03
1.700123539194464684e-03
1.700105611234903336e-03
1.700087450444698334e-03
1.700069406069815159e-03
1.700050896033644676e-03
1.700032385997474194e-03
1.700406661257147789e-03
1.703705522231757641e-03
1.701913075521588326e-03
1.700248336419463158e-03
1.699970569461584091e-03
1.699953805655241013e-03
1.699931337498128414e-03
1.699911663308739662e-03
1.699892338365316391e-03
1.699873129837214947e-03
1.699853688478469849e-03
1.699833665043115616e-03
1.699814340099692345e-03
1.708954805508255959e-03
1.701873494312167168e-03
1.700845663435757160e-03
1.699934946373105049e-03
1.699770684354007244e-03
1.699732732959091663e-03
1.699710031971335411e-03
1.699689775705337524e-03
1.699669635854661465e-03
1.699649030342698097e-03
1.699644955806434155e-03
1.704479218460619450e-03
1.699785934761166573e-03
1.699595246464014053e-03
1.699574990198016167e-03
1.699579996056854725e-03
1.718130661174654961e-03
1.702239620499312878e-03
1.699671265669167042e-03
1.699488377198576927e-03
1.699463231489062309e-03
1.699433894827961922e-03
1.699505955912172794e-03
1.709818374365568161e-03
1.700864755548536777e-03
1.699520857073366642e-03
1.699385000392794609e-03
1.699325279332697392e-03
1.699302578344941139e-03
1.699280110187828541e-03
1.699259504675865173e-03
1.705968403257429600e-03
1.701020402833819389e-03
1.699711196124553680e-03
1.702795969322323799e-03
1.701606903225183487e-03
1.699365908280014992e-03
1.699216081760823727e-03
1.704635564237833023e-03
1.699263346381485462e-03
1.699463231489062309e-03
1.699217129498720169e-03
1.714119687676429749e-03
1.700508408248424530e-03
1.699327025562524796e-03
1.698965788818895817e-03
1.698941341601312160e-03
1.699038664810359478e-03
1.719482359476387501e-03
1.699789776466786861e-03
1.698932261206209660e-03
1.698854379355907440e-03
1.698809443041682243e-03
1.698948675766587257e-03
1.708848518319427967e-03
1.698855194263160229e-03
1.698875334113836288e-03
1.698721083812415600e-03
1.698676031082868576e-03
1.698705600574612617e-03
1.703931950032711029e-03
1.700837863609194756e-03
1.698689768090844154e-03
1.698600477539002895e-03
1.698550768196582794e-03
1.698518171906471252e-03
1.698491279967129230e-03
1.698466483503580093e-03
1.712850527837872505e-03
1.700546010397374630e-03
1.698457286693155766e-03
1.698420615866780281e-03
1.698480220511555672e-03
1.710176235064864159e-03
1.700196764431893826e-03
1.698540290817618370e-03
1.698257983662188053e-03
1.698232954367995262e-03
1.702614594250917435e-03
1.700333319604396820e-03
1.698205131106078625e-03
1.698205946013331413e-03
1.698091858997941017e-03
1.698058331385254860e-03
1.699230750091373920e-03
1.708356780000030994e-03
1.698798383586108685e-03
1.697972998954355717e-03
1.697942498140037060e-03
1.697900006547570229e-03
1.697867875918745995e-03
1.697837025858461857e-03
1.707376213744282722e-03
1.701271394267678261e-03
1.698256237432360649e-03
1.697816769592463970e-03
1.697707572020590305e-03
1.697667641565203667e-03
1.697633531875908375e-03
1.697598956525325775e-03
1.697585685178637505e-03
1.707224640995264053e-03
1.699257642030715942e-03
1.697700121439993382e-03
1.697473460808396339e-03
1.699570799246430397e-03
1.697927480563521385e-03
1.697445288300514221e-03
1.697564614005386829e-03
1.705735921859741211e-03
1.698894426226615906e-03
1.697250758297741413e-03
1.697195228189229965e-03
1.697145402431488037e-03
1.709582051262259483e-03
1.697895233519375324e-03
1.697290339507162571e-03
1.697041676379740238e-03
1.696962746791541576e-03
1.696919789537787437e-03
1.696923631243407726e-03
1.707699499092996120e-03
1.697334460914134979e-03
1.697125961072742939e-03
1.696742721833288670e-03
1.696693943813443184e-03
1.696661580353975296e-03
1.728122239001095295e-03
1.696762046776711941e-03
1.696720602922141552e-03
1.696552033536136150e-03
1.696459949016571045e-03
1.696404418908059597e-03
1.696357503533363342e-03
1.696538878604769707e-03
1.706386916339397430e-03
1.696790452115237713e-03
1.696247491054236889e-03
1.696166931651532650e-03
1.696096733212471008e-03
1.696049817837774754e-03
1.709534437395632267e-03
1.704834750853478909e-03
1.714599202387034893e-03
1.726946211419999599e-03
1.698765903711318970e-03
1.696184859611093998e-03
1.695945509709417820e-03
1.695846556685864925e-03
1.695806044153869152e-03
1.695765997283160686e-03
1.695726765319705009e-03
1.695687649771571159e-03
1.695647952146828175e-03
1.695608487352728844e-03
1.695568091236054897e-03
1.695527462288737297e-03
1.695485785603523254e-03
1.695444108918309212e-03
1.695401384495198727e-03
1.695371931418776512e-03
1.702195731922984123e-03
1.695650629699230194e-03
1.695374841801822186e-03
1.695212908089160919e-03
1.695149810984730721e-03
1.695100218057632446e-03
1.695052254945039749e-03
1.695003826171159744e-03
1.694954582490026951e-03
1.694904291070997715e-03
1.694853184744715691e-03
1.694801147095859051e-03
1.694748061709105968e-03
1.694693695753812790e-03
1.694640261121094227e-03
1.716646715067327023e-03
1.697020255960524082e-03
1.694821170531213284e-03
1.694484613835811615e-03
1.694374368526041508e-03
1.694316975772380829e-03
1.695448998361825943e-03
1.699513639323413372e-03
1.695124432444572449e-03
1.694089500233530998e-03
1.694033620879054070e-03
1.693955156952142715e-03
1.693889964371919632e-03
1.693824538961052895e-03
1.695137587375938892e-03
1.695252954959869385e-03
1.693723839707672596e-03
1.693624421022832394e-03
1.693504513241350651e-03
1.693436759524047375e-03
1.693361205980181694e-03
1.693286700174212456e-03
1.693211379460990429e-03
1.693135360255837440e-03
1.703758141957223415e-03
1.696245162747800350e-03
1.693294500000774860e-03
1.692914520390331745e-03
1.692799734883010387e-03
1.692708116024732590e-03
1.692626159638166428e-03
1.692543388344347477e-03
1.692459220066666603e-03
1.692373421974480152e-03
1.692285644821822643e-03
1.692555961199104786e-03
1.694436999969184399e-03
1.693560392595827579e-03
1.692165737040340900e-03
1.691888202913105488e-03
1.691788085736334324e-03
1.691703917458653450e-03
1.714077545329928398e-03
1.693805446848273277e-03
1.691858284175395966e-03
1.691391691565513611e-03
1.691259327344596386e-03
1.691154786385595798e-03
1.691055833362042904e-03
1.691081793978810310e-03
1.694166916422545910e-03
1.692869700491428375e-03
1.690901000984013081e-03
1.690612407401204109e-03
1.690490869805216789e-03
1.690381206572055817e-03
1.690274220891296864e-03
1.690165721811354160e-03
1.690096454694867134e-03
1.701838686130940914e-03
1.690003555268049240e-03
1.689784927293658257e-03
1.689885510131716728e-03
1.691183075308799744e-03
1.691180397756397724e-03
1.689380616880953312e-03
1.689241733402013779e-03
1.689125550910830498e-03
1.689011347480118275e-03
1.689002732746303082e-03
1.691507641226053238e-03
1.689576660282909870e-03
1.688785152509808540e-03
1.688496791757643223e-03
1.688357093371450901e-03
1.688234624452888966e-03
1.688114134594798088e-03
1.687999931164085865e-03
1.699750428088009357e-03
1.688435557298362255e-03
1.687766169197857380e-03
1.687582000158727169e-03
1.687456504441797733e-03
1.713106874376535416e-03
1.688037998974323273e-03
1.687377458438277245e-03
1.687014708295464516e-03
1.686867442913353443e-03
1.686738571152091026e-03
1.686710165813565254e-03
1.692243153229355812e-03
1.687668613158166409e-03
1.686287694610655308e-03
1.686188043095171452e-03
1.686028670519590378e-03
1.685902010649442673e-03
1.685773022472858429e-03
1.686521340161561966e-03
1.689732307568192482e-03
1.686010509729385376e-03
1.685489667579531670e-03
1.685200608335435390e-03
1.685061259195208549e-03
1.684929593466222286e-03
1.684802933596074581e-03
1.707055256702005863e-03
1.687817857600748539e-03
1.684639370068907738e-03
1.684429473243653774e-03
1.684216433204710484e-03
1.684083952568471432e-03
1.683954731561243534e-03
1.683825044892728329e-03
1.684696180745959282e-03
1.692822785116732121e-03
1.683950424194335938e-03
1.683568931184709072e-03
1.683271373622119427e-03
1.683140872046351433e-03
1.683019218035042286e-03
1.682896749116480350e-03
1.682776375673711300e-03
1.683062291704118252e-03
1.684194197878241539e-03
1.682706642895936966e-03
1.682368572801351547e-03
1.682215486653149128e-03
1.696136081591248512e-03
1.686476054601371288e-03
1.682199421338737011e-03
1.681854599155485630e-03
1.681654714047908783e-03
1.681533525697886944e-03
1.681414549238979816e-03
1.681311405263841152e-03
1.707308925688266754e-03
1.681813388131558895e-03
1.681199995800852776e-03
1.680865418165922165e-03
1.680743414908647537e-03
1.680626650340855122e-03
1.680709770880639553e-03
1.695213606581091881e-03
1.681320951320230961e-03
1.680390676483511925e-03
1.680105691775679588e-03
1.681288122199475765e-03
1.686098054051399231e-03
1.680945162661373615e-03
1.679794047959148884e-03
1.679565757513046265e-03
1.679439912550151348e-03
1.679323380813002586e-03
1.680836663581430912e-03
1.683876034803688526e-03
1.679941895417869091e-03
1.679009641520678997e-03
1.678816741332411766e-03
1.681416295468807220e-03
1.681283582001924515e-03
1.678509288467466831e-03
1.678442582488059998e-03
1.678515574894845486e-03
1.690719509497284889e-03
1.678494969382882118e-03
1.678208122029900551e-03
1.677905209362506866e-03
1.678128610365092754e-03
1.680975663475692272e-03
1.678263652138411999e-03
1.679686829447746277e-03
1.678989152424037457e-03
1.677611144259572029e-03
1.677370979450643063e-03
1.680559827946126461e-03
1.681807450950145721e-03
1.677362946793437004e-03
1.676874933764338493e-03
1.676765736192464828e-03
1.684039249084889889e-03
1.681440742686390877e-03
1.677339081652462482e-03
1.677164225839078426e-03
1.685646013356745243e-03
1.676569343544542789e-03
1.676192274317145348e-03
1.676103216595947742e-03
1.679099630564451218e-03
1.680182991549372673e-03
1.721587381325662136e-03
1.746532157994806767e-03
1.682468224316835403e-03
1.676040585152804852e-03
1.675475039519369602e-03
1.675356877967715263e-03
1.675264677032828331e-03
1.675181556493043900e-03
1.675099134445190430e-03
1.675016712397336960e-03
1.674933359026908875e-03
1.674849423579871655e-03
1.674764789640903473e-03
1.674679340794682503e-03
1.674592960625886917e-03
1.674505416303873062e-03
1.674417057074606419e-03
1.674355706200003624e-03
1.679550274275243282e-03
1.674450584687292576e-03
1.674093422479927540e-03
1.673993305303156376e-03
1.673895982094109058e-03
1.673802151344716549e-03
1.673708320595324039e-03
1.673613558523356915e-03
1.673517515882849693e-03
1.673953258432447910e-03
1.673548831604421139e-03
1.674514380283653736e-03
1.673245569691061974e-03
1.673075021244585514e-03
1.672976999543607235e-03
1.672877115197479725e-03
1.672777696512639523e-03
1.672677230089902878e-03
1.672575133852660656e-03
1.672472571954131126e-03
1.688589109107851982e-03
1.684245420619845390e-03
1.673451624810695648e-03
1.672176644206047058e-03
1.672054291702806950e-03
1.671952777542173862e-03
1.671849400736391544e-03
1.671748119406402111e-03
1.671645673923194408e-03
1.671541947871446609e-03
1.671436592005193233e-03
1.671330421231687069e-03
1.671222620643675327e-03
1.671651960350573063e-03
1.682495232671499252e-03
1.671991311013698578e-03
1.670847996138036251e-03
1.670766388997435570e-03
1.670630183070898056e-03
1.671657664701342583e-03
1.678378437645733356e-03
1.671292469836771488e-03
1.670439145527780056e-03
1.670141587965190411e-03
1.670031691901385784e-03
1.669922261498868465e-03
1.669812132604420185e-03
1.670038909651339054e-03
1.691024750471115112e-03
1.670299097895622253e-03
1.669489662162959576e-03
1.669334014877676964e-03
1.669215969741344452e-03
1.669103396125137806e-03
1.668991753831505775e-03
1.668878481723368168e-03
1.669515739195048809e-03
1.673457678407430649e-03
1.669245306402444839e-03
1.668575569055974483e-03
1.678662840276956558e-03
1.670954865403473377e-03
1.668201759457588196e-03
1.668091979809105396e-03
1.667930395342409611e-03
1.667814212851226330e-03
1.667780685238540173e-03
1.682598027400672436e-03
1.669879304245114326e-03
1.667744247242808342e-03
1.667341799475252628e-03
1.667186734266579151e-03
1.667062519118189812e-03
1.666944473981857300e-03
1.666871947236359119e-03
1.674291910603642464e-03
1.669144607149064541e-03
1.666735042817890644e-03
1.666437136009335518e-03
1.666306634433567524e-03
1.666188007220625877e-03
1.666069380007684231e-03
1.668122829869389534e-03
1.672062790021300316e-03
1.666007912717759609e-03
1.665760413743555546e-03
1.665524672716856003e-03
1.665742835029959679e-03
1.669245073571801186e-03
1.666694181039929390e-03
1.665147719904780388e-03
1.664965762756764889e-03
1.664843293838202953e-03
1.664807088673114777e-03
1.682551112025976181e-03
1.667686621658504009e-03
1.664770417846739292e-03
1.664307317696511745e-03
1.664177631027996540e-03
1.664055394940078259e-03
1.663968665525317192e-03
1.694401144050061703e-03
1.666335621848702431e-03
1.663627219386398792e-03
1.663500908762216568e-03
1.663580304011702538e-03
1.665533403865993023e-03
1.664036186411976814e-03
1.663148053921759129e-03
1.662941649556159973e-03
1.662814058363437653e-03
1.681768801063299179e-03
1.668538665398955345e-03
1.662621973082423210e-03
1.662454917095601559e-03
1.662253285758197308e-03
1.662119058892130852e-03
1.662228140048682690e-03
1.677376101724803448e-03
1.663643750362098217e-03
1.661750371567904949e-03
1.661612419411540031e-03
1.668470329605042934e-03
1.662398106418550014e-03
1.661231974139809608e-03
1.661188900470733643e-03
1.661017420701682568e-03
1.671519014053046703e-03
1.660986687056720257e-03
1.661121728830039501e-03
1.660513691604137421e-03
1.660371781326830387e-03
1.662445021793246269e-03
1.663949922658503056e-03
1.660833368077874184e-03
1.659950241446495056e-03
1.659794594161212444e-03
1.676980988122522831e-03
1.661200076341629028e-03
1.659679226577281952e-03
1.659299829043447971e-03
1.659426838159561157e-03
1.663280418142676353e-03
1.659768866375088692e-03
1.659033121541142464e-03
1.658658613450825214e-03
1.658870489336550236e-03
1.663510338403284550e-03
1.658742898143827915e-03
1.658387365750968456e-03
1.658032182604074478e-03
1.658330322243273258e-03
1.661221496760845184e-03
1.658197375945746899e-03
1.657483284361660480e-03
1.683165668509900570e-03
1.662721741013228893e-03
1.657225773669779301e-03
1.657029730267822742e-03
1.656809938140213490e-03
1.656726584769785404e-03
1.666060183197259903e-03
1.658248831517994404e-03
1.656315755099058151e-03
1.656148815527558327e-03
1.658094697631895542e-03
1.660320209339261055e-03
1.657475600950419903e-03
1.655637170188128948e-03
1.655499218031764030e-03
1.655337633565068245e-03
1.662535010837018490e-03
1.656630076467990875e-03
1.655137399211525917e-03
1.655280240811407566e-03
1.667494769208133221e-03
1.654769061133265495e-03
1.654589199461042881e-03
1.654271618463099003e-03
1.654124353080987930e-03
1.656339969485998154e-03
1.654812251217663288e-03
1.653967774473130703e-03
1.653595361858606339e-03
1.701589557342231274e-03
1.656297012232244015e-03
1.653430168516933918e-03
1.653135637752711773e-03
1.652936916798353195e-03
1.652795588597655296e-03
1.652656123042106628e-03
1.670710160396993160e-03
1.653888612054288387e-03
1.652434468269348145e-03
1.652162172831594944e-03
1.652061822824180126e-03
1.674733357504010201e-03
1.653290120884776115e-03
1.651652506552636623e-03
1.651542610488831997e-03
1.651351922191679478e-03
1.676333951763808727e-03
1.653048442676663399e-03
1.651137485168874264e-03
1.650814781896770000e-03
1.650794991292059422e-03
1.656661159358918667e-03
1.651710830628871918e-03
1.650383346714079380e-03
1.650169724598526955e-03
1.657130778767168522e-03
1.652893610298633575e-03
1.650406280532479286e-03
1.649622339755296707e-03
1.650125253945589066e-03
1.649619778618216515e-03
1.649213954806327820e-03
1.649179030209779739e-03
1.649009063839912415e-03
1.664323383010923862e-03
1.649594865739345551e-03
1.656111911870539188e-03
1.650206861086189747e-03
1.648265053518116474e-03
1.657624030485749245e-03
1.649723621085286140e-03
1.659098197706043720e-03
1.696858904324471951e-03
1.653993618674576283e-03
1.648299396038055420e-03
1.647525117732584476e-03
1.647337689064443111e-03
1.647210679948329926e-03
1.647087396122515202e-03
1.646964228712022305e-03
1.655449275858700275e-03
1.648864708840847015e-03
1.646711258217692375e-03
1.646534656174480915e-03
1.646367949433624744e-03
1.646233140490949154e-03
1.646105200052261353e-03
1.649697311222553253e-03
1.646114513278007507e-03
1.646362827159464359e-03
1.645608805119991302e-03
1.645476673729717731e-03
1.645343960262835026e-03
1.645235577598214149e-03
1.681279158219695091e-03
1.645118696615099907e-03
1.645221840590238571e-03
1.644735690206289291e-03
1.644578878767788410e-03
1.644440810196101665e-03
1.644299249164760113e-03
1.645829877816140652e-03
1.645697397179901600e-03
1.646046177484095097e-03
1.643868978135287762e-03
1.643680501729249954e-03
1.643545459955930710e-03
1.643402385525405407e-03
1.643262803554534912e-03
1.643122057430446148e-03
1.643450348637998104e-03
1.651956117711961269e-03
1.644313801079988480e-03
1.642676070332527161e-03
1.642525428906083107e-03
1.642364426515996456e-03
1.642221352085471153e-03
1.642081770114600658e-03
1.641942537389695644e-03
1.659066532738506794e-03
1.646116608753800392e-03
1.641993294470012188e-03
1.641454407945275307e-03
1.641303184442222118e-03
1.641182228922843933e-03
1.691649551503360271e-03
1.643446274101734161e-03
1.641342882066965103e-03
1.640695962123572826e-03
1.640566391870379448e-03
1.640421804040670395e-03
1.640288741327822208e-03
1.640235423110425472e-03
1.640846254304051399e-03
1.640922506339848042e-03
1.640000496990978718e-03
1.639725873246788979e-03
1.639572437852621078e-03
1.639445428736507893e-03
1.639351365156471729e-03
1.647328957915306091e-03
1.639413065277040005e-03
1.639200723730027676e-03
1.639104797504842281e-03
1.663675066083669662e-03
1.641390961594879627e-03
1.638903748244047165e-03
1.638426329009234905e-03
1.638324116356670856e-03
1.652435981668531895e-03
1.642219256609678268e-03
1.638248795643448830e-03
1.637888723053038120e-03
1.637762063182890415e-03
1.637652167119085789e-03
1.639382098801434040e-03
1.646357472054660320e-03
1.637998386286199093e-03
1.637404202483594418e-03
1.637156237848103046e-03
1.637052278965711594e-03
1.673789694905281067e-03
1.638857182115316391e-03
1.637360779568552971e-03
1.636751461774110794e-03
1.636566128581762314e-03
1.636463333852589130e-03
1.651608268730342388e-03
1.642018905840814114e-03
1.636680914089083672e-03
1.636231900192797184e-03
1.636032480746507645e-03
1.635928638279438019e-03
1.635830616578459740e-03
1.641685841605067253e-03
1.640678383409976959e-03
1.635813154280185699e-03
1.635579974390566349e-03
1.635412219911813736e-03
1.635324792005121708e-03
1.635228865779936314e-03
1.653802231885492802e-03
1.636119093745946884e-03
1.635622000321745872e-03
1.634926185943186283e-03
1.634831540286540985e-03
1.634936081245541573e-03
1.635648659430444241e-03
1.636427245102822781e-03
1.634786603972315788e-03
1.634480664506554604e-03
1.634365413337945938e-03
1.640082686208188534e-03
1.637654495425522327e-03
1.634664484299719334e-03
1.634088112041354179e-03
1.634008367545902729e-03
1.644866191782057285e-03
1.636728062294423580e-03
1.633999985642731190e-03
1.633728970773518085e-03
1.634376123547554016e-03
1.641618669964373112e-03
1.634404296055436134e-03
1.633412553928792477e-03
1.633295556530356407e-03
1.633224776014685631e-03
1.641442067921161652e-03
1.638126559555530548e-03
1.633067498914897442e-03
1.634337590076029301e-03
1.643741154111921787e-03
1.640632981434464455e-03
1.842494937591254711e-03
1.712053664959967136e-03
1.636595348827540874e-03
1.635758206248283386e-03
1.632810919545590878e-03
1.632699393667280674e-03
1.632618135772645473e-03
1.632565632462501526e-03
1.632516388781368732e-03
1.632468425668776035e-03
1.632421044632792473e-03
1.632713247090578079e-03
1.632984494790434837e-03
1.632294035516679287e-03
1.632253173738718033e-03
1.632197294384241104e-03
1.632149680517613888e-03
1.632102532312273979e-03
1.632055384106934071e-03
1.632008352316915989e-03
1.631960622034966946e-03
1.631913008168339729e-03
1.631864928640425205e-03
1.631816849112510681e-03
1.631768536753952503e-03
1.631720107980072498e-03
1.631671097129583359e-03
1.631622319109737873e-03
1.631573075428605080e-03
1.631523482501506805e-03
1.631479244679212570e-03
1.679473090916872025e-03
1.631502062082290649e-03
1.632006838917732239e-03
1.631361781619489193e-03
1.631262130104005337e-03
1.631209510378539562e-03
1.631159218959510326e-03
1.631109160371124744e-03
1.631059218198060989e-03
1.631008926779031754e-03
1.630958518944680691e-03
1.630907645449042320e-03
1.630856422707438469e-03
1.630805199965834618e-03
1.630753511562943459e-03
1.631246530450880527e-03
1.635534572415053844e-03
1.631443155929446220e-03
1.630742568522691727e-03
1.630595768801867962e-03
1.630492159165441990e-03
1.630442216992378235e-03
1.630390645004808903e-03
1.630340120755136013e-03
1.630288665182888508e-03
1.630237209610641003e-03
1.630185288377106190e-03
1.630133367143571377e-03
1.630081329494714737e-03
1.641632406972348690e-03
1.630041864700615406e-03
1.629995647817850113e-03
1.629925915040075779e-03
1.629893784411251545e-03
1.629821024835109711e-03
1.629768288694322109e-03
1.629716600291430950e-03
1.629664911888539791e-03
1.629613107070326805e-03
1.629560836590826511e-03
1.629508216865360737e-03
1.629454898647964001e-03
1.629409380257129669e-03
1.726476009935140610e-03
1.630868879146873951e-03
1.629744074307382107e-03
1.629341510124504566e-03
1.629206002689898014e-03
1.629136619158089161e-03
1.629083650186657906e-03
1.629030797630548477e-03
1.628977945074439049e-03
1.628924510441720486e-03
1.628870726563036442e-03
1.628816360607743263e-03
1.628761994652450085e-03
1.636933884583413601e-03
1.637840061448514462e-03
1.629177830182015896e-03
1.628733822144567966e-03
1.628565136343240738e-03
1.628488884307444096e-03
1.628434751182794571e-03
1.628380501642823219e-03
1.628326601348817348e-03
1.628272235393524170e-03
1.628217287361621857e-03
1.628163852728903294e-03
1.666004187427461147e-03
1.637667417526245117e-03
1.628621248528361320e-03
1.628007856197655201e-03
1.627960009500384331e-03
1.627883641049265862e-03
1.627827179618179798e-03
1.627771765924990177e-03
1.627716002985835075e-03
1.627659541554749012e-03
1.627602730877697468e-03
1.627545454539358616e-03
1.627560355700552464e-03
1.648925710469484329e-03
1.628482597880065441e-03
1.627573161385953426e-03
1.627320423722267151e-03
1.627263030968606472e-03
1.627200865186750889e-03
1.627143472433090210e-03
1.627085497602820396e-03
1.627027522772550583e-03
1.626969082280993462e-03
1.632733503356575966e-03
1.627453370019793510e-03
1.626919372938573360e-03
1.626773038879036903e-03
1.626719255000352859e-03
1.626646611839532852e-03
1.626877929084002972e-03
1.631229766644537449e-03
1.627718680538237095e-03
1.626679557375609875e-03
1.626384560950100422e-03
1.626332639716565609e-03
1.626265118829905987e-03
1.626203069463372231e-03
1.626142067834734917e-03
1.626248471438884735e-03
1.636584987863898277e-03
1.630109385587275028e-03
1.626025768928229809e-03
1.625883858650922775e-03
1.625820063054561615e-03
1.625757548026740551e-03
1.625693868845701218e-03
1.625630189664661884e-03
1.625566394068300724e-03
1.634705695323646069e-03
1.631265622563660145e-03
1.625688513740897179e-03
1.625415170565247536e-03
1.626797486096620560e-03
1.639333670027554035e-03
1.625320641323924065e-03
1.625370001420378685e-03
1.625091186724603176e-03
1.624990836717188358e-03
1.624929951503872871e-03
1.626050914637744427e-03
1.640332047827541828e-03
1.626677112653851509e-03
1.625007949769496918e-03
1.624643802642822266e-03
1.624577678740024567e-03
1.624508295208215714e-03
1.624441239982843399e-03
1.624454511329531670e-03
1.630794839002192020e-03
1.625975943170487881e-03
1.624652417376637459e-03
1.624163822270929813e-03
1.624084776267409325e-03
1.624012948013842106e-03
1.623942516744136810e-03
1.623874297365546227e-03
1.662203343585133553e-03
1.628260011784732342e-03
1.624276279471814632e-03
1.623747171834111214e-03
1.623581862077116966e-03
1.623499672859907150e-03
1.623432151973247528e-03
1.629586913622915745e-03
1.629796577617526054e-03
1.624408643692731857e-03
1.623298041522502899e-03
1.623129588551819324e-03
1.623049494810402393e-03
1.622978597879409790e-03
1.622904906980693340e-03
1.622990588657557964e-03
1.644610543735325336e-03
1.625099102966487408e-03
1.622759620659053326e-03
1.622624113224446774e-03
1.622520736418664455e-03
1.622445648536086082e-03
1.622370444238185883e-03
1.622351817786693573e-03
1.635353080928325653e-03
1.622646348550915718e-03
1.622246112674474716e-03
1.622082898393273354e-03
1.622473122552037239e-03
1.622020266950130463e-03
1.621883711777627468e-03
1.621937844902276993e-03
1.621712814085185528e-03
1.621613977476954460e-03
1.638210611417889595e-03
1.627649995498359203e-03
1.621930627152323723e-03
1.621569390408694744e-03
1.621311530470848083e-03
1.621211064048111439e-03
1.621134346351027489e-03
1.621057046577334404e-03
1.621265779249370098e-03
1.624518539756536484e-03
1.621458563022315502e-03
1.628248137421905994e-03
1.623647985979914665e-03
1.621103030629456043e-03
1.620676019228994846e-03
1.656190492212772369e-03
1.622289768420159817e-03
1.620566705241799355e-03
1.620339695364236832e-03
1.620224909856915474e-03
1.620157621800899506e-03
1.647956785745918751e-03
1.623527263291180134e-03
1.620461232960224152e-03
1.619954244233667850e-03
1.619793241843581200e-03
1.619734684936702251e-03
1.653704792261123657e-03
1.622730400413274765e-03
1.619897782802581787e-03
1.619476824998855591e-03
1.619369490072131157e-03
1.620012801140546799e-03
1.627955934964120388e-03
1.620630617253482342e-03
1.619164249859750271e-03
1.619016053155064583e-03
1.618903712369501591e-03
1.620138296857476234e-03
1.625510514713823795e-03
1.619399641640484333e-03
1.618784503079950809e-03
1.618579030036926270e-03
1.618470763787627220e-03
1.618406968191266060e-03
1.628463738597929478e-03
1.618813257664442062e-03
1.618369249626994133e-03
1.618593931198120117e-03
1.618401729501783848e-03
1.618103589862585068e-03
1.618113135918974876e-03
1.617873203940689564e-03
1.620080089196562767e-03
1.627529854886233807e-03
1.618289505131542683e-03
1.617636065930128098e-03
1.617413712665438652e-03
1.617745379917323589e-03
1.617582631297409534e-03
1.617586473003029823e-03
1.617151545360684395e-03
1.617082976736128330e-03
1.617347472347319126e-03
1.630045706406235695e-03
1.617365167476236820e-03
1.616785186342895031e-03
1.616763882339000702e-03
1.635598484426736832e-03
1.640526112169027328e-03
1.637405715882778168e-03
1.687658019363880157e-03
1.623819698579609394e-03
1.617249683476984501e-03
1.616404275409877300e-03
1.616233726963400841e-03
1.616158871911466122e-03
1.616094959899783134e-03
1.616031629964709282e-03
1.615967485122382641e-03
1.615903573110699654e-03
1.615839544683694839e-03
1.615774468518793583e-03
1.616084249690175056e-03
1.620700466446578503e-03
1.615989487618207932e-03
1.615623245015740395e-03
1.615494140423834324e-03
1.615411136299371719e-03
1.615341519936919212e-03
1.615272485651075840e-03
1.615203567780554295e-03
1.615133602172136307e-03
1.615063054487109184e-03
1.614991575479507446e-03
1.614919630810618401e-03
1.614846405573189259e-03
1.614773762412369251e-03
1.635330147109925747e-03
1.617483096197247505e-03
1.615543733350932598e-03
1.614576089195907116e-03
1.614491455256938934e-03
1.614398905076086521e-03
1.614322653040289879e-03
1.614247797988355160e-03
1.614172360859811306e-03
1.614095992408692837e-03
1.614019391126930714e-03
1.616165507584810257e-03
1.623580115847289562e-03
1.614089007489383221e-03
1.614100998267531395e-03
1.613700413145124912e-03
1.613614964298903942e-03
1.613537897355854511e-03
1.613458967767655849e-03
1.613380387425422668e-03
1.613300293684005737e-03
1.613219850696623325e-03
1.613139058463275433e-03
1.728275092318654060e-03
1.621126313693821430e-03
1.614240580238401890e-03
1.612926484085619450e-03
1.612831489183008671e-03
1.612744294106960297e-03
1.612663967534899712e-03
1.612583524547517300e-03
1.612502615898847580e-03
1.612420775927603245e-03
1.612338004633784294e-03
1.612254534848034382e-03
1.612170017324388027e-03
1.612144638784229755e-03
1.627953723073005676e-03
1.615336979739367962e-03
1.611947780475020409e-03
1.611839281395077705e-03
1.611732994206249714e-03
1.611644518561661243e-03
1.611558487638831139e-03
1.611471874639391899e-03
1.611384213902056217e-03
1.611298881471157074e-03
1.676469342783093452e-03
1.622161827981472015e-03
1.612079213373363018e-03
1.611041952855885029e-03
1.610945328138768673e-03
1.610841718502342701e-03
1.610750332474708557e-03
1.610661274753510952e-03
1.610571402125060558e-03
1.610480481758713722e-03
1.610652892850339413e-03
1.617454923689365387e-03
1.610765932127833366e-03
1.610314939171075821e-03
1.610825303941965103e-03
1.614320324733853340e-03
1.610140781849622726e-03
1.610008534044027328e-03
1.609730650670826435e-03
1.609844737686216831e-03
1.644291216507554054e-03
1.610023435205221176e-03
1.609658356755971909e-03
1.609343104064464569e-03
1.609232509508728981e-03
1.609128550626337528e-03
1.612735912203788757e-03
1.609017490409314632e-03
1.609048573300242424e-03
1.608801423572003841e-03
1.608742633834481239e-03
1.608615275472402573e-03
1.608517020940780640e-03
1.608420163393020630e-03
1.610471634194254875e-03
1.608758931979537010e-03
1.608982798643410206e-03
1.625242992304265499e-03
1.608103280887007713e-03
1.608321908861398697e-03
1.607835758477449417e-03
1.613146974705159664e-03
1.607735059224069118e-03
1.607748796232044697e-03
1.607702579349279404e-03
1.607392448931932449e-03
1.607295242138206959e-03
1.607196172699332237e-03
1.607145648449659348e-03
1.646547229029238224e-03
1.611746149137616158e-03
1.607366139069199562e-03
1.606841804459691048e-03
1.606679055839776993e-03
1.606575679033994675e-03
1.606476609595119953e-03
1.606487086974084377e-03
1.631915220059454441e-03
1.608418649993836880e-03
1.606231322512030602e-03
1.606066129170358181e-03
1.606499776244163513e-03
1.607176964171230793e-03
1.606255536898970604e-03
1.605791854672133923e-03
1.605597208254039288e-03
1.605513156391680241e-03
1.614824635908007622e-03
1.605426194146275520e-03
1.606287318281829357e-03
1.605276484042406082e-03
1.605006516911089420e-03
1.605073688551783562e-03
1.615933142602443695e-03
1.605425612069666386e-03
1.605920377187430859e-03
1.606678706593811512e-03
1.605865429155528545e-03
1.604519085958600044e-03
1.604308839887380600e-03
1.604157965630292892e-03
1.616586814634501934e-03
1.614467939361929893e-03
1.605133060365915298e-03
1.603839104063808918e-03
1.603725366294384003e-03
1.603599870577454567e-03
1.603494980372488499e-03
1.603458193130791187e-03
1.615581451915204525e-03
1.604247489012777805e-03
1.603423617780208588e-03
1.603067154064774513e-03
1.602936186827719212e-03
1.603092881850898266e-03
1.606677426025271416e-03
1.604540389962494373e-03
1.602958771400153637e-03
1.602513133548200130e-03
1.602377276867628098e-03
1.602267264388501644e-03
1.603029551915824413e-03
1.615894259884953499e-03
1.604099175892770290e-03
1.602120930328965187e-03
1.601832103915512562e-03
1.601702300831675529e-03
1.602091360837221146e-03
1.612542080692946911e-03
1.602312782779335976e-03
1.601605792529881001e-03
1.603007898665964603e-03
1.605271827429533005e-03
1.601197640411555767e-03
1.602713717147707939e-03
1.608062535524368286e-03
1.601483440026640892e-03
1.601664698682725430e-03
1.613859552890062332e-03
1.603064360097050667e-03
1.600369811058044434e-03
1.601319061592221260e-03
1.602014875970780849e-03
1.601266674697399139e-03
1.603117678314447403e-03
1.604485325515270233e-03
1.599755138158798218e-03
1.599808922037482262e-03
1.599923474714159966e-03
1.620648545213043690e-03
1.601193915121257305e-03
1.599561655893921852e-03
1.599145238287746906e-03
1.599424751475453377e-03
1.599549083039164543e-03
1.631172141060233116e-03
1.600638730451464653e-03
2.449726220220327377e-03
1.662243623286485672e-03
1.607826561667025089e-03
1.599305658601224422e-03
1.598902395926415920e-03
1.598795875906944275e-03
1.598702045157551765e-03
1.598629169166088104e-03
1.598561764694750309e-03
1.598496804945170879e-03
1.598433591425418854e-03
1.598370959982275963e-03
1.598309492692351341e-03
1.598247792571783066e-03
1.598186092451214790e-03
1.598124625161290169e-03
1.598062692210078239e-03
1.598000410012900829e-03
1.597938244231045246e-03
1.597875147126615047e-03
1.597812050022184849e-03
1.597748487256467342e-03
1.597684225998818874e-03
1.597619615495204926e-03
1.597554306499660015e-03
1.597488531842827797e-03
1.597422407940030098e-03
1.597360591404139996e-03
1.655606087297201157e-03
1.601609750650823116e-03
1.597478287294507027e-03
1.597112976014614105e-03
1.597048481926321983e-03
1.596974558196961880e-03
1.596905407495796680e-03
1.596835791133344173e-03
1.596765709109604359e-03
1.596694928593933582e-03
1.596623333171010017e-03
1.596551039256155491e-03
1.596477930434048176e-03
1.596404588781297207e-03
1.596330432221293449e-03
1.596255111508071423e-03
1.596179557964205742e-03
1.596103422343730927e-03
1.598599716089665890e-03
1.615342684090137482e-03
1.596140791662037373e-03
1.596141955815255642e-03
1.595778972841799259e-03
1.595698064193129539e-03
1.595621230080723763e-03
1.595543581061065197e-03
1.595465466380119324e-03
1.595386420376598835e-03
1.595306908711791039e-03
1.595226232893764973e-03
1.595144974999129772e-03
1.595063018612563610e-03
1.594980130903422832e-03
1.594896428287029266e-03
1.594918430782854557e-03
1.643297960981726646e-03
1.600905205123126507e-03
1.595013542100787163e-03
1.594581408426165581e-03
1.594478380866348743e-03
1.594385248608887196e-03
1.594301080331206322e-03
1.594216912053525448e-03
1.594132045283913612e-03
1.594046014361083508e-03
1.593959634192287922e-03
1.593871973454952240e-03
1.593783614225685596e-03
1.593698048964142799e-03
1.637400011532008648e-03
1.601095544174313545e-03
1.593728666193783283e-03
1.593519002199172974e-03
1.593336462974548340e-03
1.593229826539754868e-03
1.593140885233879089e-03
1.593051245436072350e-03
1.592961256392300129e-03
1.592870336025953293e-03
1.592778949998319149e-03
1.592688378877937794e-03
1.634746906347572803e-03
1.606508740223944187e-03
1.594120985828340054e-03
1.592565327882766724e-03
1.592313521541655064e-03
1.592214568518102169e-03
1.592120970599353313e-03
1.592028769664466381e-03
1.591936103068292141e-03
1.591842505149543285e-03
1.591747859492897987e-03
1.591652398928999901e-03
1.591555890627205372e-03
1.594471861608326435e-03
1.615340588614344597e-03
1.593382214196026325e-03
1.591605483554303646e-03
1.591201988048851490e-03
1.591073698364198208e-03
1.590974628925323486e-03
1.590879983268678188e-03
1.590784755535423756e-03
1.590688480064272881e-03
1.590591156855225563e-03
1.590492785908281803e-03
1.590535859577357769e-03
1.640765112824738026e-03
1.593685476109385490e-03
1.590399537235498428e-03
1.590091153047978878e-03
1.589997904375195503e-03
1.589889638125896454e-03
1.589790685102343559e-03
1.589691382832825184e-03
1.589590799994766712e-03
1.589489169418811798e-03
1.589385792613029480e-03
1.589281484484672546e-03
1.589175895787775517e-03
1.611182349734008312e-03
1.612575259059667587e-03
1.589304651133716106e-03
1.589164719916880131e-03
1.588799292221665382e-03
1.588652725331485271e-03
1.588542130775749683e-03
1.588433980941772461e-03
1.588324899785220623e-03
1.588213955983519554e-03
1.588102080859243870e-03
1.587989274412393570e-03
1.587887760251760483e-03
1.600293442606925964e-03
1.589686493389308453e-03
1.587820006534457207e-03
1.587519072927534580e-03
1.587448408827185631e-03
1.648916630074381828e-03
1.590601168572902679e-03
1.587268430739641190e-03
1.587046659551560879e-03
1.586892176419496536e-03
1.586789148859679699e-03
1.586684375070035458e-03
1.586581929586827755e-03
1.590000232681632042e-03
1.588130369782447815e-03
1.589136780239641666e-03
1.586429541930556297e-03
1.586157013662159443e-03
1.586034195497632027e-03
1.585925696417689323e-03
1.585821970365941525e-03
1.585718127898871899e-03
1.585638034157454967e-03
1.601410680450499058e-03
1.590619329363107681e-03
1.585558173246681690e-03
1.585494494065642357e-03
1.593782682903110981e-03
1.590319443494081497e-03
