9.803486987948417664e-03
1.274714153259992599e-02
5.230573937296867371e-03
2.384752500802278519e-03
1.980982255190610886e-03
1.949035795405507088e-03
1.948632416315376759e-03
1.947624492458999157e-03
1.947280019521713257e-03
1.947006909176707268e-03
1.946736825630068779e-03
1.946470350958406925e-03
1.946209697052836418e-03
1.945955562405288219e-03
1.945708761923015118e-03
1.945470809005200863e-03
1.945242052897810936e-03
1.945022959262132645e-03
1.944813877344131470e-03
1.944614690728485584e-03
1.944425865076482296e-03
1.944247167557477951e-03
1.944078365340828896e-03
1.943919458426535130e-03
1.943770213983952999e-03
1.943630166351795197e-03
1.943498966284096241e-03
1.943376148119568825e-03
1.943261479027569294e-03
1.943154493346810341e-03
1.943054725416004658e-03
1.942961593158543110e-03
1.942874863743782043e-03
1.942793605849146843e-03
1.942718052305281162e-03
1.942647853866219521e-03
1.942581846378743649e-03
1.942520495504140854e-03
1.942462637089192867e-03
1.942408503964543343e-03
1.942357979714870453e-03
1.942310249432921410e-03
1.942265313118696213e-03
1.942222588695585728e-03
1.942182541824877262e-03
1.942144357599318027e-03
1.942107919603586197e-03
1.942073344253003597e-03
1.942040631547570229e-03
1.942008966580033302e-03
1.941978815011680126e-03
1.941949827596545219e-03
1.941921771503984928e-03
1.941895228810608387e-03
1.941869268193840981e-03
1.941844471730291843e-03
1.941820490173995495e-03
1.941797439940273762e-03
1.941775088198482990e-03
1.941753318533301353e-03
1.941732363775372505e-03
1.941712107509374619e-03
1.941692666150629520e-03
1.941673574037849903e-03
1.941655296832323074e-03
1.941637718118727207e-03
1.941620605066418648e-03
1.941603841260075569e-03
1.941587775945663452e-03
1.941572525538504124e-03
1.941557624377310276e-03
1.941543305292725563e-03
1.941529451869428158e-03
1.941516064107418060e-03
1.941503491252660751e-03
1.941490918397903442e-03
1.941479044035077095e-03
1.941467635333538055e-03
1.941456692293286324e-03
1.941446214914321899e-03
1.941435970366001129e-03
1.941426424309611320e-03
1.941417227499186993e-03
1.941408147104084492e-03
1.941399765200912952e-03
1.941391732543706894e-03
1.941384049132466316e-03
1.941376482136547565e-03
1.941369613632559776e-03
1.941362745128571987e-03
1.941356225870549679e-03
1.941350172273814678e-03
1.941344235092401505e-03
1.941338647156953812e-03
1.941333757713437080e-03
1.941328519023954868e-03
1.941323745995759964e-03
1.941319205798208714e-03
1.941315014846622944e-03
1.941310823895037174e-03
1.941306982189416885e-03
1.941303606145083904e-03
1.941299997270107269e-03
1.941296737641096115e-03
1.941293710842728615e-03
1.941291033290326595e-03
1.941288122907280922e-03
1.941285445354878902e-03
1.941283000633120537e-03
1.941280672326683998e-03
1.941278576850891113e-03
1.941276481375098228e-03
1.941274618729948997e-03
1.941272639669477940e-03
1.941271009854972363e-03
1.941269496455788612e-03
1.941267750225961208e-03
1.941266353242099285e-03
1.941265072673559189e-03
1.941263675689697266e-03
1.941262744367122650e-03
1.941261463798582554e-03
1.941260066814720631e-03
1.941259368322789669e-03
1.941258204169571400e-03
1.941257389262318611e-03
1.941256457939743996e-03
1.941255759447813034e-03
1.941255177371203899e-03
1.941254129633307457e-03
1.941253663972020149e-03
1.941252849064767361e-03
1.941252034157514572e-03
1.941251568496227264e-03
1.941250986419618130e-03
1.941250404343008995e-03
1.941249822266399860e-03
1.941249240189790726e-03
1.941248658113181591e-03
1.941248308867216110e-03
1.941247843205928802e-03
1.941247493959963322e-03
1.941246911883354187e-03
1.941246329806745052e-03
1.941245980560779572e-03
1.941245631314814091e-03
1.941245165653526783e-03
1.941244816407561302e-03
1.941244467161595821e-03
1.941244117915630341e-03
1.941243652254343033e-03
1.941243303008377552e-03
1.941242953762412071e-03
1.941242720931768417e-03
1.941242371685802937e-03
1.941241789609193802e-03
1.941241556778550148e-03
1.941241440363228321e-03
1.941240974701941013e-03
1.941240625455975533e-03
1.941240276210010052e-03
1.941239926964044571e-03
1.941239694133400917e-03
1.941239344887435436e-03
1.941238879226148129e-03
1.941238762810826302e-03
1.941238297149538994e-03
1.941237947903573513e-03
1.941237598657608032e-03
1.941237249411642551e-03
1.941236783750355244e-03
1.941236783750355244e-03
1.941236201673746109e-03
1.941236085258424282e-03
1.941235503181815147e-03
1.941235270351171494e-03
1.941234921105206013e-03
1.941234571859240532e-03
2.155594676733016968e-01
4.462986253201961517e-03
2.673866692930459976e-03
1.977460458874702454e-03
1.944651710800826550e-03
1.944255782291293144e-03
1.943528302945196629e-03
1.943114097230136395e-03
1.942888949997723103e-03
1.942717353813350201e-03
1.942573348060250282e-03
1.942449947819113731e-03
1.942342496477067471e-03
1.942247734405100346e-03
1.942162634804844856e-03
1.942086382769048214e-03
1.942017115652561188e-03
1.941954134963452816e-03
1.941896742209792137e-03
1.941844122484326363e-03
1.941796042956411839e-03
1.941751805134117603e-03
1.941711525432765484e-03
1.941674738191068172e-03
1.941640861332416534e-03
1.941609662026166916e-03
1.941581256687641144e-03
1.941554946824908257e-03
1.941531081683933735e-03
1.941509544849395752e-03
1.941489404998719692e-03
1.941471011377871037e-03
1.941454247571527958e-03
1.941438764333724976e-03
1.941424678079783916e-03
1.941411755979061127e-03
1.941399765200912952e-03
1.941389054991304874e-03
1.941378926858305931e-03
1.941369962878525257e-03
1.941361231729388237e-03
1.941353315487504005e-03
1.941346097737550735e-03
1.941339462064206600e-03
1.941333292052149773e-03
1.941327471286058426e-03
1.941321883350610733e-03
1.941316993907094002e-03
1.941312220878899097e-03
1.941307564266026020e-03
1.941303373314440250e-03
1.941299415193498135e-03
1.941295573487877846e-03
1.941291731782257557e-03
1.941288355737924576e-03
1.941284746862947941e-03
1.941281487233936787e-03
1.941277994774281979e-03
1.941274967975914478e-03
1.941271941177546978e-03
1.941268448717892170e-03
1.941265421919524670e-03
1.941262395121157169e-03
1.941258902661502361e-03
1.941255759447813034e-03
1.941252266988158226e-03
1.941249007359147072e-03
1.941245631314814091e-03
1.941242022439837456e-03
1.941238297149538994e-03
1.941234688274562359e-03
1.941230962984263897e-03
1.941227121278643608e-03
1.941223512403666973e-03
1.941219321452081203e-03
1.941215479746460915e-03
1.941211638040840626e-03
1.941207447089254856e-03
1.941203256137669086e-03
1.941199065186083317e-03
1.941194874234497547e-03
1.941190334036946297e-03
1.941185677424073219e-03
1.941180904395878315e-03
1.941176131367683411e-03
1.941170776262879372e-03
1.941165537573397160e-03
1.941159716807305813e-03
1.941153896041214466e-03
1.941147609613835812e-03
1.941140857525169849e-03
1.941133872605860233e-03
1.941126189194619656e-03
1.941118622198700905e-03
1.941110007464885712e-03
1.941101043485105038e-03
1.941091497428715229e-03
1.941081136465072632e-03
1.941070542670786381e-03
1.941058901138603687e-03
1.941046444699168205e-03
1.941033522598445415e-03
1.941019552759826183e-03
1.941004651598632336e-03
1.940988819114863873e-03
1.940972055308520794e-03
1.940954593010246754e-03
1.940935850143432617e-03
1.940916175954043865e-03
1.940895454026758671e-03
1.940873684361577034e-03
1.940850750543177128e-03
1.940827351063489914e-03
1.940802903845906258e-03
1.940777292475104332e-03
1.940751215443015099e-03
1.940724090673029423e-03
1.940696500241756439e-03
1.940668094903230667e-03
1.940639107488095760e-03
1.940609654411673546e-03
1.940579502843320370e-03
1.940548885613679886e-03
1.940517802722752094e-03
1.940486254170536995e-03
1.940454239957034588e-03
1.940421410836279392e-03
1.940388232469558716e-03
1.940354355610907078e-03
1.940319780260324478e-03
1.940284506417810917e-03
1.940248301252722740e-03
1.940211048349738121e-03
1.940173329785466194e-03
1.940134214237332344e-03
1.940094167366623878e-03
1.940053072758018970e-03
1.940010813996195793e-03
1.939967158250510693e-03
1.939922338351607323e-03
1.939876354299485683e-03
1.939828856848180294e-03
1.939779962413012981e-03
1.939730020239949226e-03
1.939678913913667202e-03
1.939626294188201427e-03
1.939572510309517384e-03
1.939517678692936897e-03
1.939462264999747276e-03
1.939405337907373905e-03
1.939348177984356880e-03
1.939290203154087067e-03
1.939231879077851772e-03
1.939173438586294651e-03
1.939115114510059357e-03
1.939057139679789543e-03
1.938999164849519730e-03
1.938942237757146358e-03
1.938886009156703949e-03
1.938830944709479809e-03
1.938776928000152111e-03
1.938724308274686337e-03
1.938673201948404312e-03
1.938623376190662384e-03
1.938575180247426033e-03
1.938528381288051605e-03
1.938482979312539101e-03
1.938439090736210346e-03
1.938396017067134380e-03
1.938354456797242165e-03
1.938313595019280910e-03
1.938273780979216099e-03
1.938234316185116768e-03
1.938195782713592052e-03
1.938157598488032818e-03
1.938119879923760891e-03
1.938082044944167137e-03
1.938044326379895210e-03
1.938006491400301456e-03
1.937968772836029530e-03
1.937930588610470295e-03
1.937891938723623753e-03
1.937853056006133556e-03
1.937813474796712399e-03
1.937773078680038452e-03
1.937732100486755371e-03
1.937690307386219501e-03
1.937647233717143536e-03
1.937602995894849300e-03
1.937557128258049488e-03
1.937509863637387753e-03
1.937460503540933132e-03
1.937409164384007454e-03
1.937355031259357929e-03
1.937297987751662731e-03
1.937237451784312725e-03
1.937172259204089642e-03
1.937101711519062519e-03
1.937024993821978569e-03
1.936940010637044907e-03
1.936844200827181339e-03
1.936735119670629501e-03
1.936608226969838142e-03
1.936457818374037743e-03
1.936275279149413109e-03
1.936050015501677990e-03
1.935767708346247673e-03
1.935411826707422733e-03
1.934958621859550476e-03
1.934373402036726475e-03
1.933586318045854568e-03
1.932429848238825798e-03
1.930541708134114742e-03
1.927605248056352139e-03
1.923978794366121292e-03
1.920359907671809196e-03
1.917166868224740028e-03
1.914448919706046581e-03
1.931930542923510075e-03
1.912445179186761379e-03
1.912393956445157528e-03
1.908581703901290894e-03
1.907299971207976341e-03
1.906096236780285835e-03
1.904956414364278316e-03
1.906720688566565514e-03
1.915473141707479954e-03
1.909475657157599926e-03
1.902391435578465462e-03
1.900695380754768848e-03
1.899453694932162762e-03
1.898236223496496677e-03
1.896876841783523560e-03
1.934735104441642761e-03
1.926704309880733490e-03
1.899501541629433632e-03
1.891709631308913231e-03
1.888311933726072311e-03
1.885415636934340000e-03
1.882466021925210953e-03
1.879694755189120770e-03
1.889090286567807198e-03
1.973234117031097412e-03
1.884333323687314987e-03
1.874461304396390915e-03
1.872286549769341946e-03
1.870760694146156311e-03
1.869513303972780704e-03
1.868342515081167221e-03
1.867237035185098648e-03
1.866189530119299889e-03
1.865191617980599403e-03
1.865100814029574394e-03
1.878238283097743988e-03
1.864715479314327240e-03
1.864467631094157696e-03
1.862751552835106850e-03
1.861694268882274628e-03
1.860926742665469646e-03
1.860197749920189381e-03
1.859463402070105076e-03
1.858714618720114231e-03
1.857935334555804729e-03
1.857100985944271088e-03
1.856167567893862724e-03
1.855037640780210495e-03
1.853472669608891010e-03
1.853768830187618732e-03
1.932785380631685257e-03
1.856478629633784294e-03
1.857268856838345528e-03
1.850080094300210476e-03
1.846666680648922920e-03
1.842239871621131897e-03
1.836584415286779404e-03
1.829989603720605373e-03
1.823082682676613331e-03
1.818266231566667557e-03
1.929022721014916897e-03
1.828631502576172352e-03
1.813780749216675758e-03
1.810243586078286171e-03
1.807409571483731270e-03
1.804964267648756504e-03
1.802713144570589066e-03
1.800609519705176353e-03
1.798624172806739807e-03
1.796741853468120098e-03
1.794951618649065495e-03
1.793245668523013592e-03
2.063361695036292076e-03
1.794019248336553574e-03
1.793332048691809177e-03
1.791480928659439087e-03
1.789243426173925400e-03
1.787916873581707478e-03
1.786665641702711582e-03
1.785485656000673771e-03
1.784358173608779907e-03
1.783282845281064510e-03
1.782259088940918446e-03
1.781287137418985367e-03
1.780365477316081524e-03
1.779493992216885090e-03
1.803906750865280628e-03
1.818704535253345966e-03
1.781547558493912220e-03
1.779310754500329494e-03
1.778420177288353443e-03
1.777647761628031731e-03
1.776943914592266083e-03
1.776296412572264671e-03
1.775681041181087494e-03
1.775090349838137627e-03
1.774519332684576511e-03
1.773962751030921936e-03
1.773416996002197266e-03
1.772879040800035000e-03
1.772345276549458504e-03
1.772894989699125290e-03
1.834711758419871330e-03
1.783299027010798454e-03
1.772691844962537289e-03
1.771765295416116714e-03
1.771147130057215691e-03
1.770691596902906895e-03
1.770261325873434544e-03
1.769839669577777386e-03
1.769421738572418690e-03
1.769005204550921917e-03
1.787237939424812794e-03
1.787946326658129692e-03
1.772188697941601276e-03
1.769075752235949039e-03
1.768368063494563103e-03
1.767953857779502869e-03
1.767559209838509560e-03
1.767179812304675579e-03
1.766804256476461887e-03
1.766939647495746613e-03
1.782124629244208336e-03
1.768300542607903481e-03
1.766822417266666889e-03
1.766221364960074425e-03
1.765767228789627552e-03
1.765406341291964054e-03
1.765045686624944210e-03
1.764688058756291866e-03
1.789828878827393055e-03
1.775482087396085262e-03
1.771681127138435841e-03
1.765433466061949730e-03
1.764198997989296913e-03
1.763795036822557449e-03
1.763424486853182316e-03
1.763075008057057858e-03
1.762729254551231861e-03
2.002913039177656174e-03
1.777793862856924534e-03
1.763886655680835247e-03
1.762831467203795910e-03
1.762135303579270840e-03
1.761756138876080513e-03
1.761398278176784515e-03
1.761040068231523037e-03
1.761413179337978363e-03
1.805868465453386307e-03
1.768485642969608307e-03
1.761435996741056442e-03
1.760569750331342220e-03
1.760150305926799774e-03
1.759766018949449062e-03
1.759391743689775467e-03
1.759019098244607449e-03
1.858041854575276375e-03
1.792825292795896530e-03
1.762355794198811054e-03
1.759311300702393055e-03
1.758556347340345383e-03
1.758092083036899567e-03
1.757698832079768181e-03
1.757321530021727085e-03
1.843630801886320114e-03
1.792022609151899815e-03
1.758834579959511757e-03
1.757873920723795891e-03
1.756874960847198963e-03
1.756413956172764301e-03
1.756027224473655224e-03
1.755681587383151054e-03
1.833506743423640728e-03
1.762456609867513180e-03
1.757342135533690453e-03
1.755492528900504112e-03
1.754918252117931843e-03
1.754543860442936420e-03
1.755609642714262009e-03
1.767499139532446861e-03
1.762587693519890308e-03
1.755491364747285843e-03
1.754121971316635609e-03
1.753677497617900372e-03
1.786765409633517265e-03
1.767252688296139240e-03
1.754209864884614944e-03
1.753164222463965416e-03
1.754481811076402664e-03
1.814833958633244038e-03
1.752910902723670006e-03
1.752576790750026703e-03
1.752078183926641941e-03
1.751650939695537090e-03
1.773466123268008232e-03
1.773338415659964085e-03
1.753056305460631847e-03
1.751562464050948620e-03
1.750965486280620098e-03
1.783651299774646759e-03
1.759161939844489098e-03
1.754050375893712044e-03
1.751102041453123093e-03
1.750316238030791283e-03
1.749962219037115574e-03
1.754990778863430023e-03
1.766963512636721134e-03
1.755234668962657452e-03
1.750327064655721188e-03
1.749334507621824741e-03
1.748999115079641342e-03
1.757197547703981400e-03
1.775206299498677254e-03
1.749726594425737858e-03
1.749042072333395481e-03
1.748417853377759457e-03
1.748154638335108757e-03
1.806337269954383373e-03
1.750260125845670700e-03
1.749145449139177799e-03
1.748530310578644276e-03
1.830135472118854523e-03
1.749839982949197292e-03
1.747915172018110752e-03
1.746962661854922771e-03
1.746648224070668221e-03
1.934421714395284653e-03
1.760041341185569763e-03
1.749305520206689835e-03
1.746723894029855728e-03
1.746931811794638634e-03
1.772037823684513569e-03
1.749795163050293922e-03
1.746646477840840816e-03
1.745697343721985817e-03
1.745316083543002605e-03
1.745001412928104401e-03
2.114686882123351097e-03
5.946292728185653687e-02
2.068258123472332954e-03
1.920327893458306789e-03
1.877453760243952274e-03
1.853457069955766201e-03
1.840326236560940742e-03
1.831753528676927090e-03
1.824911800213158131e-03
1.819064724259078503e-03
1.814013463445007801e-03
1.809584326110780239e-03
1.805665204301476479e-03
1.802176237106323242e-03
1.799023244529962540e-03
1.796116936020553112e-03
1.793403993360698223e-03
1.790856360457837582e-03
1.788444817066192627e-03
1.786142122000455856e-03
1.783948508091270924e-03
1.781901693902909756e-03
1.780031132511794567e-03
1.778329373337328434e-03
1.776783727109432220e-03
1.775386394001543522e-03
1.774120260961353779e-03
1.772958319634199142e-03
1.771869370713829994e-03
1.770831411704421043e-03
1.769831054843962193e-03
1.768863294273614883e-03
1.767929061315953732e-03
1.767032546922564507e-03
1.766177476383745670e-03
1.765366527251899242e-03
1.764600747264921665e-03
1.763880136422812939e-03
1.763202250003814697e-03
1.762564992532134056e-03
1.761965337209403515e-03
1.761399791575968266e-03
1.760865328833460808e-03
1.760359155014157295e-03
1.759878476150333881e-03
1.759421080350875854e-03
1.758984290063381195e-03
1.758567057549953461e-03
1.758167170919477940e-03
1.757783466018736362e-03
1.757414429448544979e-03
1.757058664225041866e-03
1.756715704686939716e-03
1.769308815710246563e-03
1.756604178808629513e-03
1.755964942276477814e-03
1.755525358021259308e-03
1.755239092744886875e-03
1.754959230311214924e-03
1.754686469212174416e-03
1.754419878125190735e-03
1.754158758558332920e-03
1.753902412019670010e-03
1.753651187755167484e-03
1.772271469235420227e-03
1.755998702719807625e-03
1.753069111146032810e-03
1.752783777192234993e-03
1.752554904669523239e-03
1.752328826114535332e-03
1.752105308696627617e-03
1.751885167323052883e-03
1.751667354255914688e-03
1.751451869495213032e-03
1.751238363794982433e-03
1.751026720739901066e-03
1.750817056745290756e-03
1.750608440488576889e-03
1.762477215379476547e-03
1.755448523908853531e-03
1.750730094499886036e-03
1.749968272633850574e-03
1.749745104461908340e-03
1.749541377648711205e-03
1.749345916323363781e-03
1.749151968397200108e-03
1.748959068208932877e-03
1.748766866512596607e-03
1.748575363308191299e-03
1.748384209349751472e-03
1.748193171806633472e-03
1.748002250678837299e-03
1.747811096720397472e-03
1.747619244270026684e-03
1.747887348756194115e-03
1.762323314324021339e-03
1.747994218021631241e-03
1.747195725329220295e-03
1.746941707096993923e-03
1.746722380630671978e-03
1.746524590998888016e-03
1.746327150613069534e-03
1.746128662489354610e-03
1.745927147567272186e-03
1.745722140185534954e-03
1.745512359775602818e-03
1.745298155583441257e-03
1.745082088746130466e-03
1.744865323416888714e-03
1.744649605825543404e-03
1.745781861245632172e-03
1.754053402692079544e-03
1.745043671689927578e-03
1.744099427014589310e-03
1.743860193528234959e-03
1.743642147630453110e-03
1.743424218147993088e-03
1.743208500556647778e-03
1.742991618812084198e-03
1.742773223668336868e-03
1.742552849464118481e-03
1.742330496199429035e-03
1.742109307087957859e-03
1.766373054124414921e-03
1.745832385495305061e-03
1.742650987580418587e-03
1.741693238727748394e-03
1.741418382152915001e-03
1.741169719025492668e-03
1.740937237627804279e-03
1.740709645673632622e-03
1.740484032779932022e-03
1.740259933285415173e-03
1.740035950206220150e-03
1.739812432788312435e-03
1.739588682539761066e-03
1.739430590532720089e-03
1.740214880555868149e-03
1.743268687278032303e-03
1.740038627758622169e-03
1.739109982736408710e-03
1.738809398375451565e-03
1.738547114655375481e-03
1.738306367769837379e-03
1.738074235618114471e-03
1.737845945172011852e-03
1.737620099447667599e-03
1.737395068630576134e-03
1.737169572152197361e-03
1.736942795105278492e-03
1.736714504659175873e-03
1.770003465935587883e-03
1.764993648976087570e-03
1.737343496643006802e-03
1.736958278343081474e-03
1.736424164846539497e-03
1.736079691909253597e-03
1.735794823616743088e-03
1.735521480441093445e-03
1.735254190862178802e-03
1.734988181851804256e-03
1.734719844534993172e-03
1.734446268528699875e-03
1.734164427034556866e-03
1.733871060423552990e-03
1.733563141897320747e-03
1.733237062580883503e-03
1.835795934312045574e-03
1.746175694279372692e-03
1.735790749080479145e-03
1.733462093397974968e-03
1.732782111503183842e-03
1.732194912619888783e-03
1.731599797494709492e-03
1.730918884277343750e-03
1.730107702314853668e-03
1.729127485305070877e-03
1.727947965264320374e-03
1.726560876704752445e-03
1.724984729662537575e-03
1.723865512758493423e-03
1.766197499819099903e-03
1.728613628074526787e-03
1.721858512610197067e-03
1.719467341899871826e-03
1.717606326565146446e-03
1.715800259262323380e-03
1.714112819172441959e-03
1.766555942595005035e-03
1.718342769891023636e-03
1.712162164039909840e-03
1.710209064185619354e-03
1.709119416773319244e-03
1.708156894892454147e-03
1.707404851913452148e-03
1.728234812617301941e-03
1.708470867015421391e-03
1.706043607555329800e-03
1.705298549495637417e-03
1.704685739241540432e-03
1.704318914562463760e-03
1.715401420369744301e-03
1.704537309706211090e-03
1.703850924968719482e-03
1.703382120467722416e-03
1.702980138361454010e-03
1.702649053186178207e-03
1.702360110357403755e-03
1.717941835522651672e-03
1.705491566099226475e-03
1.703847432509064674e-03
1.701863016933202744e-03
1.701598521322011948e-03
1.701364992186427116e-03
1.701174885965883732e-03
1.701116911135613918e-03
1.705556991510093212e-03
1.703403773717582226e-03
1.701279426924884319e-03
1.700884196907281876e-03
1.700615976005792618e-03
1.700450084172189236e-03
1.700309338048100471e-03
1.700177905149757862e-03
1.700067077763378620e-03
1.839558710344135761e-03
1.701229833997786045e-03
1.700552296824753284e-03
1.700097229331731796e-03
1.699782675132155418e-03
1.699650310911238194e-03
1.699533080682158470e-03
1.699425512924790382e-03
1.699322136119008064e-03
1.699266373179852962e-03
1.757832127623260021e-03
1.702709123492240906e-03
1.699655666016042233e-03
1.699282438494265079e-03
1.699054730124771595e-03
1.698943087831139565e-03
1.698838197626173496e-03
1.698741689324378967e-03
1.698649604804813862e-03
1.698560314252972603e-03
1.698473701253533363e-03
1.698389765806496143e-03
1.789065543562173843e-03
1.704862923361361027e-03
1.700959401205182076e-03
1.698656007647514343e-03
1.698389416560530663e-03
1.698265084996819496e-03
1.698155887424945831e-03
1.698061358183622360e-03
1.697972649708390236e-03
1.697888365015387535e-03
1.697807107120752335e-03
1.697728526778519154e-03
1.697651459835469723e-03
1.697575906291604042e-03
1.697501866146922112e-03
1.697455416433513165e-03
1.705693430267274380e-03
1.711528166197240353e-03
1.698854030109941959e-03
1.697583007626235485e-03
1.697395462542772293e-03
1.697286614216864109e-03
1.697197672910988331e-03
1.697116182185709476e-03
1.697039348073303699e-03
1.696965191513299942e-03
1.696893246844410896e-03
1.696823281235992908e-03
1.696754246950149536e-03
1.696686376817524433e-03
1.696619321592152119e-03
1.697400235570967197e-03
1.784469932317733765e-03
1.698063220828771591e-03
1.697971718385815620e-03
1.696738996542990208e-03
1.696585095487535000e-03
1.696483232080936432e-03
1.696393126621842384e-03
1.696312450803816319e-03
1.696237479336559772e-03
1.696166000328958035e-03
1.696096966043114662e-03
1.696030027233064175e-03
1.695964368991553783e-03
1.695899525657296181e-03
1.695835613645613194e-03
1.695772283710539341e-03
1.695712446235120296e-03
1.818028395064175129e-03
1.701744389720261097e-03
1.696407096460461617e-03
1.695822109468281269e-03
1.695623737759888172e-03
1.695533283054828644e-03
1.695455517619848251e-03
1.695384038612246513e-03
1.695315935648977757e-03
1.695249695330858231e-03
1.695184619165956974e-03
1.695122919045388699e-03
1.799121033400297165e-03
1.696664723567664623e-03
1.696085673756897449e-03
1.695504295639693737e-03
1.695044687949120998e-03
1.694949110969901085e-03
1.694871112704277039e-03
1.694797421805560589e-03
1.694727689027786255e-03
1.694660168141126633e-03
1.694593578577041626e-03
1.694527803920209408e-03
1.694462494924664497e-03
1.694397302344441414e-03
1.720526837743818760e-03
1.711011980660259724e-03
1.695136190392076969e-03
1.694721519015729427e-03
1.694407081231474876e-03
1.694260747171938419e-03
1.694171805866062641e-03
1.694092527031898499e-03
1.694017788395285606e-03
1.693945610895752907e-03
1.693875063210725784e-03
1.693805214017629623e-03
1.694528153166174889e-03
1.733668148517608643e-03
1.696476363576948643e-03
1.694053062237799168e-03
1.693748286925256252e-03
1.693632104434072971e-03
1.693537109531462193e-03
1.693454338237643242e-03
1.693376922048628330e-03
1.693301717750728130e-03
1.693227677606046200e-03
1.693154103122651577e-03
1.693080528639256954e-03
1.693006721325218678e-03
1.692932331934571266e-03
1.692908583208918571e-03
1.740474486723542213e-03
1.696934225037693977e-03
1.693826867267489433e-03
1.692946185357868671e-03
1.692774589173495770e-03
1.692662364803254604e-03
1.692567951977252960e-03
1.692479243502020836e-03
1.692393445409834385e-03
1.692309160716831684e-03
1.692225574515759945e-03
1.692141639068722725e-03
1.697356346994638443e-03
1.703682239167392254e-03
1.692950725555419922e-03
1.692483085207641125e-03
1.691985293291509151e-03
1.691828481853008270e-03
1.691732322797179222e-03
1.691637560725212097e-03
1.691544661298394203e-03
1.691451994702219963e-03
1.691358862444758415e-03
1.691264915280044079e-03
1.716168597340583801e-03
1.695046201348304749e-03
1.691739773377776146e-03
1.691470621153712273e-03
1.691091456450521946e-03
1.690956996753811836e-03
1.690844888798892498e-03
1.690737437456846237e-03
1.690632547251880169e-03
1.690528239123523235e-03
1.692978665232658386e-03
1.723047229461371899e-03
1.693705678917467594e-03
1.690656761638820171e-03
1.690298668108880520e-03
1.690113567747175694e-03
1.689994940534234047e-03
1.689879223704338074e-03
1.689763623289763927e-03
1.689647091552615166e-03
1.689530559815466404e-03
1.821107463911175728e-03
1.697354833595454693e-03
1.690617762506008148e-03
1.689595403149724007e-03
1.689306576736271381e-03
1.689141849055886269e-03
1.689002383500337601e-03
1.688867574557662010e-03
1.688733580522239208e-03
1.688599353656172752e-03
1.716388273052871227e-03
1.713005593046545982e-03
1.689809025265276432e-03
1.688782125711441040e-03
1.688269432634115219e-03
1.688069896772503853e-03
1.687914598733186722e-03
1.687762443907558918e-03
1.687609823420643806e-03
1.687458134256303310e-03
1.741184387356042862e-03
1.692878082394599915e-03
1.687974669039249420e-03
1.687181182205677032e-03
1.686991075985133648e-03
1.686818664893507957e-03
1.686651143245398998e-03
1.687550335191190243e-03
1.690614619292318821e-03
1.686732866801321507e-03
1.686398987658321857e-03
1.686181174591183662e-03
1.685979776084423065e-03
1.685802359133958817e-03
1.685630762949585915e-03
1.685459516011178493e-03
1.754660392180085182e-03
1.689596916548907757e-03
1.686110510490834713e-03
1.685304800048470497e-03
1.685010851360857487e-03
1.684842281974852085e-03
1.691240468062460423e-03
1.684868941083550453e-03
1.685759867541491985e-03
1.684369286522269249e-03
1.684072078205645084e-03
1.687052892521023750e-03
1.690428704023361206e-03
1.685226219706237316e-03
1.683933543972671032e-03
1.683507114648818970e-03
1.683304901234805584e-03
1.683144131675362587e-03
1.747249509207904339e-03
1.684405840933322906e-03
1.683616195805370808e-03
1.682843314483761787e-03
1.682588714174926281e-03
1.682401634752750397e-03
1.682233763858675957e-03
1.763500156812369823e-03
1.685481169261038303e-03
1.682744128629565239e-03
1.681948429904878139e-03
1.681678113527595997e-03
1.681489869952201843e-03
1.681311172433197498e-03
1.732785953208804131e-03
1.687734504230320454e-03
1.682347035966813564e-03
1.681020134128630161e-03
1.680783811025321484e-03
1.680568675510585308e-03
1.680379966273903847e-03
1.718292245641350746e-03
1.684255897998809814e-03
1.681119087152183056e-03
1.680040732026100159e-03
1.679834327660501003e-03
1.679625129327178001e-03
1.679456327110528946e-03
1.765178632922470570e-03
1.687333104200661182e-03
1.688178977929055691e-03
1.680220011621713638e-03
1.679019071161746979e-03
1.678748987615108490e-03
1.678542117588222027e-03
1.688450225628912449e-03
1.685783150605857372e-03
1.678603468462824821e-03
1.678160042501986027e-03
1.677899155765771866e-03
1.677672960795462132e-03
1.677515800110995770e-03
1.698304316960275173e-03
1.682104077190160751e-03
1.677431864663958549e-03
1.677173539064824581e-03
1.676938030868768692e-03
1.676711370237171650e-03
1.676494604907929897e-03
1.712515600956976414e-03
1.688799820840358734e-03
1.677937689237296581e-03
1.676277490332722664e-03
1.675910316407680511e-03
1.675636274740099907e-03
1.675390172749757767e-03
1.675302977673709393e-03
1.698530861176550388e-03
1.677433494478464127e-03
1.675254199653863907e-03
1.674690167419612408e-03
1.674350467510521412e-03
1.674084807746112347e-03
1.676769810728728771e-03
1.675461535342037678e-03
1.673976657912135124e-03
1.673403545282781124e-03
1.672993414103984833e-03
1.701531000435352325e-03
1.680009416304528713e-03
1.673933234997093678e-03
1.672273036092519760e-03
1.671819598414003849e-03
1.674005878157913685e-03
1.690896227955818176e-03
1.671828213147819042e-03
1.670923898927867413e-03
1.670489087700843811e-03
1.670415047556161880e-03
1.684679533354938030e-03
1.671026577241718769e-03
1.669573946855962276e-03
1.669310731813311577e-03
1.675239182077348232e-03
1.668722135946154594e-03
1.667998265475034714e-03
1.670982339419424534e-03
1.671667792834341526e-03
1.668639713898301125e-03
1.666828058660030365e-03
1.703938585706055164e-03
1.669132150709629059e-03
1.666556694544851780e-03
1.668729120865464211e-03
1.669093035161495209e-03
1.665784977376461029e-03
1.664307783357799053e-03
1.664764713495969772e-03
1.672765705734491348e-03
1.664203591644763947e-03
1.665551098994910717e-03
1.666090334765613079e-03
1.667677890509366989e-03
1.661491347476840019e-03
1.700044609606266022e-03
1.698725507594645023e-03
1.667192787863314152e-03
1.660604379139840603e-03
1.659709494560956955e-03
1.659103785641491413e-03
1.686247996985912323e-03
1.658937428146600723e-03
1.658877474255859852e-03
1.671151258051395416e-03
1.657832530327141285e-03
1.659258967265486717e-03
1.657263142988085747e-03
1.656687934882938862e-03
1.722278189845383167e-03
1.658943365328013897e-03
1.655784202739596367e-03
1.654349151067435741e-03
1.747157191857695580e-03
1.655981177464127541e-03
1.654368941672146320e-03
1.653214567340910435e-03
1.652805134654045105e-03
1.664282986894249916e-03
1.654348568990826607e-03
1.652923179790377617e-03
1.654187217354774475e-03
1.653361134231090546e-03
1.652514562010765076e-03
1.650098362006247044e-03
1.652240869589149952e-03
1.650850987061858177e-03
1.649922924116253853e-03
1.661243382841348648e-03
1.652319333516061306e-03
1.648132340051233768e-03
1.680835266597568989e-03
1.653692219406366348e-03
1.651901984587311745e-03
1.658239285461604595e-03
1.653809449635446072e-03
1.667464268393814564e-03
1.648577977903187275e-03
1.650245976634323597e-03
1.650008372962474823e-03
1.652537845075130463e-03
1.650152029469609261e-03
1.649623620323836803e-03
1.643881783820688725e-03
1.652130042202770710e-03
1.644386094994843006e-03
1.642618095502257347e-03
1.642107730731368065e-03
1.653088373132050037e-03
1.643917057663202286e-03
1.641548471525311470e-03
1.646185643039643764e-03
1.643756870180368423e-03
1.641177688725292683e-03
1.667567761614918709e-03
1.643611816689372063e-03
1.651087193749845028e-03
1.638603513129055500e-03
1.640419708564877510e-03
1.637653098441660404e-03
1.638962188735604286e-03
1.653345068916678429e-03
1.638743560761213303e-03
1.648590434342622757e-03
1.636326895095407963e-03
1.636506174691021442e-03
1.653260900638997555e-03
1.635475084185600281e-03
1.642975141294300556e-03
1.639764523133635521e-03
1.639303751289844513e-03
1.643801108002662659e-03
1.637787208892405033e-03
1.631874823942780495e-03
1.632457715459167957e-03
1.632201950997114182e-03
1.641382928937673569e-03
1.641398761421442032e-03
1.629394479095935822e-03
1.809793408028781414e-03
1.640060567297041416e-03
1.630300888791680336e-03
1.628948026336729527e-03
1.628050231374800205e-03
1.627412391826510429e-03
1.699385582469403744e-03
1.628657453693449497e-03
1.628031837753951550e-03
1.626036246307194233e-03
1.625427743420004845e-03
1.738370279781520367e-03
1.637466019019484520e-03
1.625058706849813461e-03
1.624276512302458286e-03
1.624005846679210663e-03
1.662120339460670948e-03
1.624232623726129532e-03
1.623183372430503368e-03
1.621958101168274879e-03
1.757157035171985626e-03
1.634055282920598984e-03
1.621969393454492092e-03
1.620877417735755444e-03
1.620398252271115780e-03
1.630778424441814423e-03
1.624043215997517109e-03
1.620359602384269238e-03
1.618551788851618767e-03
1.711811753921210766e-03
1.627926016226410866e-03
1.618264708667993546e-03
1.617430825717747211e-03
1.616940600797533989e-03
1.633412903174757957e-03
1.618515700101852417e-03
1.616545487195253372e-03
1.615429879166185856e-03
1.615080400370061398e-03
1.636380329728126526e-03
1.621623989194631577e-03
1.614645356312394142e-03
1.613787026144564152e-03
1.613122178241610527e-03
1.612540800124406815e-03
1.836317242123186588e-03
1.625653007067739964e-03
1.613962114788591862e-03
1.611832063645124435e-03
1.611038693226873875e-03
1.610471168532967567e-03
1.639571157284080982e-03
1.627901452593505383e-03
1.610840554349124432e-03
1.609591650776565075e-03
1.608701888471841812e-03
1.632366562262177467e-03
1.610442646779119968e-03
1.608041930012404919e-03
1.607101061381399632e-03
1.609865576028823853e-03
1.608167425729334354e-03
1.606288249604403973e-03
1.605797209776937962e-03
1.605991274118423462e-03
1.646625460125505924e-03
1.605506520718336105e-03
1.604394870810210705e-03
1.603717333637177944e-03
1.605842960998415947e-03
1.645466196350753307e-03
1.608282676897943020e-03
1.602445612661540508e-03
1.601819181814789772e-03
1.601099153049290180e-03
1.619987073354423046e-03
1.604092773050069809e-03
1.604143646545708179e-03
1.599949784576892853e-03
1.599009614437818527e-03
1.607546582818031311e-03
1.610864070244133472e-03
1.602450851351022720e-03
1.598125905729830265e-03
1.597117166966199875e-03
1.596431713551282883e-03
1.615968998521566391e-03
1.602353760972619057e-03
1.597490976564586163e-03
1.595264533534646034e-03
1.594546018168330193e-03
1.594456844031810760e-03
1.646851655095815659e-03
1.596002141013741493e-03
1.593978377059102058e-03
1.592338201589882374e-03
1.623862423002719879e-03
1.594502828083932400e-03
1.591517007909715176e-03
1.590801635757088661e-03
1.590170897543430328e-03
1.817114651203155518e-03
1.612244406715035439e-03
1.590963918715715408e-03
1.589161111041903496e-03
1.588418846949934959e-03
1.587901730090379715e-03
1.613858970813453197e-03
1.588796614669263363e-03
1.587911043316125870e-03
1.586659578606486320e-03
1.602931879460811615e-03
1.607803278602659702e-03
1.586081460118293762e-03
1.584690180607140064e-03
1.597444643266499043e-03
1.592588610947132111e-03
1.586445374414324760e-03
1.583273988217115402e-03
1.663318602368235588e-03
1.585665042512118816e-03
1.582555356435477734e-03
1.587321865372359753e-03
1.599524170160293579e-03
1.581795397214591503e-03
1.597315422259271145e-03
1.586657715961337090e-03
1.585931167937815189e-03
1.640851143747568130e-03
1.591046690009534359e-03
1.578752533532679081e-03
1.578129711560904980e-03
1.750736963003873825e-03
1.589187886565923691e-03
1.579789328388869762e-03
1.577028189785778522e-03
1.576884998939931393e-03
1.582797151058912277e-03
1.584491459652781487e-03
1.576634705998003483e-03
1.576744485646486282e-03
1.576141337864100933e-03
1.580521697178483009e-03
1.574809313751757145e-03
1.576419803313910961e-03
1.596082816831767559e-03
1.576908049173653126e-03
1.573391724377870560e-03
1.572826178744435310e-03
1.572156441397964954e-03
1.574035850353538990e-03
1.580733107402920723e-03
1.576984417624771595e-03
1.571735017932951450e-03
1.570821274071931839e-03
1.570273889228701591e-03
1.696479972451925278e-03
1.590396277606487274e-03
1.572697423398494720e-03
1.569445710629224777e-03
1.568705425597727299e-03
1.614364795386791229e-03
1.571664121001958847e-03
1.568398089148104191e-03
1.568376668728888035e-03
1.567256171256303787e-03
1.584415440447628498e-03
1.598692033439874649e-03
1.569682965055108070e-03
1.566966995596885681e-03
1.566475024446845055e-03
1.586419297382235527e-03
1.570606138557195663e-03
1.564927399158477783e-03
1.579648698680102825e-03
1.574988360516726971e-03
1.567966421134769917e-03
1.574358786456286907e-03
1.586075406521558762e-03
1.567325554788112640e-03
1.563308527693152428e-03
1.568311010487377644e-03
1.571774948388338089e-03
1.562868244946002960e-03
1.562088029459118843e-03
1.561657525599002838e-03
1.566665596328675747e-03
1.568544772453606129e-03
1.561114797368645668e-03
1.561626791954040527e-03
1.577015849761664867e-03
1.561406766995787621e-03
1.559587777592241764e-03
1.559434807859361172e-03
1.658806926570832729e-03
1.572856912389397621e-03
1.559294643811881542e-03
1.558063086122274399e-03
1.568471197970211506e-03
1.559997908771038055e-03
1.558258198201656342e-03
1.558537711389362812e-03
1.626420882530510426e-03
1.566083985380828381e-03
1.557545852847397327e-03
1.590763102285563946e-03
1.596485148184001446e-03
1.561202807351946831e-03
1.555105205625295639e-03
1.554910442791879177e-03
1.621557166799902916e-03
1.566240796819329262e-03
1.554491347633302212e-03
1.565168146044015884e-03
1.572356210090219975e-03
1.557646668516099453e-03
1.553078764118254185e-03
1.586151425726711750e-03
1.555491588078439236e-03
1.552213798277080059e-03
1.551535329781472683e-03
1.552032190375030041e-03
1.568415667861700058e-03
1.557524781674146652e-03
1.550634740851819515e-03
1.600902527570724487e-03
1.554474467411637306e-03
1.551884342916309834e-03
1.549620414152741432e-03
1.639734255149960518e-03
1.564505160786211491e-03
1.549212029203772545e-03
1.548302010633051395e-03
1.547783263958990574e-03
1.547274529002606869e-03
1.613018801435828209e-03
1.553016481921076775e-03
1.548314001411199570e-03
1.546599902212619781e-03
1.546015730127692223e-03
1.554171089082956314e-03
1.560684526339173317e-03
1.545292092487215996e-03
1.544628757983446121e-03
1.545644248835742474e-03
1.582441618666052818e-03
1.543920719996094704e-03
1.543314079754054546e-03
1.547791878692805767e-03
1.574081019498407841e-03
1.547944848425686359e-03
1.544155413284897804e-03
1.628811936825513840e-03
1.542014302685856819e-03
1.543230609968304634e-03
1.545578590594232082e-03
1.545675564557313919e-03
1.542266691103577614e-03
1.540027908049523830e-03
1.539958291687071323e-03
1.562378252856433392e-03
1.540020573884248734e-03
1.539827091619372368e-03
1.539692399092018604e-03
1.552059082314372063e-03
1.545491744764149189e-03
1.538721611723303795e-03
1.537039177492260933e-03
1.536354073323309422e-03
1.543117337860167027e-03
1.544327358715236187e-03
1.536727533675730228e-03
1.535243005491793156e-03
1.541254227049648762e-03
1.540547120384871960e-03
1.534450100734829903e-03
1.533871050924062729e-03
1.533825416117906570e-03
1.548332045786082745e-03
1.533541595563292503e-03
1.534007838927209377e-03
1.532457070425152779e-03
1.579563715495169163e-03
1.558187650516629219e-03
1.535022282041609287e-03
1.531707821413874626e-03
1.531134359538555145e-03
1.532311434857547283e-03
1.539534889161586761e-03
1.531159970909357071e-03
1.530993729829788208e-03
1.549066160805523396e-03
1.529028406366705894e-03
1.530987094156444073e-03
1.555238035507500172e-03
1.528580090962350368e-03
1.527973217889666557e-03
1.528094871900975704e-03
1.593626686371862888e-03
1.528517692349851131e-03
1.528602559119462967e-03
1.545764505863189697e-03
1.534078037366271019e-03
1.528549706563353539e-03
1.529179047793149948e-03
1.532981055788695812e-03
1.532017951831221581e-03
1.533853821456432343e-03
1.534551731310784817e-03
1.530314330011606216e-03
1.524445717222988605e-03
1.614556415006518364e-03
1.526459236629307270e-03
1.523876795545220375e-03
1.522071077488362789e-03
1.521665719337761402e-03
1.535061630420386791e-03
1.522417995147407055e-03
1.526245614513754845e-03
1.521348953247070312e-03
1.520683872513473034e-03
1.521135098300874233e-03
1.529277418740093708e-03
1.520636375062167645e-03
1.520070596598088741e-03
1.584392972290515900e-03
1.524307648651301861e-03
1.518264994956552982e-03
1.574911060743033886e-03
1.517290016636252403e-03
1.516884192824363708e-03
1.633554580621421337e-03
1.528505119495093822e-03
1.518282573670148849e-03
1.515573356300592422e-03
1.568260486237704754e-03
1.522541861049830914e-03
1.517169526778161526e-03
1.514493837021291256e-03
1.513784169219434261e-03
1.515370327979326248e-03
1.556232222355902195e-03
1.513564959168434143e-03
1.513606985099613667e-03
1.512397429905831814e-03
1.511917216703295708e-03
1.563604455441236496e-03
1.545430859550833702e-03
1.512214075773954391e-03
1.511453534476459026e-03
1.510916510596871376e-03
1.580114592798054218e-03
1.532473950646817684e-03
1.514121540822088718e-03
1.510469592176377773e-03
1.541765523143112659e-03
1.535427989438176155e-03
1.510361325927078724e-03
1.508749555796384811e-03
1.508224871940910816e-03
1.521372003480792046e-03
1.578919938765466213e-03
1.512116752564907074e-03
1.508000772446393967e-03
1.507387729361653328e-03
1.506819156929850578e-03
1.506497850641608238e-03
1.752957818098366261e-03
1.534870010800659657e-03
1.510048517957329750e-03
1.505795866250991821e-03
1.505458843894302845e-03
1.505019143223762512e-03
1.748108305037021637e-03
1.542884390801191330e-03
1.509416732005774975e-03
1.504928339272737503e-03
1.504307379946112633e-03
1.503819599747657776e-03
1.668688724748790264e-03
1.506300643086433411e-03
1.505285617895424366e-03
1.503090723417699337e-03
1.502529834397137165e-03
1.502190367318689823e-03
1.509072026237845421e-03
1.504559884779155254e-03
1.502786180935800076e-03
1.502519124187529087e-03
1.501638675108551979e-03
1.501218299381434917e-03
1.500846701674163342e-03
1.500506186857819557e-03
1.711371936835348606e-03
1.523753278888761997e-03
1.502710161730647087e-03
1.500312355346977711e-03
1.499648671597242355e-03
1.499557401984930038e-03
1.510287052951753139e-03
1.509443973191082478e-03
1.499296864494681358e-03
1.498494297266006470e-03
1.500215264968574047e-03
1.514790346845984459e-03
1.508040237240493298e-03
1.498833415098488331e-03
1.497147954069077969e-03
1.572427921928465366e-03
1.502216793596744537e-03
1.503105740994215012e-03
1.497466466389596462e-03
1.496423268690705299e-03
1.495952368713915348e-03
1.497165067121386528e-03
1.554678659886121750e-03
1.496911398135125637e-03
1.495296834036707878e-03
1.494959346018731594e-03
1.557846437208354473e-03
1.517255557700991631e-03
1.498794532380998135e-03
1.493981457315385342e-03
1.505684922449290752e-03
1.507189357653260231e-03
1.495865639299154282e-03
1.493118354119360447e-03
1.494144205935299397e-03
1.535011339001357555e-03
1.494888681918382645e-03
1.492376090027391911e-03
1.493155956268310547e-03
1.617010799236595631e-03
1.493714051321148872e-03
1.492458861321210861e-03
1.492088660597801208e-03
1.639014226384460926e-03
1.504506682977080345e-03
1.492771087214350700e-03
1.490911701694130898e-03
1.568794250488281250e-03
1.519348821602761745e-03
1.492206589318811893e-03
1.489807502366602421e-03
1.495762378908693790e-03
1.537592150270938873e-03
1.494167372584342957e-03
1.488757319748401642e-03
1.504300627857446671e-03
1.517581287771463394e-03
1.492232549935579300e-03
1.489474088884890079e-03
1.537174917757511139e-03
1.493967953138053417e-03
1.486964989453554153e-03
1.532133202999830246e-03
1.490462222136557102e-03
1.488920766860246658e-03
1.505574211478233337e-03
1.503823674283921719e-03
1.494502183049917221e-03
1.520572579465806484e-03
1.491248607635498047e-03
1.490409602411091328e-03
1.484709093347191811e-03
1.559230731800198555e-03
1.499386038631200790e-03
1.485512708313763142e-03
1.484359847381711006e-03
1.601590891368687153e-03
1.500192563980817795e-03
1.482937368564307690e-03
1.489179325290024281e-03
1.488170819357037544e-03
1.482885214500129223e-03
1.483600237406790257e-03
1.624555909074842930e-03
1.506377942860126495e-03
1.484738779254257679e-03
1.482181716710329056e-03
1.575966016389429569e-03
1.491668052040040493e-03
1.483420492149889469e-03
1.521610189229249954e-03
1.483482308685779572e-03
1.483264495618641376e-03
1.483644242398440838e-03
1.484674168750643730e-03
1.484378823079168797e-03
1.483276020735502243e-03
1.538387150503695011e-03
1.480024540796875954e-03
1.507758744992315769e-03
1.499245758168399334e-03
1.479413243941962719e-03
1.480951323173940182e-03
1.551034976728260517e-03
1.480929553508758545e-03
1.477446756325662136e-03
1.475673285312950611e-03
1.477290294133126736e-03
1.488436013460159302e-03
1.480567851103842258e-03
1.475591678172349930e-03
1.476049073971807957e-03
1.547912368550896645e-03
1.477853045798838139e-03
1.475660130381584167e-03
1.473577227443456650e-03
1.478659687563776970e-03
1.511386013589799404e-03
1.478599268011748791e-03
1.475626253522932529e-03
1.531757414340972900e-03
1.472931122407317162e-03
1.531471963971853256e-03
1.477070618420839310e-03
1.496898941695690155e-03
1.497789751738309860e-03
1.471984433010220528e-03
1.497647957876324654e-03
1.494512311182916164e-03
1.470071729272603989e-03
1.488718320615589619e-03
1.474078861065208912e-03
1.469199312850832939e-03
1.492029870860278606e-03
1.532679307274520397e-03
1.475596218369901180e-03
1.468844013288617134e-03
1.467923866584897041e-03
1.467359834350645542e-03
1.466968096792697906e-03
1.523732673376798630e-03
1.479273778386414051e-03
1.469259266741573811e-03
1.466619316488504410e-03
1.466293353587388992e-03
1.531191752292215824e-03
1.468580565415322781e-03
1.467635738663375378e-03
1.466241432353854179e-03
1.465656561776995659e-03
1.477663405239582062e-03
1.465921988710761070e-03
1.464115339331328869e-03
1.567127415910363197e-03
1.506260479800403118e-03
1.469621667638421059e-03
1.463542692363262177e-03
1.462491112761199474e-03
1.463516033254563808e-03
1.469348440878093243e-03
1.466652262024581432e-03
1.464569359086453915e-03
1.461970154196023941e-03
1.461198204196989536e-03
1.460820436477661133e-03
1.479421043768525124e-03
1.471537747420370579e-03
1.463655964471399784e-03
1.460717758163809776e-03
1.460362691432237625e-03
1.566992374137043953e-03
1.464352128095924854e-03
1.460548024624586105e-03
1.459665596485137939e-03
1.590968109667301178e-03
1.479230006225407124e-03
1.461520558223128319e-03
1.459113089367747307e-03
1.604527584277093410e-03
1.477445126511156559e-03
1.460457802750170231e-03
1.458682352676987648e-03
1.578561961650848389e-03
1.462669693864881992e-03
1.458884216845035553e-03
1.458262326195836067e-03
1.457694452255964279e-03
1.467374037019908428e-03
1.456753932870924473e-03
1.455796184018254280e-03
1.586409285664558411e-03
1.459722872823476791e-03
1.456937869079411030e-03
1.455394201911985874e-03
1.588767510838806629e-03
1.465702662244439125e-03
1.456175232306122780e-03
1.453013624995946884e-03
1.539988094009459019e-03
1.464297994971275330e-03
1.455643796361982822e-03
1.452132244594395161e-03
1.451818388886749744e-03
1.476711942814290524e-03
1.454042387194931507e-03
1.455718884244561195e-03
1.450699754059314728e-03
1.465171109884977341e-03
1.481205341406166553e-03
1.450690091587603092e-03
1.450611511245369911e-03
1.453548786230385303e-03
1.531742978841066360e-03
1.451201154850423336e-03
1.449940027669072151e-03
1.449177274480462074e-03
1.570517895743250847e-03
1.473180367611348629e-03
1.450589741580188274e-03
1.447673072107136250e-03
1.517477561719715595e-03
1.478574471548199654e-03
1.448880182579159737e-03
1.447537797503173351e-03
1.449131988920271397e-03
1.486153807491064072e-03
1.454022130928933620e-03
1.447612768970429897e-03
1.447682385332882404e-03
1.446740352548658848e-03
1.453929347917437553e-03
1.445284462533891201e-03
1.445658504962921143e-03
1.481118029914796352e-03
1.462111016735434532e-03
1.444635679945349693e-03
1.444535562768578529e-03
1.495002303272485733e-03
1.446528825908899307e-03
1.444069202989339828e-03
1.443076529540121555e-03
1.549290376715362072e-03
1.477667829021811485e-03
1.443437882699072361e-03
1.442123670130968094e-03
1.454106648452579975e-03
1.478321384638547897e-03
1.445874455384910107e-03
1.442134962417185307e-03
1.590011408552527428e-03
1.442579668946564198e-03
1.441720523871481419e-03
1.441557775251567364e-03
1.507730805315077305e-03
1.447101356461644173e-03
1.440440420992672443e-03
1.458095153793692589e-03
1.475589000619947910e-03
1.444913214072585106e-03
1.441688509657979012e-03
1.451327232643961906e-03
1.445788191631436348e-03
1.438656356185674667e-03
1.441801432520151138e-03
1.445385743863880634e-03
1.440911553800106049e-03
1.440728548914194107e-03
1.539095770567655563e-03
1.440999330952763557e-03
1.441338798031210899e-03
1.494399388320744038e-03
1.440303749404847622e-03
1.441314700059592724e-03
1.468056929297745228e-03
1.462416024878621101e-03
1.437033293768763542e-03
1.474751392379403114e-03
1.445656409487128258e-03
1.435993006452918053e-03
1.544829574413597584e-03
1.496104756370186806e-03
1.442693639546632767e-03
1.434475881978869438e-03
1.434112666174769402e-03
1.464167609810829163e-03
1.439962768927216530e-03
1.434791367501020432e-03
1.433614059351384640e-03
1.472357893362641335e-03
1.433875411748886108e-03
1.432804740034043789e-03
1.433073892258107662e-03
1.521047786809504032e-03
1.439603976905345917e-03
1.432687393389642239e-03
1.501396764069795609e-03
1.433275290764868259e-03
1.431148150004446507e-03
1.586366095580160618e-03
1.449015224352478981e-03
1.433358294889330864e-03
1.430722884833812714e-03
1.454859972000122070e-03
1.432146294973790646e-03
1.431509735994040966e-03
1.429162570275366306e-03
1.462211133912205696e-03
1.436576712876558304e-03
1.433228608220815659e-03
1.430938718840479851e-03
1.497216289862990379e-03
1.429949305020272732e-03
1.427924144081771374e-03
1.428382704034447670e-03
1.459354418329894543e-03
1.428602030500769615e-03
1.429862342774868011e-03
1.461930456571280956e-03
1.443017739802598953e-03
1.430926728062331676e-03
1.440181164070963860e-03
1.462228014133870602e-03
1.427539042197167873e-03
1.430136268027126789e-03
1.429230323992669582e-03
1.427160459570586681e-03
1.425242633558809757e-03
1.455060322768986225e-03
1.477558631449937820e-03
1.431302400305867195e-03
1.424867310561239719e-03
1.423768815584480762e-03
1.545781618915498257e-03
1.444007968530058861e-03
1.425904105417430401e-03
1.422846340574324131e-03
1.770341885276138783e-03
1.460662111639976501e-03
1.427896320819854736e-03
1.422579865902662277e-03
1.422215835191309452e-03
1.465052715502679348e-03
1.423013629391789436e-03
1.424428541213274002e-03
1.427392940968275070e-03
1.476716250181198120e-03
1.424081739969551563e-03
1.420668326318264008e-03
1.445184345357120037e-03
1.437984057702124119e-03
1.429314143024384975e-03
1.435893587768077850e-03
1.420054584741592407e-03
1.480048289522528648e-03
1.430301461368799210e-03
1.423826906830072403e-03
1.544466824270784855e-03
1.439048326574265957e-03
1.419826061464846134e-03
1.420097891241312027e-03
1.419441075995564461e-03
1.422824687324464321e-03
1.418947591446340084e-03
1.418636296875774860e-03
1.530985464341938496e-03
1.430064439773559570e-03
1.417271443642675877e-03
1.416863757185637951e-03
1.463422318920493126e-03
1.417029066942632198e-03
1.421259250491857529e-03
1.438007690012454987e-03
1.449967967346310616e-03
1.416953513398766518e-03
1.414992148056626320e-03
1.726808841340243816e-03
1.437108963727951050e-03
1.414854079484939575e-03
1.413921825587749481e-03
1.415244420059025288e-03
1.420744694769382477e-03
1.413698308169841766e-03
1.413259305991232395e-03
1.513469731435179710e-03
1.414158032275736332e-03
1.414111349731683731e-03
1.427538460120558739e-03
1.446853275410830975e-03
1.414604485034942627e-03
1.416613347828388214e-03
1.423207693733274937e-03
1.414903672412037849e-03
1.412389683537185192e-03
1.456009456887841225e-03
1.415805541910231113e-03
1.414311700500547886e-03
1.410726807080209255e-03
1.450091716833412647e-03
1.417067833244800568e-03
1.414989819750189781e-03
1.408821786753833294e-03
1.450421055778861046e-03
1.416828134097158909e-03
1.413858146406710148e-03
1.408967771567404270e-03
1.475012395530939102e-03
1.413646736182272434e-03
1.409059739671647549e-03
1.407995121553540230e-03
1.534369657747447491e-03
1.419551437720656395e-03
1.407132367603480816e-03
1.465760520659387112e-03
1.418519997969269753e-03
1.407260424457490444e-03
1.456753350794315338e-03
1.474426942877471447e-03
1.412456855177879333e-03
1.405301387421786785e-03
1.404384733177721500e-03
1.495061791501939297e-03
1.407949021086096764e-03
1.407169271260499954e-03
1.419659936800599098e-03
1.419282751157879829e-03
1.407985924743115902e-03
1.402820809744298458e-03
1.421247259713709354e-03
1.432447927072644234e-03
1.402149326168000698e-03
1.505725784227252007e-03
1.409046701155602932e-03
1.403126167133450508e-03
1.432066899724304676e-03
1.424639252945780754e-03
1.404836657457053661e-03
1.414135564118623734e-03
1.426532748155295849e-03
1.401488319970667362e-03
1.425293507054448128e-03
1.433718716725707054e-03
1.399731612764298916e-03
1.458258600905537605e-03
1.415918697603046894e-03
1.407731557264924049e-03
1.466252258978784084e-03
1.405474613420665264e-03
1.418412430211901665e-03
1.406505238264799118e-03
1.403968431986868382e-03
1.397249521687626839e-03
1.414290629327297211e-03
1.424454501830041409e-03
1.399343484081327915e-03
1.396868494339287281e-03
1.581296673975884914e-03
1.416814629919826984e-03
1.399941393174231052e-03
1.396435196511447430e-03
1.395343802869319916e-03
1.394818071275949478e-03
1.395540894009172916e-03
1.515883835963904858e-03
1.409331453032791615e-03
1.394333085045218468e-03
1.394109334796667099e-03
1.393119106069207191e-03
1.843129633925855160e-03
1.433975179679691792e-03
1.394161721691489220e-03
1.392928417772054672e-03
1.392411999404430389e-03
1.391964266076683998e-03
1.552073634229600430e-03
1.396755105815827847e-03
1.391423167660832405e-03
1.391266938298940659e-03
1.521314377896487713e-03
1.392231322824954987e-03
1.391348079778254032e-03
1.401433721184730530e-03
1.421812106855213642e-03
1.389686367474496365e-03
1.422554021701216698e-03
1.402222784236073494e-03
1.389677985571324825e-03
1.744366833008825779e-03
1.460966072045266628e-03
1.389342709444463253e-03
1.388743985444307327e-03
1.388045842759311199e-03
1.387553289532661438e-03
1.415813574567437172e-03
1.394638558849692345e-03
1.389133045449852943e-03
1.387170166708528996e-03
1.387228956446051598e-03
1.522724633105099201e-03
1.410298747941851616e-03
1.389661221764981747e-03
1.385751878842711449e-03
1.385221257805824280e-03
1.437520724721252918e-03
1.419331878423690796e-03
1.386844203807413578e-03
1.385873067192733288e-03
1.387536758556962013e-03
1.473681768402457237e-03
1.386068062856793404e-03
1.384440693072974682e-03
1.383809256367385387e-03
1.526595791801810265e-03
1.383357564918696880e-03
1.382872113026678562e-03
1.384413219057023525e-03
1.437190454453229904e-03
1.382686547003686428e-03
1.383057562634348869e-03
1.393976504914462566e-03
1.429697382263839245e-03
1.385723473504185677e-03
1.381541369482874870e-03
1.534290728159248829e-03
1.384065952152013779e-03
1.380512141622602940e-03
1.381272450089454651e-03
1.535674207843840122e-03
1.389852724969387054e-03
1.382811693474650383e-03
1.382328919135034084e-03
1.393223879858851433e-03
1.387690077535808086e-03
1.378506189212203026e-03
1.400783075951039791e-03
1.415612525306642056e-03
1.381587237119674683e-03
1.377353444695472717e-03
1.721265376545488834e-03
1.400868990458548069e-03
1.377564622089266777e-03
1.376747619360685349e-03
1.376146334223449230e-03
1.493884599767625332e-03
1.407789764925837517e-03
1.380317495204508305e-03
1.375916064716875553e-03
1.424475689418613911e-03
1.412288052961230278e-03
1.378520508296787739e-03
1.375228050164878368e-03
1.375746796838939190e-03
1.410741009749472141e-03
1.376650994643568993e-03
1.376123749651014805e-03
1.399435102939605713e-03
1.404307666234672070e-03
1.379133202135562897e-03
1.375688123516738415e-03
1.498774625360965729e-03
1.389279030263423920e-03
1.374834799207746983e-03
1.401296700350940228e-03
1.382242189720273018e-03
1.378746703267097473e-03
1.372101134620606899e-03
1.371346297673881054e-03
1.525740721262991428e-03
1.379877678118646145e-03
1.373560517095029354e-03
1.371417543850839138e-03
1.392884179949760437e-03
1.383222988806664944e-03
1.369804027490317822e-03
1.368582830764353275e-03
1.367946737445890903e-03
1.656811451539397240e-03
1.450258190743625164e-03
1.377184293232858181e-03
1.369746052660048008e-03
1.368421828374266624e-03
1.367776072584092617e-03
1.367292134091258049e-03
1.366861746646463871e-03
1.366449054330587387e-03
1.366179785691201687e-03
1.504954299889504910e-03
1.374318497255444527e-03
1.367889461107552052e-03
1.365782576613128185e-03
1.365312840789556503e-03
1.364838914014399052e-03
1.366661395877599716e-03
1.469420036301016808e-03
1.373899402096867561e-03
1.366583164781332016e-03
1.364295487292110920e-03
1.363783725537359715e-03
1.581231597810983658e-03
1.372250728309154510e-03
1.366298762150108814e-03
1.362795359455049038e-03
1.369744655676186085e-03
1.433583907783031464e-03
1.368032419122755527e-03
1.363733434118330479e-03
1.369766076095402241e-03
1.438048901036381721e-03
1.370101701468229294e-03
1.361829694360494614e-03
1.377233304083347321e-03
1.417098566889762878e-03
1.366614713333547115e-03
1.361914561130106449e-03
1.476781442761421204e-03
1.369805308058857918e-03
1.360418624244630337e-03
1.402024063281714916e-03
1.382751623168587685e-03
1.359962974674999714e-03
1.386607531458139420e-03
1.390988705679774284e-03
1.365776872262358665e-03
1.399584929458796978e-03
1.389264827594161034e-03
1.359837478958070278e-03
1.385132549330592155e-03
1.361909788101911545e-03
1.362750190310180187e-03
1.356790540739893913e-03
1.357871922664344311e-03
1.391536439768970013e-03
1.364589086733758450e-03
1.356092747300863266e-03
1.355024520307779312e-03
1.505124382674694061e-03
1.369076897390186787e-03
1.361286849714815617e-03
1.354393083602190018e-03
1.354041276499629021e-03
1.353434869088232517e-03
1.822946476750075817e-03
1.384584815241396427e-03
1.356554334051907063e-03
1.353891682811081409e-03
1.352625084109604359e-03
1.352172461338341236e-03
1.492790528573095798e-03
1.382528222166001797e-03
1.356718945316970348e-03
1.351603190414607525e-03
1.350937760435044765e-03
1.375750056467950344e-03
1.476965262554585934e-03
1.376993721351027489e-03
1.354319392703473568e-03
1.350571983493864536e-03
1.349918195046484470e-03
1.349619938991963863e-03
1.632201019674539566e-03
1.352761290036141872e-03
1.354081789031624794e-03
1.349734608083963394e-03
1.348687103018164635e-03
1.604642835445702076e-03
1.375446212477982044e-03
1.348135177977383137e-03
1.347945421002805233e-03
1.348547288216650486e-03
1.407154835760593414e-03
1.361778937280178070e-03
1.349427970126271248e-03
1.347344135865569115e-03
1.471646944992244244e-03
1.383753027766942978e-03
1.350245089270174503e-03
1.345516182482242584e-03
1.383371418341994286e-03
1.347364392131567001e-03
1.348516670987010002e-03
1.345657976344227791e-03
1.356020686216652393e-03
1.445092028006911278e-03
1.360314898192882538e-03
1.345605589449405670e-03
1.343766809441149235e-03
1.343492069281637669e-03
1.642772811464965343e-03
1.345106051303446293e-03
1.348050427623093128e-03
1.343460637144744396e-03
1.342962263152003288e-03
1.579950330778956413e-03
1.344469725154340267e-03
1.342803123407065868e-03
1.342057483270764351e-03
1.400994719006121159e-03
1.350026694126427174e-03
1.344287418760359287e-03
1.342592644505202770e-03
1.406125375069677830e-03
1.350558595731854439e-03
1.342493225820362568e-03
1.339342677965760231e-03
1.375709543935954571e-03
1.420989749021828175e-03
1.352358609437942505e-03
1.339157111942768097e-03
1.338482252322137356e-03
1.338777365162968636e-03
1.458724960684776306e-03
1.346584176644682884e-03
1.340066548436880112e-03
1.341409282758831978e-03
1.388236763887107372e-03
1.337454421445727348e-03
1.340550952591001987e-03
1.337105757556855679e-03
1.399293774738907814e-03
1.349024591036140919e-03
1.340283080935478210e-03
1.336146495305001736e-03
1.335265347734093666e-03
1.448984257876873016e-03
1.359615824185311794e-03
1.336885849013924599e-03
1.334752538241446018e-03
1.336456276476383209e-03
1.347286626696586609e-03
1.340529066510498524e-03
1.334562432020902634e-03
1.333463587798178196e-03
1.335203531198203564e-03
1.338591333478689194e-03
1.348959980532526970e-03
1.332905376330018044e-03
1.332660671323537827e-03
1.355287851765751839e-03
1.408115145750343800e-03
1.339403446763753891e-03
1.332518178969621658e-03
1.331081031821668148e-03
1.331051927991211414e-03
1.372820581309497356e-03
1.353457104414701462e-03
1.335129374638199806e-03
1.331293606199324131e-03
1.330026076175272465e-03
1.329601625911891460e-03
1.329213264398276806e-03
1.348433317616581917e-03
1.333748805336654186e-03
1.332032610662281513e-03
1.330132829025387764e-03
1.328237936832010746e-03
1.330170431174337864e-03
1.348018762655556202e-03
1.341124880127608776e-03
1.329399179667234421e-03
1.328066107816994190e-03
1.511373440735042095e-03
1.362747745588421822e-03
1.332330051809549332e-03
1.328020007349550724e-03
1.383265131153166294e-03
1.327274250797927380e-03
1.330859493464231491e-03
1.325766323134303093e-03
1.332309446297585964e-03
1.333540538325905800e-03
1.329987775534391403e-03
1.328516751527786255e-03
1.326266326941549778e-03
1.358103472739458084e-03
1.337458495981991291e-03
1.328211743384599686e-03
1.324340933933854103e-03
1.323555363342165947e-03
1.347715733572840691e-03
1.332968357019126415e-03
1.336051849648356438e-03
1.324344659224152565e-03
1.323342206887900829e-03
1.419406733475625515e-03
1.327310921624302864e-03
1.322580850683152676e-03
1.341115566901862621e-03
1.388242817483842373e-03
1.331843202933669090e-03
1.324501470662653446e-03
1.380563946440815926e-03
1.332594431005418301e-03
1.325330580584704876e-03
1.322230906225740910e-03
1.400148612447082996e-03
1.331762992776930332e-03
1.328801270574331284e-03
1.319260103628039360e-03
1.324788085184991360e-03
1.336795976385474205e-03
1.331334700807929039e-03
1.318815629929304123e-03
1.336345216259360313e-03
1.390147372148931026e-03
1.325919292867183685e-03
1.318057649768888950e-03
1.317590242251753807e-03
1.436109072528779507e-03
1.330445986241102219e-03
1.317783724516630173e-03
1.316949957981705666e-03
1.335455104708671570e-03
1.337719964794814587e-03
1.328817452304065228e-03
1.316119334660470486e-03
1.315564499236643314e-03
1.336483866907656193e-03
1.347367418929934502e-03
1.319442759267985821e-03
1.315137022174894810e-03
1.685359748080372810e-03
1.322230091318488121e-03
1.315947505645453930e-03
1.314511406235396862e-03
1.314044580794870853e-03
1.314456574618816376e-03
1.380254514515399933e-03
1.324381446465849876e-03
1.315196044743061066e-03
1.313418499194085598e-03
1.340741175226867199e-03
1.353024505078792572e-03
1.314099645242094994e-03
1.312335138209164143e-03
1.315821660682559013e-03
1.428755698725581169e-03
1.329454127699136734e-03
1.312037580646574497e-03
1.310655730776488781e-03
1.360956463031470776e-03
1.536427414976060390e-03
1.348705030977725983e-03
1.317376154474914074e-03
1.311524771153926849e-03
1.310865394771099091e-03
1.310363528318703175e-03
1.309969695284962654e-03
1.309598330408334732e-03
1.309242565184831619e-03
1.341084716841578484e-03
1.357269589789211750e-03
1.314096618443727493e-03
1.309400191530585289e-03
1.308536157011985779e-03
1.308182952925562859e-03
1.412739395163953304e-03
1.323872362263500690e-03
1.312690321356058121e-03
1.308237318880856037e-03
1.307920785620808601e-03
1.403341651894152164e-03
1.328542246483266354e-03
1.311140484176576138e-03
1.307297497987747192e-03
1.306376187130808830e-03
1.327751320786774158e-03
1.379817957058548927e-03
1.306115649640560150e-03
1.306057092733681202e-03
1.306433929130434990e-03
1.559838652610778809e-03
1.335528679192066193e-03
1.308490871451795101e-03
1.304534263908863068e-03
1.327246776781976223e-03
1.389784971252083778e-03
1.312201609835028648e-03
1.304740319028496742e-03
1.307218917645514011e-03
1.322291325777769089e-03
1.316401991061866283e-03
1.305736135691404343e-03
1.303876517340540886e-03
1.375822932459414005e-03
1.326324418187141418e-03
1.306729973293840885e-03
1.302746357396245003e-03
1.301510259509086609e-03
1.775742508471012115e-03
1.378833898343145847e-03
1.306900056079030037e-03
1.302809221670031548e-03
1.300879986956715584e-03
1.300350297242403030e-03
1.305867917835712433e-03
1.306978985667228699e-03
1.302647055126726627e-03
1.319480245001614094e-03
1.309138606302440166e-03
1.309993094764649868e-03
1.301617594435811043e-03
1.342600444331765175e-03
1.312410342507064342e-03
1.301110605709254742e-03
1.299175666645169258e-03
1.362024107947945595e-03
1.334999571554362774e-03
1.300963805988430977e-03
1.298830145969986916e-03
1.524394028820097446e-03
1.332894782535731792e-03
1.302604679949581623e-03
1.298089744523167610e-03
1.361448783427476883e-03
1.332263345830142498e-03
1.299684518016874790e-03
1.297298935241997242e-03
1.494052819907665253e-03
1.316831796430051327e-03
1.296378439292311668e-03
1.294432790018618107e-03
1.445567351765930653e-03
1.309384941123425961e-03
1.295873778872191906e-03
1.293785404413938522e-03
1.295377151109278202e-03
1.331183593720197678e-03
1.299680443480610847e-03
1.294232439249753952e-03
1.291914493776857853e-03
1.295259455218911171e-03
1.336699468083679676e-03
1.304235775023698807e-03
1.292954548262059689e-03
1.516794902272522449e-03
1.320727751590311527e-03
1.290253479965031147e-03
1.293172710575163364e-03
1.487138564698398113e-03
1.313738874159753323e-03
1.290147192776203156e-03
1.297539914958178997e-03
1.334071974270045757e-03
1.304623205214738846e-03
1.288571278564631939e-03
1.291646505706012249e-03
1.414008555002510548e-03
1.295030349865555763e-03
1.289603183977305889e-03
1.337713561952114105e-03
1.332918531261384487e-03
1.296169008128345013e-03
1.290154526941478252e-03
1.366608194075524807e-03
1.302493619732558727e-03
1.291402964852750301e-03
1.420758198946714401e-03
1.312374020926654339e-03
1.286326325498521328e-03
1.308958744630217552e-03
1.353284576907753944e-03
1.285396167077124119e-03
1.286683138459920883e-03
1.284204307012259960e-03
1.510253758169710636e-03
1.294233486987650394e-03
1.285517122596502304e-03
1.287690945900976658e-03
1.298601739108562469e-03
1.292261760681867599e-03
1.283705118112266064e-03
1.291129505261778831e-03
1.310933032073080540e-03
1.283541671000421047e-03
1.283825025893747807e-03
1.367885968647897243e-03
1.311184023506939411e-03
1.283904421143233776e-03
1.327031874097883701e-03
1.307326136156916618e-03
1.280636177398264408e-03
1.281903474591672421e-03
1.286882325075566769e-03
1.307922531850636005e-03
1.287241582758724689e-03
1.279150601476430893e-03
1.283301506191492081e-03
1.448139315471053123e-03
1.287602935917675495e-03
1.280878786928951740e-03
1.277405885048210621e-03
1.282245386391878128e-03
1.298169721849262714e-03
1.281334320083260536e-03
1.300074742175638676e-03
1.277962583117187023e-03
1.283181481994688511e-03
1.358051318675279617e-03
1.292327651754021645e-03
1.321921823546290398e-03
1.274817390367388725e-03
1.359156100079417229e-03
1.305733225308358669e-03
1.280034426599740982e-03
1.318420516327023506e-03
1.282332115806639194e-03
1.274727168492972851e-03
1.341612543910741806e-03
1.302549149841070175e-03
1.279062591493129730e-03
1.419885200448334217e-03
1.272939844056963921e-03
1.274026813916862011e-03
1.372157596051692963e-03
1.311589730903506279e-03
1.276466879062354565e-03
1.271803863346576691e-03
1.270906650461256504e-03
1.323956064879894257e-03
1.311711268499493599e-03
1.270892447791993618e-03
1.271212357096374035e-03
1.288980594836175442e-03
1.323733595199882984e-03
1.271104905754327774e-03
1.268699998036026955e-03
1.405997085385024548e-03
1.314995111897587776e-03
1.273309346288442612e-03
1.269306172616779804e-03
1.268277876079082489e-03
1.521392841823399067e-03
1.298533054068684578e-03
1.270166249014437199e-03
1.268038759008049965e-03
1.574965775944292545e-03
1.285822130739688873e-03
1.269324333406984806e-03
1.267300453037023544e-03
1.389364711940288544e-03
1.266694976948201656e-03
1.267480198293924332e-03
1.269915956072509289e-03
1.437566359527409077e-03
1.266678445972502232e-03
1.267876825295388699e-03
1.406313502229750156e-03
1.266581239178776741e-03
1.266296138055622578e-03
1.359624438919126987e-03
1.289708889089524746e-03
1.268567866645753384e-03
1.332175568677484989e-03
1.295240479521453381e-03
1.272175228223204613e-03
1.265829545445740223e-03
1.325863646343350410e-03
1.305429264903068542e-03
1.266184146516025066e-03
1.263091107830405235e-03
1.468228641897439957e-03
1.275674556382000446e-03
1.265642466023564339e-03
1.260057790204882622e-03
1.617244095541536808e-03
1.284127938561141491e-03
1.262216013856232166e-03
1.259642187505960464e-03
1.259792828932404518e-03
1.381931477226316929e-03
1.272890483960509300e-03
1.260085846297442913e-03
1.278689131140708923e-03
1.261764671653509140e-03
1.264694379642605782e-03
1.314324908889830112e-03
1.271447283215820789e-03
1.271843444555997849e-03
1.399941742420196533e-03
1.257237279787659645e-03
1.286457176320254803e-03
1.271176501177251339e-03
1.256304676644504070e-03
1.334280008450150490e-03
1.273573609068989754e-03
1.260922639630734921e-03
1.255609444342553616e-03
1.254579983651638031e-03
1.306999125517904758e-03
1.290609943680465221e-03
1.266654115170240402e-03
1.339275506325066090e-03
1.277902745641767979e-03
1.274654176086187363e-03
1.348672434687614441e-03
1.277538249269127846e-03
1.266254927031695843e-03
1.441453117877244949e-03
1.257248339243233204e-03
1.257278723642230034e-03
1.303654862567782402e-03
1.299712574109435081e-03
1.257995027117431164e-03
1.250448171049356461e-03
1.585283083841204643e-03
1.274817623198032379e-03
1.252902788110077381e-03
1.250226749107241631e-03
1.250485656782984734e-03
1.372922910377383232e-03
1.250727451406419277e-03
1.251919777132570744e-03
1.439074054360389709e-03
1.284346682950854301e-03
1.255771960131824017e-03
1.250615110620856285e-03
1.308064674958586693e-03
1.297698123380541801e-03
1.247238484211266041e-03
1.294006593525409698e-03
1.298329443670809269e-03
1.250064000487327576e-03
1.282652490772306919e-03
1.293550594709813595e-03
1.247713225893676281e-03
1.247420441359281540e-03
1.532763242721557617e-03
1.275409478694200516e-03
1.251584733836352825e-03
1.248156302608549595e-03
1.346579170785844326e-03
1.253811758942902088e-03
1.243582693859934807e-03
1.468282076530158520e-03
1.323936972767114639e-03
1.248129294253885746e-03
1.243952894583344460e-03
1.243013539351522923e-03
1.358549110591411591e-03
1.254292088560760021e-03
1.273890025913715363e-03
1.248106942512094975e-03
1.337153371423482895e-03
1.265287748537957668e-03
1.250017317943274975e-03
1.246523228473961353e-03
1.268352847546339035e-03
1.255159382708370686e-03
1.248568645678460598e-03
1.363737974315881729e-03
1.245073741301894188e-03
1.302029588259756565e-03
1.254480332136154175e-03
1.242823083885014057e-03
1.424281043000519276e-03
1.275680377148091793e-03
1.247439649887382984e-03
1.238820608705282211e-03
1.253096736036241055e-03
1.309759216383099556e-03
1.249289140105247498e-03
1.240005251020193100e-03
1.335799926891922951e-03
1.266150386072695255e-03
1.262740348465740681e-03
1.257766736671328545e-03
1.270412933081388474e-03
1.320983050391077995e-03
1.245746738277375698e-03
1.235768897458910942e-03
1.236981130205094814e-03
1.374841434881091118e-03
1.248933724127709866e-03
1.236267038621008396e-03
1.233919523656368256e-03
1.234432449564337730e-03
1.250250265002250671e-03
1.245019608177244663e-03
1.234212657436728477e-03
1.246134866960346699e-03
1.257859170436859131e-03
1.242000143975019455e-03
1.255113398656249046e-03
1.235093805007636547e-03
1.236589974723756313e-03
1.331288251094520092e-03
1.266303355805575848e-03
1.238477649167180061e-03
1.465472509153187275e-03
1.263493089936673641e-03
1.229451969265937805e-03
1.280705095268785954e-03
1.252208137884736061e-03
1.231429865583777428e-03
1.243157777935266495e-03
1.355611137114465237e-03
1.254901522770524025e-03
1.228681183420121670e-03
1.228302018716931343e-03
1.232859329320490360e-03
1.243753358721733093e-03
1.239376841112971306e-03
1.238191500306129456e-03
1.233679591678082943e-03
1.239470788277685642e-03
1.238273340277373791e-03
1.227871864102780819e-03
1.243049977347254753e-03
1.225984306074678898e-03
1.481019775383174419e-03
1.230399007908999920e-03
1.226769178174436092e-03
1.224920852109789848e-03
1.392539474181830883e-03
1.225684536620974541e-03
1.231307396665215492e-03
1.267377869226038456e-03
1.235549105331301689e-03
1.223213388584554195e-03
1.292024739086627960e-03
1.268484629690647125e-03
1.228377339430153370e-03
1.223631436005234718e-03
1.221994752995669842e-03
1.233964809216558933e-03
1.296325819566845894e-03
1.227363012731075287e-03
1.222654711455106735e-03
1.395372790284454823e-03
1.235123840160667896e-03
1.227441127412021160e-03
1.333017484284937382e-03
1.244350569322705269e-03
1.219329773448407650e-03
1.325014978647232056e-03
1.369581092149019241e-03
1.233891700394451618e-03
1.220896723680198193e-03
1.218622433952987194e-03
1.217990997247397900e-03
1.217730925418436527e-03
1.373752602376043797e-03
1.236910466104745865e-03
1.225301879458129406e-03
1.290081650950014591e-03
1.247169799171388149e-03
1.217405428178608418e-03
1.464843633584678173e-03
1.217679702676832676e-03
1.216928823851048946e-03
1.217143842950463295e-03
1.431834069080650806e-03
1.225966843776404858e-03
1.220060279592871666e-03
1.220976817421615124e-03
1.248820102773606777e-03
1.230396446771919727e-03
1.214796560816466808e-03
1.232875278219580650e-03
1.259163487702608109e-03
1.217836746945977211e-03
1.230884576216340065e-03
1.222441205754876137e-03
1.213714596815407276e-03
1.344151794910430908e-03
1.237152842804789543e-03
1.225455198436975479e-03
1.334207365289330482e-03
1.246017636731266975e-03
1.222644350491464138e-03
1.246199128217995167e-03
1.229821704328060150e-03
1.214607735164463520e-03
1.383448718115687370e-03
1.235577394254505634e-03
1.218480756506323814e-03
1.282168319448828697e-03
1.257751253433525562e-03
1.213718438521027565e-03
1.235512318089604378e-03
1.289973035454750061e-03
1.214107382111251354e-03
1.211777795106172562e-03
1.379067776724696159e-03
1.217657467350363731e-03
1.209309091791510582e-03
1.313442946411669254e-03
1.245686318725347519e-03
1.215830910950899124e-03
1.262947102077305317e-03
1.266917563043534756e-03
1.213827054016292095e-03
1.206696615554392338e-03
1.214605639688670635e-03
1.416108454577624798e-03
1.221541548147797585e-03
1.207470311783254147e-03
1.205869019031524658e-03
1.210171147249639034e-03
1.263280515559017658e-03
1.222591148689389229e-03
1.204654225148260593e-03
1.228078152053058147e-03
1.227193744853138924e-03
1.218928140588104725e-03
1.223349128849804401e-03
1.219517900608479977e-03
1.211297116242349148e-03
1.214588177390396595e-03
1.311092870309948921e-03
1.211995142512023449e-03
1.221615355461835861e-03
1.258471282199025154e-03
1.207550056278705597e-03
1.201822655275464058e-03
1.382156042382121086e-03
1.211283612065017223e-03
1.204868080094456673e-03
1.207467401400208473e-03
1.319736591540277004e-03
1.204023370519280434e-03
1.200881786644458771e-03
1.388778910040855408e-03
1.248439890332520008e-03
1.206869259476661682e-03
1.200643251650035381e-03
1.200146623887121677e-03
1.430073985829949379e-03
1.226850436069071293e-03
1.201052218675613403e-03
1.209013746120035648e-03
1.297467271797358990e-03
1.215497613884508610e-03
1.198847661726176739e-03
1.217221957631409168e-03
1.212620292790234089e-03
1.209978596307337284e-03
1.209583017043769360e-03
