2.133902627974748611e-03
1.971465768292546272e-03
1.949402387253940105e-03
1.944704563356935978e-03
1.943810260854661465e-03
1.943604089319705963e-03
1.943518407642841339e-03
1.943468814715743065e-03
1.943429931998252869e-03
1.943394658155739307e-03
1.943360897712409496e-03
1.943328068591654301e-03
1.943295588716864586e-03
1.943263807334005833e-03
1.943232724443078041e-03
1.943202572874724865e-03
1.943173003382980824e-03
1.943144598044455051e-03
1.943117124028503895e-03
1.943090581335127354e-03
1.943065202794969082e-03
1.943040639162063599e-03
1.943017356097698212e-03
1.942994887940585613e-03
1.942973234690725803e-03
1.942952862009406090e-03
1.942933420650660992e-03
1.942914677783846855e-03
1.942896749824285507e-03
1.942879869602620602e-03
1.942863455042243004e-03
1.942847971804440022e-03
1.942832954227924347e-03
1.942818751558661461e-03
1.942805014550685883e-03
1.942791743203997612e-03
1.942779286764562130e-03
1.942767063155770302e-03
1.942755305208265781e-03
1.942744012922048569e-03
1.942732953466475010e-03
1.942722243256866932e-03
1.942711998708546162e-03
1.942701637744903564e-03
1.942691975273191929e-03
1.942682196386158466e-03
1.942672650329768658e-03
1.942663337104022503e-03
1.942654140293598175e-03
1.942645059898495674e-03
1.942636095918715000e-03
1.942627131938934326e-03
1.942618167959153652e-03
1.942609320394694805e-03
1.942600589245557785e-03
1.942591858096420765e-03
1.942583243362605572e-03
1.942574279382824898e-03
1.942565664649009705e-03
1.942556933499872684e-03
1.942547969520092010e-03
1.942539354786276817e-03
1.942530390806496143e-03
1.942521426826715469e-03
1.942512462846934795e-03
1.942503266036510468e-03
1.942494302056729794e-03
1.942484988830983639e-03
1.942475792020559311e-03
1.942466711625456810e-03
1.942457165569067001e-03
1.942447619512677193e-03
1.942437724210321903e-03
1.942428178153932095e-03
1.942418282851576805e-03
1.942408271133899689e-03
1.942398026585578918e-03
1.942388131283223629e-03
1.942377421073615551e-03
1.942367176525294781e-03
1.942356466315686703e-03
1.942345756106078625e-03
1.942334929481148720e-03
1.942323986440896988e-03
1.942312810570001602e-03
1.942301518283784389e-03
1.942290109582245350e-03
1.942278468050062656e-03
1.943450537510216236e-03
1.942821778357028961e-03
1.942341565154492855e-03
1.942245056852698326e-03
1.942222123034298420e-03
1.942210481502115726e-03
1.942198141478002071e-03
1.942185917869210243e-03
1.942173694260418415e-03
1.942161121405661106e-03
1.942148548550903797e-03
1.942135626450181007e-03
1.942122587934136391e-03
1.942741335369646549e-03
1.942905713804066181e-03
1.942145056091248989e-03
1.942085218615829945e-03
1.942063798196613789e-03
1.942048198543488979e-03
1.942034694366157055e-03
1.942021073773503304e-03
1.942007569596171379e-03
1.941993832588195801e-03
1.941979979164898396e-03
1.941965660080313683e-03
1.941951340995728970e-03
1.941937021911144257e-03
1.941922353580594063e-03
1.941912807524204254e-03
1.945618772879242897e-03
1.941968454048037529e-03
1.941886497661471367e-03
1.941861351951956749e-03
1.941842027008533478e-03
1.941827009432017803e-03
1.941812224686145782e-03
1.941797789186239243e-03
1.941783120855689049e-03
1.941768219694495201e-03
1.941753318533301353e-03
1.941738417372107506e-03
1.941723632626235485e-03
1.941708382219076157e-03
1.941693015396595001e-03
1.941688475199043751e-03
1.944954041391611099e-03
1.941714086569845676e-03
1.941667171195149422e-03
1.941632828675210476e-03
1.941612921655178070e-03
1.941598253324627876e-03
1.941584399901330471e-03
1.941570430062711239e-03
1.941556460224092007e-03
1.941542723216116428e-03
1.941529451869428158e-03
1.941515831276774406e-03
1.941502676345407963e-03
1.941489754244685173e-03
1.941476948559284210e-03
1.950433710590004921e-03
1.942300354130566120e-03
1.941583934240043163e-03
1.941454131156206131e-03
1.941430033184587955e-03
1.941417693160474300e-03
1.941407332196831703e-03
1.941397204063832760e-03
1.941387658007442951e-03
1.941378344781696796e-03
1.941369031555950642e-03
1.941360183991491795e-03
1.941351685672998428e-03
1.941343653015792370e-03
1.941335969604551792e-03
1.941328402608633041e-03
1.941321301274001598e-03
1.941314665600657463e-03
1.941308146342635155e-03
1.945393742062151432e-03
1.941471593454480171e-03
1.941461348906159401e-03
1.941292197443544865e-03
1.941289519891142845e-03
1.941283000633120537e-03
1.941278460435569286e-03
1.941274385899305344e-03
1.941270777024328709e-03
1.941267400979995728e-03
1.941264141350984573e-03
1.941261230967938900e-03
1.941258437000215054e-03
1.941255759447813034e-03
1.941253431141376495e-03
1.941251102834939957e-03
1.941254013217985630e-03
1.942306058481335640e-03
1.941470662131905556e-03
1.941311988048255444e-03
1.941252616234123707e-03
1.941245165653526783e-03
1.941242720931768417e-03
1.941241556778550148e-03
1.941240625455975533e-03
1.941239461302757263e-03
1.941238529980182648e-03
1.941237598657608032e-03
1.941236783750355244e-03
1.941236201673746109e-03
1.941235270351171494e-03
1.941234921105206013e-03
1.942979055456817150e-03
1.942141330800950527e-03
1.941387541592121124e-03
1.941241440363228321e-03
1.941234571859240532e-03
1.941233640536665916e-03
1.941233058460056782e-03
1.941232592798769474e-03
1.941231894306838512e-03
1.941231661476194859e-03
1.941231312230229378e-03
1.941231079399585724e-03
1.941230730153620243e-03
1.941230380907654762e-03
1.941229915246367455e-03
1.941232592798769474e-03
1.942475093528628349e-03
1.941719790920615196e-03
1.941288704983890057e-03
1.941238297149538994e-03
1.941229566000401974e-03
1.941229216754436493e-03
1.941228867508471012e-03
1.941228401847183704e-03
1.941228052601218224e-03
1.941227819770574570e-03
1.941227703355252743e-03
1.941227237693965435e-03
1.941227237693965435e-03
1.941226888447999954e-03
1.941229333169758320e-03
1.942201983183622360e-03
1.941834925673902035e-03
1.941233058460056782e-03
1.941236085258424282e-03
1.941226888447999954e-03
1.941226539202034473e-03
1.941226189956068993e-03
1.941225957125425339e-03
1.941225607879459858e-03
1.941225375048816204e-03
1.941225025802850723e-03
1.941224792972207069e-03
1.941224676556885242e-03
1.941224210895597935e-03
1.941224094480276108e-03
1.941223861649632454e-03
1.941223512403666973e-03
1.941229216754436493e-03
1.943105598911643028e-03
1.941586611792445183e-03
1.941271126270294189e-03
1.941225375048816204e-03
1.941223512403666973e-03
1.941223046742379665e-03
1.941222697496414185e-03
1.941222348250448704e-03
1.941222115419805050e-03
1.941221766173839569e-03
1.941221533343195915e-03
1.941221184097230434e-03
1.941220834851264954e-03
1.941220834851264954e-03
1.941220369189977646e-03
1.941221184097230434e-03
1.947729848325252533e-03
1.941732363775372505e-03
1.941302791237831116e-03
1.941230497322976589e-03
1.941220834851264954e-03
1.941219670698046684e-03
1.941219321452081203e-03
1.941218855790793896e-03
1.941218506544828415e-03
1.941218157298862934e-03
1.941218157298862934e-03
1.941217575222253799e-03
1.941217342391610146e-03
1.941216993145644665e-03
1.941216643899679184e-03
1.941303024068474770e-03
1.942328992299735546e-03
1.941488939337432384e-03
1.941218855790793896e-03
1.941217342391610146e-03
1.941216411069035530e-03
1.941215828992426395e-03
1.941215479746460915e-03
1.941215130500495434e-03
1.941214897669851780e-03
1.941214548423886299e-03
1.941214315593242645e-03
1.941213733516633511e-03
1.941213500685989857e-03
1.941213151440024376e-03
1.941212802194058895e-03
1.941212452948093414e-03
1.942574977874755859e-03
1.941844937391579151e-03
1.941364258527755737e-03
1.941216760315001011e-03
1.941211987286806107e-03
1.941211638040840626e-03
1.941211288794875145e-03
1.941210706718266010e-03
1.941210473887622356e-03
1.941210124641656876e-03
1.941209775395691395e-03
1.941209193319082260e-03
1.941208960488438606e-03
1.941208378411829472e-03
1.941208261996507645e-03
1.941207679919898510e-03
1.941241789609193802e-03
1.941915834322571754e-03
1.941210473887622356e-03
1.941220369189977646e-03
1.941209775395691395e-03
1.941206748597323895e-03
1.941205933690071106e-03
1.941205584444105625e-03
1.941205118782818317e-03
1.941204769536852837e-03
1.941204071044921875e-03
1.941203605383634567e-03
1.941203256137669086e-03
1.941202674061059952e-03
1.941202091984450817e-03
1.941201742738485336e-03
1.941454596817493439e-03
1.942851231433451176e-03
1.941320020705461502e-03
1.941204071044921875e-03
1.941200927831232548e-03
1.941200345754623413e-03
1.941199647262692451e-03
1.941199065186083317e-03
1.941198250278830528e-03
1.941197901032865047e-03
1.941197318956255913e-03
1.941196736879646778e-03
1.941196038387715816e-03
1.941195572726428509e-03
1.941194874234497547e-03
1.941194292157888412e-03
1.941293245181441307e-03
1.943627139553427696e-03
1.941246329806745052e-03
1.941202091984450817e-03
1.941196969710290432e-03
1.941192545928061008e-03
1.941191381774842739e-03
1.941190683282911777e-03
1.941190101206302643e-03
1.941189286299049854e-03
1.941188587807118893e-03
1.941188005730509758e-03
1.941187190823256969e-03
1.941186259500682354e-03
1.941185677424073219e-03
1.941184746101498604e-03
1.941184047609567642e-03
1.941182999871671200e-03
1.941182301379740238e-03
1.947890385054051876e-03
1.941272290423512459e-03
1.941284164786338806e-03
1.941182650625705719e-03
1.941179274581372738e-03
1.941178110428154469e-03
1.941177179105579853e-03
1.941176131367683411e-03
1.941175083629786968e-03
1.941173919476568699e-03
1.941172755323350430e-03
1.941171591170132160e-03
1.941170427016913891e-03
1.941169262863695621e-03
1.941167749464511871e-03
1.941166585311293602e-03
1.941165071912109852e-03
1.941165886819362640e-03
1.946812029927968979e-03
1.941776834428310394e-03
1.941195107065141201e-03
1.941160880960524082e-03
1.941159251146018505e-03
1.941157504916191101e-03
1.941155991517007351e-03
1.941154012456536293e-03
1.941152382642030716e-03
1.941150636412203312e-03
1.941148657351732254e-03
1.941146561875939369e-03
1.941144466400146484e-03
1.941142370924353600e-03
1.941140275448560715e-03
1.941137597896158695e-03
1.941135153174400330e-03
1.941132475621998310e-03
1.941129798069596291e-03
1.941126771271228790e-03
1.941123744472861290e-03
1.941131893545389175e-03
1.944148563779890537e-03
1.941193710081279278e-03
1.941136084496974945e-03
1.941114780493080616e-03
1.941105932928621769e-03
1.941101392731070518e-03
1.941096968948841095e-03
1.941092428751289845e-03
1.941087655723094940e-03
1.941082533448934555e-03
1.941076945513486862e-03
1.941071124747395515e-03
1.941064838320016861e-03
1.941057969816029072e-03
1.941050053574144840e-03
1.941042137332260609e-03
1.942816306836903095e-03
1.942184637300670147e-03
1.941037713550031185e-03
1.941027236171066761e-03
1.941002090461552143e-03
1.940991729497909546e-03
1.940980670042335987e-03
1.940968446433544159e-03
1.940955291502177715e-03
1.940940856002271175e-03
1.940924790687859058e-03
1.940907095558941364e-03
1.940887537784874439e-03
1.940865651704370975e-03
1.940841437317430973e-03
1.940814312547445297e-03
1.944930176250636578e-03
1.941023976542055607e-03
1.940749352797865868e-03
1.940717222169041634e-03
1.940678572282195091e-03
1.940643298439681530e-03
1.940605114214122295e-03
1.940563321113586426e-03
1.940517919138073921e-03
1.940467976965010166e-03
1.940413960255682468e-03
1.940355286933481693e-03
1.940292655490338802e-03
1.947708078660070896e-03
1.940275891683995724e-03
1.940211397595703602e-03
1.940092770382761955e-03
1.940033282153308392e-03
1.939977984875440598e-03
1.939923386089503765e-03
1.939869485795497894e-03
1.939816400408744812e-03
1.939764712005853653e-03
1.939715002663433552e-03
1.939667039550840855e-03
1.939621637575328350e-03
1.939578796736896038e-03
1.939540030434727669e-03
1.939723500981926918e-03
1.939852838404476643e-03
1.939452718943357468e-03
1.939422916620969772e-03
1.939390902407467365e-03
1.939362613484263420e-03
1.939335605129599571e-03
1.939308829605579376e-03
1.939282170496881008e-03
1.939254929311573505e-03
1.939227222464978695e-03
1.939198584295809269e-03
1.939169480465352535e-03
1.939138979651033878e-03
1.939107314683496952e-03
1.939077745191752911e-03
1.942422240972518921e-03
1.939028152264654636e-03
1.939024543389678001e-03
1.938946661539375782e-03
1.938910805620253086e-03
1.938872621394693851e-03
1.938833622261881828e-03
1.938792993314564228e-03
1.938751200214028358e-03
1.938707660883665085e-03
1.938662840984761715e-03
1.938616507686674595e-03
1.938568777404725552e-03
1.938519650138914585e-03
1.938468893058598042e-03
1.938425819389522076e-03
1.938681583851575851e-03
1.938639441505074501e-03
1.938294386491179466e-03
1.938227447681128979e-03
1.938173663802444935e-03
1.938119414262473583e-03
1.938062952831387520e-03
1.938004279509186745e-03
1.937942812219262123e-03
1.937878783792257309e-03
1.937811379320919514e-03
1.937740715220570564e-03
1.937666325829923153e-03
1.937588094733655453e-03
1.943933777511119843e-03
1.938351779244840145e-03
1.937483553774654865e-03
1.937302295118570328e-03
1.937205437570810318e-03
1.937116147018969059e-03
1.937021967023611069e-03
1.936923130415380001e-03
1.936818589456379414e-03
1.936708576977252960e-03
1.936592394486069679e-03
1.936469925567507744e-03
1.936636632308363914e-03
1.937790657393634319e-03
1.936189015395939350e-03
1.936048851348459721e-03
1.935895066708326340e-03
1.935761538334190845e-03
1.935625798068940639e-03
1.935487263835966587e-03
1.935346517711877823e-03
1.935204491019248962e-03
1.935062347911298275e-03
1.934921601787209511e-03
1.934800646267831326e-03
1.936281565576791763e-03
1.934947213158011436e-03
1.934509258717298508e-03
1.934416941367089748e-03
1.934317871928215027e-03
1.934227650053799152e-03
1.934141851961612701e-03
1.934059895575046539e-03
1.933981315232813358e-03
1.933905761688947678e-03
1.933832885697484016e-03
1.933762920089066029e-03
1.933695166371762753e-03
1.933629158884286880e-03
1.933565130457282066e-03
1.941587426699697971e-03
1.933808438479900360e-03
1.933500985614955425e-03
1.933377352543175220e-03
1.933316001668572426e-03
1.933265011757612228e-03
1.933214720338582993e-03
1.933164196088910103e-03
1.933113439008593559e-03
1.933062449097633362e-03
1.933010993525385857e-03
1.932958606630563736e-03
1.932905171997845173e-03
1.932850456796586514e-03
1.932794577442109585e-03
1.932736719027161598e-03
1.932730083353817463e-03
1.934664906002581120e-03
1.932579791173338890e-03
1.932532410137355328e-03
1.932463026605546474e-03
1.932399347424507141e-03
1.932335435412824154e-03
1.932268496602773666e-03
1.932197948917746544e-03
1.932123326696455479e-03
1.932043815031647682e-03
1.931958482600748539e-03
1.931866747327148914e-03
1.931768027134239674e-03
1.931659993715584278e-03
1.931541832163929939e-03
1.931685605086386204e-03
1.931375823915004730e-03
1.931327627971768379e-03
1.930979895405471325e-03
1.930801779963076115e-03
1.930593396537005901e-03
1.930355792865157127e-03
1.930079073645174503e-03
1.929752295836806297e-03
1.929361838847398758e-03
1.928888610564172268e-03
1.928307116031646729e-03
1.927583478391170502e-03
1.926676137372851372e-03
1.930950907990336418e-03
1.924595213495194912e-03
1.922840485349297523e-03
1.921016490086913109e-03
1.918887719511985779e-03
1.916490145958960056e-03
1.914486405439674854e-03
1.911440282128751278e-03
1.908901962451636791e-03
1.906943041831254959e-03
1.904453383758664131e-03
1.902450923807919025e-03
1.900416333228349686e-03
1.905570970848202705e-03
1.897459733299911022e-03
1.895204535685479641e-03
1.893619657494127750e-03
1.895028632134199142e-03
1.891331048682332039e-03
1.889636507257819176e-03
1.888320897705852985e-03
1.887209597043693066e-03
1.886660000309348106e-03
1.885661273263394833e-03
1.884426455944776535e-03
1.883497578091919422e-03
1.882603624835610390e-03
1.881708856672048569e-03
1.882779994048178196e-03
1.880608266219496727e-03
1.879140967503190041e-03
1.878141309134662151e-03
1.877140603028237820e-03
1.876076101325452328e-03
1.874938141554594040e-03
1.873733126558363438e-03
1.877127564512193203e-03
1.871624379418790340e-03
1.870015636086463928e-03
1.868692692369222641e-03
1.867328654043376446e-03
1.865942729637026787e-03
1.864535850472748280e-03
1.863111276179552078e-03
1.861786586232483387e-03
1.863707322627305984e-03
1.859099138528108597e-03
1.857845112681388855e-03
1.856502844020724297e-03
1.855189446359872818e-03
1.853871159255504608e-03
1.852552173659205437e-03
1.859920099377632141e-03
1.852303277701139450e-03
1.849445863626897335e-03
1.848207670263946056e-03
1.847277977503836155e-03
1.846402650699019432e-03
1.845584483817219734e-03
1.844814280048012733e-03
1.844086800701916218e-03
1.843395992182195187e-03
1.842854660935699940e-03
1.845855615101754665e-03
1.841716933995485306e-03
1.841167802922427654e-03
1.840603421442210674e-03
1.840093522332608700e-03
1.839590608142316341e-03
1.839093398302793503e-03
1.838600495830178261e-03
1.838112366385757923e-03
1.837629242800176144e-03
1.837230985984206200e-03
1.840071869082748890e-03
1.836385461501777172e-03
1.836062525399029255e-03
1.835618168115615845e-03
1.835252507589757442e-03
1.834896858781576157e-03
1.834550406783819199e-03
1.834214781410992146e-03
1.833890448324382305e-03
1.833578106015920639e-03
1.833277870900928974e-03
1.832990557886660099e-03
1.833269488997757435e-03
1.832909532822668552e-03
1.832362846471369267e-03
1.832158188335597515e-03
1.831964473240077496e-03
1.831784727983176708e-03
1.831611152738332748e-03
1.831445260904729366e-03
1.831286237575113773e-03
1.831133617088198662e-03
1.830987515859305859e-03
1.830847468227148056e-03
1.830713590607047081e-03
1.830584835261106491e-03
1.830461435019969940e-03
1.830355962738394737e-03
1.837180461734533310e-03
1.830283668823540211e-03
1.830127672292292118e-03
1.829991815611720085e-03
1.829902990721166134e-03
1.829818473197519779e-03
1.829737797379493713e-03
1.829659217037260532e-03
1.829582732170820236e-03
1.829508342780172825e-03
1.829435699619352818e-03
1.829364686273038387e-03
1.829295535571873188e-03
1.829229644499719143e-03
1.835315255448222160e-03
1.829372020438313484e-03
1.829151296988129616e-03
1.829031156376004219e-03
1.828958862461149693e-03
1.828902051784098148e-03
1.828848384320735931e-03
1.828795415349304676e-03
1.828743144869804382e-03
1.828691456466913223e-03
1.828640117309987545e-03
1.828589360229671001e-03
1.828539185225963593e-03
1.828543026931583881e-03
1.828848035074770451e-03
1.828741398639976978e-03
1.828438951633870602e-03
1.828331733122467995e-03
1.828285981900990009e-03
1.828242093324661255e-03
1.828198553994297981e-03
1.828155480325222015e-03
1.828112406656146049e-03
1.828069216571748257e-03
1.828026142902672291e-03
1.827983185648918152e-03
1.827939995564520359e-03
1.827988424338400364e-03
1.829191925935447216e-03
1.828359323553740978e-03
1.827804138883948326e-03
1.827765605412423611e-03
1.827719970606267452e-03
1.827679574489593506e-03
1.827640109695494175e-03
1.827600295655429363e-03
1.827560015954077244e-03
1.827519503422081470e-03
1.827478990890085697e-03
1.827437547035515308e-03
1.827395986765623093e-03
1.827364671044051647e-03
1.834425725974142551e-03
1.827831263653934002e-03
1.827287254855036736e-03
1.827230560593307018e-03
1.827181200496852398e-03
1.827139989472925663e-03
1.827099942602217197e-03
1.827059546485543251e-03
1.827018451876938343e-03
1.826976775191724300e-03
1.826934632845222950e-03
1.826891675591468811e-03
1.826848019845783710e-03
1.827026717364788055e-03
1.831015688367187977e-03
1.826745923608541489e-03
1.826767111197113991e-03
1.826666761189699173e-03
1.826620427891612053e-03
1.826577121391892433e-03
1.826533465646207333e-03
1.826489227823913097e-03
1.826444175094366074e-03
1.826398423872888088e-03
1.826351741328835487e-03
1.826304011046886444e-03
1.826255931518971920e-03
1.842597499489784241e-03
1.827461528591811657e-03
1.826209598220884800e-03
1.826102379709482193e-03
1.826050574891269207e-03
1.826001680456101894e-03
1.825953251682221889e-03
1.825904473662376404e-03
1.825854298658668995e-03
1.825803308747708797e-03
1.825751271098852158e-03
1.825698069296777248e-03
1.825644285418093204e-03
1.825921237468719482e-03
1.826951745897531509e-03
1.826045569032430649e-03
1.825484796427190304e-03
1.825422863475978374e-03
1.825364306569099426e-03
1.825311221182346344e-03
1.825257437303662300e-03
1.825202722102403641e-03
1.825146842747926712e-03
1.825090148486196995e-03
1.825032173655927181e-03
1.824973267503082752e-03
1.824912964366376400e-03
1.824852544814348221e-03
1.826241263188421726e-03
1.826094812713563442e-03
1.824874780140817165e-03
1.824669074267148972e-03
1.824600971303880215e-03
1.824541483074426651e-03
1.824482344090938568e-03
1.824422040954232216e-03
1.824360573664307594e-03
1.824298058636486530e-03
1.824234379455447197e-03
1.824169070459902287e-03
1.824102713726460934e-03
1.824034843593835831e-03
1.823966507799923420e-03
1.835144008509814739e-03
1.824013073928654194e-03
1.823978964239358902e-03
1.823734608478844166e-03
1.823668600991368294e-03
1.823599915951490402e-03
1.823530881665647030e-03
1.823460566811263561e-03
1.823388854973018169e-03
1.823315746150910854e-03
1.823241007514297962e-03
1.823164522647857666e-03
1.823086524382233620e-03
1.823406550101935863e-03
1.825609127990901470e-03
1.823251834139227867e-03
1.822834718041121960e-03
1.822744379751384258e-03
1.822666148655116558e-03
1.822587568312883377e-03
1.822507474571466446e-03
1.822425751015543938e-03
1.822342281229794025e-03
1.822257181629538536e-03
1.822170219384133816e-03
1.822080928832292557e-03
1.822008518502116203e-03
1.828521257266402245e-03
1.822569058276712894e-03
1.821794314309954643e-03
1.821699435822665691e-03
1.821601064875721931e-03
1.821511774323880672e-03
1.821420621126890182e-03
1.821327372454106808e-03
1.821232144720852375e-03
1.821134123019874096e-03
1.821034238673746586e-03
1.820931560359895229e-03
1.820827834308147430e-03
1.831065746955573559e-03
1.821449375711381435e-03
1.820562640205025673e-03
1.820468460209667683e-03
1.820362987928092480e-03
1.820259378291666508e-03
1.820154720917344093e-03
1.820047735236585140e-03
1.821864279918372631e-03
1.819951576180756092e-03
1.819760072976350784e-03
1.819659373722970486e-03
1.819543656893074512e-03
1.819425146095454693e-03
1.819307100959122181e-03
1.819186145439743996e-03
1.819061231799423695e-03
1.818932243622839451e-03
1.818867051042616367e-03
1.819172990508377552e-03
1.819003256969153881e-03
1.818533986806869507e-03
1.818331074900925159e-03
1.818188233301043510e-03
1.818045042455196381e-03
1.817898126319050789e-03
1.817745971493422985e-03
1.817587995901703835e-03
1.817423617467284203e-03
1.817254582419991493e-03
1.824826002120971680e-03
1.817554002627730370e-03
1.816885895095765591e-03
1.816666801460087299e-03
1.816473668441176414e-03
1.816294272430241108e-03
1.816110219806432724e-03
1.815919415093958378e-03
1.815721625462174416e-03
1.815516268834471703e-03
1.815303810872137547e-03
1.817375188693404198e-03
1.818893011659383774e-03
1.815256080590188503e-03
1.814590767025947571e-03
1.814327901229262352e-03
1.814109622500836849e-03
1.813885057345032692e-03
1.813654322177171707e-03
1.813416485674679279e-03
1.813171315006911755e-03
1.812918460927903652e-03
1.812658039852976799e-03
1.812389702536165714e-03
1.812128582969307899e-03
1.812849426642060280e-03
1.812895527109503746e-03
1.811469206586480141e-03
1.811164780519902706e-03
1.810894114896655083e-03
1.810617395676672459e-03
1.810331712476909161e-03
1.810037530958652496e-03
1.809733570553362370e-03
1.809419249184429646e-03
1.809094217605888844e-03
1.808757311664521694e-03
1.808408647775650024e-03
1.811364316381514072e-03
1.809317385777831078e-03
1.807670341804623604e-03
1.807118998840451241e-03
1.806742395274341106e-03
1.806368236429989338e-03
1.805984298698604107e-03
1.805586041882634163e-03
1.805171719752252102e-03
1.809128560125827789e-03
1.807625172659754753e-03
1.803978346288204193e-03
1.803547609597444534e-03
1.803071936592459679e-03
1.802598941139876842e-03
1.802106620743870735e-03
1.801597187295556068e-03
1.801069360226392746e-03
1.800523139536380768e-03
1.827479107305407524e-03
1.801388454623520374e-03
1.799337682314217091e-03
1.798469456844031811e-03
1.797913690097630024e-03
1.797342090867459774e-03
1.796762808226048946e-03
1.796172698959708214e-03
1.795572461560368538e-03
1.794963842257857323e-03
1.794406794942915440e-03
1.797010423615574837e-03
1.793524483218789101e-03
1.792879425920546055e-03
1.792203634977340698e-03
1.791637158021330833e-03
1.791075337678194046e-03
1.790515147149562836e-03
1.789955655112862587e-03
1.789397210814058781e-03
1.788844820111989975e-03
1.794799813069403172e-03
1.788979279808700085e-03
1.787630026228725910e-03
1.786941080354154110e-03
1.786450506187975407e-03
1.785968896001577377e-03
1.785491709597408772e-03
1.785017782822251320e-03
1.784546766430139542e-03
1.784079126082360744e-03
1.783618936315178871e-03
1.797047327272593975e-03
1.783625339157879353e-03
1.782532082870602608e-03
1.782088773325085640e-03
1.781681785359978676e-03
1.781291095539927483e-03
1.780904363840818405e-03
1.780520193278789520e-03
1.780139515176415443e-03
1.779761863872408867e-03
1.779387472197413445e-03
1.779017038643360138e-03
1.795398653484880924e-03
1.778532983735203743e-03
1.778459292836487293e-03
1.777783967554569244e-03
1.777449157088994980e-03
1.777137164026498795e-03
1.776834251359105110e-03
1.776536111719906330e-03
1.776243327185511589e-03
1.775956247001886368e-03
1.775674754753708839e-03
1.775581273250281811e-03
1.782650128006935120e-03
1.775909331627190113e-03
1.774892210960388184e-03
1.774552161805331707e-03
1.774338306859135628e-03
1.774125616066157818e-03
1.773920375853776932e-03
1.773719559423625469e-03
1.773523516021668911e-03
1.773332012817263603e-03
1.773144816979765892e-03
1.772961812093853951e-03
1.772782416082918644e-03
1.773103722371160984e-03
1.778154750354588032e-03
1.772635616362094879e-03
1.772215473465621471e-03
1.772040734067559242e-03
1.771891722455620766e-03
1.771745854057371616e-03
1.771602546796202660e-03
1.771460636518895626e-03
1.771319541148841381e-03
1.771179493516683578e-03
1.771039911545813084e-03
1.770903705619275570e-03
1.781400642357766628e-03
1.771403825841844082e-03
1.770577975548803806e-03
1.770433736965060234e-03
1.770301023498177528e-03
1.770175294950604439e-03
1.770049566403031349e-03
1.769923721440136433e-03
1.769797061569988728e-03
1.769669703207910061e-03
1.769541297107934952e-03
1.769411843270063400e-03
1.769281341694295406e-03
1.770905801095068455e-03
1.772087067365646362e-03
1.769166905432939529e-03
1.768915913999080658e-03
1.768723013810813427e-03
1.768603455275297165e-03
1.768483896739780903e-03
1.768363872542977333e-03
1.768242567777633667e-03
1.768120331689715385e-03
1.767996116541326046e-03
1.767871086485683918e-03
1.767744077369570732e-03
1.767615438438951969e-03
1.767485402524471283e-03
1.767480047419667244e-03
1.768699614331126213e-03
1.767792040482163429e-03
1.767123932950198650e-03
1.766917412169277668e-03
1.766780856996774673e-03
1.766656874679028988e-03
1.766531378962099552e-03
1.766404719091951847e-03
1.766276312991976738e-03
1.766146277077496052e-03
1.766014262102544308e-03
1.765880500897765160e-03
1.766402740031480789e-03
1.771888346411287785e-03
1.765845809131860733e-03
1.765431603416800499e-03
1.765290042385458946e-03
1.765161636285483837e-03
1.765032880939543247e-03
1.764903776347637177e-03
1.764772809110581875e-03
1.764640328474342823e-03
1.764506101608276367e-03
1.764369779266417027e-03
1.764232059940695763e-03
1.766841509379446507e-03
1.767681445926427841e-03
1.764351269230246544e-03
1.763803069479763508e-03
1.763649284839630127e-03
1.763510867021977901e-03
1.763381180353462696e-03
1.763250678777694702e-03
1.763118663802742958e-03
1.762984669767320156e-03
1.762849045917391777e-03
1.762711675837635994e-03
1.762572443112730980e-03
1.762430882081389427e-03
1.762815634720027447e-03
1.767713925801217556e-03
1.763231586664915085e-03
1.761989318765699863e-03
1.761846127919852734e-03
1.761700026690959930e-03
1.761568011716008186e-03
1.761435298249125481e-03
1.761300838552415371e-03
1.761164399795234203e-03
1.761026680469512939e-03
1.760887331329286098e-03
1.760746003128588200e-03
1.760603045113384724e-03
1.763625652529299259e-03
1.762939733453094959e-03
1.760374987497925758e-03
1.760101993568241596e-03
1.759951352141797543e-03
1.759887672960758209e-03
1.761518069542944431e-03
1.760431216098368168e-03
1.759485225193202496e-03
1.759321778081357479e-03
1.759168575517833233e-03
1.759035279974341393e-03
1.760219573043286800e-03
1.759810256771743298e-03
1.759169506840407848e-03
1.758606522344052792e-03
1.758402562700212002e-03
1.758269499987363815e-03
1.758134458214044571e-03
1.757998834364116192e-03
1.758180209435522556e-03
1.759050530381500721e-03
1.758537255227565765e-03
1.757542020641267300e-03
1.757404417730867863e-03
1.757260062731802464e-03
1.757127349264919758e-03
1.756995101459324360e-03
1.756861689500510693e-03
1.756726764142513275e-03
1.756851328536868095e-03
1.760126207955181599e-03
1.757105579599738121e-03
1.756279729306697845e-03
1.756160287186503410e-03
1.756027922965586185e-03
1.755902776494622231e-03
1.755776582285761833e-03
1.755649107508361340e-03
1.755520584993064404e-03
1.755390549078583717e-03
1.755259698256850243e-03
1.762979896739125252e-03
1.755548990331590176e-03
1.755371456965804100e-03
1.754822907969355583e-03
1.754695898853242397e-03
1.754568074829876423e-03
1.754442928358912468e-03
1.754317083396017551e-03
1.754190074279904366e-03
1.754062250256538391e-03
1.786669250577688217e-03
1.754784141667187214e-03
1.754251425154507160e-03
1.753685297444462776e-03
1.753517542965710163e-03
1.753386226482689381e-03
1.753261312842369080e-03
1.753134536556899548e-03
1.753005548380315304e-03
1.752874697558581829e-03
1.752741751261055470e-03
1.752606360241770744e-03
1.752636861056089401e-03
1.756920944899320602e-03
1.752502983435988426e-03
1.752350945025682449e-03
1.752030104398727417e-03
1.751897158101201057e-03
1.751764444634318352e-03
1.751629984937608242e-03
1.751493080519139767e-03
1.751353265717625618e-03
1.751210307702422142e-03
1.751064206473529339e-03
1.750916824676096439e-03
1.771390088833868504e-03
1.752090058289468288e-03
1.750827766954898834e-03
1.750397845171391964e-03
1.750247203744947910e-03
1.750097260810434818e-03
1.749944058246910572e-03
1.749787246808409691e-03
1.749627059325575829e-03
1.753178192302584648e-03
1.750578987412154675e-03
1.749299233779311180e-03
1.749087241478264332e-03
1.748881535604596138e-03
1.748712151311337948e-03
1.748537993989884853e-03
1.748360577039420605e-03
1.748177921399474144e-03
1.747989561408758163e-03
1.747796428389847279e-03
1.773491967469453812e-03
1.752405078150331974e-03
1.747731701470911503e-03
1.747126574628055096e-03
1.746937865391373634e-03
1.746729598380625248e-03
1.746523194015026093e-03
1.746310968883335590e-03
1.746091758832335472e-03
1.745864981785416603e-03
1.745630172081291676e-03
1.745488727465271950e-03
1.750060822814702988e-03
1.746783382259309292e-03
1.744823413901031017e-03
1.744557870551943779e-03
1.744293607771396637e-03
1.744035631418228149e-03
1.743767643347382545e-03
1.743490225635468960e-03
1.743201748467981815e-03
1.742902095429599285e-03
1.742590335197746754e-03
1.742265652865171432e-03
1.744417124427855015e-03
1.741850050166249275e-03
1.742083695717155933e-03
1.741365995258092880e-03
1.740852254442870617e-03
1.740522333420813084e-03
1.740177278406918049e-03
1.739821978844702244e-03
1.739453990012407303e-03
1.739072031341493130e-03
1.738675870001316071e-03
1.738264225423336029e-03
1.737836748361587524e-03
1.737403799779713154e-03
1.753872609697282314e-03
1.737056067213416100e-03
1.736526261083781719e-03
1.735837548039853573e-03
1.735351863317191601e-03
1.734873512759804726e-03
1.734384917654097080e-03
1.733880955725908279e-03
1.733361044898629189e-03
1.732823671773076057e-03
1.732269185595214367e-03
1.731697469949722290e-03
1.766889356076717377e-03
1.730732270516455173e-03
1.730310963466763496e-03
1.730828080326318741e-03
1.730152289383113384e-03
1.728481613099575043e-03
1.727869152091443539e-03
1.727219671010971069e-03
1.726590679027140141e-03
1.730233314447104931e-03
1.729579875245690346e-03
1.725263195112347603e-03
1.724135945551097393e-03
1.723478664644062519e-03
1.722814748063683510e-03
1.724022207781672478e-03
1.730068586766719818e-03
1.721226028166711330e-03
1.720418920740485191e-03
1.719646621495485306e-03
1.718956744298338890e-03
1.718273153528571129e-03
1.717583392746746540e-03
1.727094990201294422e-03
1.718510640785098076e-03
1.715717604383826256e-03
1.715108053758740425e-03
1.714425627142190933e-03
1.713753794319927692e-03
1.713093137368559837e-03
1.712429919280111790e-03
1.714214100502431393e-03
1.720113330520689487e-03
1.710921758785843849e-03
1.710219774395227432e-03
1.709526404738426208e-03
1.708938158117234707e-03
1.708353753201663494e-03
1.707772840745747089e-03
1.707195769995450974e-03
1.707429415546357632e-03
1.720256404951214790e-03
1.706779003143310547e-03
1.705548842437565327e-03
1.704837777651846409e-03
1.704328460618853569e-03
1.703856862150132656e-03
1.703390502370893955e-03
1.702930196188390255e-03
1.702475943602621555e-03
1.702027278952300549e-03
1.701585482805967331e-03
1.766099478118121624e-03
1.701007364317774773e-03
1.701357192359864712e-03
1.700230757705867290e-03
1.699870452284812927e-03
1.699512009508907795e-03
1.699164509773254395e-03
1.698822015896439552e-03
1.698483480140566826e-03
1.698148902505636215e-03
1.697818282991647720e-03
1.697491039521992207e-03
1.697167521342635155e-03
1.725963898934423923e-03
1.697185798548161983e-03
1.697278697974979877e-03
1.696257968433201313e-03
1.695909071713685989e-03
1.695636892691254616e-03
1.695374259725213051e-03
1.695114071480929852e-03
1.694855978712439537e-03
1.694599515758454800e-03
1.694344333373010159e-03
1.694090780802071095e-03
1.693838508799672127e-03
1.693648053333163261e-03
1.715089427307248116e-03
1.695948769338428974e-03
1.693273545242846012e-03
1.692772959358990192e-03
1.692550955340266228e-03
1.692327088676393032e-03
1.692106598056852818e-03
1.691887271590530872e-03
1.691667945124208927e-03
1.691448502242565155e-03
1.691231154836714268e-03
1.754084369167685509e-03
1.692364807240664959e-03
1.691270037554204464e-03
1.690636039711534977e-03
1.690331846475601196e-03
1.690132892690598965e-03
1.689937314949929714e-03
1.689742435701191425e-03
1.689547323621809483e-03
1.689351629465818405e-03
1.689155120402574539e-03
1.688958494924008846e-03
1.688788994215428829e-03
1.713111414574086666e-03
1.692456542514264584e-03
1.688703894615173340e-03
1.688149757683277130e-03
1.687958487309515476e-03
1.687776762992143631e-03
1.687598181888461113e-03
1.687418669462203979e-03
1.687238691374659538e-03
1.687057432718575001e-03
1.686875126324594021e-03
1.686692005023360252e-03
1.686512492597103119e-03
1.730116666294634342e-03
1.689561991952359676e-03
1.686474774032831192e-03
1.685979659669101238e-03
1.685751252807676792e-03
1.685574301518499851e-03
1.685403054580092430e-03
1.685231341980397701e-03
1.685058115981519222e-03
1.684884191490709782e-03
1.684708404354751110e-03
1.684530987404286861e-03
1.684352406300604343e-03
1.684230752289295197e-03
1.703511807136237621e-03
1.686827046796679497e-03
1.683869864791631699e-03
1.683615497313439846e-03
1.683422015048563480e-03
1.683253445662558079e-03
1.683084061369299889e-03
1.682913512922823429e-03
1.682741451077163219e-03
1.682567177340388298e-03
1.682391273789107800e-03
1.682216185145080090e-03
1.725325128063559532e-03
1.686930074356496334e-03
1.682408503256738186e-03
1.681712688878178596e-03
1.681432710029184818e-03
1.681258785538375378e-03
1.681084395386278629e-03
1.680908491834998131e-03
1.680730376392602921e-03
1.680550398305058479e-03
1.680367975495755672e-03
1.680184504948556423e-03
1.719368738122284412e-03
1.683257869444787502e-03
1.679810462519526482e-03
1.679609296843409538e-03
1.679375185631215572e-03
1.679195323958992958e-03
1.679011853411793709e-03
1.678827218711376190e-03
1.678640139289200306e-03
1.678449916653335094e-03
1.678257365711033344e-03
1.678813947364687920e-03
1.686071511358022690e-03
1.678495318628847599e-03
1.677585998550057411e-03
1.677345600910484791e-03
1.677137333899736404e-03
1.706859329715371132e-03
1.680257031694054604e-03
1.676875632256269455e-03
1.676420215517282486e-03
1.676206360571086407e-03
1.676006708294153214e-03
1.675799954682588577e-03
1.675590989179909229e-03
1.675378181971609592e-03
1.675162231549620628e-03
1.688711461611092091e-03
1.679675304330885410e-03
1.675559207797050476e-03
1.674498082138597965e-03
1.674182480201125145e-03
1.673956401646137238e-03
1.673733117058873177e-03
1.673507271334528923e-03
1.673276885412633419e-03
1.673042075708508492e-03
1.672802260145545006e-03
1.672557787969708443e-03
1.672339625656604767e-03
1.711824326775968075e-03
1.675214502029120922e-03
1.672082114964723587e-03
1.671416568569839001e-03
1.671168836764991283e-03
1.670910743996500969e-03
1.670654630288481712e-03
1.670395256951451302e-03
1.673760125413537025e-03
1.677636872045695782e-03
1.670262427069246769e-03
1.669413293711841106e-03
1.669141929596662521e-03
1.668863580562174320e-03
1.668588374741375446e-03
1.668309210799634457e-03
1.668025157414376736e-03
1.667744829319417477e-03
1.731442171148955822e-03
1.673051738180220127e-03
1.667779870331287384e-03
1.666816999204456806e-03
1.666440977714955807e-03
1.666155527345836163e-03
1.665870659053325653e-03
1.665583811700344086e-03
1.665293821133673191e-03
1.665000454522669315e-03
1.664704526774585247e-03
1.664405455812811852e-03
1.664108596742153168e-03
1.714816666208207607e-03
1.669398625381290913e-03
1.663691713474690914e-03
1.663139089941978455e-03
1.662828028202056885e-03
1.662547234445810318e-03
1.662274706177413464e-03
1.662001945078372955e-03
1.661728485487401485e-03
1.661453978158533573e-03
1.661179121583700180e-03
1.660903450101613998e-03
1.660627662204205990e-03
1.661297166720032692e-03
1.681332709267735481e-03
1.660744077526032925e-03
1.659810077399015427e-03
1.659486675634980202e-03
1.659211353398859501e-03
1.658964902162551880e-03
1.658720779232680798e-03
1.658477005548775196e-03
1.658233231864869595e-03
1.657989225350320339e-03
1.657745335251092911e-03
1.657501561567187309e-03
1.657258719205856323e-03
1.684210146777331829e-03
1.661314512602984905e-03
1.657406915910542011e-03
1.656582229770720005e-03
1.656258013099431992e-03
1.656033913604915142e-03
1.655819709412753582e-03
1.655605854466557503e-03
1.655392232351005077e-03
1.655178377404808998e-03
1.654964173212647438e-03
1.654750783927738667e-03
1.675019739195704460e-03
1.663185423240065575e-03
1.655455795116722584e-03
1.654170569963753223e-03
1.653855433687567711e-03
1.653649727813899517e-03
1.653452287428081036e-03
1.653255196288228035e-03
1.653057639487087727e-03
1.652859034948050976e-03
1.652659731917083263e-03
1.652461593039333820e-03
1.689285971224308014e-03
1.659443601965904236e-03
1.652919687330722809e-03
1.651795930229127407e-03
1.651628874242305756e-03
1.651433180086314678e-03
1.651248661801218987e-03
1.651067868806421757e-03
1.672148820944130421e-03
1.651036553084850311e-03
1.651464030146598816e-03
1.650489750318229198e-03
1.650257967412471771e-03
1.650066697038710117e-03
1.649887417443096638e-03
1.649707788601517677e-03
1.649526413530111313e-03
1.649351790547370911e-03
1.726069254800677299e-03
1.656999927945435047e-03
1.649333164095878601e-03
1.648789737373590469e-03
1.648607198148965836e-03
1.648424309678375721e-03
1.648251083679497242e-03
1.648077392019331455e-03
1.647901837714016438e-03
1.647725235670804977e-03
1.647546887397766113e-03
1.647367025725543499e-03
1.647471915930509567e-03
1.671389327384531498e-03
1.647946541197597980e-03
1.647090888582170010e-03
1.646626624278724194e-03
1.646436983719468117e-03
1.646261196583509445e-03
1.646458404138684273e-03
1.655232161283493042e-03
1.646402291953563690e-03
1.645667944103479385e-03
1.645491342060267925e-03
1.645301934331655502e-03
1.645131618715822697e-03
1.644984236918389797e-03
1.697451691143214703e-03
1.650675549171864986e-03
1.644782838411629200e-03
1.644380507059395313e-03
1.644215779379010201e-03
1.644034171476960182e-03
1.643864437937736511e-03
1.643692376092076302e-03
1.643521594814956188e-03
1.665383926592767239e-03
1.648162375204265118e-03
1.644027652218937874e-03
1.643104711547493935e-03
1.642809016630053520e-03
1.642633345909416676e-03
1.642465009354054928e-03
1.642297138459980488e-03
1.642127754166722298e-03
1.641956274397671223e-03
1.641783514060080051e-03
1.644031843170523643e-03
1.641739276237785816e-03
1.643270254135131836e-03
1.641233800910413265e-03
1.641079667024314404e-03
1.640923321247100830e-03
1.663913484662771225e-03
1.643290044739842415e-03
1.640582806430757046e-03
1.640349975787103176e-03
1.640144735574722290e-03
1.639974419958889484e-03
1.639808993786573410e-03
1.640018774196505547e-03
1.656789914704859257e-03
1.642057788558304310e-03
1.639632391743361950e-03
1.639138208702206612e-03
1.638966146856546402e-03
1.638805144466459751e-03
1.638645073398947716e-03
1.638483605347573757e-03
1.638320158235728741e-03
1.638155663385987282e-03
1.637990353628993034e-03
1.724514295347034931e-03
1.641321578063070774e-03
1.638719113543629646e-03
1.637573237530887127e-03
1.637373352423310280e-03
1.637203036807477474e-03
1.637046341784298420e-03
1.636888831853866577e-03
1.636730507016181946e-03
1.636570668779313564e-03
1.636409666389226913e-03
1.636246801353991032e-03
1.636082655750215054e-03
1.635950757190585136e-03
1.658389461226761341e-03
1.638632966205477715e-03
1.636011875234544277e-03
1.635530847124755383e-03
1.635282533243298531e-03
1.635121065191924572e-03
1.634964952245354652e-03
1.634808839298784733e-03
1.634651678614318371e-03
1.634492888115346432e-03
1.634332817047834396e-03
1.634394051507115364e-03
1.664984854869544506e-03
1.634943764656782150e-03
1.633925945498049259e-03
1.633707433938980103e-03
1.633551786653697491e-03
1.633395208045840263e-03
1.633240841329097748e-03
1.633086008951067924e-03
1.632929896004498005e-03
1.632772386074066162e-03
1.632613362744450569e-03
1.632452709600329399e-03
1.632664818316698074e-03
1.649010460823774338e-03
1.633541309274733067e-03
1.632420346140861511e-03
1.631840830668807030e-03
1.631650142371654510e-03
1.631506718695163727e-03
1.637158566154539585e-03
1.633012900128960609e-03
1.631346414797008038e-03
1.630986342206597328e-03
1.630801940336823463e-03
1.630653394386172295e-03
1.630565850064158440e-03
1.682427595369517803e-03
1.634695450775325298e-03
1.630745711736381054e-03
1.629988430067896843e-03
1.629847101867198944e-03
1.629687030799686909e-03
1.629536389373242855e-03
1.629392616450786591e-03
1.679854700341820717e-03
1.639528200030326843e-03
1.629484933800995350e-03
1.629011472687125206e-03
1.628761645406484604e-03
1.628614380024373531e-03
1.628465834073722363e-03
1.628316822461783886e-03
1.628166530281305313e-03
1.628015306778252125e-03
1.627884688787162304e-03
1.666600350290536880e-03
1.633996958844363689e-03
1.628016587346792221e-03
1.627465826459228992e-03
1.627284567803144455e-03
1.627136138267815113e-03
1.626993529498577118e-03
1.626850105822086334e-03
1.626705750823020935e-03
1.626559998840093613e-03
1.626412966288626194e-03
1.626281649805605412e-03
1.688415650278329849e-03
1.633494859561324120e-03
1.626795739866793156e-03
1.625924021936953068e-03
1.625699922442436218e-03
1.625554286874830723e-03
1.625411212444305420e-03
1.625269418582320213e-03
1.625127159059047699e-03
1.624983735382556915e-03
1.624839147552847862e-03
1.624695141799747944e-03
1.660594483837485313e-03
1.626133453100919724e-03
1.625799573957920074e-03
1.624352182261645794e-03
1.624118769541382790e-03
1.623981865122914314e-03
1.623844844289124012e-03
1.623707124963402748e-03
1.623568474315106869e-03
1.623429474420845509e-03
1.623289077542722225e-03
1.623651245608925819e-03
1.626830664463341236e-03
1.626853481866419315e-03
1.623210264369845390e-03
1.622805371880531311e-03
1.622633659280836582e-03
1.622491399757564068e-03
1.622358337044715881e-03
1.622225157916545868e-03
1.622091047465801239e-03
1.621956238523125648e-03
1.621820381842553616e-03
1.621683593839406967e-03
1.621552975848317146e-03
1.713646692223846912e-03
1.627682242542505264e-03
1.621824572794139385e-03
1.621259492821991444e-03
1.621015486307442188e-03
1.620873925276100636e-03
1.620742725208401680e-03
1.620613038539886475e-03
1.620482536964118481e-03
1.620351336896419525e-03
1.620224909856915474e-03
1.711202436126768589e-03
1.623068354092538357e-03
1.620109658688306808e-03
1.619956223294138908e-03
1.619719667360186577e-03
1.619578106328845024e-03
1.619449933059513569e-03
1.619323506020009518e-03
1.619196613319218159e-03
1.619069487787783146e-03
1.618941081687808037e-03
1.618812093511223793e-03
1.618684967979788780e-03
1.752165146172046661e-03
1.625786884687840939e-03
1.618926529772579670e-03
1.618477981537580490e-03
1.618253067135810852e-03
1.618115231394767761e-03
1.617996138520538807e-03
1.617879490368068218e-03
1.617762143723666668e-03
1.617644098587334156e-03
1.617525587789714336e-03
1.617406262084841728e-03
1.617286470718681812e-03
1.617165748029947281e-03
1.617043977603316307e-03
1.618972979485988617e-03
1.645189593546092510e-03
1.618074136786162853e-03
1.616778085008263588e-03
1.616614055819809437e-03
1.616469002328813076e-03
1.616349327377974987e-03
1.616234891116619110e-03
1.616119756363332272e-03
1.616004388779401779e-03
1.615888206288218498e-03
1.615771208889782429e-03
1.615653512999415398e-03
1.615541637875139713e-03
1.727147260680794716e-03
1.615754328668117523e-03
1.616010209545493126e-03
1.615226268768310547e-03
1.615083659999072552e-03
1.614960841834545135e-03
1.614846405573189259e-03
1.614733831956982613e-03
1.614620909094810486e-03
1.614507636986672878e-03
1.614393200725317001e-03
1.614279462955892086e-03
1.631169696338474751e-03
1.618406036868691444e-03
1.614940236322581768e-03
1.614081673324108124e-03
1.613841159269213676e-03
1.613702508620917797e-03
1.613589818589389324e-03
1.613478991203010082e-03
1.613367814570665359e-03
1.613256055861711502e-03
1.613143482245504856e-03
1.613158965483307838e-03
1.638535293750464916e-03
1.613015541806817055e-03
1.613229745998978615e-03
1.612777123227715492e-03
1.612587482668459415e-03
1.612470601685345173e-03
1.612361287698149681e-03
1.612252555787563324e-03
1.612143241800367832e-03
1.612032996490597725e-03
1.611922401934862137e-03
1.611838815733790398e-03
1.638351590372622013e-03
1.619065064005553722e-03
1.612169551663100719e-03
1.611609943211078644e-03
1.611374085769057274e-03
1.611263956874608994e-03
1.611157553270459175e-03
1.611051149666309357e-03
1.610943931154906750e-03
1.610836363397538662e-03
1.610727515071630478e-03
1.610617735423147678e-03
1.610654173418879509e-03
1.652724458836019039e-03
1.615396118722856045e-03
1.610554056242108345e-03
1.610210165381431580e-03
1.610082574188709259e-03
1.609965460374951363e-03
1.609858823940157890e-03
1.609753002412617207e-03
1.609646365977823734e-03
1.609539031051099300e-03
1.609430648386478424e-03
1.609321217983961105e-03
1.609235769137740135e-03
1.623982912860810757e-03
1.609602360986173153e-03
1.609560684300959110e-03
1.608956838026642799e-03
1.608785358257591724e-03
1.608677674084901810e-03
1.608571968972682953e-03
1.608467078767716885e-03
1.608361373655498028e-03
1.608254737220704556e-03
1.608147053048014641e-03
1.608038437552750111e-03
1.607929007150232792e-03
1.607828424312174320e-03
1.718759885989129543e-03
1.614569802768528461e-03
1.608368242159485817e-03
1.607574056833982468e-03
1.607383834198117256e-03
1.607266021892428398e-03
1.607159385457634926e-03
1.607052399776875973e-03
1.606944948434829712e-03
1.606836682185530663e-03
1.606727018952369690e-03
1.606616540811955929e-03
1.606505131348967552e-03
1.621376723051071167e-03
1.608850434422492981e-03
1.606771023944020271e-03
1.606288133189082146e-03
1.606071018613874912e-03
1.605935976840555668e-03
1.605827128514647484e-03
1.605718629434704781e-03
1.605609082616865635e-03
1.605498837307095528e-03
1.605387078598141670e-03
1.605274970643222332e-03
1.605162047781050205e-03
1.616556080989539623e-03
1.613730913959443569e-03
1.605826197192072868e-03
1.605091383680701256e-03
1.604697550646960735e-03
1.604577642865478992e-03
1.604464487172663212e-03
1.604353659786283970e-03
1.604242250323295593e-03
1.604129793122410774e-03
1.604016404598951340e-03
1.603901968337595463e-03
1.603786484338343143e-03
1.605025026947259903e-03
1.634338288567960262e-03
1.605138764716684818e-03
1.603750512003898621e-03
1.603378681465983391e-03
1.603219192475080490e-03
1.603105687536299229e-03
1.602996955625712872e-03
1.602887525223195553e-03
1.602777396328747272e-03
1.602666219696402550e-03
1.602554228156805038e-03
1.602441421709954739e-03
1.602327334694564342e-03
1.602212665602564812e-03
1.602259231731295586e-03
1.628424273803830147e-03
1.601987751200795174e-03
1.602277741767466068e-03
1.601772266440093517e-03
1.601618481799960136e-03
1.601499854587018490e-03
1.601388561539351940e-03
1.601277734152972698e-03
1.601165742613375187e-03
1.601053634658455849e-03
1.600940478965640068e-03
1.600826974026858807e-03
1.610688748769462109e-03
1.605147495865821838e-03
1.601806259714066982e-03
1.600697636604309082e-03
1.600369578227400780e-03
1.600254792720079422e-03
1.600146060809493065e-03
1.600039424374699593e-03
1.599932205863296986e-03
1.599824521690607071e-03
1.599716371856629848e-03
1.599607290700078011e-03
1.599497743882238865e-03
1.599387265741825104e-03
1.599319628439843655e-03
1.607534009963274002e-03
1.601884025149047375e-03
1.599142444320023060e-03
1.599012757651507854e-03
1.598838367499411106e-03
1.598719041794538498e-03
1.598614617250859737e-03
1.598510891199111938e-03
1.598406932316720486e-03
1.598302274942398071e-03
1.598197035491466522e-03
1.598091446794569492e-03
1.597985508851706982e-03
1.600749325007200241e-03
1.606714562512934208e-03
1.598061295226216316e-03
1.597983879037201405e-03
1.597550697624683380e-03
1.597428112290799618e-03
1.597327995114028454e-03
1.597226830199360847e-03
1.597125781700015068e-03
1.597024034708738327e-03
1.596921938471496105e-03
1.596819842234253883e-03
1.598584000021219254e-03
1.600084244273602962e-03
1.597709255293011665e-03
1.596944755874574184e-03
1.596383983269333839e-03
1.596290152519941330e-03
1.596188871189951897e-03
1.596091198734939098e-03
1.595993875525891781e-03
1.595896435901522636e-03
1.595798414200544357e-03
1.595699810422956944e-03
1.595639972947537899e-03
1.651526195928454399e-03
1.599813811480998993e-03
1.595527981407940388e-03
1.595410751178860664e-03
1.595187000930309296e-03
1.595094683580100536e-03
1.595001900568604469e-03
1.594909466803073883e-03
1.594816334545612335e-03
1.594723318703472614e-03
1.594629487954080105e-03
1.594535191543400288e-03
1.594605855643749237e-03
1.644909614697098732e-03
1.601172029040753841e-03
1.594489207491278648e-03
1.594233210198581219e-03
1.594080473296344280e-03
1.593980588950216770e-03
1.593893626704812050e-03
1.593807130120694637e-03
1.593720749951899052e-03
1.593634136952459812e-03
1.593547058291733265e-03
1.593459397554397583e-03
1.593371387571096420e-03
1.593308406881988049e-03
1.663842587731778622e-03
1.593223772943019867e-03
1.593752996996045113e-03
1.593050663359463215e-03
1.592913060449063778e-03
1.592830754816532135e-03
1.592746353708207607e-03
1.592663931660354137e-03
1.592580927535891533e-03
1.592497806996107101e-03
1.592414220795035362e-03
1.592473941855132580e-03
1.637737266719341278e-03
1.597840804606676102e-03
1.592526212334632874e-03
1.592107117176055908e-03
1.592005719430744648e-03
1.591916661709547043e-03
1.591838430613279343e-03
1.591761014424264431e-03
1.591683132573962212e-03
1.591604901477694511e-03
1.591526553966104984e-03
1.591447740793228149e-03
1.591368461959064007e-03
1.591311767697334290e-03
1.612306223250925541e-03
1.591657637618482113e-03
1.591282547451555729e-03
1.591123640537261963e-03
1.590991974808275700e-03
1.590911066159605980e-03
1.590836909599602222e-03
1.590764964930713177e-03
1.590692671015858650e-03
1.590620027855038643e-03
1.590547151863574982e-03
1.590473926626145840e-03
1.590400468558073044e-03
1.590327825397253036e-03
1.601082622073590755e-03
1.607602695003151894e-03
1.591500826179981232e-03
1.590251922607421875e-03
1.590025494806468487e-03
1.589949009940028191e-03
1.589877647347748280e-03
1.589807332493364811e-03
1.589737250469624996e-03
1.589666702784597874e-03
1.589596155099570751e-03
1.589525374583899975e-03
1.590316533111035824e-03
1.598471775650978088e-03
1.594187342561781406e-03
1.589703839272260666e-03
1.589328516274690628e-03
1.589188002981245518e-03
1.589118386618793011e-03
1.589053077623248100e-03
1.588988001458346844e-03
1.588922459632158279e-03
1.588856801390647888e-03
1.588790910318493843e-03
1.588724437169730663e-03
1.588657731190323830e-03
1.588591025210916996e-03
1.592118409462273121e-03
1.599650015123188496e-03
1.590386498719453812e-03
1.588600338436663151e-03
1.588319428265094757e-03
1.588256563991308212e-03
1.588194048963487148e-03
1.588131301105022430e-03
1.588068436831235886e-03
1.588005456142127514e-03
1.587942009791731834e-03
1.587878330610692501e-03
1.587816397659480572e-03
1.681303372606635094e-03
1.593212014995515347e-03
1.588435028679668903e-03
1.587667735293507576e-03
1.587577164173126221e-03
1.587514299899339676e-03
1.587451086379587650e-03
1.587391714565455914e-03
1.587332459166646004e-03
1.587272621691226959e-03
1.587212667800486088e-03
1.587152597494423389e-03
1.587091945111751556e-03
1.587031059898436069e-03
1.587071339599788189e-03
1.605630503036081791e-03
1.588243409059941769e-03
1.587468083016574383e-03
1.586857950314879417e-03
1.586740370839834213e-03
1.586671918630599976e-03
1.586613594554364681e-03
1.586556434631347656e-03
1.586498692631721497e-03
1.586440717801451683e-03
1.586382393725216389e-03
1.586323603987693787e-03
1.586343511007726192e-03
1.636748085729777813e-03
1.594670233316719532e-03
1.586573198437690735e-03
1.586125115863978863e-03
1.586055848747491837e-03
1.585996244102716446e-03
1.585939782671630383e-03
1.585885067470371723e-03
1.585830701515078545e-03
1.585775520652532578e-03
1.585720223374664783e-03
1.585664809681475163e-03
1.585608813911676407e-03
1.585552352480590343e-03
1.585496473126113415e-03
1.621581614017486572e-03
1.593097695149481297e-03
1.586700440384447575e-03
1.585570280440151691e-03
1.585292629897594452e-03
1.585229882039129734e-03
1.585176214575767517e-03
1.585123362019658089e-03
1.585070160217583179e-03
1.585017307661473751e-03
1.584963640198111534e-03
1.584909623488783836e-03
1.584855606779456139e-03
1.584800891578197479e-03
1.584894373081624508e-03
1.635190215893089771e-03
1.585558522492647171e-03
1.585119636729359627e-03
1.584636047482490540e-03
1.584563171491026878e-03
1.584505080245435238e-03
1.584453973919153214e-03
1.584403449669480324e-03
1.584352692589163780e-03
1.584301586262881756e-03
1.584250130690634251e-03
1.584198442287743092e-03
1.584146288223564625e-03
1.584094017744064331e-03
1.584041398018598557e-03
1.584062003530561924e-03
1.600657938979566097e-03
1.589788007549941540e-03
1.584487501531839371e-03
1.583915087394416332e-03
1.583783421665430069e-03
1.583727775141596794e-03
1.583676319569349289e-03
1.583625329658389091e-03
1.583574456162750721e-03
1.583522767759859562e-03
1.583471079356968403e-03
1.585652702488005161e-03
1.592336804606020451e-03
1.583390985615551472e-03
1.583473640494048595e-03
1.583291799761354923e-03
1.583226723596453667e-03
1.583170145750045776e-03
1.583119621500372887e-03
1.583069795742630959e-03
1.583019620738923550e-03
1.582968980073928833e-03
1.582917990162968636e-03
1.582871191203594208e-03
1.629047328606247902e-03
1.585609163157641888e-03
1.583095174282789230e-03
1.582760247401893139e-03
1.582692842930555344e-03
1.582617871463298798e-03
1.582568278536200523e-03
1.582518918439745903e-03
1.582469558343291283e-03
1.582419732585549355e-03
1.582369790412485600e-03
1.582332304678857327e-03
1.695010694675147533e-03
1.584601821377873421e-03
1.582361175678670406e-03
1.582272700034081936e-03
1.582134398631751537e-03
1.582081546075642109e-03
1.582032302394509315e-03
1.581983873620629311e-03
1.581935561262071133e-03
1.581887016072869301e-03
1.581838005222380161e-03
1.581788528710603714e-03
1.582043827511370182e-03
1.605573226697742939e-03
1.585713122040033340e-03
1.581978402100503445e-03
1.581639633513987064e-03
1.581549062393605709e-03
1.581495394930243492e-03
1.581447315402328968e-03
1.581399352289736271e-03
1.581350690685212612e-03
1.581302029080688953e-03
1.581264310516417027e-03
1.684484304860234261e-03
1.588187646120786667e-03
1.582289463840425014e-03
1.581137534230947495e-03
1.581092365086078644e-03
1.581022050231695175e-03
1.580972224473953247e-03
1.580924727022647858e-03
1.580877229571342468e-03
1.580829615704715252e-03
1.580781303346157074e-03
1.580733107402920723e-03
1.580853364430367947e-03
1.615853048861026764e-03
1.583351055160164833e-03
1.580729265697300434e-03
1.580592594109475613e-03
1.580509473569691181e-03
1.580462208949029446e-03
1.580415060743689537e-03
1.580368611030280590e-03
1.580322277732193470e-03
1.580275362357497215e-03
1.580228330567479134e-03
1.580180833116173744e-03
1.580133219249546528e-03
1.588467042893171310e-03
1.592003158293664455e-03
1.581399701535701752e-03
1.580425654537975788e-03
1.579988515004515648e-03
1.579930656589567661e-03
1.579880714416503906e-03
1.579835428856313229e-03
1.579790492542088032e-03
1.579745206981897354e-03
1.579699805006384850e-03
1.579654170200228691e-03
1.579608302563428879e-03
1.579561736434698105e-03
1.579514937475323677e-03
1.579467905685305595e-03
1.583583652973175049e-03
1.595056150108575821e-03
1.582744182087481022e-03
1.579380594193935394e-03
1.579366042278707027e-03
1.579271862283349037e-03
1.579221803694963455e-03
1.579176518134772778e-03
1.579131814651191235e-03
1.579086878336966038e-03
1.579042058438062668e-03
1.578996656462550163e-03
1.578951254487037659e-03
1.578905037604272366e-03
1.578860450536012650e-03
1.598044531419873238e-03
1.580612733960151672e-03
1.579082454554736614e-03
1.578801660798490047e-03
1.586673897691071033e-03
1.578792580403387547e-03
1.579694915562868118e-03
1.578642288222908974e-03
1.578522031195461750e-03
1.578457420691847801e-03
1.578409224748611450e-03
1.581319258548319340e-03
1.582574448548257351e-03
1.578427501954138279e-03
1.578336348757147789e-03
1.578232506290078163e-03
1.578175928443670273e-03
1.578128663823008537e-03
1.578083611093461514e-03
1.578038441948592663e-03
1.578002935275435448e-03
1.625296892598271370e-03
1.581169432029128075e-03
1.579029252752661705e-03
1.578029361553490162e-03
1.577836228534579277e-03
1.577772200107574463e-03
1.577724819071590900e-03
1.577680115588009357e-03
1.577635295689105988e-03
1.577590359374880791e-03
1.577547402121126652e-03
1.605203957296907902e-03
1.579547533765435219e-03
1.577591523528099060e-03
1.577528310008347034e-03
1.577408635057508945e-03
1.577334362082183361e-03
1.577287213876843452e-03
1.577242859639227390e-03
1.577198272570967674e-03
1.577153685502707958e-03
1.577110262587666512e-03
1.598255475983023643e-03
1.581433461979031563e-03
1.577018061652779579e-03
1.577085466124117374e-03
1.576917013153433800e-03
1.576928305439651012e-03
1.594790606759488583e-03
1.577588263899087906e-03
1.576820388436317444e-03
1.576774287968873978e-03
1.576695824041962624e-03
1.576645649038255215e-03
1.576600945554673672e-03
1.576557173393666744e-03
1.576513517647981644e-03
1.576830865815281868e-03
1.611415878869593143e-03
1.577381626702845097e-03
1.577010261826217175e-03
1.576394191943109035e-03
1.576303620822727680e-03
1.576256006956100464e-03
1.576211187057197094e-03
1.576167880557477474e-03
1.576124341227114201e-03
1.576080336235463619e-03
1.576035981997847557e-03
1.576464856043457985e-03
1.602932694368064404e-03
1.577646937221288681e-03
1.575932605192065239e-03
1.575888600200414658e-03
1.575844129547476768e-03
1.575793256051838398e-03
1.575750065967440605e-03
1.575707108713686466e-03
1.575663918629288673e-03
1.575620728544890881e-03
1.575577072799205780e-03
1.575597678311169147e-03
1.576746115460991859e-03
1.578894327394664288e-03
1.575427828356623650e-03
1.575417118147015572e-03
1.575346686877310276e-03
1.580730080604553223e-03
1.578183379024267197e-03
1.576170092448592186e-03
1.575245405547320843e-03
1.575190457515418530e-03
1.575118512846529484e-03
1.575075089931488037e-03
1.575031434185802937e-03
1.574988244101405144e-03
1.574968104250729084e-03
1.672489917837083340e-03
1.578012714162468910e-03
1.575039816088974476e-03
1.574937254190444946e-03
1.574789173901081085e-03
1.574743655510246754e-03
1.574699766933917999e-03
1.574657391756772995e-03
1.574614900164306164e-03
1.574572292156517506e-03
1.574529102072119713e-03
1.574485795572400093e-03
1.574443071149289608e-03
1.604672172106802464e-03
1.591072068549692631e-03
1.576848910190165043e-03
1.574488938786089420e-03
1.574311754666268826e-03
1.574253663420677185e-03
1.574205700308084488e-03
1.574163907207548618e-03
1.574121648445725441e-03
1.574079273268580437e-03
1.574036316014826298e-03
1.573993358761072159e-03
1.573977991938591003e-03
1.584579586051404476e-03
1.574864843860268593e-03
1.574099645949900150e-03
1.573820016346871853e-03
1.573775196447968483e-03
1.573879388161003590e-03
1.575665781274437904e-03
1.574365654960274696e-03
1.573950401507318020e-03
1.573629560880362988e-03
1.573553658090531826e-03
1.573501504026353359e-03
1.573458779603242874e-03
1.573416520841419697e-03
1.573999295942485332e-03
1.607994432561099529e-03
1.575081492774188519e-03
1.573372283019125462e-03
1.573272282257676125e-03
1.573203946463763714e-03
1.573162269778549671e-03
1.573118963278830051e-03
1.573076471686363220e-03
1.573033747263252735e-03
1.572990790009498596e-03
1.573658431880176067e-03
1.592833083122968674e-03
1.577117363922297955e-03
1.573537476360797882e-03
1.572857960127294064e-03
1.572799868881702423e-03
1.572748762555420399e-03
1.572706038132309914e-03
1.572663895785808563e-03
1.572621287778019905e-03
1.572578563354909420e-03
1.572552835568785667e-03
1.607050304301083088e-03
1.572606386616826057e-03
1.572992303408682346e-03
1.572398585267364979e-03
1.572347944602370262e-03
1.572335604578256607e-03
1.611753366887569427e-03
1.572767971083521843e-03
1.572863780893385410e-03
1.572200213558971882e-03
1.572137931361794472e-03
1.572098350152373314e-03
1.572055160067975521e-03
1.572013366967439651e-03
1.571971341036260128e-03
1.571929082274436951e-03
1.571886357851326466e-03
1.572785316966474056e-03
1.576100476086139679e-03
1.573368441313505173e-03
1.572161796502768993e-03
1.571803237311542034e-03
1.571689732372760773e-03
1.571646076627075672e-03
1.571604516357183456e-03
1.571562723256647587e-03
1.571520580910146236e-03
1.571478089317679405e-03
1.571435364894568920e-03
1.571392291225492954e-03
1.571531873196363449e-03
1.632625120691955090e-03
1.576689886860549450e-03
1.571422559209167957e-03
1.571252825669944286e-03
1.571188797242939472e-03
1.571140019223093987e-03
1.571096479892730713e-03
1.571053988300263882e-03
1.571320230141282082e-03
1.601944677531719208e-03
1.572449691593647003e-03
1.570973312482237816e-03
1.570912078022956848e-03
1.570843043737113476e-03
1.570799504406750202e-03
1.570756547152996063e-03
1.570714171975851059e-03
1.570671447552740574e-03
1.570628723129630089e-03
1.571335596963763237e-03
1.596775604411959648e-03
1.575192087329924107e-03
1.570635125972330570e-03
1.570532214827835560e-03
1.570424647070467472e-03
1.570381224155426025e-03
1.570338732562959194e-03
1.570296008139848709e-03
1.570253283716738224e-03
1.570210093632340431e-03
1.570166321471333504e-03
1.570123247802257538e-03
1.578788971528410912e-03
1.573156565427780151e-03
1.571461791172623634e-03
1.570003805682063103e-03
1.573532237671315670e-03
1.573011046275496483e-03
1.570650492794811726e-03
1.570117194205522537e-03
1.569788553752005100e-03
1.569745945744216442e-03
1.569703686982393265e-03
1.569659914821386337e-03
1.569624990224838257e-03
1.594399916939437389e-03
1.577268703840672970e-03
1.569650252349674702e-03
1.569594372995197773e-03
1.569444197230041027e-03
1.569399959407746792e-03
1.569353742524981499e-03
1.569310319609940052e-03
1.569266431033611298e-03
1.569222193211317062e-03
1.569375395774841309e-03
1.583189005032181740e-03
1.572643755935132504e-03
1.569799729622900486e-03
1.569082261994481087e-03
1.569007290527224541e-03
1.568963867612183094e-03
1.568919862620532513e-03
1.568875508382916451e-03
1.568831037729978561e-03
1.568786101415753365e-03
1.568740583024919033e-03
1.569206826388835907e-03
1.569365500472486019e-03
1.568855484947562218e-03
1.568606938235461712e-03
1.568570849485695362e-03
1.571283675730228424e-03
1.580313430167734623e-03
1.568952691741287708e-03
1.568638021126389503e-03
1.568383420817553997e-03
1.568302162922918797e-03
1.568261766806244850e-03
1.568892505019903183e-03
1.578251714818179607e-03
1.568329753354191780e-03
1.568227540701627731e-03
1.568107283674180508e-03
1.568026724271476269e-03
1.567973056808114052e-03
1.567927305586636066e-03
1.567881437949836254e-03
1.568073406815528870e-03
1.616188790649175644e-03
1.569879706948995590e-03
1.567901344969868660e-03
1.567769562825560570e-03
1.567668514326214790e-03
1.567618339322507381e-03
1.567572355270385742e-03
1.567526604048907757e-03
1.567480619996786118e-03
1.567434053868055344e-03
1.567387254908680916e-03
1.567339990288019180e-03
1.567356404848396778e-03
1.596928690560162067e-03
1.569056417793035507e-03
1.567319384776055813e-03
1.567183295264840126e-03
1.567128114402294159e-03
1.567069441080093384e-03
1.567021943628787994e-03
1.566975144669413567e-03
1.566928112879395485e-03
1.566880499012768269e-03
1.566832885146141052e-03
1.566784572787582874e-03
1.574217691086232662e-03
1.568820560351014137e-03
1.569543848745524883e-03
1.566826598718762398e-03
1.566602964885532856e-03
1.566545222885906696e-03
1.566497609019279480e-03
1.566449645906686783e-03
1.566401682794094086e-03
1.566353370435535908e-03
1.566312741488218307e-03
1.672907383181154728e-03
1.574920606799423695e-03
1.567196100950241089e-03
1.566196209751069546e-03
1.566119724884629250e-03
1.566066290251910686e-03
1.566017628647387028e-03
1.565969199873507023e-03
1.565920654684305191e-03
1.565871294587850571e-03
1.565821701660752296e-03
1.565771410241723061e-03
1.566612743772566319e-03
1.575214439071714878e-03
1.569724176079034805e-03
1.565937185660004616e-03
1.565651502460241318e-03
1.565549056977033615e-03
1.565496670082211494e-03
1.565448008477687836e-03
1.565398997627198696e-03
1.565349753946065903e-03
1.565300161018967628e-03
1.565249986015260220e-03
1.565199461765587330e-03
1.565148006193339825e-03
1.565096201375126839e-03
1.565065118484199047e-03
1.603067386895418167e-03
1.570007065311074257e-03
1.565276063047349453e-03
1.565044047310948372e-03
1.564848236739635468e-03
1.564788399264216423e-03
1.564737176522612572e-03
1.564686535857617855e-03
1.564635429531335831e-03
1.564586651511490345e-03
1.605291152372956276e-03
1.567006693221628666e-03
1.565446611493825912e-03
1.564547768794000149e-03
1.564405974932014942e-03
1.564327860251069069e-03
1.564274425618350506e-03
1.564223319292068481e-03
1.564171514473855495e-03
1.564119360409677029e-03
1.564066624268889427e-03
1.564085599966347218e-03
1.581656979396939278e-03
1.569904386997222900e-03
1.563939964398741722e-03
1.563991885632276535e-03
1.563815516419708729e-03
1.563753234222531319e-03
1.563699101097881794e-03
1.563646481372416019e-03
1.563593395985662937e-03
1.563539612106978893e-03
1.563485711812973022e-03
1.563461497426033020e-03
1.645857817493379116e-03
1.570594380609691143e-03
1.564627629704773426e-03
1.563398516736924648e-03
1.563221099786460400e-03
1.563169294968247414e-03
1.563113881275057793e-03
1.563060097396373749e-03
1.563006313517689705e-03
1.562951831147074699e-03
1.562896883115172386e-03
1.563033205457031727e-03
1.595647889189422131e-03
1.566204824484884739e-03
1.562952413223683834e-03
1.562678371556103230e-03
1.562616322189569473e-03
1.562551828101277351e-03
1.562496880069375038e-03
1.562526565976440907e-03
1.595898414961993694e-03
1.567879691720008850e-03
1.562913414090871811e-03
1.562327961437404156e-03
1.562217250466346741e-03
1.562151825055480003e-03
1.562094548717141151e-03
1.562038902193307877e-03
1.562027377076447010e-03
1.649133628234267235e-03
1.567814731970429420e-03
1.562107470817863941e-03
1.561879413202404976e-03
1.561757060699164867e-03
1.561698503792285919e-03
1.561641111038625240e-03
1.561584766022861004e-03
1.561528304591774940e-03
1.561471377499401569e-03
1.561420969665050507e-03
1.675442093983292580e-03
1.564401900395750999e-03
1.561325276270508766e-03
1.561261364258825779e-03
1.561205019243061543e-03
1.561143202707171440e-03
1.561084762215614319e-03
1.561028417199850082e-03
1.560971839353442192e-03
1.560914563015103340e-03
1.560857170261442661e-03
1.560952281579375267e-03
1.588257029652595520e-03
1.563110738061368465e-03
1.560691744089126587e-03
1.560634118504822254e-03
1.560547854751348495e-03
1.594133093021810055e-03
1.564902369864284992e-03
1.561115263029932976e-03
1.560491160489618778e-03
1.560294185765087605e-03
1.560232369229197502e-03
1.560174394398927689e-03
1.560116652399301529e-03
1.560058561153709888e-03
1.560134231112897396e-03
1.619064714759588242e-03
1.565385260619223118e-03
1.560509786941111088e-03
1.559922588057816029e-03
1.559786149300634861e-03
1.559730852022767067e-03
1.559673226438462734e-03
1.559616997838020325e-03
1.559560187160968781e-03
1.559503143653273582e-03
1.559445285238325596e-03
1.559386961162090302e-03
1.559328404255211353e-03
1.559269032441079617e-03
1.564526348374783993e-03
1.577383722178637981e-03
1.559837488457560539e-03
1.559462747536599636e-03
1.559105119667947292e-03
1.558993244543671608e-03
1.558929798193275928e-03
1.558872521854937077e-03
1.558815245516598225e-03
1.558757503516972065e-03
1.558699528686702251e-03
1.558640971779823303e-03
1.558581832796335220e-03
1.562647987157106400e-03
1.562908641062676907e-03
1.558903139084577560e-03
1.558662741445004940e-03
1.558387768454849720e-03
1.558286603540182114e-03
1.558227231726050377e-03
1.558169373311102390e-03
1.558111631311476231e-03
1.558061223477125168e-03
1.624376978725194931e-03
1.561537152156233788e-03
1.558849005959928036e-03
1.557943061925470829e-03
1.557828625664114952e-03
1.557754003442823887e-03
1.557695097289979458e-03
1.557637006044387817e-03
1.557578565552830696e-03
1.557520008645951748e-03
1.557579264044761658e-03
1.557789044454693794e-03
1.564983511343598366e-03
1.557540614157915115e-03
1.557400100864470005e-03
1.557233044877648354e-03
1.557169714942574501e-03
1.557110459543764591e-03
1.557052135467529297e-03
1.556993811391294003e-03
1.556934905238449574e-03
1.556875300593674183e-03
1.556816278025507927e-03
1.607415499165654182e-03
1.559145515784621239e-03
1.557355979457497597e-03
1.556792645715177059e-03
1.556699280627071857e-03
1.574769383296370506e-03
1.557496609166264534e-03
1.556766801513731480e-03
1.556358532980084419e-03
1.556300674565136433e-03
1.556351780891418457e-03
1.599168404936790466e-03
1.561125391162931919e-03
1.556116156280040741e-03
1.556058065034449100e-03
1.555994153022766113e-03
1.555930124595761299e-03
1.555907423608005047e-03
1.615566783584654331e-03
1.555821741931140423e-03
1.555780298076570034e-03
1.555697177536785603e-03
1.555642462335526943e-03
1.555567490868270397e-03
1.555506838485598564e-03
1.555449096485972404e-03
1.555392285808920860e-03
1.558153657242655754e-03
1.556478207930922508e-03
1.558223739266395569e-03
1.555254682898521423e-03
1.555196009576320648e-03
1.555104972794651985e-03
1.555043389089405537e-03
1.554986578412353992e-03
1.554929418489336967e-03
1.554871792905032635e-03
1.554815797135233879e-03
1.606735517270863056e-03
1.559901051223278046e-03
1.555474475026130676e-03
1.554756308905780315e-03
1.554568181745707989e-03
1.641630893573164940e-03
1.563512254506349564e-03
1.554462825879454613e-03
1.554441172629594803e-03
1.554329413920640945e-03
1.554270507767796516e-03
1.554215210489928722e-03
1.554160495288670063e-03
1.554105314426124096e-03
1.554049784317612648e-03
1.554029178805649281e-03
1.643142662942409515e-03
1.555109396576881409e-03
1.555112190544605255e-03
1.553827198222279549e-03
1.553776906803250313e-03
1.553716952912509441e-03
1.553662703372538090e-03
1.553607871755957603e-03
1.553553156554698944e-03
1.553498092107474804e-03
1.553442329168319702e-03
1.553390990011394024e-03
1.671967445872724056e-03
1.560702337883412838e-03
1.555222203023731709e-03
1.553293899632990360e-03
1.553187728859484196e-03
1.553129404783248901e-03
1.553074573166668415e-03
1.553021371364593506e-03
1.552968285977840424e-03
1.552914618514478207e-03
1.552860601805150509e-03
1.552806235849857330e-03
1.552756410092115402e-03
1.623626681976020336e-03
1.554973772726953030e-03
1.552830450236797333e-03
1.552590751089155674e-03
1.552532892674207687e-03
1.552465138956904411e-03
1.552411005832254887e-03
1.552363741211593151e-03
1.571926055476069450e-03
1.564496429637074471e-03
1.553456299006938934e-03
1.552403904497623444e-03
1.552131841890513897e-03
1.552077010273933411e-03
1.552023226395249367e-03
1.551969791762530804e-03
1.551916357129812241e-03
1.551997382193803787e-03
1.556283677928149700e-03
1.556889736093580723e-03
1.552312751300632954e-03
1.551753608509898186e-03
1.551667111925780773e-03
1.551601337268948555e-03
1.551547902636229992e-03
1.551495632156729698e-03
1.551443012431263924e-03
1.551390276290476322e-03
1.551336958073079586e-03
1.551419612951576710e-03
1.602247590199112892e-03
1.553674228489398956e-03
1.551883411593735218e-03
1.551182940602302551e-03
1.551060820929706097e-03
1.551009947434067726e-03
1.550956512801349163e-03
1.550906104966998100e-03
1.566124497912824154e-03
1.564069883897900581e-03
1.552302855998277664e-03
1.551014604046940804e-03
1.550711574964225292e-03
1.550647546537220478e-03
1.550593529827892780e-03
1.550542889162898064e-03
1.550491899251937866e-03
1.550440327264368534e-03
1.550388988107442856e-03
1.550498651340603828e-03
1.561956480145454407e-03
1.554303802549839020e-03
1.550660817883908749e-03
1.550266402773559093e-03
1.550147542729973793e-03
1.550083863548934460e-03
1.550031825900077820e-03
1.549981185235083103e-03
1.549930195324122906e-03
1.549879205413162708e-03
1.549827400594949722e-03
1.549781649373471737e-03
1.627554418519139290e-03
1.560336095280945301e-03
1.550283748656511307e-03
1.549731474369764328e-03
1.549597713164985180e-03
1.549521693959832191e-03
1.549468724988400936e-03
1.549418549984693527e-03
1.549368607811629772e-03
1.549322158098220825e-03
1.601264113560318947e-03
1.555556780658662319e-03
1.549513428471982479e-03
1.549378503113985062e-03
1.549140084534883499e-03
1.549071515910327435e-03
1.549019361846148968e-03
1.548970234580338001e-03
1.548920641653239727e-03
1.548870815895497799e-03
1.548820640891790390e-03
1.548771280795335770e-03
1.560447853989899158e-03
1.562343328259885311e-03
1.550041604787111282e-03
1.548805390484631062e-03
1.548607950098812580e-03
1.548528554849326611e-03
1.548475818708539009e-03
1.548426924273371696e-03
1.548377564176917076e-03
1.548328087665140629e-03
1.548278145492076874e-03
1.548227737657725811e-03
1.548198633827269077e-03
1.603664364665746689e-03
1.557514886371791363e-03
1.548849395476281643e-03
1.548060565255582333e-03
1.547978958114981651e-03
1.547918654978275299e-03
1.547868130728602409e-03
1.547820866107940674e-03
1.554003101773560047e-03
1.553939771838486195e-03
1.549707958474755287e-03
1.547923078760504723e-03
1.547616673633456230e-03
1.547564985230565071e-03
1.547512132674455643e-03
1.547462423332035542e-03
1.547412713989615440e-03
1.547363004647195339e-03
1.548466505482792854e-03
1.553330919705331326e-03
1.549351029098033905e-03
1.547365449368953705e-03
1.547249965369701385e-03
1.547123305499553680e-03
