8.783911354839801788e-03
3.620344446972012520e-03
2.722786739468574524e-03
2.310984069481492043e-03
2.130072331055998802e-03
2.047169487923383713e-03
2.000397769734263420e-03
1.974669517949223518e-03
1.956695923581719398e-03
1.943511771969497204e-03
1.933655119501054287e-03
1.925586606375873089e-03
1.918648253194987774e-03
1.912654028274118900e-03
1.907477853819727898e-03
1.902884454466402531e-03
1.898663467727601528e-03
1.894551212899386883e-03
1.890442217700183392e-03
1.886375015601515770e-03
1.882438431493937969e-03
1.878585200756788254e-03
1.874927897006273270e-03
1.871542073786258698e-03
1.868268591351807117e-03
1.864990568719804287e-03
1.861721160821616650e-03
1.858688541688024998e-03
1.856077578850090504e-03
1.853711670264601707e-03
1.851406414061784744e-03
1.849077991209924221e-03
1.846702536568045616e-03
1.844371785409748554e-03
1.842008903622627258e-03
1.839661505073308945e-03
1.837312476709485054e-03
1.834735274314880371e-03
1.831981586292386055e-03
1.829550135880708694e-03
1.827219501137733459e-03
1.824909122660756111e-03
1.822636695578694344e-03
1.820383011363446712e-03
1.818090211600065231e-03
1.815413823351264000e-03
1.812233473174273968e-03
1.809330307878553867e-03
1.806620392017066479e-03
1.804017927497625351e-03
1.801428035832941532e-03
1.798955840058624744e-03
1.796672586351633072e-03
1.794451265595853329e-03
1.792281866073608398e-03
1.790142385289072990e-03
1.788047375157475471e-03
1.785993110388517380e-03
1.783961663022637367e-03
1.781994360499083996e-03
1.780074788257479668e-03
1.778217498213052750e-03
1.776412012986838818e-03
1.774666365236043930e-03
1.772966003045439720e-03
1.771303941495716572e-03
1.769669819623231888e-03
1.768047688528895378e-03
1.766437897458672523e-03
1.764833228662610054e-03
1.763229374773800373e-03
1.761633437126874924e-03
1.760027837008237839e-03
1.758449478074908257e-03
1.756858429871499538e-03
1.755267148837447166e-03
1.753682852722704411e-03
1.752112293615937233e-03
1.750535215251147747e-03
1.749000861309468746e-03
1.747407717630267143e-03
1.745786867104470730e-03
1.744144014082849026e-03
1.742497202940285206e-03
1.740839099511504173e-03
1.739124301820993423e-03
1.737421029247343540e-03
1.735747442580759525e-03
1.734117278829216957e-03
1.733070705085992813e-03
1.730204909108579159e-03
1.728744129650294781e-03
1.727094990201294422e-03
1.725507667288184166e-03
1.724023371934890747e-03
1.722513930872082710e-03
1.721017761155962944e-03
1.719523221254348755e-03
1.717831706628203392e-03
1.716173137538135052e-03
1.714647631160914898e-03
1.713197445496916771e-03
1.711727119982242584e-03
1.710225245915353298e-03
1.708757947199046612e-03
1.707324991002678871e-03
1.705847564153373241e-03
1.704500755295157433e-03
1.702890964224934578e-03
1.701432745903730392e-03
1.699906541034579277e-03
1.698373584076762199e-03
1.696898601949214935e-03
1.695185084827244282e-03
1.693275640718638897e-03
1.691443263553082943e-03
1.690339413471519947e-03
1.688426709733903408e-03
1.686976058408617973e-03
1.685483148321509361e-03
1.684011076577007771e-03
1.682531321421265602e-03
1.681015710346400738e-03
1.679631765000522137e-03
1.678394270129501820e-03
1.676691579632461071e-03
1.675364444963634014e-03
1.674059778451919556e-03
1.672535901889204979e-03
1.671394682489335537e-03
1.670297933742403984e-03
1.668722834438085556e-03
1.667443779297173023e-03
1.666296389885246754e-03
1.664948184043169022e-03
1.664254115894436836e-03
1.662548398599028587e-03
1.661524875089526176e-03
1.660260022617876530e-03
1.658937428146600723e-03
1.657900749705731869e-03
1.656863722018897533e-03
1.655989559367299080e-03
1.654641469940543175e-03
1.653140061534941196e-03
1.651970087550580502e-03
1.651568571105599403e-03
1.649746089242398739e-03
1.649092067964375019e-03
1.647868659347295761e-03
1.646460732445120811e-03
1.646275050006806850e-03
1.644711242988705635e-03
1.643216470256447792e-03
1.642056624405086040e-03
1.641101087443530560e-03
1.641202485188841820e-03
1.639136811718344688e-03
1.637727837078273296e-03
1.637457287870347500e-03
1.635618973523378372e-03
1.634824322536587715e-03
1.633534906432032585e-03
1.632592407986521721e-03
1.631662365980446339e-03
1.630838378332555294e-03
1.629819045774638653e-03
1.629391103051602840e-03
1.627561519853770733e-03
1.627205754630267620e-03
1.625814824365079403e-03
1.624666387215256691e-03
1.623687683604657650e-03
1.624002819880843163e-03
1.622256240807473660e-03
1.622644369490444660e-03
1.619923394173383713e-03
1.619266113266348839e-03
1.619942835532128811e-03
1.616963883861899376e-03
1.616467605344951153e-03
1.616186811588704586e-03
1.615514745935797691e-03
1.614769105799496174e-03
1.613103784620761871e-03
1.613155938684940338e-03
1.610375591553747654e-03
1.609488972462713718e-03
1.608539139851927757e-03
1.608129125088453293e-03
1.606708625331521034e-03
1.605826546438038349e-03
1.606190111488103867e-03
1.604407094419002533e-03
1.603159704245626926e-03
1.602297183126211166e-03
1.602185075171291828e-03
1.602416159585118294e-03
1.601755502633750439e-03
1.599543495103716850e-03
1.596684451214969158e-03
1.596646499820053577e-03
1.594555214978754520e-03
1.593569759279489517e-03
1.592792687006294727e-03
1.592955319210886955e-03
1.593501074239611626e-03
1.592218759469687939e-03
1.593079650774598122e-03
1.589585095643997192e-03
1.588010578416287899e-03
1.587430946528911591e-03
1.586447004228830338e-03
1.586275058798491955e-03
1.585561549291014671e-03
1.586094731464982033e-03
1.585876685567200184e-03
1.585660153068602085e-03
1.584046869538724422e-03
1.584541634656488895e-03
1.582602504640817642e-03
1.579622621648013592e-03
1.580150332301855087e-03
1.579242292791604996e-03
1.577600021846592426e-03
1.576028997078537941e-03
1.575275906361639500e-03
1.574436668306589127e-03
1.574203255586326122e-03
1.574377645738422871e-03
1.575303962454199791e-03
1.575532834976911545e-03
1.574530615471303463e-03
1.574466004967689514e-03
1.573863090015947819e-03
1.572204753756523132e-03
1.569651649333536625e-03
1.570551423355937004e-03
1.569062005728483200e-03
1.568489940837025642e-03
1.570596825331449509e-03
1.569232088513672352e-03
1.565365935675799847e-03
1.568594132550060749e-03
1.566175953485071659e-03
1.565625658258795738e-03
1.563987811096012592e-03
1.562235178425908089e-03
1.560660079121589661e-03
1.559422351419925690e-03
1.558545860461890697e-03
1.557893468998372555e-03
1.557749463245272636e-03
1.556642353534698486e-03
1.560861594043672085e-03
1.555335242301225662e-03
1.554606598801910877e-03
1.564614707604050636e-03
1.556044560857117176e-03
1.553689595311880112e-03
1.552745816297829151e-03
1.553456764668226242e-03
1.551425317302346230e-03
1.550114830024540424e-03
1.549540669657289982e-03
1.548843341879546642e-03
1.550676650367677212e-03
1.548176864162087440e-03
1.552804489620029926e-03
1.551256864331662655e-03
1.549672102555632591e-03
1.546172890812158585e-03
1.544397673569619656e-03
1.544476835988461971e-03
1.544476835988461971e-03
1.547141466289758682e-03
1.546938205137848854e-03
1.544980797916650772e-03
1.544404425658285618e-03
1.542154466733336449e-03
1.541545614600181580e-03
1.542035839520394802e-03
1.541095436550676823e-03
1.537873176857829094e-03
1.537111820653080940e-03
1.537958043627440929e-03
1.537070958875119686e-03
1.544624101370573044e-03
1.537962816655635834e-03
1.533968839794397354e-03
1.535236369818449020e-03
1.540243974886834621e-03
1.534167211502790451e-03
1.536311930976808071e-03
1.536521129310131073e-03
1.536193420179188251e-03
1.534112147055566311e-03
1.533891074359416962e-03
1.531113055534660816e-03
1.529385568574070930e-03
1.527553657069802284e-03
1.543618505820631981e-03
1.527139218524098396e-03
1.526575419120490551e-03
1.525935018435120583e-03
1.529461704194545746e-03
1.529186847619712353e-03
1.523997052572667599e-03
1.526232925243675709e-03
1.522146281786262989e-03
1.522783190011978149e-03
1.521213911473751068e-03
1.521100755780935287e-03
1.519756857305765152e-03
1.520075136795639992e-03
1.519110053777694702e-03
1.518571865744888783e-03
1.532516325823962688e-03
1.516885473392903805e-03
1.516138087026774883e-03
1.517088734544813633e-03
1.525204977951943874e-03
1.517963130027055740e-03
1.519301324151456356e-03
1.517331693321466446e-03
1.516121090389788151e-03
1.513895229436457157e-03
1.511772512458264828e-03
1.510974485427141190e-03
1.516502583399415016e-03
1.515886746346950531e-03
1.515829819254577160e-03
1.510994392447173595e-03
1.507939072325825691e-03
1.514256466180086136e-03
1.507216598838567734e-03
1.508029294200241566e-03
1.513711176812648773e-03
1.508928020484745502e-03
1.504965941421687603e-03
1.503882114775478840e-03
1.505514723248779774e-03
1.512485323473811150e-03
1.508047454990446568e-03
1.502730650827288628e-03
1.501392223872244358e-03
1.500361016951501369e-03
1.515118521638214588e-03
1.500372425653040409e-03
1.499176956713199615e-03
1.499148667789995670e-03
1.506587723270058632e-03
1.497227232903242111e-03
1.495396369136869907e-03
1.498364261351525784e-03
1.493430114351212978e-03
1.491975970566272736e-03
1.491692150011658669e-03
1.495724194683134556e-03
1.498665427789092064e-03
1.493994263000786304e-03
1.489510061219334602e-03
1.488681999035179615e-03
1.490611815825104713e-03
1.493886811658740044e-03
1.493403222411870956e-03
1.489545451477169991e-03
1.486292923800647259e-03
1.485495478846132755e-03
1.485293149016797543e-03
1.494709867984056473e-03
1.490038004703819752e-03
1.486846711486577988e-03
1.482887542806565762e-03
1.483179978094995022e-03
1.488214125856757164e-03
1.484859501942992210e-03
1.481404295191168785e-03
1.480233971960842609e-03
1.485303277149796486e-03
1.483327709138393402e-03
1.485140412114560604e-03
1.482917577959597111e-03
1.480503007769584656e-03
1.477627316489815712e-03
1.477260957472026348e-03
1.481768209487199783e-03
1.483048545196652412e-03
1.477568875998258591e-03
1.476921723224222660e-03
1.477347686886787415e-03
1.474899472668766975e-03
1.474108896218240261e-03
1.474393182434141636e-03
1.482096500694751740e-03
1.478483551181852818e-03
1.480503473430871964e-03
1.478213816881179810e-03
1.474313321523368359e-03
1.470896531827747822e-03
1.471566967666149139e-03
1.470817718654870987e-03
1.481936196796596050e-03
1.474976073950529099e-03
1.472687348723411560e-03
1.470265793614089489e-03
1.468217582441866398e-03
1.468421774916350842e-03
1.469530980102717876e-03
1.468876609578728676e-03
1.473989221267402172e-03
1.466300571337342262e-03
1.468138652853667736e-03
1.469812472350895405e-03
1.467354595661163330e-03
1.464513014070689678e-03
1.464349683374166489e-03
1.466400921344757080e-03
1.469899667426943779e-03
1.467244117520749569e-03
1.464299624785780907e-03
1.462201122194528580e-03
1.461173524148762226e-03
1.464377273805439472e-03
1.470266957767307758e-03
1.464843517169356346e-03
1.460942556150257587e-03
1.459632301703095436e-03
1.459095161408185959e-03
1.469630282372236252e-03
1.465939451009035110e-03
1.466023502871394157e-03
1.462152577005326748e-03
1.458280719816684723e-03
1.456783735193312168e-03
1.459407620131969452e-03
1.464467728510499001e-03
1.463254913687705994e-03
1.457778271287679672e-03
1.454909564927220345e-03
1.459876075387001038e-03
1.458509359508752823e-03
1.460560830309987068e-03
1.453911187127232552e-03
1.453573233447968960e-03
1.456885831430554390e-03
1.452896511182188988e-03
1.453506294637918472e-03
1.455758349038660526e-03
1.452117576263844967e-03
1.453209784813225269e-03
1.453671371564269066e-03
1.453674398362636566e-03
1.452672993764281273e-03
1.451528281904757023e-03
1.461670501157641411e-03
1.455622841604053974e-03
1.449271338060498238e-03
1.450363430194556713e-03
1.448402996174991131e-03
1.456413185223937035e-03
1.448112423531711102e-03
1.447619637474417686e-03
1.447497284971177578e-03
1.449071220122277737e-03
1.456671743653714657e-03
1.449051545932888985e-03
1.445634989067912102e-03
1.460292725823819637e-03
1.449910341762006283e-03
1.448686583898961544e-03
1.446584123186767101e-03
1.444138353690505028e-03
1.449839794076979160e-03
1.450425363145768642e-03
1.444067806005477905e-03
1.442860928364098072e-03
1.444445806555449963e-03
1.442400738596916199e-03
1.461774925701320171e-03
1.443886780180037022e-03
1.443425193428993225e-03
1.444934634491801262e-03
1.445837784558534622e-03
1.444534631446003914e-03
1.440171035937964916e-03
1.450867159292101860e-03
1.439776038751006126e-03
1.439345534890890121e-03
1.452504075132310390e-03
1.446380512788891792e-03
1.440140069462358952e-03
1.444566296413540840e-03
1.438251696527004242e-03
1.440378371626138687e-03
1.443100860342383385e-03
1.437239116057753563e-03
1.442209817469120026e-03
1.440804102458059788e-03
1.439158804714679718e-03
1.436900580301880836e-03
1.436119666323065758e-03
1.437221420928835869e-03
1.435046549886465073e-03
1.450653071515262127e-03
1.438814681023359299e-03
1.435645972378551960e-03
1.434634323231875896e-03
1.436507795006036758e-03
1.442584907636046410e-03
1.439476152881979942e-03
1.436576014384627342e-03
1.432626508176326752e-03
1.454870332963764668e-03
1.434113364666700363e-03
1.432051765732467175e-03
1.433857483789324760e-03
1.436992082744836807e-03
1.440049847587943077e-03
1.431711367331445217e-03
1.434463891200721264e-03
1.431825570762157440e-03
1.430513104423880577e-03
1.430315780453383923e-03
1.430119154974818230e-03
1.438403502106666565e-03
1.438416074961423874e-03
1.428668154403567314e-03
1.430181670002639294e-03
1.436704187653958797e-03
1.431726501323282719e-03
1.428724848665297031e-03
1.429075608029961586e-03
1.438756473362445831e-03
1.431523822247982025e-03
1.426690258085727692e-03
1.443902147002518177e-03
1.428664661943912506e-03
1.429363270290195942e-03
1.428728806786239147e-03
1.425812020897865295e-03
1.425161026418209076e-03
1.433715457096695900e-03
1.431904151104390621e-03
1.425628084689378738e-03
1.425772439688444138e-03
1.435850514099001884e-03
1.433259458281099796e-03
1.426890376023948193e-03
1.424397574737668037e-03
1.423032954335212708e-03
1.424487796612083912e-03
1.422480680048465729e-03
1.439592684619128704e-03
1.426864531822502613e-03
1.422301167622208595e-03
1.421963446773588657e-03
1.437896746210753918e-03
1.426742179319262505e-03
1.427018316462635994e-03
1.420528045855462551e-03
1.434088917449116707e-03
1.423662877641618252e-03
1.428619143553078175e-03
1.420709188096225262e-03
1.420549117028713226e-03
1.421304652467370033e-03
1.430340926162898540e-03
1.426849165000021458e-03
1.422141445800662041e-03
1.418352127075195312e-03
1.419314765371382236e-03
1.435343292541801929e-03
1.421051914803683758e-03
1.417430350556969643e-03
1.420752261765301228e-03
1.418108935467898846e-03
1.423917943611741066e-03
1.425360795110464096e-03
1.424608984962105751e-03
1.417419058270752430e-03
1.415739068761467934e-03
1.416093553416430950e-03
1.428156043402850628e-03
1.423168694600462914e-03
1.418407657183706760e-03
1.414577243849635124e-03
1.422169036231935024e-03
1.422142959199845791e-03
1.423662062734365463e-03
1.417819410562515259e-03
1.414162805303931236e-03
1.413235324434936047e-03
1.419986132532358170e-03
1.420883578248322010e-03
1.418354571796953678e-03
1.413594349287450314e-03
1.414039172232151031e-03
1.422852627001702785e-03
1.422557746991515160e-03
1.414339058101177216e-03
1.411272794939577579e-03
1.425472088158130646e-03
1.414301805198192596e-03
1.413694815710186958e-03
1.410901430062949657e-03
1.423324225470423698e-03
1.413326943293213844e-03
1.417067134752869606e-03
1.411352423019707203e-03
1.409509102813899517e-03
1.411058823578059673e-03
1.409190241247415543e-03
1.428064540959894657e-03
1.416242914274334908e-03
1.409403746947646141e-03
1.415355247445404530e-03
1.409560791216790676e-03
1.407737727276980877e-03
1.414961880072951317e-03
1.416467595845460892e-03
1.411676988936960697e-03
1.408247975632548332e-03
1.408362295478582382e-03
1.418080646544694901e-03
1.411697710864245892e-03
1.406132127158343792e-03
1.416692743077874184e-03
1.414980273693799973e-03
1.409262884408235550e-03
1.405326183885335922e-03
1.406161347404122353e-03
1.416661427356302738e-03
1.407680800184607506e-03
1.405878807418048382e-03
1.418437343090772629e-03
1.410578959621489048e-03
1.404558541253209114e-03
1.409510965459048748e-03
1.411448116414248943e-03
1.403460628353059292e-03
1.422266592271625996e-03
1.407470670528709888e-03
1.404396840371191502e-03
1.403886592015624046e-03
1.402812311425805092e-03
1.402641646564006805e-03
1.404465874657034874e-03
1.411547185853123665e-03
1.410675817169249058e-03
1.404703478328883648e-03
1.405912335030734539e-03
1.401203800924122334e-03
1.410663127899169922e-03
1.404693233780562878e-03
1.400803332217037678e-03
1.404101727530360222e-03
1.400946406647562981e-03
1.400095177814364433e-03
1.403376576490700245e-03
1.399972708895802498e-03
1.400538836605846882e-03
1.399287139065563679e-03
1.401766669005155563e-03
1.398907392285764217e-03
1.434973673895001411e-03
1.399492146447300911e-03
1.400404958985745907e-03
1.399439759552478790e-03
1.403902540914714336e-03
1.404964365065097809e-03
1.399168861098587513e-03
1.397915068082511425e-03
1.398499007336795330e-03
1.397486659698188305e-03
1.416466315276920795e-03
1.402489957399666309e-03
1.398298423737287521e-03
1.396058825775980949e-03
1.395729253999888897e-03
1.406483934260904789e-03
1.396128092892467976e-03
1.403129310347139835e-03
1.395755913108587265e-03
1.404442125931382179e-03
1.395099679939448833e-03
1.405186951160430908e-03
1.398319378495216370e-03
1.401644665747880936e-03
1.395700615830719471e-03
1.394007238559424877e-03
1.400128938257694244e-03
1.407520030625164509e-03
1.393331447616219521e-03
1.393084996379911900e-03
1.405185321345925331e-03
1.401285291649401188e-03
1.396887702867388725e-03
1.393637270666658878e-03
1.403952133841812611e-03
1.392105245031416416e-03
1.394586870446801186e-03
1.397743239067494869e-03
1.399190980009734631e-03
1.395092578604817390e-03
1.394673134200274944e-03
1.391151337884366512e-03
1.395708182826638222e-03
1.399336149916052818e-03
1.396530773490667343e-03
1.393017242662608624e-03
1.391977886669337749e-03
1.399754546582698822e-03
1.401774701662361622e-03
1.390752848237752914e-03
1.395594794303178787e-03
1.389821176417171955e-03
1.398670021444559097e-03
1.390187069773674011e-03
1.388818840496242046e-03
1.401981106027960777e-03
1.398151158355176449e-03
1.388952368870377541e-03
1.391792087815701962e-03
1.388652250170707703e-03
1.399396103806793690e-03
1.391452387906610966e-03
1.387679832987487316e-03
1.387444790452718735e-03
1.403419068083167076e-03
1.396257779560983181e-03
1.387371565215289593e-03
1.391094061546027660e-03
1.388143165968358517e-03
1.397888641804456711e-03
1.389064243994653225e-03
1.386051299050450325e-03
1.401460962370038033e-03
1.395054627209901810e-03
1.386257121339440346e-03
1.387590193189680576e-03
1.385129173286259174e-03
1.390873920172452927e-03
1.385430106893181801e-03
1.386393327265977859e-03
1.389267737977206707e-03
1.387253636494278908e-03
1.387304742820560932e-03
1.398833235725760460e-03
1.389495795592665672e-03
1.383936149068176746e-03
1.389841665513813496e-03
1.394544378854334354e-03
1.392760197632014751e-03
1.385429757647216320e-03
1.382919261232018471e-03
1.397061743773519993e-03
1.393942744471132755e-03
1.389743061736226082e-03
1.382494345307350159e-03
1.388225704431533813e-03
1.395568018779158592e-03
1.386344898492097855e-03
1.381608890369534492e-03
1.389841432683169842e-03
1.392893376760184765e-03
1.383061171509325504e-03
1.381413778290152550e-03
1.381149864755570889e-03
1.396230654790997505e-03
1.390059012919664383e-03
1.382144168019294739e-03
1.381256035529077053e-03
1.387612312100827694e-03
1.388338161632418633e-03
1.382235088385641575e-03
1.379606546834111214e-03
1.399411237798631191e-03
1.388968667015433311e-03
1.381164533086121082e-03
1.380180823616683483e-03
1.385997980833053589e-03
1.385162584483623505e-03
1.380467321723699570e-03
1.378564978949725628e-03
1.386032789014279842e-03
1.389523036777973175e-03
1.380442990921437740e-03
1.377986511215567589e-03
1.390327117405831814e-03
1.386462477967143059e-03
1.377487904392182827e-03
1.393641578033566475e-03
1.383401802740991116e-03
1.384828239679336548e-03
1.376790343783795834e-03
1.389044919051229954e-03
1.384220784530043602e-03
1.380589092150330544e-03
1.376176136545836926e-03
1.377110485918819904e-03
1.390892197377979755e-03
1.382910879328846931e-03
1.376861357130110264e-03
1.379287452436983585e-03
1.386187737807631493e-03
1.377632841467857361e-03
1.375861000269651413e-03
1.374999643303453922e-03
1.387031399644911289e-03
1.376350293867290020e-03
1.376512343995273113e-03
1.378668705001473427e-03
1.385713578201830387e-03
1.376752159558236599e-03
1.374196261167526245e-03
1.396766398102045059e-03
1.383246621116995811e-03
1.378256827592849731e-03
1.373795443214476109e-03
1.386852934956550598e-03
1.378527260385453701e-03
1.376299769617617130e-03
1.372643280774354935e-03
1.412307610735297203e-03
1.372430007904767990e-03
1.375111402012407780e-03
1.373667502775788307e-03
1.377778477035462856e-03
1.382167451083660126e-03
1.382004120387136936e-03
1.376895117573440075e-03
1.371701364405453205e-03
1.393494429066777229e-03
1.371685066260397434e-03
1.370927202515304089e-03
1.390286954119801521e-03
1.382109127007424831e-03
1.376087777316570282e-03
1.370359328575432301e-03
1.386720687150955200e-03
1.375651569105684757e-03
1.380601897835731506e-03
1.372375409118831158e-03
1.369994482956826687e-03
1.384633127599954605e-03
1.379516907036304474e-03
1.370325218886137009e-03
1.370794023387134075e-03
1.368851517327129841e-03
1.375969848595559597e-03
1.369706937111914158e-03
1.369468867778778076e-03
1.372935483232140541e-03
1.371114514768123627e-03
1.369108445942401886e-03
1.388106145896017551e-03
1.373956794850528240e-03
1.368379686027765274e-03
1.366372220218181610e-03
1.391488476656377316e-03
1.374367857351899147e-03
1.372648868709802628e-03
1.365320989862084389e-03
1.394034014083445072e-03
1.371734077110886574e-03
1.365931821055710316e-03
1.366385258734226227e-03
1.364587573334574699e-03
1.368847093544900417e-03
1.365293515846133232e-03
1.368060125969350338e-03
1.378891174681484699e-03
1.373002305626869202e-03
1.364702358841896057e-03
1.363418065011501312e-03
1.368322758935391903e-03
1.376995467580854893e-03
1.367716700769960880e-03
1.362345414236187935e-03
1.379243098199367523e-03
1.374578103423118591e-03
1.371569698676466942e-03
1.363574410788714886e-03
1.361714559607207775e-03
1.365189906209707260e-03
1.376678002998232841e-03
1.367155811749398708e-03
1.361251226626336575e-03
1.365114934742450714e-03
1.373987994156777859e-03
1.367188990116119385e-03
1.362073817290365696e-03
1.360210124403238297e-03
1.375213731080293655e-03
1.370219630189239979e-03
1.360357971861958504e-03
1.369037432596087456e-03
1.361900474876165390e-03
1.370885991491377354e-03
1.359947840683162212e-03
1.368816709145903587e-03
1.358866691589355469e-03
1.361705362796783447e-03
1.361717353574931622e-03
1.365708652883768082e-03
1.360399997793138027e-03
1.359741552732884884e-03
1.362818409688770771e-03
1.361217815428972244e-03
1.361563685350120068e-03
1.357562607154250145e-03
1.373273669742047787e-03
1.367292017675936222e-03
1.360133406706154346e-03
1.359233516268432140e-03
1.359482761472463608e-03
1.366509357467293739e-03
1.366559998132288456e-03
1.359698711894452572e-03
1.356310094706714153e-03
1.356324646621942520e-03
1.368807977996766567e-03
1.360251917503774166e-03
1.355702057480812073e-03
1.356962602585554123e-03
1.372763654217123985e-03
1.362084527499973774e-03
1.355147571302950382e-03
1.377279870212078094e-03
1.361046801321208477e-03
1.360402093268930912e-03
1.354197273030877113e-03
1.356243388727307320e-03
1.368530793115496635e-03
1.363387797027826309e-03
1.357598695904016495e-03
1.353243598714470863e-03
1.397500745952129364e-03
1.355746178887784481e-03
1.352295977994799614e-03
1.352926832623779774e-03
1.355827553197741508e-03
1.365500735118985176e-03
1.353696687147021294e-03
1.353881787508726120e-03
1.354635227471590042e-03
1.358545152470469475e-03
1.355358050204813480e-03
1.353366416878998280e-03
1.351491431705653667e-03
1.373672625049948692e-03
1.359641086310148239e-03
1.351692713797092438e-03
1.350560109131038189e-03
1.348939258605241776e-03
1.351460348814725876e-03
1.348580233752727509e-03
1.379812136292457581e-03
1.353284111246466637e-03
1.347820041701197624e-03
1.358806854113936424e-03
1.347601879388093948e-03
1.367645221762359142e-03
1.352675142697989941e-03
1.355744665488600731e-03
1.347235869616270065e-03
1.350225182250142097e-03
1.350801670923829079e-03
1.354761887341737747e-03
1.348088611848652363e-03
1.348163234069943428e-03
1.349510857835412025e-03
1.348199439235031605e-03
1.350594218820333481e-03
1.349329482764005661e-03
1.348699210211634636e-03
1.346617704257369041e-03
1.350635546259582043e-03
1.344328862614929676e-03
1.345705240964889526e-03
1.345002208836376667e-03
1.367296907119452953e-03
1.349404803477227688e-03
1.351388520561158657e-03
1.343451673164963722e-03
1.350348000414669514e-03
1.347451005131006241e-03
1.345179975032806396e-03
1.347091747447848320e-03
1.342514995485544205e-03
1.381988520734012127e-03
1.342308591119945049e-03
1.345340162515640259e-03
1.345694880001246929e-03
1.345458789728581905e-03
1.349844271317124367e-03
1.345800934359431267e-03
1.353679923340678215e-03
1.343867974355816841e-03
1.341599388979375362e-03
1.363562187179923058e-03
1.351402606815099716e-03
1.344995107501745224e-03
1.341294031590223312e-03
1.363229006528854370e-03
1.350283157080411911e-03
1.342155854217708111e-03
1.343447598628699780e-03
1.353100175037980080e-03
1.344897784292697906e-03
1.339304842986166477e-03
1.341808820143342018e-03
1.355663640424609184e-03
1.344965538010001183e-03
1.339043839834630489e-03
1.355515443719923496e-03
1.350057893432676792e-03
1.339106704108417034e-03
1.351093640550971031e-03
1.339208101853728294e-03
1.346694538369774818e-03
1.338564208708703518e-03
1.385189360007643700e-03
1.338996808044612408e-03
1.340416725724935532e-03
1.337234047241508961e-03
1.378209795802831650e-03
1.337802037596702576e-03
1.337998197413980961e-03
1.337046036496758461e-03
1.349794445559382439e-03
1.352826948277652264e-03
1.336108078248798847e-03
1.336335903033614159e-03
1.336286542937159538e-03
1.336040790192782879e-03
1.336099579930305481e-03
1.337127294391393661e-03
1.335182925686240196e-03
1.357299159280955791e-03
1.347088837064802647e-03
1.337038353085517883e-03
1.339498907327651978e-03
1.335298176854848862e-03
1.334678614512085915e-03
1.343736774288117886e-03
1.341511262580752373e-03
1.337042776867747307e-03
1.334618660621345043e-03
1.341226976364850998e-03
1.343726529739797115e-03
1.337486784905195236e-03
1.333683147095143795e-03
1.342253293842077255e-03
1.348893158137798309e-03
1.337440218776464462e-03
1.333151361905038357e-03
1.351317740045487881e-03
1.340183429419994354e-03
1.332220388576388359e-03
1.354370615445077419e-03
1.343202893622219563e-03
1.335016335360705853e-03
1.332442509010434151e-03
1.333542517386376858e-03
1.348928315564990044e-03
1.338379341177642345e-03
1.331237610429525375e-03
1.355269108898937702e-03
1.342173898592591286e-03
1.338161411695182323e-03
1.330562168732285500e-03
1.347476965747773647e-03
1.342496601864695549e-03
1.331034814938902855e-03
1.346801291219890118e-03
1.336006564088165760e-03
1.335492474026978016e-03
1.330283936113119125e-03
1.329473685473203659e-03
1.350980019196867943e-03
1.338607515208423138e-03
1.329162158071994781e-03
1.364737632684409618e-03
1.330831320956349373e-03
1.332645420916378498e-03
1.331810140982270241e-03
1.328510232269763947e-03
1.331981737166643143e-03
1.328348880633711815e-03
1.339598093181848526e-03
1.347243087366223335e-03
1.330052153207361698e-03
1.328741200268268585e-03
1.337257679551839828e-03
1.327335718087852001e-03
1.356651308014988899e-03
1.335446722805500031e-03
1.331481849774718285e-03
1.327567850239574909e-03
1.336599816568195820e-03
1.331479870714247227e-03
1.327268430031836033e-03
1.328098587691783905e-03
1.329897670075297356e-03
1.344263437204062939e-03
1.334982109256088734e-03
1.326799741946160793e-03
1.344350748695433140e-03
1.337201683782041073e-03
1.326693687587976456e-03
1.336536137387156487e-03
1.325174816884100437e-03
1.335083274170756340e-03
1.325931749306619167e-03
1.367210410535335541e-03
1.326178084127604961e-03
1.326717087067663670e-03
1.330365310423076153e-03
1.330304890871047974e-03
1.342236879281699657e-03
1.329809660091996193e-03
1.324043027125298977e-03
1.349175814539194107e-03
1.335904817096889019e-03
1.326266676187515259e-03
1.330672763288021088e-03
1.323708333075046539e-03
1.324731856584548950e-03
1.325599965639412403e-03
1.329860999248921871e-03
1.323913456872105598e-03
1.322488533332943916e-03
1.335109700448811054e-03
1.322939293459057808e-03
1.336637418717145920e-03
1.334037980996072292e-03
1.323961303569376469e-03
1.324579585343599319e-03
1.321812160313129425e-03
1.327144447714090347e-03
1.330969040282070637e-03
1.324222539551556110e-03
1.321451622061431408e-03
1.336829154752194881e-03
1.325119053944945335e-03
1.320812152698636055e-03
1.321873627603054047e-03
1.332032494246959686e-03
1.330743427388370037e-03
1.325553865171968937e-03
1.321129151619970798e-03
1.359058194793760777e-03
1.324075972661375999e-03
1.319772680290043354e-03
1.330712577328085899e-03
1.319454400800168514e-03
1.361568574793636799e-03
1.322161639109253883e-03
1.319337286986410618e-03
1.333942986093461514e-03
1.320961513556540012e-03
1.321904361248016357e-03
1.337005174718797207e-03
1.324962358921766281e-03
1.318320864811539650e-03
1.343497075140476227e-03
1.329335267655551434e-03
1.324037206359207630e-03
1.317808055318892002e-03
1.323125092312693596e-03
1.328243175521492958e-03
1.327347126789391041e-03
1.321867574006319046e-03
1.320787006989121437e-03
1.334167551249265671e-03
1.330039929598569870e-03
1.317677320912480354e-03
1.327392295934259892e-03
1.317395013757050037e-03
1.328745740465819836e-03
1.316369627602398396e-03
1.343651092611253262e-03
1.322082593105733395e-03
1.324645592831075191e-03
1.315824338234961033e-03
1.336442190222442150e-03
1.324045122601091862e-03
1.315505243837833405e-03
1.346566015854477882e-03
1.325761899352073669e-03
1.320752897299826145e-03
1.322126598097383976e-03
1.317761023528873920e-03
1.331657404080033302e-03
1.325193792581558228e-03
1.318519120104610920e-03
1.318688387982547283e-03
1.334664877504110336e-03
1.322941039688885212e-03
1.314058317802846432e-03
1.344951451756060123e-03
1.318850438110530376e-03
1.322847325354814529e-03
1.313876360654830933e-03
1.335271750576794147e-03
1.327507896348834038e-03
1.318906783126294613e-03
1.313672983087599277e-03
1.353748491965234280e-03
1.312641892582178116e-03
1.312667969614267349e-03
1.326859579421579838e-03
1.318337162956595421e-03
1.312063075602054596e-03
1.343442476354539394e-03
1.323738135397434235e-03
1.317813294008374214e-03
1.315612229518592358e-03
1.333451597020030022e-03
1.317936810664832592e-03
1.312193577177822590e-03
1.327598001807928085e-03
1.329006976447999477e-03
1.311462721787393093e-03
1.316228066571056843e-03
1.318138907663524151e-03
1.321256160736083984e-03
1.311856205575168133e-03
1.335074077360332012e-03
1.323052216321229935e-03
1.310235005803406239e-03
1.310295891016721725e-03
1.324186916463077068e-03
1.323922071605920792e-03
1.313774380832910538e-03
1.311477157287299633e-03
1.314913854002952576e-03
1.311239437200129032e-03
1.322384807281196117e-03
1.312493579462170601e-03
1.308873295783996582e-03
1.316038309596478939e-03
1.327948994003236294e-03
1.308230333961546421e-03
1.308059669099748135e-03
1.326637226156890392e-03
1.310765394009649754e-03
1.312861219048500061e-03
1.309863873757421970e-03
1.307508209720253944e-03
1.313131302595138550e-03
1.309276907704770565e-03
1.321419142186641693e-03
1.312997541390359402e-03
1.306834048591554165e-03
1.311730709858238697e-03
1.308012404479086399e-03
1.310021500103175640e-03
1.311040949076414108e-03
1.306747552007436752e-03
1.326009281910955906e-03
1.314484048634767532e-03
1.306249876506626606e-03
1.328704413026571274e-03
1.315070316195487976e-03
1.305344398133456707e-03
1.338432426564395428e-03
1.316558104008436203e-03
1.310995663516223431e-03
1.307107857428491116e-03
1.314781489782035351e-03
1.308250124566257000e-03
1.312152482569217682e-03
1.305387704633176327e-03
1.304809120483696461e-03
1.323563395999372005e-03
1.313267042860388756e-03
1.304275472648441792e-03
1.324767828918993473e-03
1.314392196945846081e-03
1.303424010984599590e-03
1.337574562057852745e-03
1.314762514084577560e-03
1.309094717726111412e-03
1.306096673943102360e-03
1.307205879129469395e-03
1.308927312493324280e-03
1.305885496549308300e-03
1.305638113990426064e-03
1.310676336288452148e-03
1.302281394600868225e-03
1.303444849327206612e-03
1.310872379690408707e-03
1.314286957494914532e-03
1.305768499150872231e-03
1.303393510170280933e-03
1.312250853516161442e-03
1.311841886490583420e-03
1.301233307458460331e-03
1.353889820165932178e-03
1.301703858189284801e-03
1.301545416936278343e-03
1.311195665039122105e-03
1.302137156017124653e-03
1.338608097285032272e-03
1.307048951275646687e-03
1.307111466303467751e-03
1.302853226661682129e-03
1.329848309978842735e-03
1.308586797676980495e-03
1.299303839914500713e-03
1.349791302345693111e-03
1.299817929975688457e-03
1.298870192840695381e-03
1.314972992986440659e-03
1.299952506087720394e-03
1.308285281993448734e-03
1.298241200856864452e-03
1.331125036813318729e-03
1.298748073168098927e-03
1.299741212278604507e-03
1.297691022045910358e-03
1.297710346989333630e-03
1.307760016061365604e-03
1.297738053835928440e-03
1.301439828239381313e-03
1.296959118917584419e-03
1.392194884829223156e-03
1.312847365625202656e-03
1.299922703765332699e-03
1.296611153520643711e-03
1.299003139138221741e-03
1.306831138208508492e-03
1.301009557209908962e-03
1.295954687520861626e-03
1.295806490816175938e-03
1.315712113864719868e-03
1.298114191740751266e-03
1.303168595768511295e-03
1.295877387747168541e-03
1.322228577919304371e-03
1.303934608586132526e-03
1.296188333071768284e-03
1.298523624427616596e-03
1.298537477850914001e-03
1.302839606069028378e-03
1.294412300921976566e-03
1.360610709525644779e-03
1.299722469411790371e-03
1.295796944759786129e-03
1.296877278946340084e-03
1.301370444707572460e-03
1.309343497268855572e-03
1.294137677177786827e-03
1.307748374529182911e-03
1.295443042181432247e-03
1.297575072385370731e-03
1.292939414270222187e-03
1.307920436374843121e-03
1.292535220272839069e-03
1.293997280299663544e-03
1.313970191404223442e-03
1.299029099754989147e-03
1.292349537834525108e-03
1.292162109166383743e-03
1.299803261645138264e-03
1.295988797210156918e-03
1.301536336541175842e-03
1.299554016441106796e-03
1.296908129006624222e-03
1.291416818276047707e-03
1.337207388132810593e-03
1.296934322454035282e-03
1.291717868298292160e-03
1.302214805036783218e-03
1.290498417802155018e-03
1.303430763073265553e-03
1.290088868699967861e-03
1.357232802547514439e-03
1.290581189095973969e-03
1.293117878958582878e-03
1.290895743295550346e-03
1.306119258515536785e-03
1.302071497775614262e-03
1.289097126573324203e-03
1.322217285633087158e-03
1.301918528042733669e-03
1.297225360758602619e-03
1.290478510782122612e-03
1.326884375885128975e-03
1.296682399697601795e-03
1.296078669838607311e-03
1.290727406740188599e-03
1.291429158300161362e-03
1.294795772992074490e-03
1.289471518248319626e-03
1.287497347220778465e-03
1.296909642405807972e-03
1.287274411879479885e-03
1.293957117013633251e-03
1.286990940570831299e-03
1.350624486804008484e-03
1.295487047173082829e-03
1.287837163545191288e-03
1.290965825319290161e-03
1.295827794820070267e-03
1.286409678868949413e-03
1.321864547207951546e-03
1.292983652092516422e-03
1.289719017222523689e-03
1.286609214730560780e-03
1.303892931900918484e-03
1.289807143621146679e-03
1.296913833357393742e-03
1.285020145587623119e-03
1.310825115069746971e-03
1.292357686907052994e-03
1.285859616473317146e-03
1.289670355618000031e-03
1.299658557400107384e-03
1.284533645957708359e-03
1.284103957004845142e-03
1.292186207138001919e-03
1.285420265048742294e-03
1.283881138078868389e-03
1.299769850447773933e-03
1.283354824408888817e-03
1.331523642875254154e-03
1.287023187614977360e-03
1.284235622733831406e-03
1.283554709516465664e-03
1.316313166171312332e-03
1.294399728067219257e-03
1.282661571167409420e-03
1.319858361966907978e-03
1.287348335608839989e-03
1.291550113819539547e-03
1.286151586100459099e-03
1.305583398789167404e-03
1.291805179789662361e-03
1.282445155084133148e-03
1.304998062551021576e-03
1.291818916797637939e-03
1.281647710129618645e-03
1.286020269617438316e-03
1.303259632550179958e-03
1.281117554754018784e-03
1.282918616198003292e-03
1.281630015000700951e-03
1.315658912062644958e-03
1.288533560000360012e-03
1.286133308894932270e-03
1.282475306652486324e-03
1.296909176744520664e-03
1.280124299228191376e-03
1.305726240389049053e-03
1.286940067075192928e-03
1.285666017793118954e-03
1.279618241824209690e-03
1.284941215999424458e-03
1.280257711187005043e-03
1.284888829104602337e-03
1.285146805457770824e-03
1.282652607187628746e-03
1.281628734432160854e-03
1.288229948841035366e-03
1.280094729736447334e-03
1.292974106036126614e-03
1.277853036299347878e-03
1.307575381360948086e-03
1.289643114432692528e-03
1.277450122870504856e-03
1.325935940258204937e-03
1.283298246562480927e-03
1.277072005905210972e-03
1.288576051592826843e-03
1.278045005165040493e-03
1.320402487181127071e-03
1.286214799620211124e-03
1.277288538403809071e-03
1.287331106141209602e-03
1.276205177418887615e-03
1.292109023779630661e-03
1.277609961107373238e-03
1.288609113544225693e-03
1.275813207030296326e-03
1.281924080103635788e-03
1.280734548345208168e-03
1.275469083338975906e-03
1.278110896237194538e-03
1.275129267014563084e-03
1.311650034040212631e-03
1.288178260438144207e-03
1.274902839213609695e-03
1.283263321965932846e-03
1.280938158743083477e-03
1.276011229492723942e-03
1.275104121305048466e-03
1.280538155697286129e-03
1.275321119464933872e-03
1.280086231417953968e-03
1.273670000955462456e-03
1.274402369745075703e-03
1.292798435315489769e-03
1.279560849070549011e-03
1.273101777769625187e-03
1.311687403358519077e-03
1.285684411413967609e-03
1.279822550714015961e-03
1.280946307815611362e-03
1.275380142033100128e-03
1.275102491490542889e-03
1.278117066249251366e-03
1.273742062039673328e-03
1.295393914915621281e-03
1.277050119824707508e-03
1.276333699934184551e-03
1.288092578761279583e-03
1.272409223020076752e-03
1.290362211875617504e-03
1.278215320780873299e-03
1.273283152841031551e-03
1.284334575757384300e-03
1.271323184482753277e-03
1.328389858826994896e-03
1.272443332709372044e-03
1.272818772122263908e-03
1.270420849323272705e-03
1.272993977181613445e-03
1.291385851800441742e-03
1.272788504138588905e-03
1.271079061552882195e-03
1.272518537007272243e-03
1.283765421248972416e-03
1.271012821234762669e-03
1.275567919947206974e-03
1.271161716431379318e-03
1.271934364922344685e-03
1.277026487514376640e-03
1.272098976187407970e-03
1.270227367058396339e-03
1.294690300710499287e-03
1.269526313990354538e-03
1.268586725927889347e-03
1.295061199925839901e-03
1.277075149118900299e-03
1.268391264602541924e-03
1.280236174352467060e-03
1.295937341637909412e-03
1.268843188881874084e-03
1.268607913516461849e-03
1.278698910027742386e-03
1.268596621230244637e-03
1.290418789722025394e-03
1.280444324947893620e-03
1.271931803785264492e-03
1.277892501093447208e-03
1.270746812224388123e-03
1.272154389880597591e-03
1.278648385778069496e-03
1.269076019525527954e-03
1.267164014279842377e-03
1.267722691409289837e-03
1.269253669306635857e-03
1.274634036235511303e-03
1.270581735298037529e-03
1.268490217626094818e-03
1.285542850382626057e-03
1.265983795747160912e-03
1.269987667910754681e-03
1.275461865589022636e-03
1.271614572033286095e-03
1.270542386919260025e-03
1.265581115148961544e-03
1.317820977419614792e-03
1.270435634069144726e-03
1.264820108190178871e-03
1.271296991035342216e-03
1.281271106563508511e-03
1.266812905669212341e-03
1.272520632483065128e-03
1.264241174794733524e-03
1.269355881959199905e-03
1.275061047635972500e-03
1.268894062377512455e-03
1.267585554160177708e-03
1.266465522348880768e-03
1.298609306104481220e-03
1.280578435398638248e-03
1.270936569198966026e-03
1.264109392650425434e-03
1.298966701142489910e-03
1.263628597371280193e-03
1.262843725271522999e-03
1.288503757677972317e-03
1.271125744096934795e-03
1.262655947357416153e-03
1.286726328544318676e-03
1.282615005038678646e-03
1.262418925762176514e-03
1.262901118025183678e-03
1.288769301027059555e-03
1.277420436963438988e-03
1.267960178665816784e-03
1.266548642888665199e-03
1.288255676627159119e-03
1.272134366445243359e-03
1.261791214346885681e-03
1.293646171689033508e-03
1.274319947697222233e-03
1.260993885807693005e-03
1.318209338933229446e-03
1.263024867512285709e-03
1.262946287170052528e-03
1.260781777091324329e-03
1.301136799156665802e-03
1.274925773032009602e-03
1.266594277694821358e-03
1.261893776245415211e-03
1.267369836568832397e-03
1.264387625269591808e-03
1.260493067093193531e-03
1.283376361243426800e-03
1.265592873096466064e-03
1.263115438632667065e-03
1.278173644095659256e-03
1.259598648175597191e-03
1.298989402130246162e-03
1.265563536435365677e-03
1.268748776055872440e-03
1.263666781596839428e-03
1.287513179704546928e-03
1.271368586458265781e-03
1.258554635569453239e-03
1.326617435552179813e-03
1.258523669093847275e-03
1.261753728613257408e-03
1.261444296687841415e-03
1.271614339202642441e-03
1.259248936548829079e-03
1.303806900978088379e-03
1.257756608538329601e-03
1.257636235095560551e-03
1.279675634577870369e-03
1.266999403014779091e-03
1.257559983059763908e-03
1.293470384553074837e-03
1.270799199119210243e-03
1.261324621737003326e-03
1.262908102944493294e-03
1.266361563466489315e-03
1.260443474166095257e-03
1.256703515537083149e-03
1.260588876903057098e-03
1.256563933566212654e-03
1.281039556488394737e-03
1.278055482544004917e-03
1.256702234968543053e-03
1.261567813344299793e-03
1.271887100301682949e-03
1.256435876712203026e-03
1.273082452826201916e-03
1.267720363102853298e-03
1.256467541679739952e-03
1.261630561202764511e-03
1.273160567507147789e-03
1.256526564247906208e-03
1.256066723726689816e-03
1.263454323634505272e-03
1.258122269064188004e-03
1.257249969057738781e-03
1.260906225070357323e-03
1.273803296498954296e-03
1.260426361113786697e-03
1.254552742466330528e-03
1.288336585275828838e-03
1.269660773687064648e-03
1.258578267879784107e-03
1.264374470338225365e-03
1.254007103852927685e-03
1.326560508459806442e-03
1.266109873540699482e-03
1.253688707947731018e-03
1.255456008948385715e-03
1.273246947675943375e-03
1.260397722944617271e-03
1.253267866559326649e-03
1.290206331759691238e-03
1.269525266252458096e-03
1.261393190361559391e-03
1.255819108337163925e-03
1.289863255806267262e-03
1.267820014618337154e-03
1.255105948075652122e-03
1.260857796296477318e-03
1.260394463315606117e-03
1.259045908227562904e-03
1.253235270269215107e-03
1.252853428013622761e-03
1.258609932847321033e-03
1.260318560525774956e-03
1.257583964616060257e-03
1.257373718544840813e-03
1.252723624929785728e-03
1.294555026106536388e-03
1.265915692783892155e-03
1.261394121684134007e-03
1.252536778338253498e-03
1.272147404961287975e-03
1.273969653993844986e-03
1.252988120540976524e-03
1.260177930817008018e-03
1.253879512660205364e-03
1.292084692977368832e-03
1.265864586457610130e-03
1.259889919310808182e-03
1.251117093488574028e-03
1.285150879994034767e-03
1.267284038476645947e-03
1.259238226339221001e-03
1.250792993232607841e-03
1.306195743381977081e-03
1.251242472790181637e-03
1.251716050319373608e-03
1.255430746823549271e-03
1.252935151569545269e-03
1.255222130566835403e-03
1.249599386937916279e-03
1.293028239160776138e-03
1.261770143173635006e-03
1.253529684618115425e-03
1.249308115802705288e-03
1.286312355659902096e-03
1.252504298463463783e-03
1.250445377081632614e-03
1.259363139979541302e-03
1.250750967301428318e-03
1.251808134838938713e-03
1.252981717698276043e-03
1.248133834451436996e-03
1.286791055463254452e-03
1.263327081687748432e-03
1.253796974197030067e-03
1.249974826350808144e-03
1.271585468202829361e-03
1.257020863704383373e-03
1.247592503204941750e-03
1.272424357011914253e-03
1.260183635167777538e-03
1.247173524461686611e-03
1.284348312765359879e-03
1.263289479538798332e-03
1.254418282769620419e-03
1.248153625056147575e-03
1.276025781407952309e-03
1.256670104339718819e-03
1.246598432771861553e-03
1.287278719246387482e-03
1.262342440895736217e-03
1.252163434401154518e-03
1.250330475158989429e-03
1.246242900379002094e-03
1.246182015165686607e-03
1.256096642464399338e-03
1.247563166543841362e-03
1.268626190721988678e-03
1.248099841177463531e-03
1.245594699867069721e-03
1.275598537176847458e-03
1.257783849723637104e-03
1.245198538526892662e-03
1.285757985897362232e-03
1.259687356650829315e-03
1.254256349056959152e-03
1.245712977834045887e-03
1.280221389606595039e-03
1.260087126865983009e-03
1.248766551725566387e-03
1.251203706488013268e-03
1.266470528207719326e-03
1.247742213308811188e-03
1.249917782843112946e-03
1.257828087545931339e-03
1.248115207999944687e-03
1.244303537532687187e-03
1.245415071025490761e-03
1.247091684490442276e-03
1.252958783879876137e-03
1.260788994841277599e-03
1.249223016202449799e-03
1.249372377060353756e-03
1.254152623005211353e-03
1.243676291778683662e-03
1.264496240764856339e-03
1.252829679287970066e-03
1.243232982233166695e-03
1.264188205823302269e-03
1.249441294930875301e-03
1.245327875949442387e-03
1.258257776498794556e-03
1.243061036802828312e-03
1.274690032005310059e-03
1.244303304702043533e-03
1.242453814484179020e-03
1.268645282834768295e-03
1.249221269972622395e-03
1.244712271727621555e-03
1.257756608538329601e-03
1.257957075722515583e-03
1.250219997018575668e-03
1.241771038621664047e-03
1.290081883780658245e-03
1.242889906279742718e-03
1.245797262527048588e-03
1.244579092599451542e-03
1.241360674612224102e-03
1.247230218723416328e-03
1.241089077666401863e-03
1.282269367948174477e-03
1.256251358427107334e-03
1.249257824383676052e-03
1.242416677996516228e-03
1.268838648684322834e-03
1.254002330824732780e-03
1.242416910827159882e-03
1.255002571269869804e-03
1.246761996299028397e-03
1.240266836248338223e-03
1.240146346390247345e-03
1.255123526789247990e-03
1.240190118551254272e-03
1.308828708715736866e-03
1.243025646544992924e-03
1.243073842488229275e-03
1.242601429112255573e-03
1.265865052118897438e-03
1.257584313862025738e-03
1.244899118319153786e-03
1.240607467480003834e-03
1.250446890480816364e-03
1.247500418685376644e-03
1.240173936821520329e-03
1.238915370777249336e-03
1.260027522221207619e-03
1.241103862412273884e-03
1.246057567186653614e-03
1.242338912561535835e-03
1.254771254025399685e-03
1.239860430359840393e-03
1.242548925802111626e-03
1.255399314686655998e-03
1.247711363248527050e-03
1.239733770489692688e-03
1.251574838533997536e-03
1.245769904926419258e-03
1.239590463228523731e-03
1.238129800185561180e-03
1.252290559932589531e-03
1.237693708389997482e-03
1.289073494262993336e-03
1.242004567757248878e-03
1.241181860677897930e-03
1.241659163497388363e-03
1.262812758795917034e-03
1.251348410733044147e-03
1.236903131939470768e-03
1.270714332349598408e-03
1.253611990250647068e-03
1.237386488355696201e-03
1.263370038941502571e-03
1.253073103725910187e-03
1.242956146597862244e-03
1.237270189449191093e-03
1.248749787919223309e-03
1.242611790075898170e-03
1.236121170222759247e-03
1.236021402291953564e-03
1.256590127013623714e-03
1.236027572304010391e-03
1.285988721065223217e-03
1.239069388248026371e-03
1.244263956323266029e-03
1.242015510797500610e-03
1.238698954693973064e-03
1.245512859895825386e-03
1.240999088622629642e-03
1.235262025147676468e-03
1.235272386111319065e-03
1.251345267519354820e-03
1.234996598213911057e-03
1.310351537540555000e-03
1.234943512827157974e-03
1.238828641362488270e-03
1.238230615854263306e-03
1.248239306733012199e-03
1.236055861227214336e-03
1.266354811377823353e-03
1.234843162819743156e-03
1.234425348229706287e-03
1.254018745385110378e-03
1.248768297955393791e-03
1.240316662006080151e-03
1.237416989170014858e-03
1.264889258891344070e-03
1.249545486643910408e-03
1.237827120348811150e-03
1.242460450157523155e-03
1.233497983776032925e-03
1.340143033303320408e-03
1.246396219357848167e-03
1.233294256962835789e-03
1.233262941241264343e-03
1.244714949280023575e-03
1.236175070516765118e-03
1.263366313651204109e-03
1.250319182872772217e-03
1.239861012436449528e-03
1.236702431924641132e-03
1.266980194486677647e-03
1.245885039679706097e-03
1.232722308486700058e-03
1.271511893719434738e-03
1.247580163180828094e-03
1.237802440300583839e-03
1.234353985637426376e-03
1.248977612704038620e-03
1.232879469171166420e-03
1.256713876500725746e-03
1.232127891853451729e-03
1.234504510648548603e-03
1.252843998372554779e-03
1.239402568899095058e-03
1.231527538038790226e-03
1.266753999516367912e-03
1.245222403667867184e-03
1.231288537383079529e-03
1.248324755579233170e-03
1.261617289856076241e-03
1.232141279615461826e-03
1.231236616149544716e-03
1.248482265509665012e-03
1.231611357070505619e-03
1.287373132072389126e-03
1.236446551047265530e-03
1.240339130163192749e-03
1.236338750459253788e-03
1.234434079378843307e-03
1.239684992469847202e-03
1.230892492458224297e-03
1.261458499357104301e-03
1.237605116330087185e-03
1.233953400515019894e-03
1.236115931533277035e-03
1.249142573215067387e-03
1.237500924617052078e-03
1.229587476700544357e-03
1.231108326464891434e-03
1.255374168977141380e-03
1.239642966538667679e-03
1.229659188538789749e-03
1.258083386346697807e-03
1.247097039595246315e-03
1.229440327733755112e-03
1.263719750568270683e-03
1.242166617885231972e-03
1.232534530572593212e-03
1.234379131346940994e-03
1.231156871654093266e-03
1.250319648534059525e-03
1.229775254614651203e-03
1.242768252268433571e-03
1.249848748557269573e-03
1.229755580425262451e-03
1.245374325662851334e-03
1.240635290741920471e-03
1.228044042363762856e-03
1.314496272243559361e-03
1.232297625392675400e-03
1.231759553775191307e-03
1.227881642989814281e-03
1.281684846617281437e-03
1.236047362908720970e-03
1.236762152984738350e-03
1.234518713317811489e-03
1.229507615789771080e-03
1.234606956131756306e-03
1.227467786520719528e-03
1.270981621928513050e-03
1.238408498466014862e-03
1.228285371325910091e-03
1.236062031239271164e-03
1.228470238856971264e-03
1.258594682440161705e-03
1.242816797457635403e-03
1.231632661074399948e-03
1.235206378623843193e-03
1.228068140335381031e-03
1.236334559507668018e-03
1.236276701092720032e-03
1.229393295943737030e-03
1.229126472026109695e-03
1.238084398210048676e-03
1.228171284310519695e-03
1.244536950252950191e-03
1.226895721629261971e-03
1.240941928699612617e-03
1.234273076988756657e-03
1.225819345563650131e-03
1.225534826517105103e-03
1.250552246347069740e-03
1.228210050612688065e-03
1.238033873960375786e-03
1.245300984010100365e-03
1.226541120558977127e-03
1.236574957147240639e-03
1.238883705809712410e-03
1.226309919729828835e-03
1.224952633492648602e-03
1.256594201549887657e-03
1.235107309184968472e-03
1.224644482135772705e-03
1.275172806344926357e-03
1.238310360349714756e-03
1.229990972205996513e-03
1.227571861818432808e-03
1.234823255799710751e-03
1.225579762831330299e-03
1.225190469995141029e-03
1.245361869223415852e-03
1.246030675247311592e-03
1.229039975441992283e-03
1.230010762810707092e-03
1.234640134498476982e-03
1.238212687894701958e-03
1.223954604938626289e-03
1.228192821145057678e-03
1.227605389431118965e-03
1.224551466293632984e-03
1.230173977091908455e-03
1.226454507559537888e-03
1.227277098223567009e-03
1.229614834301173687e-03
1.222992548719048500e-03
1.233385992236435413e-03
1.231465954333543777e-03
1.226924010552465916e-03
1.230736030265688896e-03
1.222751569002866745e-03
1.320485724136233330e-03
1.236150506883859634e-03
1.222410704940557480e-03
1.222768914885818958e-03
1.235261908732354641e-03
1.225811545737087727e-03
1.223159022629261017e-03
1.240921323187649250e-03
1.221984508447349072e-03
1.302286633290350437e-03
1.221993588842451572e-03
1.226133201271295547e-03
1.221928512677550316e-03
1.265319413505494595e-03
1.237882534042000771e-03
1.225686632096767426e-03
1.236749114468693733e-03
1.238467171788215637e-03
1.221344573423266411e-03
1.264230348169803619e-03
1.238668570294976234e-03
1.223690458573400974e-03
1.228183973580598831e-03
1.222643419168889523e-03
1.225173589773476124e-03
1.230729394592344761e-03
1.224145875312387943e-03
1.224954030476510525e-03
1.223901286721229553e-03
1.261485274881124496e-03
1.235370407812297344e-03
1.220949576236307621e-03
1.270008389838039875e-03
1.227869535796344280e-03
1.229668851010501385e-03
1.228013541549444199e-03
1.246962114237248898e-03
1.224875682964920998e-03
1.227994449436664581e-03
1.239186036400496960e-03
1.220680889673531055e-03
1.231052796356379986e-03
1.224214676767587662e-03
1.220223028212785721e-03
1.224637846462428570e-03
1.219381694681942463e-03
1.248722430318593979e-03
1.243181410245597363e-03
1.219225116074085236e-03
1.221054233610630035e-03
1.240417594090104103e-03
1.228803186677396297e-03
1.221528276801109314e-03
1.234469935297966003e-03
1.218932447955012321e-03
1.326936413533985615e-03
1.230802736245095730e-03
1.218945719301700592e-03
1.219033380039036274e-03
1.225877436809241772e-03
1.227798755280673504e-03
1.218421850353479385e-03
1.351477461867034435e-03
1.235901028849184513e-03
1.221573562361299992e-03
1.218791119754314423e-03
1.219194498844444752e-03
1.251253997907042503e-03
1.232072361744940281e-03
1.218854915350675583e-03
1.258982112631201744e-03
1.217975397594273090e-03
1.217849086970090866e-03
1.217505428940057755e-03
1.376957865431904793e-03
1.229486661031842232e-03
1.217982033267617226e-03
1.218234654515981674e-03
1.217149081639945507e-03
1.235744217410683632e-03
1.219163881614804268e-03
1.220636069774627686e-03
1.223876141011714935e-03
1.226686406880617142e-03
1.222009770572185516e-03
1.221102545969188213e-03
1.225722720846533775e-03
1.216788077726960182e-03
1.219385536387562752e-03
1.228632288984954357e-03
1.229179790243506432e-03
1.224274397827684879e-03
1.218497403897345066e-03
1.238170661963522434e-03
1.230048132129013538e-03
1.216334174387156963e-03
1.306026009842753410e-03
1.221071928739547729e-03
1.220301841385662556e-03
1.216255128383636475e-03
1.266110455617308617e-03
1.225045416504144669e-03
1.228031353093683720e-03
1.218701945617794991e-03
1.257050316780805588e-03
1.233256771229207516e-03
1.223084167577326298e-03
1.218984951265156269e-03
1.228586072102189064e-03
1.215266180224716663e-03
1.221233862452208996e-03
1.235682982951402664e-03
1.219562254846096039e-03
1.214883872307837009e-03
1.256242860108613968e-03
1.230571884661912918e-03
1.218884484842419624e-03
1.227370230481028557e-03
1.229764195159077644e-03
1.214665360748767853e-03
1.303076511248946190e-03
1.216859556734561920e-03
1.215511234477162361e-03
1.214668620377779007e-03
1.214928808622062206e-03
1.256235525943338871e-03
1.221837359480559826e-03
1.218663528561592102e-03
1.217387616634368896e-03
1.238134689629077911e-03
1.221130019985139370e-03
1.219102879986166954e-03
1.215250464156270027e-03
1.214702730067074299e-03
1.220051781274378300e-03
1.236078678630292416e-03
1.216021133586764336e-03
1.218554796651005745e-03
1.220667967572808266e-03
1.220522448420524597e-03
1.218670862726867199e-03
1.216619391925632954e-03
1.224925974383950233e-03
1.213240786455571651e-03
1.212872448377311230e-03
1.242892583832144737e-03
1.220072386786341667e-03
1.214636722579598427e-03
1.243220875039696693e-03
1.236315467394888401e-03
1.212515286169946194e-03
1.216578995808959007e-03
1.239395700395107269e-03
1.215318217873573303e-03
1.232848619110882282e-03
1.224520965479314327e-03
1.213552779518067837e-03
1.240874058566987514e-03
1.217563170939683914e-03
1.215537195093929768e-03
1.232505892403423786e-03
1.234212075360119343e-03
1.214072457514703274e-03
1.218914403580129147e-03
1.224877545610070229e-03
1.214166637510061264e-03
1.241291058249771595e-03
1.219027210026979446e-03
1.215314492583274841e-03
1.219604047946631908e-03
1.221376005560159683e-03
1.224459381774067879e-03
1.214579213410615921e-03
1.263474579900503159e-03
1.212334260344505310e-03
1.215712516568601131e-03
1.226547523401677608e-03
1.215891912579536438e-03
1.214799936860799789e-03
1.220404636114835739e-03
1.227498985826969147e-03
1.211805734783411026e-03
1.292183296754956245e-03
1.210459624417126179e-03
1.214421819895505905e-03
1.213006558828055859e-03
1.237436314113438129e-03
1.217715558595955372e-03
1.218320801854133606e-03
1.226302585564553738e-03
1.211095368489623070e-03
1.211392576806247234e-03
1.211559749208390713e-03
1.210924470797181129e-03
1.213636365719139576e-03
1.209665322676301003e-03
1.209779526107013226e-03
1.219829195179045200e-03
1.214397721923887730e-03
1.225211657583713531e-03
1.222021295689046383e-03
1.215730677358806133e-03
1.214746967889368534e-03
1.224392093718051910e-03
1.220127800479531288e-03
1.210956019349396229e-03
1.272849855013191700e-03
1.217322656884789467e-03
1.211238442920148373e-03
1.210094778798520565e-03
1.241763820871710777e-03
1.210268121212720871e-03
1.208537956699728966e-03
1.246312516741454601e-03
1.227778033353388309e-03
1.212603994645178318e-03
1.209361944347620010e-03
1.240875921212136745e-03
1.218759920448064804e-03
1.209723879583179951e-03
1.214061165228486061e-03
1.213074545376002789e-03
1.209327019751071930e-03
1.226534834131598473e-03
1.213592826388776302e-03
1.208896050229668617e-03
1.238872297108173370e-03
1.214144285768270493e-03
1.215590396896004677e-03
1.225940068252384663e-03
1.214346382766962051e-03
1.211763126775622368e-03
1.214738353155553341e-03
1.239025732502341270e-03
1.217535347677767277e-03
1.213411102071404457e-03
1.235442119650542736e-03
1.224629464559257030e-03
1.213026815094053745e-03
1.207044580951333046e-03
1.319993170909583569e-03
1.217439188621938229e-03
1.206744345836341381e-03
1.206983346492052078e-03
1.222744234837591648e-03
1.207527238875627518e-03
1.236887183040380478e-03
1.229287823662161827e-03
1.208877889439463615e-03
1.215502386912703514e-03
1.214391435496509075e-03
1.221896032802760601e-03
1.208768691867589951e-03
1.206834218464791775e-03
1.231003901921212673e-03
1.206944580189883709e-03
1.245075953193008900e-03
1.217296579852700233e-03
1.206091372296214104e-03
1.289846142753958702e-03
1.206729910336434841e-03
1.206161803565919399e-03
1.205389038659632206e-03
1.216314849443733692e-03
1.205394277349114418e-03
1.206148066557943821e-03
1.222330611199140549e-03
1.222394988872110844e-03
1.210376853123307228e-03
1.210800372064113617e-03
1.226011663675308228e-03
1.216972712427377701e-03
1.208312110975384712e-03
1.219587516970932484e-03
1.223854254931211472e-03
1.207546447403728962e-03
1.208321307785809040e-03
1.225018058903515339e-03
1.208319095894694328e-03
1.204374246299266815e-03
1.238566939719021320e-03
1.228047185577452183e-03
1.204425934702157974e-03
1.208914676681160927e-03
1.237156335264444351e-03
1.212578732520341873e-03
1.212871284224092960e-03
1.205064356327056885e-03
1.259168726392090321e-03
1.212755800224840641e-03
1.205572043545544147e-03
1.204496598802506924e-03
1.227164408192038536e-03
1.206061569973826408e-03
1.215995289385318756e-03
1.205737236887216568e-03
1.272202236577868462e-03
1.206789980642497540e-03
1.206480083055794239e-03
1.203833497129380703e-03
1.291014603339135647e-03
1.203561900183558464e-03
1.206242362968623638e-03
1.202507992275059223e-03
1.249949680641293526e-03
1.210737973451614380e-03
1.206426764838397503e-03
1.203258871100842953e-03
1.202198909595608711e-03
1.310181920416653156e-03
1.211479539051651955e-03
1.202261890284717083e-03
1.202836167067289352e-03
1.207932829856872559e-03
1.220441539771854877e-03
1.214087125845253468e-03
1.205852720886468887e-03
1.252371701411902905e-03
1.201663515530526638e-03
1.201835111714899540e-03
1.221078215166926384e-03
1.227273955009877682e-03
1.202275743708014488e-03
1.204210100695490837e-03
1.217266195453703403e-03
1.215003896504640579e-03
1.208716304972767830e-03
1.202272134833037853e-03
1.259635086171329021e-03
1.202427782118320465e-03
1.202194485813379288e-03
1.205053529702126980e-03
1.203057123348116875e-03
1.202002633363008499e-03
1.201601931825280190e-03
1.201362232677638531e-03
1.264810445718467236e-03
1.207782886922359467e-03
1.200376893393695354e-03
1.210270333103835583e-03
1.207433291710913181e-03
1.219981117174029350e-03
1.205333159305155277e-03
1.200484111905097961e-03
1.232985290698707104e-03
1.208437024615705013e-03
1.205238979309797287e-03
1.213912619277834892e-03
1.215408788993954659e-03
1.204170286655426025e-03
1.203756430186331272e-03
1.228041714057326317e-03
1.203058054670691490e-03
1.219287049025297165e-03
1.204944332130253315e-03
1.211251248605549335e-03
1.199254649691283703e-03
1.206325134262442589e-03
1.224205596372485161e-03
1.200462807901203632e-03
1.224358333274722099e-03
1.202080515213310719e-03
1.234922092407941818e-03
1.201016944833099842e-03
1.207905588671565056e-03
1.215870492160320282e-03
1.201505307108163834e-03
1.224016770720481873e-03
1.229673158377408981e-03
1.201305305585265160e-03
1.200155820697546005e-03
1.206731423735618591e-03
1.200493657961487770e-03
1.198209123685956001e-03
1.215971424244344234e-03
1.199328922666609287e-03
1.201514387503266335e-03
1.233952352777123451e-03
1.207972061820328236e-03
1.199820428155362606e-03
1.197942183353006840e-03
1.199260354042053223e-03
1.246724510565400124e-03
1.207628287374973297e-03
1.208888599649071693e-03
1.203520689159631729e-03
1.202224055305123329e-03
1.201714156195521355e-03
1.198347308672964573e-03
1.198124024085700512e-03
1.198791665956377983e-03
1.264273654669523239e-03
1.202497980557382107e-03
1.197827863506972790e-03
1.204701256938278675e-03
1.197895617224276066e-03
1.204172964207828045e-03
1.198602491058409214e-03
1.243997132405638695e-03
1.211764407344162464e-03
1.204170752316713333e-03
1.208003261126577854e-03
1.216994365677237511e-03
1.196456840261816978e-03
1.251747831702232361e-03
1.210885820910334587e-03
1.197205274365842342e-03
1.205539563670754433e-03
1.196548226289451122e-03
1.196130295284092426e-03
1.218153978697955608e-03
1.196179073303937912e-03
1.241289894096553326e-03
1.210892456583678722e-03
1.198228215798735619e-03
1.238182070665061474e-03
1.199739286676049232e-03
1.205941778607666492e-03
1.208895118907094002e-03
1.199713326059281826e-03
1.225308049470186234e-03
1.201632432639598846e-03
1.199016114696860313e-03
1.205182867124676704e-03
1.203119289129972458e-03
1.210911781527101994e-03
1.195313874632120132e-03
1.223762286826968193e-03
1.201018458232283592e-03
1.196558005176484585e-03
1.194956246763467789e-03
1.194899319671094418e-03
1.198723562993109226e-03
1.228702720254659653e-03
1.206387532874941826e-03
1.199176185764372349e-03
1.206275657750666142e-03
1.195480697788298130e-03
1.195723423734307289e-03
1.210678485222160816e-03
1.229407847858965397e-03
1.195637625642120838e-03
1.196191180497407913e-03
1.198348123580217361e-03
1.237979973666369915e-03
1.199664431624114513e-03
1.204257714562118053e-03
1.209103153087198734e-03
1.195640186779201031e-03
1.267957850359380245e-03
1.203333958983421326e-03
1.195897930301725864e-03
1.198303187265992165e-03
1.221212209202349186e-03
1.208815723657608032e-03
1.193633652292191982e-03
1.291989698074758053e-03
1.195824821479618549e-03
1.194915501400828362e-03
1.193698379211127758e-03
1.197257777675986290e-03
1.200250582769513130e-03
1.202783314511179924e-03
1.196317956782877445e-03
1.198815065436065197e-03
1.203856198117136955e-03
1.195642282254993916e-03
1.192953786812722683e-03
1.214243471622467041e-03
1.226114924065768719e-03
1.193526666611433029e-03
1.193749136291444302e-03
1.206061569973826408e-03
1.193543779663741589e-03
1.211727154441177845e-03
1.192471478134393692e-03
1.234085764735937119e-03
1.196988858282566071e-03
1.192396739497780800e-03
1.193528180010616779e-03
1.193002914078533649e-03
1.216333126649260521e-03
1.195539953187108040e-03
1.199314487166702747e-03
1.193329924717545509e-03
1.232796814292669296e-03
1.197515986859798431e-03
1.194318640045821667e-03
1.193793956190347672e-03
1.202184241265058517e-03
1.195290707983076572e-03
1.203754451125860214e-03
1.192399184219539165e-03
1.302801538258790970e-03
1.203080057166516781e-03
1.191676943562924862e-03
1.192342489957809448e-03
1.203824998810887337e-03
1.198912970721721649e-03
1.198526471853256226e-03
1.193790812976658344e-03
1.226673601195216179e-03
1.206898828968405724e-03
1.191220595501363277e-03
1.207017456181347370e-03
1.233633724041283131e-03
1.194842043332755566e-03
1.192254363559186459e-03
1.191328628920018673e-03
1.202210434712469578e-03
1.192877884022891521e-03
1.208566478453576565e-03
1.190679147839546204e-03
1.231692382134497166e-03
1.196944038383662701e-03
1.191548653878271580e-03
1.191392890177667141e-03
1.190210343338549137e-03
1.204436994157731533e-03
1.213695737533271313e-03
1.191667863167822361e-03
1.191160059534013271e-03
1.192625262774527073e-03
1.199992955662310123e-03
1.198712503537535667e-03
1.189785776659846306e-03
1.196461613290011883e-03
1.211059861816465855e-03
1.201507402583956718e-03
1.190697657875716686e-03
1.208410365507006645e-03
1.189524075016379356e-03
1.195908756926655769e-03
1.259370357729494572e-03
1.191861927509307861e-03
1.189396250993013382e-03
1.189781120046973228e-03
1.189159927889704704e-03
1.189082162454724312e-03
1.295201131142675877e-03
1.224302221089601517e-03
1.190142356790602207e-03
1.188957830891013145e-03
1.188948168419301510e-03
1.189229544252157211e-03
1.216017059050500393e-03
1.201620674692094326e-03
1.192074152640998363e-03
1.207057153806090355e-03
1.188752823509275913e-03
1.213788520544767380e-03
1.211576978676021099e-03
1.190069131553173065e-03
1.189730945043265820e-03
1.189293107017874718e-03
1.204677158966660500e-03
1.188171911053359509e-03
1.198336132802069187e-03
1.187928603030741215e-03
1.201658626087009907e-03
1.209239359013736248e-03
1.197146251797676086e-03
1.188896480016410351e-03
1.188008347526192665e-03
1.187914167530834675e-03
1.191052026115357876e-03
1.216041622683405876e-03
1.205010572448372841e-03
1.187428832054138184e-03
1.212054397910833359e-03
1.213425537571310997e-03
1.190428272821009159e-03
1.188315218314528465e-03
1.187109388411045074e-03
1.202179118990898132e-03
1.196300843730568886e-03
1.194492331705987453e-03
1.187248155474662781e-03
1.202488550916314125e-03
1.230732537806034088e-03
1.192994997836649418e-03
1.188187859952449799e-03
1.190559589304029942e-03
1.209950773045420647e-03
1.200401922687888145e-03
1.187089947052299976e-03
1.214103889651596546e-03
1.187966903671622276e-03
1.229665591381490231e-03
1.195983262732625008e-03
1.199617981910705566e-03
1.188614289276301861e-03
1.217937096953392029e-03
1.199245802126824856e-03
1.188891939818859100e-03
1.209371723234653473e-03
1.191018964163959026e-03
1.195425749756395817e-03
1.188078313134610653e-03
1.204925705678761005e-03
1.185848028399050236e-03
1.227587810717523098e-03
1.200249884277582169e-03
1.185608445666730404e-03
1.231905189342796803e-03
1.202361308969557285e-03
1.189794857054948807e-03
1.188274938613176346e-03
1.197657315060496330e-03
1.185674453154206276e-03
1.189404400065541267e-03
1.195384189486503601e-03
1.188722788356244564e-03
1.193061936646699905e-03
1.187759800814092159e-03
1.224886626005172729e-03
1.200682600028812885e-03
1.185434754006564617e-03
1.189744682051241398e-03
1.231849659234285355e-03
1.195134944282472134e-03
1.186634064652025700e-03
1.184817519970238209e-03
1.185361878015100956e-03
1.248355372808873653e-03
1.190693117678165436e-03
1.192923169583082199e-03
1.193028641864657402e-03
1.188833382911980152e-03
1.186837558634579182e-03
1.203323481604456902e-03
1.184793305583298206e-03
1.193771022371947765e-03
1.184089807793498039e-03
1.323840348049998283e-03
1.208066125400364399e-03
1.188035123050212860e-03
1.183823915198445320e-03
1.184217398986220360e-03
1.200840575620532036e-03
1.191057497635483742e-03
1.188153284601867199e-03
1.192115596495568752e-03
1.211030874401330948e-03
1.184076885692775249e-03
1.231861067935824394e-03
1.199851045385003090e-03
1.184280728921294212e-03
1.251713954843580723e-03
1.186512643471360207e-03
1.185951987281441689e-03
1.183517393656075001e-03
1.301677082665264606e-03
1.197207369841635227e-03
1.185930450446903706e-03
1.183797372505068779e-03
1.184763852506875992e-03
1.234123716130852699e-03
1.183293061330914497e-03
1.186308218166232109e-03
1.191409421153366566e-03
1.186044770292937756e-03
1.191061222925782204e-03
1.186774228699505329e-03
1.211742521263659000e-03
1.183672342449426651e-03
1.229308662004768848e-03
1.195552991703152657e-03
1.187043497338891029e-03
1.204063999466598034e-03
1.191652030684053898e-03
1.187905902042984962e-03
1.187925343401730061e-03
1.182175241410732269e-03
1.190568553283810616e-03
1.208178116939961910e-03
1.182166626676917076e-03
1.253309077583253384e-03
1.189439091831445694e-03
1.185328699648380280e-03
1.181537518277764320e-03
1.281832926906645298e-03
1.205447711981832981e-03
1.186635345220565796e-03
1.182428561151027679e-03
1.181855564936995506e-03
1.183445681817829609e-03
1.232365029864013195e-03
1.195256831124424934e-03
1.185597386211156845e-03
1.207117340527474880e-03
1.194391399621963501e-03
1.181238680146634579e-03
1.291956403292715549e-03
1.184589578770101070e-03
1.183200045488774776e-03
1.182955340482294559e-03
1.195039832964539528e-03
1.188815687783062458e-03
1.187869231216609478e-03
1.180731691420078278e-03
1.250257715582847595e-03
1.188163994811475277e-03
1.182131934911012650e-03
1.180374878458678722e-03
1.196560100652277470e-03
1.222093822434544563e-03
1.184235676191747189e-03
1.182053005322813988e-03
1.181107596494257450e-03
1.252328511327505112e-03
1.183269079774618149e-03
1.182115986011922359e-03
1.180077088065445423e-03
1.342782750725746155e-03
1.200959901325404644e-03
1.182907493785023689e-03
1.179719460196793079e-03
1.181693864054977894e-03
1.224182313308119774e-03
1.195036340504884720e-03
1.179913524538278580e-03
1.240128534846007824e-03
1.196152996271848679e-03
1.187416957691311836e-03
1.191667048260569572e-03
1.185157801955938339e-03
1.201077946461737156e-03
1.179401529952883720e-03
1.205874490551650524e-03
1.179907936602830887e-03
1.252936548553407192e-03
1.182025298476219177e-03
1.180176273919641972e-03
1.183960353955626488e-03
1.178886392153799534e-03
1.186746987514197826e-03
1.179521088488399982e-03
1.185703673399984837e-03
1.181320985779166222e-03
1.178785110823810101e-03
1.188741531223058701e-03
1.198513549752533436e-03
1.178319565951824188e-03
1.179792219772934914e-03
1.226175692863762379e-03
1.179176615551114082e-03
1.180002931505441666e-03
1.178167178295552731e-03
1.177529455162584782e-03
1.177798840217292309e-03
1.213818555697798729e-03
1.187148620374500751e-03
1.178282429464161396e-03
1.178819686174392700e-03
1.177800702862441540e-03
1.182489912025630474e-03
1.177521888166666031e-03
1.177538884803652763e-03
1.177185447886586189e-03
1.239190809428691864e-03
1.192067051306366920e-03
1.181640545837581158e-03
1.176645280793309212e-03
1.316492445766925812e-03
1.195221557281911373e-03
1.178412931039929390e-03
1.177230034954845905e-03
1.176246907562017441e-03
1.239513629116117954e-03
1.188854570500552654e-03
1.175964716821908951e-03
1.185802626423537731e-03
1.190431416034698486e-03
1.175793237052857876e-03
1.244577113538980484e-03
1.186117762699723244e-03
1.181739615276455879e-03
1.176826073788106441e-03
1.175503013655543327e-03
1.175463083200156689e-03
1.225545536726713181e-03
1.196575933136045933e-03
1.177166239358484745e-03
1.183193526230752468e-03
1.182771055027842522e-03
1.186790410429239273e-03
1.174920820631086826e-03
1.197688863612711430e-03
1.186097855679690838e-03
1.182094099931418896e-03
1.176066230982542038e-03
1.174782286398112774e-03
1.174546661786735058e-03
1.175858778879046440e-03
1.215830445289611816e-03
1.181181520223617554e-03
1.177476136945188046e-03
1.191092072986066341e-03
1.178645878098905087e-03
1.206037704832851887e-03
1.199391321279108524e-03
1.178267993964254856e-03
1.180730643682181835e-03
1.190628157928586006e-03
1.194269745610654354e-03
1.173978438600897789e-03
1.222338178195059299e-03
1.193962874822318554e-03
1.181293278932571411e-03
1.180169289000332355e-03
1.193990465253591537e-03
1.178221427835524082e-03
1.184916123747825623e-03
1.174544915556907654e-03
1.175635494291782379e-03
1.195646240375936031e-03
1.181240309961140156e-03
1.175362151116132736e-03
1.198145444504916668e-03
1.173351891338825226e-03
1.258814823813736439e-03
1.173675060272216797e-03
1.172879245132207870e-03
1.195244956761598587e-03
1.172783202491700649e-03
1.204575644806027412e-03
1.176592893898487091e-03
1.198820653371512890e-03
1.189811970107257366e-03
1.173395081423223019e-03
1.175575191155076027e-03
1.195449614897370338e-03
1.184461638331413269e-03
1.174121513031423092e-03
1.172236632555723190e-03
1.173164695501327515e-03
1.196575933136045933e-03
1.175406388938426971e-03
1.173392985947430134e-03
1.178539241664111614e-03
1.188716618344187737e-03
1.172728370875120163e-03
1.173707423731684685e-03
1.173512428067624569e-03
1.214818679727613926e-03
1.183462911285459995e-03
1.172064221464097500e-03
1.172517659142613411e-03
1.172856078483164310e-03
1.188096357509493828e-03
1.172265270724892616e-03
1.171699492260813713e-03
1.171462819911539555e-03
1.171271782368421555e-03
1.250007888302206993e-03
1.176033169031143188e-03
1.172489952296018600e-03
1.171856652945280075e-03
1.199111691676080227e-03
1.205387641675770283e-03
1.172575983218848705e-03
1.171608571894466877e-03
1.185440458357334137e-03
1.170683070085942745e-03
1.171065960079431534e-03
1.199048245325684547e-03
1.188924186863005161e-03
1.176451449282467365e-03
1.170307281427085400e-03
1.189461094327270985e-03
1.202714280225336552e-03
1.173478784039616585e-03
1.171181560494005680e-03
1.170003903098404408e-03
1.170263974927365780e-03
1.176233985461294651e-03
1.170767354778945446e-03
1.177840633317828178e-03
1.172331045381724834e-03
1.207128283567726612e-03
1.177586498670279980e-03
1.175560406409204006e-03
1.178013277240097523e-03
1.184536726213991642e-03
1.169420196674764156e-03
1.171325449831783772e-03
1.169424154795706272e-03
1.251705922186374664e-03
1.172637566924095154e-03
1.172331976704299450e-03
1.169820316135883331e-03
1.228188630193471909e-03
1.183383283205330372e-03
1.177491387352347374e-03
1.188191818073391914e-03
1.169353490695357323e-03
1.282388810068368912e-03
1.182057196274399757e-03
1.168713439255952835e-03
1.169123454019427299e-03
1.185939996503293514e-03
1.189904520288109779e-03
1.171565731056034565e-03
1.171846059150993824e-03
1.201131031848490238e-03
1.176201854832470417e-03
1.168412738479673862e-03
1.196621917188167572e-03
1.203096355311572552e-03
1.169781899079680443e-03
1.168920891359448433e-03
1.188478665426373482e-03
1.167992595583200455e-03
1.184734283015131950e-03
1.168412854894995689e-03
1.295493915677070618e-03
1.178101636469364166e-03
1.167808659374713898e-03
1.168453018181025982e-03
1.170046161860227585e-03
1.231681788340210915e-03
1.174046308733522892e-03
1.176782068796455860e-03
1.181728905066847801e-03
1.172700896859169006e-03
1.188170979730784893e-03
1.167605514638125896e-03
1.168308779597282410e-03
1.170548261143267155e-03
1.181075582280755043e-03
1.166907488368451595e-03
1.166867325082421303e-03
1.166747650131583214e-03
1.167392591014504433e-03
1.220097183249890804e-03
1.182719599455595016e-03
1.169943599961698055e-03
1.207288354635238647e-03
1.165702939033508301e-03
1.167546608485281467e-03
1.179827260784804821e-03
1.188181806355714798e-03
1.166694331914186478e-03
1.165634137578308582e-03
1.176915713585913181e-03
1.166508882306516171e-03
1.168605755083262920e-03
1.171157811768352985e-03
1.208641449920833111e-03
