2.170822815969586372e-03
1.912749605253338814e-03
1.851280336268246174e-03
1.818290329538285732e-03
1.801084144972264767e-03
1.789915841072797775e-03
1.780683989636600018e-03
1.772906980477273464e-03
1.766288769431412220e-03
1.760076847858726978e-03
1.754037104547023773e-03
1.748067792505025864e-03
1.742630149237811565e-03
1.737449201755225658e-03
1.732245553284883499e-03
1.727167633362114429e-03
1.722060726024210453e-03
1.716753700748085976e-03
1.711331657133996487e-03
1.705820439383387566e-03
1.700288499705493450e-03
1.694577513262629509e-03
1.688562915660440922e-03
1.682452741079032421e-03
1.676569925621151924e-03
1.670917845331132412e-03
1.668824697844684124e-03
1.658179680816829205e-03
1.656353124417364597e-03
1.646800548769533634e-03
1.642233808524906635e-03
1.644036034122109413e-03
1.631730468943715096e-03
1.637038774788379669e-03
1.630055950954556465e-03
1.630322076380252838e-03
1.613350585103034973e-03
1.624501426704227924e-03
1.599838258698582649e-03
1.599585986696183681e-03
1.592855202034115791e-03
1.619789982214570045e-03
1.586744911037385464e-03
1.577947637997567654e-03
1.630562008358538151e-03
1.568227307870984077e-03
1.562764751724898815e-03
1.560624805279076099e-03
1.570530235767364502e-03
1.548697822727262974e-03
1.543350750580430031e-03
1.629377715289592743e-03
1.543950056657195091e-03
1.532349968329071999e-03
1.526016043499112129e-03
1.552968518808484077e-03
1.520264428108930588e-03
1.519882585853338242e-03
1.556092989630997181e-03
1.520545920357108116e-03
1.505444175563752651e-03
1.508263987489044666e-03
1.507005305029451847e-03
1.502162544056773186e-03
1.491485279984772205e-03
1.484210370108485222e-03
1.530637498944997787e-03
1.486187684349715710e-03
1.475519733503460884e-03
1.484738779254257679e-03
1.502963365055620670e-03
1.469487673602998257e-03
1.461160252802073956e-03
1.459028921090066433e-03
1.482811057940125465e-03
1.467134454287588596e-03
1.471123541705310345e-03
1.456615049391984940e-03
1.445467234589159489e-03
1.439460669644176960e-03
1.471201074309647083e-03
1.432861085049808025e-03
1.455579767934978008e-03
1.448203576728701591e-03
1.438787207007408142e-03
1.425479887984693050e-03
1.433814060874283314e-03
1.415758626535534859e-03
1.417509745806455612e-03
1.444001682102680206e-03
1.415334641933441162e-03
1.407640986144542694e-03
1.405470422469079494e-03
1.401863642968237400e-03
1.402713474817574024e-03
1.440199674107134342e-03
1.392807229422032833e-03
1.393392682075500488e-03
1.482416642829775810e-03
1.403113943524658680e-03
1.385589712299406528e-03
1.382235554046928883e-03
1.378131099045276642e-03
1.385012990795075893e-03
1.386026619002223015e-03
1.376688131131231785e-03
1.368381083011627197e-03
1.402678783051669598e-03
1.373711857013404369e-03
1.362244598567485809e-03
1.363853691145777702e-03
1.378078130073845387e-03
1.361572067253291607e-03
1.352128339931368828e-03
1.350412145256996155e-03
1.363271381705999374e-03
1.346137374639511108e-03
1.355237560346722603e-03
1.381133799441158772e-03
1.356117310933768749e-03
1.355479820631444454e-03
1.336561399511992931e-03
1.344987074844539165e-03
1.368467463180422783e-03
1.345310942269861698e-03
1.325872377492487431e-03
1.491409610025584698e-03
1.339079113677144051e-03
1.320423325523734093e-03
1.318765454925596714e-03
1.319108530879020691e-03
1.349807716906070709e-03
1.326326862908899784e-03
1.312065520323812962e-03
1.341073424555361271e-03
1.314963796176016331e-03
1.306387595832347870e-03
1.304782694205641747e-03
1.364563941024243832e-03
1.305154757574200630e-03
1.303932978771626949e-03
1.346371020190417767e-03
1.303100143559277058e-03
1.290971878916025162e-03
1.333696534857153893e-03
1.304252538830041885e-03
1.285311765968799591e-03
1.320183859206736088e-03
1.345729455351829529e-03
1.287119812332093716e-03
1.279706484638154507e-03
1.276820548810064793e-03
1.274717506021261215e-03
1.295001711696386337e-03
1.276210416108369827e-03
1.271079992875456810e-03
1.270935172215104103e-03
1.349943922832608223e-03
1.271581277251243591e-03
1.265061437152326107e-03
1.261612633243203163e-03
1.259925193153321743e-03
1.268559950403869152e-03
1.257601659744977951e-03
1.259861281141638756e-03
1.272870576940476894e-03
1.251871464774012566e-03
1.299276482313871384e-03
1.262422185391187668e-03
1.249257242307066917e-03
1.244337414391338825e-03
1.256577437743544579e-03
1.241346239112317562e-03
1.239978824742138386e-03
1.319545903243124485e-03
1.236991723999381065e-03
1.238046213984489441e-03
1.239777891896665096e-03
1.294289948418736458e-03
1.243404229171574116e-03
1.245729741640388966e-03
1.241174526512622833e-03
1.235843403264880180e-03
1.224352628923952579e-03
1.456565572880208492e-03
1.222202321514487267e-03
1.224529114551842213e-03
1.219067140482366085e-03
1.216878881677985191e-03
1.268587191589176655e-03
1.223323517479002476e-03
1.219186699017882347e-03
1.217688200995326042e-03
1.238405238837003708e-03
1.221219543367624283e-03
1.208603498525917530e-03
1.206743181683123112e-03
1.218922203406691551e-03
1.205696025863289833e-03
1.203648163937032223e-03
1.225334708578884602e-03
1.214091898873448372e-03
1.204683794640004635e-03
1.224601990543305874e-03
1.209592446684837341e-03
1.201240578666329384e-03
1.202025334350764751e-03
1.191732240840792656e-03
1.366957789286971092e-03
1.192059717141091824e-03
1.187154557555913925e-03
1.186043955385684967e-03
1.208986854180693626e-03
1.186772831715643406e-03
1.183621934615075588e-03
1.205073669552803040e-03
1.203148975037038326e-03
1.179298502393066883e-03
1.177258323878049850e-03
1.177965896204113960e-03
1.239227480255067348e-03
1.194287091493606567e-03
1.185148605145514011e-03
1.191375777125358582e-03
1.169711700640618801e-03
1.175331999547779560e-03
1.173167955130338669e-03
1.237989985384047031e-03
1.172952586784958839e-03
1.165749854408204556e-03
1.163318753242492676e-03
1.177615718916058540e-03
1.188579481095075607e-03
1.161200925707817078e-03
1.163035281933844090e-03
1.234336872585117817e-03
1.169091905467212200e-03
1.154569210484623909e-03
1.192184397950768471e-03
1.165298279374837875e-03
1.151144737377762794e-03
1.287070568650960922e-03
1.156163983978331089e-03
1.149592921137809753e-03
1.151300268247723579e-03
1.226822962053120136e-03
1.159165170975029469e-03
1.144879963248968124e-03
1.171596348285675049e-03
1.182484789751470089e-03
1.140371314249932766e-03
1.141559914685785770e-03
1.217630924656987190e-03
1.140041509643197060e-03
1.141635351814329624e-03
1.138432067818939686e-03
1.165579771623015404e-03
1.172733493149280548e-03
1.132193137891590595e-03
1.137238112278282642e-03
1.224248320795595646e-03
1.139591680839657784e-03
1.137343933805823326e-03
1.155541627667844296e-03
1.162701402790844440e-03
1.126962481066584587e-03
1.136026112362742424e-03
1.156298443675041199e-03
1.148735638707876205e-03
1.121956855058670044e-03
1.184685854241251945e-03
1.129456912167370319e-03
1.126491348259150982e-03
1.118798041716217995e-03
1.116831204853951931e-03
1.120104570873081684e-03
1.118090003728866577e-03
1.124364673160016537e-03
1.115193124860525131e-03
1.111452816985547543e-03
1.448466791771352291e-03
1.124282367527484894e-03
1.109930919483304024e-03
1.107948948629200459e-03
1.107305288314819336e-03
1.108808093704283237e-03
1.200725906528532505e-03
1.113858306780457497e-03
1.120800618082284927e-03
1.124692847952246666e-03
1.113540376536548138e-03
1.100971945561468601e-03
1.112263649702072144e-03
1.107184798456728458e-03
1.153216930106282234e-03
1.120634493418037891e-03
1.099142245948314667e-03
1.229608664289116859e-03
1.104044029489159584e-03
1.094315666705369949e-03
1.094849896617233753e-03
1.103350543417036533e-03
1.092990976758301258e-03
1.096744323149323463e-03
1.090085715986788273e-03
1.209307112731039524e-03
1.101083937101066113e-03
1.091435202397406101e-03
1.085570664145052433e-03
1.090496079996228218e-03
1.157074002549052238e-03
1.094030332751572132e-03
1.100431778468191624e-03
1.081314869225025177e-03
1.083445851691067219e-03
1.111393445171415806e-03
1.078208442777395248e-03
1.171473995782434940e-03
1.092818565666675568e-03
1.075624953955411911e-03
1.112958998419344425e-03
1.092025195248425007e-03
1.081055263057351112e-03
1.112623722292482853e-03
1.071896054781973362e-03
1.232217880897223949e-03
1.088633551262319088e-03
1.069935387931764126e-03
1.081002061255276203e-03
1.092702499590814114e-03
1.087405951693654060e-03
1.072911312803626060e-03
1.106141833588480949e-03
1.080859103240072727e-03
1.066437107510864735e-03
1.062799245119094849e-03
1.247314387001097202e-03
1.060960697941482067e-03
1.060472568497061729e-03
1.060530892573297024e-03
1.058564055711030960e-03
1.214292133226990700e-03
1.060125534422695637e-03
1.060078851878643036e-03
1.062324270606040955e-03
1.124401693232357502e-03
1.073998981155455112e-03
1.057521207258105278e-03
1.211702125146985054e-03
1.054297550581395626e-03
1.056086272001266479e-03
1.057585584931075573e-03
1.115627470426261425e-03
1.070979400537908077e-03
1.049903221428394318e-03
1.261625671759247780e-03
1.074485131539404392e-03
1.049439073540270329e-03
1.047196798026561737e-03
1.091763493604958057e-03
1.056431559845805168e-03
1.042688265442848206e-03
1.120812608860433102e-03
1.045844284817576408e-03
1.041137962602078915e-03
1.041583251208066940e-03
1.043504686094820499e-03
1.146378461271524429e-03
1.037797308526933193e-03
1.037210226058959961e-03
1.072128769010305405e-03
1.097697182558476925e-03
1.045905868522822857e-03
1.035782857798039913e-03
1.039454247802495956e-03
1.044538686983287334e-03
1.048312871716916561e-03
1.037154695950448513e-03
1.045061275362968445e-03
1.039577764458954334e-03
1.036034780554473400e-03
1.032718690112233162e-03
1.060243579559028149e-03
1.073572668246924877e-03
1.027070567943155766e-03
1.030593644827604294e-03
1.099859015084803104e-03
1.058967551216483116e-03
1.025287318043410778e-03
1.047158031724393368e-03
1.022479264065623283e-03
1.022208365611732006e-03
1.091313199140131474e-03
1.056961948052048683e-03
1.019729068502783775e-03
1.034737331792712212e-03
1.060547889210283756e-03
1.046323915943503380e-03
1.022654352709650993e-03
1.041012117639183998e-03
1.090798294171690941e-03
1.026502344757318497e-03
1.016088644973933697e-03
1.022141659632325172e-03
1.054020947776734829e-03
1.012993743643164635e-03
1.025083591230213642e-03
1.089805504307150841e-03
1.034457003697752953e-03
1.011081621982157230e-03
1.150159281678497791e-03
1.020981231704354286e-03
1.012386172078549862e-03
1.008776598609983921e-03
1.011351007036864758e-03
1.099160406738519669e-03
1.019166549667716026e-03
1.026074052788317204e-03
1.009124098345637321e-03
1.017201808281242847e-03
1.011435175314545631e-03
1.006219652481377125e-03
1.001711236312985420e-03
1.005267258733510971e-03
1.001573982648551464e-03
1.159856212325394154e-03
9.999271715059876442e-04
1.001970493234694004e-03
1.026135054416954517e-03
9.978313464671373367e-04
1.022570417262613773e-03
9.974642889574170113e-04
1.180697232484817505e-03
1.001945580355823040e-03
9.963845368474721909e-04
9.932576213032007217e-04
1.010054606013000011e-03
9.920863667502999306e-04
1.000946154817938805e-03
9.932130342349410057e-04
1.191412680782377720e-03
1.000143704004585743e-03
9.907600469887256622e-04
9.930504020303487778e-04
1.072592800483107567e-03
1.020274357870221138e-03
9.998956229537725449e-04
1.010866719298064709e-03
9.850198403000831604e-04
9.849568596109747887e-04
1.045439974404871464e-03
9.947408689185976982e-04
9.953088592737913132e-04
1.042848802171647549e-03
1.026682672090828419e-03
9.840431157499551773e-04
1.000094925984740257e-03
9.892811067402362823e-04
9.861337020993232727e-04
9.925033664330840111e-04
1.021409523673355579e-03
9.819581173360347748e-04
9.816236561164259911e-04
9.766019647940993309e-04
1.210053102113306522e-03
1.006418024189770222e-03
9.753931662999093533e-04
9.737972868606448174e-04
1.023337012156844139e-03
1.029219944030046463e-03
9.724032133817672729e-04
9.725991985760629177e-04
9.961967589333653450e-04
1.065666903741657734e-03
9.832979412749409676e-04
9.702219977043569088e-04
9.688684949651360512e-04
1.004782156087458134e-03
1.046047895215451717e-03
9.795090882107615471e-04
9.662744123488664627e-04
9.724413393996655941e-04
1.075072214007377625e-03
9.686737903393805027e-04
9.791905758902430534e-04
1.034571905620396137e-03
9.803277207538485527e-04
9.804588044062256813e-04
9.610227425582706928e-04
1.131736906245350838e-03
9.604339138604700565e-04
9.595508454367518425e-04
9.573708521202206612e-04
9.587917011231184006e-04
1.058936468325555325e-03
9.859229903668165207e-04
9.638729970902204514e-04
1.009871833957731724e-03
9.737618383951485157e-04
9.533374686725437641e-04
1.140140928328037262e-03
9.698802605271339417e-04
9.554798598401248455e-04
9.521615575067698956e-04
9.727248107083141804e-04
9.551845141686499119e-04
9.613869478926062584e-04
9.470924269407987595e-04
1.121949986554682255e-03
9.551260736770927906e-04
9.457312407903373241e-04
9.469521464779973030e-04
9.479849832132458687e-04
1.101706526242196560e-03
9.478520369157195091e-04
9.467733907513320446e-04
9.776940569281578064e-04
9.416569373570382595e-04
9.571817354299128056e-04
9.670313447713851929e-04
9.862829465419054031e-04
9.406047756783664227e-04
9.393755462951958179e-04
9.524344932287931442e-04
1.000842195935547352e-03
9.467802010476589203e-04
9.383562137372791767e-04
9.426891920156776905e-04
1.038957620039582253e-03
9.630470303818583488e-04
9.399751434102654457e-04
1.017511356621980667e-03
9.449653443880379200e-04
9.380109841004014015e-04
1.000339048914611340e-03
9.434205712750554085e-04
9.560600155964493752e-04
9.357366361655294895e-04
9.816313395276665688e-04
9.339146199636161327e-04
9.341858676634728909e-04
9.325396968051791191e-04
1.004411722533404827e-03
9.556196746416389942e-04
9.290929301641881466e-04
1.080005196854472160e-03
9.310069726780056953e-04
9.284942643716931343e-04
9.283103863708674908e-04
9.284454281441867352e-04
9.413125808350741863e-04
9.264476830139756203e-04
9.247708367183804512e-04
9.238384081982076168e-04
1.125311129726469517e-03
9.259381913580000401e-04
9.287121356464922428e-04
9.210180141963064671e-04
1.142436056397855282e-03
9.431745274923741817e-04
9.210490970872342587e-04
9.211662109009921551e-04
9.230800205841660500e-04
1.046965713612735271e-03
9.225811809301376343e-04
9.194860467687249184e-04
9.880797006189823151e-04
9.343146812170743942e-04
9.174665901809930801e-04
9.241105872206389904e-04
1.061644288711249828e-03
9.169217082671821117e-04
9.134506108239293098e-04
9.136909502558410168e-04
9.124887292273342609e-04
9.971940889954566956e-04
9.563604835420846939e-04
9.231454459950327873e-04
9.107956429943442345e-04
1.252154121175408363e-03
9.473670506849884987e-04
9.149957331828773022e-04
9.083535987883806229e-04
9.168632095679640770e-04
1.005251077003777027e-03
9.374143555760383606e-04
9.064062032848596573e-04
1.120677916333079338e-03
9.440965368412435055e-04
9.146375232376158237e-04
9.046125342138111591e-04
9.063678444363176823e-04
9.725274867378175259e-04
9.471958037465810776e-04
9.177363244816660881e-04
9.036121191456913948e-04
1.200842671096324921e-03
9.419429698027670383e-04
9.043327299878001213e-04
9.029807988554239273e-04
9.239263017661869526e-04
9.008991182781755924e-04
8.990611531771719456e-04
9.592862916179001331e-04
9.064833284355700016e-04
9.108142694458365440e-04
9.138251771219074726e-04
9.403920848853886127e-04
8.995124371722340584e-04
9.004132007248699665e-04
8.980588754639029503e-04
1.061291317455470562e-03
8.977471152320504189e-04
8.955421508289873600e-04
9.184901136904954910e-04
9.445874020457267761e-04
8.931253105401992798e-04
8.934131474234163761e-04
9.337112423963844776e-04
8.919742540456354618e-04
9.133437997661530972e-04
8.977849502116441727e-04
9.094230481423437595e-04
8.970330236479640007e-04
8.941282285377383232e-04
8.892202167771756649e-04
9.284384432248771191e-04
9.850343922153115273e-04
8.990309434011578560e-04
8.899401291273534298e-04
8.871653117239475250e-04
9.389154147356748581e-04
9.586808155290782452e-04
8.863108232617378235e-04
8.857375942170619965e-04
9.187335963360965252e-04
9.632376604713499546e-04
8.867177530191838741e-04
8.871800964698195457e-04
9.181426721625030041e-04
8.850638987496495247e-04
9.277670760639011860e-04
8.846147102303802967e-04
1.052243635058403015e-03
8.850554004311561584e-04
8.814160828478634357e-04
8.835241314955055714e-04
8.816983900032937527e-04
1.089435303583741188e-03
8.798415656201541424e-04
8.860728703439235687e-04
8.829507860355079174e-04
1.073986990377306938e-03
8.785506943240761757e-04
8.792172884568572044e-04
9.217876358889043331e-04
8.773120935074985027e-04
9.586303494870662689e-04
8.922397391870617867e-04
9.015253745019435883e-04
8.800338255241513252e-04
9.715282358229160309e-04
8.860126254148781300e-04
8.802743977867066860e-04
8.766345563344657421e-04
9.627231629565358162e-04
9.012702503241598606e-04
8.727288804948329926e-04
1.018549548462033272e-03
8.806232945062220097e-04
8.819781942293047905e-04
8.771945722401142120e-04
9.214345482178032398e-04
8.816700428724288940e-04
8.702142513357102871e-04
9.813702199608087540e-04
9.136357111856341362e-04
8.813951280899345875e-04
8.706724038347601891e-04
1.146508380770683289e-03
8.945703157223761082e-04
8.743186481297016144e-04
8.687080116942524910e-04
8.678179583512246609e-04
1.172601478174328804e-03
9.071030654013156891e-04
8.708994719199836254e-04
8.679605089128017426e-04
8.961653220467269421e-04
8.657204452902078629e-04
8.656720165163278580e-04
9.290796006098389626e-04
8.690240792930126190e-04
9.084512712433934212e-04
8.649945957586169243e-04
1.130988588556647301e-03
8.900842512957751751e-04
8.637157152406871319e-04
8.638549479655921459e-04
8.648540242575109005e-04
1.062226598151028156e-03
8.730649715289473534e-04
8.680543396621942520e-04
8.608507923781871796e-04
1.150728203356266022e-03
8.951554773375391960e-04
8.622033637948334217e-04
8.608119678683578968e-04
8.591001387685537338e-04
1.141414861194789410e-03
8.810543804429471493e-04
8.572372025810182095e-04
8.568136254325509071e-04
8.625412592664361000e-04
8.568133926019072533e-04
8.632037788629531860e-04
8.552718791179358959e-04
8.548883488401770592e-04
8.789374842308461666e-04
8.555484819225966930e-04
8.683823398314416409e-04
8.534091757610440254e-04
8.959730039350688457e-04
9.320916724391281605e-04
8.546243188902735710e-04
8.524894365109503269e-04
8.527265163138508797e-04
8.522773277945816517e-04
1.048876089043915272e-03
8.522943244315683842e-04
8.598024141974747181e-04
8.540322305634617805e-04
9.848371846601366997e-04
8.823357638902962208e-04
8.643924375064671040e-04
9.217737242579460144e-04
8.768035913817584515e-04
8.761836797930300236e-04
8.483598357997834682e-04
1.285571604967117310e-03
8.932122727856040001e-04
8.468927117064595222e-04
8.465300197713077068e-04
8.459580130875110626e-04
8.552037761546671391e-04
9.188678232021629810e-04
8.495695074088871479e-04
8.446973515674471855e-04
8.893545600585639477e-04
9.462598827667534351e-04
8.593532256782054901e-04
8.437421638518571854e-04
8.515409426763653755e-04
9.726583375595510006e-04
8.624086040072143078e-04
8.610052755102515221e-04
8.789314306341111660e-04
8.549600606784224510e-04
8.462860714644193649e-04
9.045396582223474979e-04
8.512018248438835144e-04
8.450816967524588108e-04
8.416261407546699047e-04
9.499802254140377045e-04
8.839121437631547451e-04
8.534769876860082150e-04
8.606546325609087944e-04
8.433896582573652267e-04
8.453347254544496536e-04
8.409686852246522903e-04
9.936604183167219162e-04
8.474293281324207783e-04
8.468723972328007221e-04
8.408821886405348778e-04
8.765789680182933807e-04
8.553966181352734566e-04
8.509588078595697880e-04
8.347127586603164673e-04
8.978421101346611977e-04
8.468982414342463017e-04
8.509691106155514717e-04
8.366184192709624767e-04
8.331311983056366444e-04
8.355996687896549702e-04
9.361190604977309704e-04
8.755268645472824574e-04
8.475380600430071354e-04
8.861024398356676102e-04
8.317303727380931377e-04
9.303935803472995758e-04
8.719072211533784866e-04
8.439424564130604267e-04
9.023710153996944427e-04
8.324758382514119148e-04
9.743125410750508308e-04
8.549811900593340397e-04
8.483466808684170246e-04
8.769984706304967403e-04
8.564657764509320259e-04
8.394946926273405552e-04
9.112535044550895691e-04
8.449756423942744732e-04
8.344597881659865379e-04
8.758513140492141247e-04
8.278408786281943321e-04
8.325172238983213902e-04
8.345676469616591930e-04
8.488739840686321259e-04
8.466953295283019543e-04
8.264664211310446262e-04
8.258682209998369217e-04
8.371825679205358028e-04
8.866500575095415115e-04
8.234475972130894661e-04
8.494453504681587219e-04
8.828460704535245895e-04
8.295426378026604652e-04
9.371179621666669846e-04
8.288209792226552963e-04
8.225053315982222557e-04
9.229863644577562809e-04
8.663746411912143230e-04
8.375156903639435768e-04
8.517809910699725151e-04
8.337487815879285336e-04
8.346008253283798695e-04
8.221648167818784714e-04
9.809063049033284187e-04
8.190304506570100784e-04
8.185521000996232033e-04
8.190694497898221016e-04
8.217378635890781879e-04
1.020088791847229004e-03
8.204470505006611347e-04
8.167958003468811512e-04
8.665599743835628033e-04
8.438999648205935955e-04
8.329159463755786419e-04
8.177485433407127857e-04
1.092856167815625668e-03
8.296091109514236450e-04
8.150049834512174129e-04
8.144767489284276962e-04
8.456369396299123764e-04
8.144183666445314884e-04
8.215689449571073055e-04
8.304456714540719986e-04
9.404603624716401100e-04
8.407398709096014500e-04
8.204078185372054577e-04
9.288959554396569729e-04
8.267263183370232582e-04
8.184913313016295433e-04
8.550002821721136570e-04
8.113014046102762222e-04
8.112543728202581406e-04
8.743801154196262360e-04
8.835226763039827347e-04
8.099758997559547424e-04
8.119836566038429737e-04
8.337793988175690174e-04
8.928571478463709354e-04
8.198350551538169384e-04
8.103952277451753616e-04
8.144702878780663013e-04
9.480859735049307346e-04
8.431188180111348629e-04
8.200277225114405155e-04
8.992854855023324490e-04
8.249369566328823566e-04
8.197132847271859646e-04
8.294863509945571423e-04
8.262420305982232094e-04
8.126378525048494339e-04
8.970466442406177521e-04
8.229780942201614380e-04
8.200059528462588787e-04
8.821919327601790428e-04
8.639239822514355183e-04
8.136224350892007351e-04
8.155003306455910206e-04
8.875276544131338596e-04
8.040841785259544849e-04
8.278890163637697697e-04
8.644046611152589321e-04
8.197942515835165977e-04
8.362894877791404724e-04
8.029922028072178364e-04
8.445127168670296669e-04
8.007289725355803967e-04
8.175041875801980495e-04
8.088458562269806862e-04
8.115803357213735580e-04
8.007299038581550121e-04
8.047861047089099884e-04
8.027831790968775749e-04
8.790688007138669491e-04
8.383880485780537128e-04
8.124797604978084564e-04
8.384441025555133820e-04
8.095232769846916199e-04
8.576930849812924862e-04
7.978635840117931366e-04
8.456998621113598347e-04
8.008438744582235813e-04
1.055773114785552025e-03
7.990553858689963818e-04
8.007984142750501633e-04
7.974790642037987709e-04
8.039949461817741394e-04
7.975982734933495522e-04
7.963798125274479389e-04
7.996967178769409657e-04
7.956376648508012295e-04
9.496163111180067062e-04
8.323746733367443085e-04
8.067603921517729759e-04
8.015439962036907673e-04
8.396624471060931683e-04
8.133255760185420513e-04
7.919323979876935482e-04
7.987657445482909679e-04
9.745639399625360966e-04
8.102343417704105377e-04
8.015556377358734608e-04
8.113905787467956543e-04
8.016281062737107277e-04
7.951913285069167614e-04
7.895085145719349384e-04
8.158733253367245197e-04
7.998127839528024197e-04
7.887242827564477921e-04
8.415220072492957115e-04
7.900313357822597027e-04
7.913656299933791161e-04
7.974964100867509842e-04
8.155864779837429523e-04
8.133911178447306156e-04
7.898140465840697289e-04
7.873440044932067394e-04
7.854312425479292870e-04
8.177857962436974049e-04
9.286683634854853153e-04
7.967730052769184113e-04
7.883486105129122734e-04
7.839718600735068321e-04
7.836787845008075237e-04
8.039034437388181686e-04
7.839596946723759174e-04
8.032622863538563251e-04
7.893232395872473717e-04
9.147409000433981419e-04
8.181430748663842678e-04
7.820156170055270195e-04
1.055745873600244522e-03
7.832578266970813274e-04
7.884015794843435287e-04
7.863161736167967319e-04
8.743045618757605553e-04
8.198988507501780987e-04
7.926861289888620377e-04
8.454913622699677944e-04
7.786400383338332176e-04
9.209344862028956413e-04
8.279227768070995808e-04
7.816703873686492443e-04
7.987828576005995274e-04
7.926418329589068890e-04
7.827406516298651695e-04
7.814754499122500420e-04
9.128851816058158875e-04
8.163083693943917751e-04
7.882495410740375519e-04
7.812575786374509335e-04
8.169405045919120312e-04
7.821883191354572773e-04
7.862930651754140854e-04
7.882509962655603886e-04
9.566177031956613064e-04
7.889678818173706532e-04
7.878863252699375153e-04
8.389887516386806965e-04
8.072482887655496597e-04
7.893492584116756916e-04
7.741661393083631992e-04
1.110845361836254597e-03
8.109778282232582569e-04
7.769498624838888645e-04
7.741436711512506008e-04
7.716629770584404469e-04
1.003474579192698002e-03
7.711493526585400105e-04
7.779361330904066563e-04
7.731351652182638645e-04
7.800259627401828766e-04
7.812114781700074673e-04
7.811083341948688030e-04
7.717107073403894901e-04
7.714647799730300903e-04
9.500758606009185314e-04
7.914497400633990765e-04
7.762063178233802319e-04
7.682674913667142391e-04
9.045097394846379757e-04
8.203732431866228580e-04
7.693459629081189632e-04
7.676466484554111958e-04
7.974072359502315521e-04
9.122387855313718319e-04
7.881843484938144684e-04
7.688775076530873775e-04
7.668812177143990993e-04
8.224636549130082130e-04
7.734257378615438938e-04
7.658529793843626976e-04
8.695010910741984844e-04
7.940754876472055912e-04
7.643106509931385517e-04
9.379645343869924545e-04
7.928219274617731571e-04
7.704778690822422504e-04
7.634204812347888947e-04
8.910381002351641655e-04
8.219277369789779186e-04
7.659113616682589054e-04
7.620844407938420773e-04
8.200317388400435448e-04
8.699029567651450634e-04
7.723015733063220978e-04
7.665089215151965618e-04
7.623586570844054222e-04
1.102202339097857475e-03
7.863902137614786625e-04
7.608283776789903641e-04
7.607844891026616096e-04
7.627022569067776203e-04
8.960521663539111614e-04
7.595383794978260994e-04
7.592210313305258751e-04
7.595450151711702347e-04
7.647817255929112434e-04
9.420932619832456112e-04
7.698001572862267494e-04
7.742936140857636929e-04
8.310520788654685020e-04
7.734703249298036098e-04
7.575714262202382088e-04
8.922248380258679390e-04
8.067892049439251423e-04
7.748525822535157204e-04
7.875757291913032532e-04
7.678469410166144371e-04
7.563157123513519764e-04
8.186196791939437389e-04
7.595112547278404236e-04
7.603298872709274292e-04
7.553544128313660622e-04
1.286788494326174259e-03
7.718919659964740276e-04
7.615237263962626457e-04
7.550590089522302151e-04
7.536471239291131496e-04
7.550222799181938171e-04
8.801470394246280193e-04
7.987354183569550514e-04
7.676836103200912476e-04
8.336438913829624653e-04
7.547030108980834484e-04
9.434798266738653183e-04
7.764141773805022240e-04
7.686471217311918736e-04
8.078654063865542412e-04
7.563850958831608295e-04
7.520026410929858685e-04
8.391176233999431133e-04
7.698823465034365654e-04
7.502053049392998219e-04
8.529059123247861862e-04
8.286499069072306156e-04
7.609308813698589802e-04
7.549747242592275143e-04
7.642512791790068150e-04
7.969532744027674198e-04
7.712526712566614151e-04
7.571393507532775402e-04
8.027338772080838680e-04
7.501528598368167877e-04
7.476808386854827404e-04
8.286369265988469124e-04
8.053418132476508617e-04
7.590403547510504723e-04
7.585072307847440243e-04
8.957322570495307446e-04
7.471719873137772083e-04
7.532958989031612873e-04
7.874926086515188217e-04
8.358062477782368660e-04
7.498136837966740131e-04
7.503371452912688255e-04
7.451741257682442665e-04
9.610271081328392029e-04
7.477498147636651993e-04
7.465393864549696445e-04
7.459505577571690083e-04
7.472464349120855331e-04
8.674580603837966919e-04
7.912145229056477547e-04
7.597111398354172707e-04
8.016181527636945248e-04
7.447485113516449928e-04
8.131195791065692902e-04
7.424798095598816872e-04
8.263516938313841820e-04
7.449686527252197266e-04
8.580982685089111328e-04
7.662986172363162041e-04
7.614936912432312965e-04
8.671781397424638271e-04
7.889728876762092113e-04
7.570469751954078674e-04
7.901012431830167770e-04
7.410228718072175980e-04
7.481850916519761086e-04
7.408881210722029209e-04
1.248390413820743561e-03
7.412723498418927193e-04
7.481105276383459568e-04
7.400684989988803864e-04
7.394165149889886379e-04
7.419579196721315384e-04
9.955102577805519104e-04
7.398392772302031517e-04
7.419900503009557724e-04
7.484415546059608459e-04
9.483581525273621082e-04
7.404914940707385540e-04
7.381433970294892788e-04
7.592588081024587154e-04
7.650210754945874214e-04
7.366645149886608124e-04
7.411516853608191013e-04
7.370387902483344078e-04
9.506283677183091640e-04
7.542707026004791260e-04
7.378566660918295383e-04
7.406027871184051037e-04
9.608672698959708214e-04
7.501089130528271198e-04
7.360173040069639683e-04
7.465867092832922935e-04
9.276096825487911701e-04
7.431483827531337738e-04
7.439295295625925064e-04
7.825318025425076485e-04
7.864789222367107868e-04
7.380146998912096024e-04
7.354882545769214630e-04
7.425004150718450546e-04
7.330691441893577576e-04
7.365452474914491177e-04
7.318520802073180676e-04
7.311949157156050205e-04
7.518322090618312359e-04
7.407776429317891598e-04
7.516925688832998276e-04
7.360259187407791615e-04
8.700790349394083023e-04
7.731573423370718956e-04
7.394751301035284996e-04
8.842305978760123253e-04
7.677482208237051964e-04
7.333292742259800434e-04
1.010574284009635448e-03
7.315106922760605812e-04
7.366999634541571140e-04
7.299538701772689819e-04
1.029606093652546406e-03
7.373907137662172318e-04
7.277961703948676586e-04
7.282282458618283272e-04
7.457295432686805725e-04
8.016359061002731323e-04
7.275355164892971516e-04
7.575550116598606110e-04
8.006932912394404411e-04
7.441405323334038258e-04
8.159831631928682327e-04
7.373350672423839569e-04
7.529176655225455761e-04
7.437557796947658062e-04
7.262928993441164494e-04
7.470761192962527275e-04
8.580661378800868988e-04
7.592175970785319805e-04
7.283109589479863644e-04
1.043491181917488575e-03
7.329201907850801945e-04
7.247669273056089878e-04
7.228999165818095207e-04
7.408628007397055626e-04
7.352128159254789352e-04
7.484223460778594017e-04
7.287781336344778538e-04
7.271922077052295208e-04
9.485628106631338596e-04
7.522195810452103615e-04
7.273710216395556927e-04
7.233079522848129272e-04
7.810395327396690845e-04
7.397622102871537209e-04
7.352188695222139359e-04
7.351571694016456604e-04
9.067495120689272881e-04
7.201464613899588585e-04
7.225456065498292446e-04
7.257894612848758698e-04
7.276333635672926903e-04
7.467952673323452473e-04
7.245095330290496349e-04
7.183719426393508911e-04
7.204228313639760017e-04
8.219969458878040314e-04
7.853987626731395721e-04
7.261172868311405182e-04
7.307388004846870899e-04
8.603732567280530930e-04
7.170994067564606667e-04
7.251155911944806576e-04
8.055122452788054943e-04
7.994018378667533398e-04
7.163555710576474667e-04
7.192574557848274708e-04
7.769165094941854477e-04
8.187240455299615860e-04
7.187722949311137199e-04
7.186926668509840965e-04
7.339816656894981861e-04
7.794092525728046894e-04
7.182727567851543427e-04
7.157078944146633148e-04
7.482932414859533310e-04
8.723351056687533855e-04
7.376263383775949478e-04
7.163708796724677086e-04
7.141985697671771049e-04
7.376339635811746120e-04
7.280915742740035057e-04
7.215005462057888508e-04
7.130713202059268951e-04
7.713516824878752232e-04
8.524734294041991234e-04
7.244208245538175106e-04
7.146160351112484932e-04
7.125598494894802570e-04
7.513572345487773418e-04
7.125511765480041504e-04
7.248461479321122169e-04
7.109089056029915810e-04
8.519698167219758034e-04
7.322318851947784424e-04
7.105242693796753883e-04
7.121642120182514191e-04
7.096653571352362633e-04
8.161084842868149281e-04
7.802771287970244884e-04
7.134322659112513065e-04
7.234924123622477055e-04
8.701856131665408611e-04
7.329570362344384193e-04
7.238715188577771187e-04
8.381209336221218109e-04
7.118125795386731625e-04
7.290610810741782188e-04
8.395412005484104156e-04
7.394163985736668110e-04
7.198746316134929657e-04
9.551367256790399551e-04
7.141773239709436893e-04
7.050377898849546909e-04
7.439117180183529854e-04
7.048250990919768810e-04
7.145357085391879082e-04
7.097862544469535351e-04
9.597043972462415695e-04
7.067453698255121708e-04
7.148419972509145737e-04
7.085540564730763435e-04
7.523305248469114304e-04
7.385332137346267700e-04
7.160113309510052204e-04
7.119491347111761570e-04
8.105565793812274933e-04
7.589791202917695045e-04
7.180892862379550934e-04
7.018543547019362450e-04
9.605042287148535252e-04
7.607446750625967979e-04
7.146170246414840221e-04
7.028223481029272079e-04
7.004878716543316841e-04
7.048920379020273685e-04
8.948398171924054623e-04
7.424482028000056744e-04
7.065594545565545559e-04
7.066721445880830288e-04
8.445588755421340466e-04
7.225024164654314518e-04
7.046804530546069145e-04
7.008825195953249931e-04
7.687116740271449089e-04
7.439490873366594315e-04
7.144691189751029015e-04
7.039614720270037651e-04
9.756445651873946190e-04
6.973937270231544971e-04
7.014042930677533150e-04
7.136699277907609940e-04
8.327342802658677101e-04
6.998761673457920551e-04
6.964572821743786335e-04
7.822614279575645924e-04
7.835914730094373226e-04
6.959699676372110844e-04
6.961142644286155701e-04
6.973873823881149292e-04
9.513248223811388016e-04
7.297738920897245407e-04
7.015790906734764576e-04
6.959006423130631447e-04
6.944240303710103035e-04
6.953191477805376053e-04
9.704435360617935658e-04
6.960496539250016212e-04
7.044387748464941978e-04
6.987369270063936710e-04
8.197221322916448116e-04
7.494549499824643135e-04
7.097776979207992554e-04
7.003115606494247913e-04
9.685413097031414509e-04
7.330569205805659294e-04
6.915496778674423695e-04
6.927245412953197956e-04
7.308289641514420509e-04
8.370556752197444439e-04
7.143934490159153938e-04
6.908499635756015778e-04
6.901925080455839634e-04
7.109473808668553829e-04
7.240171544253826141e-04
6.937539437785744667e-04
6.925661000423133373e-04
6.929383962415158749e-04
7.617312367074191570e-04
7.687485194765031338e-04
6.911215605214238167e-04
6.914059631526470184e-04
7.013758295215666294e-04
7.025950471870601177e-04
7.079712813720107079e-04
6.889412179589271545e-04
6.890500662848353386e-04
6.911564269103109837e-04
1.039445283822715282e-03
7.005876977927982807e-04
6.930886302143335342e-04
6.934283301234245300e-04
8.546867175027728081e-04
7.404703064821660519e-04
6.995244766585528851e-04
6.874888204038143158e-04
1.239371020346879959e-03
7.491013966500759125e-04
6.909273215569555759e-04
6.865034811198711395e-04
6.848355405963957310e-04
7.528606220148503780e-04
7.590421591885387897e-04
6.879223510622978210e-04
6.876289262436330318e-04
7.060681818984448910e-04
7.400684989988803864e-04
6.951738032512366772e-04
6.834084051661193371e-04
6.831573555245995522e-04
6.934934644959867001e-04
6.843084120191633701e-04
6.842869333922863007e-04
6.831769715063273907e-04
6.816186360083520412e-04
6.932015530765056610e-04
7.378295995295047760e-04
7.097588968463242054e-04
6.807247991673648357e-04
6.919968291185796261e-04
8.967416360974311829e-04
6.939995801076292992e-04
6.933962577022612095e-04
7.451252895407378674e-04
7.253091898746788502e-04
6.957794539630413055e-04
6.892719538882374763e-04
8.960547274909913540e-04
7.028304971754550934e-04
6.950059905648231506e-04
7.595240604132413864e-04
7.046717219054698944e-04
6.880199071019887924e-04
7.273770170286297798e-04
6.858758861199021339e-04
6.966951768845319748e-04
7.041475037112832069e-04
6.820670096203684807e-04
6.868319469504058361e-04
6.766219739802181721e-04
6.961100152693688869e-04
7.646135054528713226e-04
6.791363121010363102e-04
6.776106893084943295e-04
6.823173607699573040e-04
6.772367632947862148e-04
7.235932862386107445e-04
6.783131393603980541e-04
6.763003184460103512e-04
6.756018265150487423e-04
6.857007974758744240e-04
8.144956664182245731e-04
6.975727155804634094e-04
6.832857034169137478e-04
6.946793291717767715e-04
7.342999451793730259e-04
6.850400823168456554e-04
6.734012276865541935e-04
7.986722630448639393e-04
7.553804898634552956e-04
6.726421415805816650e-04
6.760403048247098923e-04
7.462106295861303806e-04
7.867193780839443207e-04
6.770961335860192776e-04
6.763023557141423225e-04
6.970741669647395611e-04
7.222582353278994560e-04
6.713685579597949982e-04
6.936324643902480602e-04
8.180711301974952221e-04
7.050568237900733948e-04
6.801804411225020885e-04
9.483967442065477371e-04
6.772935739718377590e-04
6.735912174917757511e-04
6.781509146094322205e-04
9.516461868770420551e-04
6.735127535648643970e-04
6.699028890579938889e-04
7.013593567535281181e-04
7.034126319922506809e-04
6.707446882501244545e-04
7.144044502638280392e-04
6.696595810353755951e-04
6.679439102299511433e-04
7.351086242124438286e-04
6.743161939084529877e-04
6.682568346150219440e-04
7.637597736902534962e-04
6.966115324757993221e-04
6.722341640852391720e-04
7.810948300175368786e-04
6.912055541761219501e-04
6.671464070677757263e-04
6.832166691310703754e-04
8.097421377897262573e-04
6.941107567399740219e-04
6.680805236101150513e-04
6.663913372904062271e-04
6.652361480519175529e-04
6.682094535790383816e-04
8.946565212681889534e-04
6.726834690198302269e-04
6.702858954668045044e-04
6.645187386311590672e-04
6.648976122960448265e-04
6.841332069598138332e-04
6.649686838500201702e-04
6.808228790760040283e-04
6.635359022766351700e-04
6.830992060713469982e-04
7.684358279220759869e-04
6.630528951063752174e-04
6.779493414796888828e-04
8.120256243273615837e-04
7.185514550656080246e-04
6.808644393458962440e-04
7.033614674583077431e-04
6.706636049784719944e-04
6.618883344344794750e-04
7.148795993998646736e-04
6.662987289018929005e-04
6.816738750785589218e-04
6.851587095297873020e-04
6.617229664698243141e-04
6.735920323990285397e-04
6.609390839003026485e-04
6.747241131961345673e-04
8.499822579324245453e-04
6.602621288038790226e-04
6.629492854699492455e-04
6.602644571103155613e-04
1.493691583164036274e-03
6.606883835047483444e-04
6.706306012347340584e-04
6.594337173737585545e-04
6.594374426640570164e-04
6.590886623598635197e-04
6.703852559439837933e-04
8.017783984541893005e-04
6.755105569027364254e-04
6.656399345956742764e-04
7.115959888324141502e-04
6.579566979780793190e-04
6.579479668289422989e-04
7.286475738510489464e-04
6.987730739638209343e-04
6.776478257961571217e-04
6.582977366633713245e-04
1.004154328256845474e-03
6.611334392800927162e-04
6.616750033572316170e-04
6.571338744834065437e-04
6.634309538640081882e-04
7.735434919595718384e-04
6.741020479239523411e-04
6.632004515267908573e-04
6.588688702322542667e-04
7.243409636430442333e-04
6.849697674624621868e-04
6.741417455486953259e-04
6.587511743418872356e-04
1.001657918095588684e-03
6.579461041837930679e-04
6.612049764953553677e-04
6.563903880305588245e-04
6.574784638360142708e-04
9.596704039722681046e-04
6.627371767535805702e-04
6.558879977092146873e-04
6.542971241287887096e-04
6.564211216755211353e-04
9.042594465427100658e-04
6.743640988133847713e-04
6.557174492627382278e-04
6.606529350392520428e-04
9.133165003731846809e-04
6.698685465380549431e-04
6.530595710501074791e-04
6.840766873210668564e-04
6.531819235533475876e-04
6.723127444274723530e-04
6.527674850076436996e-04
8.547349716536700726e-04
6.946164648979902267e-04
6.553041748702526093e-04
6.514277192763984203e-04
6.625863607041537762e-04
7.227213936857879162e-04
6.906242924742400646e-04
6.543261115439236164e-04
6.511830142699182034e-04
6.499918526969850063e-04
6.532938568852841854e-04
8.664231863804161549e-04
6.507003563456237316e-04
6.499240989796817303e-04
6.505484343506395817e-04
6.517509464174509048e-04
8.904716232791543007e-04
6.771110347472131252e-04
6.488375365734100342e-04
6.744208512827754021e-04
7.435808656737208366e-04
6.829585181549191475e-04
6.640207138843834400e-04
7.989410660229623318e-04
6.583984359167516232e-04
6.506184581667184830e-04
7.445282535627484322e-04
6.756247603334486485e-04
6.521674804389476776e-04
7.731430814601480961e-04
6.732100155204534531e-04
6.498179282061755657e-04
6.820468697696924210e-04
8.432261529378592968e-04
6.706414860673248768e-04
6.512324325740337372e-04
6.466638296842575073e-04
6.458829739131033421e-04
9.310739114880561829e-04
6.495765410363674164e-04
6.456242408603429794e-04
6.487894570454955101e-04
6.448832573369145393e-04
6.525259814225137234e-04
6.787801976315677166e-04
6.864242604933679104e-04
6.448718486353754997e-04
6.453418754972517490e-04
6.451897206716239452e-04
6.542403134517371655e-04
8.286372176371514797e-04
6.474456167779862881e-04
6.438047275878489017e-04
7.437447202391922474e-04
7.011545239947736263e-04
6.626369431614875793e-04
6.433991366066038609e-04
9.181365603581070900e-04
6.608908297494053841e-04
6.548740202561020851e-04
6.422564038075506687e-04
6.420403951779007912e-04
6.467357743531465530e-04
8.800966315902769566e-04
6.736675859428942204e-04
6.484898622147738934e-04
6.443373858928680420e-04
7.073570741340517998e-04
6.519085145555436611e-04
6.474462570622563362e-04
7.116896449588239193e-04
6.433833041228353977e-04
7.240356062538921833e-04
6.411605863831937313e-04
6.914668483659625053e-04
6.790534825995564461e-04
7.391031831502914429e-04
6.413456867448985577e-04
7.703205919824540615e-04
6.630685529671609402e-04
6.527249352075159550e-04
8.026455761864781380e-04
7.121139788068830967e-04
6.389193586073815823e-04
6.510260864160954952e-04
8.409547735936939716e-04
6.863710004836320877e-04
6.588958203792572021e-04
7.381701143458485603e-04
6.406845641322433949e-04
7.306923507712781429e-04
6.377354729920625687e-04
7.899405318312346935e-04
6.932505639269948006e-04
6.555532454513013363e-04
7.144004921428859234e-04
6.371121853590011597e-04
7.031630375422537327e-04
6.502250907942652702e-04
6.371738854795694351e-04
1.443552318960428238e-03
6.396130775101482868e-04
6.498887669295072556e-04
6.382160936482250690e-04
6.358042592182755470e-04
6.369883194565773010e-04
7.067989790812134743e-04
6.746067083440721035e-04
6.562625640071928501e-04
6.357558304443955421e-04
9.499734733253717422e-04
6.352867931127548218e-04
6.413790397346019745e-04
6.354717188514769077e-04
6.376124219968914986e-04
1.030317042022943497e-03
6.861364236101508141e-04
6.410008063539862633e-04
6.371172494255006313e-04
6.625753012485802174e-04
6.582160713151097298e-04
6.382110295817255974e-04
6.423580925911664963e-04
8.306559175252914429e-04
6.922358297742903233e-04
6.328966701403260231e-04
6.507569923996925354e-04
8.173144888132810593e-04
6.684696418233215809e-04
6.421987782232463360e-04
8.700215839780867100e-04
6.323169800452888012e-04
6.319475942291319370e-04
7.017620955593883991e-04
6.688119610771536827e-04
6.523646879941225052e-04
6.334866629913449287e-04
9.663337259553372860e-04
6.313538178801536560e-04
6.429745699279010296e-04
6.364131695590913296e-04
8.033916237764060497e-04
6.909942021593451500e-04
6.494247354567050934e-04
6.661119987256824970e-04
6.427876651287078857e-04
6.341697298921644688e-04
6.440900615416467190e-04
8.601215085946023464e-04
6.712668109685182571e-04
6.447089836001396179e-04
6.560252513736486435e-04
6.321760010905563831e-04
6.557344458997249603e-04
6.333794444799423218e-04
6.286300485953688622e-04
7.182474946603178978e-04
6.307602743618190289e-04
6.352770724333822727e-04
6.327396258711814880e-04
6.288914592005312443e-04
6.278865621425211430e-04
6.281143869273364544e-04
6.627021357417106628e-04
6.281860405579209328e-04
6.527403602376580238e-04
6.366601446643471718e-04
7.620084797963500023e-04
6.670088623650372028e-04
6.307643488980829716e-04
8.110483177006244659e-04
6.839446723461151123e-04
6.458302377723157406e-04
6.767081213183701038e-04
6.304399576038122177e-04
6.262404494918882847e-04
6.877155392430722713e-04
6.292237085290253162e-04
6.307584117166697979e-04
6.771709886379539967e-04
6.482439348474144936e-04
6.676400080323219299e-04
6.850933423265814781e-04
6.569859106093645096e-04
6.572909187525510788e-04
6.250631413422524929e-04
6.477377610281109810e-04
6.281578680500388145e-04
6.245689000934362411e-04
1.116314902901649475e-03
7.492446457035839558e-04
6.241901428438723087e-04
6.239712820388376713e-04
6.244450923986732960e-04
6.234554457478225231e-04
6.483244942501187325e-04
6.493849796243011951e-04
6.244858377613127232e-04
6.284482660703361034e-04
6.272358587011694908e-04
7.654078071936964989e-04
6.909382645972073078e-04
6.392227951437234879e-04
6.222752854228019714e-04
6.225747638382017612e-04
1.422957400791347027e-03
6.377050303854048252e-04
6.255232146941125393e-04
6.221185321919620037e-04
6.219984497874975204e-04
6.215684697963297367e-04
6.214024033397436142e-04
6.216416368260979652e-04
6.339881801977753639e-04
8.131075883284211159e-04
6.215189350768923759e-04
6.210127612575888634e-04
6.640602368861436844e-04
6.903562461957335472e-04
6.203678785823285580e-04
6.239035283215343952e-04
6.314202910289168358e-04
8.839467773213982582e-04
6.208871491253376007e-04
6.203191587701439857e-04
6.553795537911355495e-04
6.419204291887581348e-04
6.275837076827883720e-04
6.191072170622646809e-04
6.491431267932057381e-04
6.518431473523378372e-04
6.210323190316557884e-04
6.358372629620134830e-04
8.142791339196264744e-04
6.692797178402543068e-04
6.336370715871453285e-04
7.728241616860032082e-04
6.492447573691606522e-04
6.421901634894311428e-04
7.984748808667063713e-04
6.639395724050700665e-04
6.202094955369830132e-04
9.098747977986931801e-04
6.325690774247050285e-04
6.189327104948461056e-04
6.303594564087688923e-04
8.672982803545892239e-04
6.382123683579266071e-04
6.319107487797737122e-04
6.680119549855589867e-04
6.312853656709194183e-04
6.405086605809628963e-04
6.249170401133596897e-04
8.101653074845671654e-04
6.684150430373847485e-04
6.316470098681747913e-04
7.633693167008459568e-04
6.423784652724862099e-04
6.469213985837996006e-04
7.540552760474383831e-04
6.373553187586367130e-04
6.480609881691634655e-04
7.429354591295123100e-04
6.291299941949546337e-04
6.648584967479109764e-04
6.733868503943085670e-04
6.431502988561987877e-04
7.967423298396170139e-04
6.570830009877681732e-04
6.143100326880812645e-04
8.731127600185573101e-04
6.141880876384675503e-04
6.136915762908756733e-04
6.168574909679591656e-04
6.148345419205725193e-04
7.481212378479540348e-04
7.062870427034795284e-04
6.131163099780678749e-04
6.166971288621425629e-04
6.569685647264122963e-04
7.187355076894164085e-04
6.215756293386220932e-04
6.166576058603823185e-04
6.170581909827888012e-04
7.973695173859596252e-04
6.789257167838513851e-04
6.223213858902454376e-04
6.208991981111466885e-04
8.697160519659519196e-04
6.405215826816856861e-04
6.205102545209228992e-04
6.134854047559201717e-04
9.986852528527379036e-04
6.156833260320127010e-04
6.186491809785366058e-04
6.142364582046866417e-04
6.237328634597361088e-04
6.553121493197977543e-04
6.238871137611567974e-04
6.163418875075876713e-04
6.113477866165339947e-04
7.089593564160168171e-04
6.945342756807804108e-04
6.176560418680310249e-04
6.222263909876346588e-04
7.691734354011714458e-04
6.557825836353003979e-04
6.152287242002785206e-04
8.088602917268872261e-04
6.615095771849155426e-04
6.254619802348315716e-04
7.501649670302867889e-04
6.299051456153392792e-04
6.661040242761373520e-04
6.453949608840048313e-04
7.369173690676689148e-04
6.260853842832148075e-04
7.271853392012417316e-04
6.200152565725147724e-04
7.775273988954722881e-04
6.485373596660792828e-04
6.133702700026333332e-04
8.965937304310500622e-04
6.123987841419875622e-04
6.195319583639502525e-04
6.090188981033861637e-04
6.082209874875843525e-04
1.201584818772971630e-03
6.916470592841506004e-04
6.189796258695423603e-04
6.071444367989897728e-04
6.063955370336771011e-04
6.063077016733586788e-04
9.995774598792195320e-04
7.832636474631726742e-04
6.283491966314613819e-04
6.061254534870386124e-04
6.057576974853873253e-04
6.057330756448209286e-04
6.057467544451355934e-04
6.333626806735992432e-04
6.066148634999990463e-04
6.340057007037103176e-04
6.143282516859471798e-04
6.277564098127186298e-04
6.365908775478601456e-04
6.351795163936913013e-04
6.152895512059330940e-04
6.524930940940976143e-04
6.066911737434566021e-04
6.058701546862721443e-04
6.542881601490080357e-04
6.408388726413249969e-04
6.537503795698285103e-04
6.445444305427372456e-04
6.353643257170915604e-04
6.450595101341605186e-04
6.036249105818569660e-04
6.311452598311007023e-04
7.548744324594736099e-04
6.426392355933785439e-04
6.250127917155623436e-04
8.306546951644122601e-04
6.275040213949978352e-04
6.258679204620420933e-04
7.485721725970506668e-04
6.266235141083598137e-04
6.470134831033647060e-04
6.907649221830070019e-04
6.037138518877327442e-04
6.572665297426283360e-04
7.626470178365707397e-04
6.256096530705690384e-04
6.016627303324639797e-04
6.027338095009326935e-04
6.242402596399188042e-04
6.276248022913932800e-04
6.068286020308732986e-04
6.038536084815859795e-04
6.025605835020542145e-04
6.104066269472241402e-04
6.938875885680317879e-04
6.098564481362700462e-04
6.082049221731722355e-04
6.031355005688965321e-04
6.113415583968162537e-04
7.473937585018575191e-04
6.413101218640804291e-04
5.999262793920934200e-04
6.066361092962324619e-04
8.133332012221217155e-04
6.596264429390430450e-04
6.035189726389944553e-04
6.198983755894005299e-04
7.094899774529039860e-04
6.006401963531970978e-04
6.029996438883244991e-04
6.261648959480226040e-04
6.879392894916236401e-04
6.227483390830457211e-04
5.988212651573121548e-04
5.987801123410463333e-04
6.210820865817368031e-04
6.363745778799057007e-04
6.243017269298434258e-04
6.059724255464971066e-04
6.907564238645136356e-04
6.101647741161286831e-04
5.977815599180757999e-04
6.842910079285502434e-04
6.958983140066266060e-04
5.988474003970623016e-04
5.988803459331393242e-04
5.972892395220696926e-04
1.208432600833475590e-03
7.049500709399580956e-04
6.126464577391743660e-04
5.991077050566673279e-04
5.971707869321107864e-04
5.968085024505853653e-04
6.002204609103500843e-04
9.077882277779281139e-04
6.078594597056508064e-04
5.989260389469563961e-04
6.084351334720849991e-04
8.592897211201488972e-04
6.215118919499218464e-04
6.104061030782759190e-04
6.294059567153453827e-04
5.959504633210599422e-04
6.224476383067667484e-04
6.030551739968359470e-04
6.047412753105163574e-04
7.847892702557146549e-04
6.326861912384629250e-04
5.982289439998567104e-04
5.949271726422011852e-04
6.554581341333687305e-04
6.724254344590008259e-04
5.968298646621406078e-04
5.942176212556660175e-04
6.239583017304539680e-04
5.975228268653154373e-04
6.239149952307343483e-04
6.038419669494032860e-04
6.501661264337599277e-04
5.968353361822664738e-04
6.075045675970613956e-04
6.019591237418353558e-04
8.805133402347564697e-04
6.159980548545718193e-04
5.966679891571402550e-04
5.963395233266055584e-04
7.568966830149292946e-04
6.726524443365633488e-04
6.109792157076299191e-04
5.964801530353724957e-04
5.923418793827295303e-04
6.470907828770577908e-04
7.376556750386953354e-04
6.281871465034782887e-04
5.935485824011266232e-04
5.923409480601549149e-04
5.917574162594974041e-04
5.947430618107318878e-04
7.860487094148993492e-04
6.618377519771456718e-04
5.997092812322080135e-04
6.053154938854277134e-04
7.778010913170874119e-04
5.980058340355753899e-04
5.928382743149995804e-04
6.772720953449606895e-04
6.118486053310334682e-04
5.995341343805193901e-04
6.529521197080612183e-04
6.050256197340786457e-04
6.496146088466048241e-04
6.236046319827437401e-04
5.902420380152761936e-04
8.450063760392367840e-04
7.048470433801412582e-04
5.906588630750775337e-04
5.923553253524005413e-04
5.897011724300682545e-04
5.894645582884550095e-04
5.924280267208814621e-04
8.925840375013649464e-04
6.055206176824867725e-04
5.929837934672832489e-04
5.946131423115730286e-04
8.408438297919929028e-04
6.288078147917985916e-04
5.927286110818386078e-04
5.897937808185815811e-04
6.461149314418435097e-04
7.697822293266654015e-04
6.170174456201493740e-04
5.886281724087893963e-04
5.881284596398472786e-04
5.888633313588798046e-04
1.377711654640734196e-03
6.148070096969604492e-04
5.919408868066966534e-04
5.877562216483056545e-04
5.879025557078421116e-04
5.912604392506182194e-04
8.453851332888007164e-04
6.283121183514595032e-04
5.870439345017075539e-04
6.118165911175310612e-04
7.344983750954270363e-04
6.163230864331126213e-04
5.901030963286757469e-04
1.065709278918802738e-03
6.345903384499251842e-04
5.863644182682037354e-04
5.861722747795283794e-04
6.115897558629512787e-04
5.895284703001379967e-04
6.121202604845166206e-04
5.882284604012966156e-04
5.957537796348333359e-04
8.372085285373032093e-04
6.185570382513105869e-04
5.946404417045414448e-04
5.872378242202103138e-04
9.842836298048496246e-04
5.896585062146186829e-04
5.911730695515871048e-04
5.864223930984735489e-04
5.857673822902143002e-04
1.261104131117463112e-03
6.709732115268707275e-04
5.898183444514870644e-04
5.870107561349868774e-04
5.854889168404042721e-04
6.018956773914396763e-04
6.806026794947683811e-04
6.126498337835073471e-04
5.945724551565945148e-04
6.148118991404771805e-04
6.281202659010887146e-04
5.892388289794325829e-04
5.885937716811895370e-04
6.912812241353094578e-04
7.169457967393100262e-04
5.973002407699823380e-04
5.884862039238214493e-04
5.840986850671470165e-04
9.694236796349287033e-04
6.056512356735765934e-04
5.867115105502307415e-04
5.851965979672968388e-04
5.852166214026510715e-04
7.245372398756444454e-04
6.709640147164463997e-04
5.883729900233447552e-04
6.008589407429099083e-04
7.822713232599198818e-04
6.218591588549315929e-04
5.906378501094877720e-04
8.816568297334015369e-04
5.823040846735239029e-04
5.842628306709229946e-04
6.333542405627667904e-04
5.892705521546304226e-04
5.827089189551770687e-04
6.426728796213865280e-04
5.859517841599881649e-04
5.948220496065914631e-04
5.919489194639027119e-04
9.055278496816754341e-04
5.896587390452623367e-04
5.823213141411542892e-04
6.060812156647443771e-04
7.321591256186366081e-04
5.937846726737916470e-04
6.121924379840493202e-04
6.796850357204675674e-04
6.056472193449735641e-04
5.812516319565474987e-04
1.209470909088850021e-03
6.708088913001120090e-04
5.912857595831155777e-04
5.808813148178160191e-04
5.794772296212613583e-04
6.005732575431466103e-04
5.808561109006404877e-04
5.877402145415544510e-04
5.834627081640064716e-04
5.791129660792648792e-04
6.184093654155731201e-04
7.866004598326981068e-04
6.090332753956317902e-04
5.840139929205179214e-04
5.795924225822091103e-04
5.789197748526930809e-04
8.961909916251897812e-04
5.797589547000825405e-04
5.782882799394428730e-04
5.816396442241966724e-04
5.778449121862649918e-04
6.022574962116777897e-04
7.560108788311481476e-04
6.123982020653784275e-04
5.820533842779695988e-04
5.778019549325108528e-04
5.780747160315513611e-04
6.403643055818974972e-04
6.876572151668369770e-04
5.786160472780466080e-04
5.814318428747355938e-04
5.862365942448377609e-04
9.259096113964915276e-04
5.834268522448837757e-04
5.868154694326221943e-04
5.788399139419198036e-04
9.125421056523919106e-04
5.778243066743016243e-04
5.770808784291148186e-04
5.786450346931815147e-04
5.776964244432747364e-04
8.026635041460394859e-04
6.033981917425990105e-04
5.890138563700020313e-04
5.757726030424237251e-04
5.861126119270920753e-04
8.764028316363692284e-04
5.758802290074527264e-04
5.766631802543997765e-04
6.298373918980360031e-04
5.754905287176370621e-04
5.795335164293646812e-04
6.161016062833368778e-04
6.595210288651287556e-04
6.121000042185187340e-04
6.175260641612112522e-04
6.216915207915008068e-04
5.784878740087151527e-04
6.178927142173051834e-04
5.802513915114104748e-04
5.828267894685268402e-04
5.818836507387459278e-04
8.198387222364544868e-04
6.128817331045866013e-04
5.873960908502340317e-04
5.781827494502067566e-04
6.452095694839954376e-04
6.114447605796158314e-04
5.951517960056662560e-04
5.824365071021020412e-04
8.350346470251679420e-04
6.135303410701453686e-04
5.827933200635015965e-04
5.729577969759702682e-04
6.420876015909016132e-04
5.768927512690424919e-04
5.736447055824100971e-04
5.758104962296783924e-04
5.727924872189760208e-04
5.725458031520247459e-04
5.723995273001492023e-04
5.724328802898526192e-04
6.430197390727698803e-04
7.297156844288110733e-04
5.912327906116843224e-04
5.743000074289739132e-04
5.773841985501348972e-04
8.182845194824039936e-04
6.223833188414573669e-04
5.719771143049001694e-04
5.942950956523418427e-04
7.433609571307897568e-04
5.788350244984030724e-04
5.986390751786530018e-04
7.373022963292896748e-04
6.071500829420983791e-04
5.970518104732036591e-04
7.965101976878941059e-04
6.005027098581194878e-04
5.941552226431667805e-04
7.564341649413108826e-04
6.110212416388094425e-04
5.706893280148506165e-04
8.271420956589281559e-04
5.756664904765784740e-04
5.836898926645517349e-04
5.707252421416342258e-04
5.707208765670657158e-04
5.778208724223077297e-04
9.381169802509248257e-04
5.867034778930246830e-04
5.800449289381504059e-04
5.726427771151065826e-04
9.125720825977623463e-04
5.728277028538286686e-04
5.829136935062706470e-04
5.753244622610509396e-04
6.643526139669120312e-04
6.246797274798154831e-04
5.891613545827567577e-04
5.734908045269548893e-04
9.576636948622763157e-04
5.693263956345617771e-04
5.806990666314959526e-04
5.719306645914912224e-04
8.059338433668017387e-04
6.246537668630480766e-04
5.687124794349074364e-04
5.768380942754447460e-04
8.197116549126803875e-04
6.178354378789663315e-04
5.680102040059864521e-04
5.816754419356584549e-04
8.491987828165292740e-04
5.939140100963413715e-04
5.754077574238181114e-04
5.683957715518772602e-04
1.346531091257929802e-03
6.336510414257645607e-04
5.698156310245394707e-04
5.676076980307698250e-04
5.676317960023880005e-04
5.668399389833211899e-04
6.222447264008224010e-04
7.289384375326335430e-04
5.902917473576962948e-04
5.669171223416924477e-04
5.685233045369386673e-04
6.299694068729877472e-04
6.542939809150993824e-04
5.667243967764079571e-04
5.663444753736257553e-04
6.004644674248993397e-04
5.870033055543899536e-04
5.763430381193757057e-04
5.669911042787134647e-04
5.914384964853525162e-04
7.477260660380125046e-04
6.008679047226905823e-04
5.703386850655078888e-04
5.653265980072319508e-04
5.662933108396828175e-04
6.432336522266268730e-04
6.872600642964243889e-04
5.666443612426519394e-04
5.678695742972195148e-04
5.857914220541715622e-04
6.912894314154982567e-04
5.709326360374689102e-04
5.642714095301926136e-04
6.411996437236666679e-04
6.793768261559307575e-04
5.646757781505584717e-04
5.657976726070046425e-04
5.984713789075613022e-04
5.945685552433133125e-04
5.675479769706726074e-04
5.764334346167743206e-04
7.830910617485642433e-04
6.294945487752556801e-04
5.728647811338305473e-04
5.699152243323624134e-04
9.552707197144627571e-04
6.154852453619241714e-04
5.630138330161571503e-04
5.637978320010006428e-04
5.681675975210964680e-04
7.372545078396797180e-04
5.741209606640040874e-04
5.679809255525469780e-04
5.626415368169546127e-04
5.629426450468599796e-04
5.785173270851373672e-04
5.890891188755631447e-04
5.801160586997866631e-04
5.655284621752798557e-04
5.621470045298337936e-04
5.775306490249931812e-04
6.322402623482048512e-04
6.100830505602061749e-04
5.685698124580085278e-04
5.617265705950558186e-04
5.617363494820892811e-04
5.961931892670691013e-04
6.019503925926983356e-04
5.614270921796560287e-04
5.663765477947890759e-04
5.613634712062776089e-04
6.351819611154496670e-04
7.528021815232932568e-04
5.734494188800454140e-04
5.652559339068830013e-04
5.615084082819521427e-04
5.609020008705556393e-04
9.319948730990290642e-04
5.825392436236143112e-04
5.674705607816576958e-04
5.611152155324816704e-04
5.621533491648733616e-04
6.135135772638022900e-04
5.887091974727809429e-04
5.795065080747008324e-04
5.697289598174393177e-04
6.260397494770586491e-04
5.789222777821123600e-04
5.830202717334032059e-04
5.599174182862043381e-04
8.092963835224509239e-04
5.804962711408734322e-04
5.722871865145862103e-04
5.592462257482111454e-04
5.717228632420301437e-04
8.082998101599514484e-04
5.594995454885065556e-04
5.586858023889362812e-04
6.285939016379415989e-04
5.961646093055605888e-04
5.815945332869887352e-04
5.678762099705636501e-04
7.938917842693626881e-04
6.094701820984482765e-04
5.788514972664415836e-04
6.951241521164774895e-04
5.726693780161440372e-04
6.155215087346732616e-04
6.161110941320657730e-04
5.767889670096337795e-04
8.257127483375370502e-04
5.639488808810710907e-04
5.628048675134778023e-04
6.024400354363024235e-04
5.728679243475198746e-04
5.578094278462231159e-04
5.989706842228770256e-04
6.345307920128107071e-04
5.966169410385191441e-04
5.915176006965339184e-04
6.531554390676319599e-04
5.573395173996686935e-04
5.836519994772970676e-04
7.443025242537260056e-04
5.988588673062622547e-04
5.571044748649001122e-04
6.254748441278934479e-04
7.145440904423594475e-04
5.744451191276311874e-04
5.613208631984889507e-04
5.562698934227228165e-04
5.558459088206291199e-04
5.601375014521181583e-04
1.015618559904396534e-03
6.079878658056259155e-04
5.555300740525126457e-04
5.555275129154324532e-04
5.635711713694036007e-04
6.688480498269200325e-04
5.560935824178159237e-04
5.568683263845741749e-04
5.553244263865053654e-04
5.641069728881120682e-04
8.670236566103994846e-04
5.583488382399082184e-04
5.547128384932875633e-04
6.032189703546464443e-04
5.578490090556442738e-04
5.802380037494003773e-04
5.596660776063799858e-04
7.899858173914253712e-04
6.150155095383524895e-04
5.675614811480045319e-04
5.543968291021883488e-04
9.370666230097413063e-04
6.679504294879734516e-04
5.620390875265002251e-04
5.540602724067866802e-04
5.542667931877076626e-04
5.535549134947359562e-04
5.564729799516499043e-04
1.031300169415771961e-03
5.588706699199974537e-04
5.533717921935021877e-04
5.548088811337947845e-04
5.546593456529080868e-04
6.083792541176080704e-04
5.697257001884281635e-04
5.782748339697718620e-04
5.634699482470750809e-04
7.386127253994345665e-04
6.025444599799811840e-04
5.565895116887986660e-04
8.201324380934238434e-04
5.998542765155434608e-04
5.546460743062198162e-04
5.760128842666745186e-04
6.477458518929779530e-04
5.597475101239979267e-04
5.518242251127958298e-04
6.413959199562668800e-04
6.842465372756123543e-04
5.551771610043942928e-04
5.555834504775702953e-04
5.715781589969992638e-04
7.046725368127226830e-04
5.576509283855557442e-04
5.518932011909782887e-04
6.522612529806792736e-04
6.212263833731412888e-04
5.678687011823058128e-04
5.627996288239955902e-04
8.123319130390882492e-04
5.899459938518702984e-04
5.704876966774463654e-04
6.467144703492522240e-04
5.658529116772115231e-04
5.532280192710459232e-04
6.564815994352102280e-04
5.662243929691612720e-04
5.500881816260516644e-04
6.607696996070444584e-04
6.454706308431923389e-04
5.555134266614913940e-04
5.587211344391107559e-04
6.799623370170593262e-04
6.382291903719305992e-04
5.594726535491645336e-04
5.652022082358598709e-04
7.874155999161303043e-04
5.940939881838858128e-04
5.678884335793554783e-04
7.463834481313824654e-04
5.941936396993696690e-04
5.488839233294129372e-04
6.836576503701508045e-04
6.158757023513317108e-04
5.490027251653373241e-04
5.493960925377905369e-04
5.485112196765840054e-04
5.566654144786298275e-04
9.101822506636381149e-04
5.558607517741620541e-04
5.582689773291349411e-04
5.497300880961120129e-04
8.443973492830991745e-04
5.485385772772133350e-04
5.479924730025231838e-04
5.516925593838095665e-04
5.490788607858121395e-04
6.684379186481237411e-04
6.602135254070162773e-04
5.475713987834751606e-04
5.480629042722284794e-04
5.499472608789801598e-04
1.102762995287775993e-03
5.486639565788209438e-04
5.550144123844802380e-04
5.472452612593770027e-04
5.471572512760758400e-04
5.554238450713455677e-04
8.944531437009572983e-04
5.492429481819272041e-04
5.543087027035653591e-04
5.587366758845746517e-04
8.961821440607309341e-04
5.471060867421329021e-04
5.520880804397165775e-04
5.660753813572227955e-04
7.643563440069556236e-04
5.464465939439833164e-04
5.460941465571522713e-04
5.901348195038735867e-04
6.085619097575545311e-04
5.459676613099873066e-04
5.518081597983837128e-04
5.455055506899952888e-04
5.466261645779013634e-04
6.986196967773139477e-04
9.145421790890395641e-04
5.477774539031088352e-04
5.511410417966544628e-04
5.460594547912478447e-04
5.451478064060211182e-04
5.450040916912257671e-04
5.448843585327267647e-04
5.447648582048714161e-04
5.448935553431510925e-04
6.750657921656966209e-04
6.717219366692006588e-04
5.647110519930720329e-04
5.476119113154709339e-04
5.482652341015636921e-04
9.663667296990752220e-04
5.478071398101747036e-04
5.564098246395587921e-04
5.496990052051842213e-04
7.769290823489427567e-04
6.081406027078628540e-04
5.544655141420662403e-04
5.479179671965539455e-04
1.066460157744586468e-03
6.104697240516543388e-04
5.495336954481899738e-04
5.461819819174706936e-04
5.521619459614157677e-04
8.995258249342441559e-04
5.807165289297699928e-04
5.483906716108322144e-04
5.523663712665438652e-04
8.063277928158640862e-04
5.910198087804019451e-04
5.553434020839631557e-04
5.442531546577811241e-04
1.269602216780185699e-03
6.399338599294424057e-04
5.481332773342728615e-04
5.449223681353032589e-04
5.433291080407798290e-04
5.475205252878367901e-04
9.895112598314881325e-04
5.833613686263561249e-04
5.437933141365647316e-04
5.451370379887521267e-04
5.889611202292144299e-04
6.087712245061993599e-04
5.419091321527957916e-04
5.465135327540338039e-04
5.440404056571424007e-04
8.665125351399183273e-04
5.446680588647723198e-04
5.512285279110074043e-04
5.414694896899163723e-04
5.529623595066368580e-04
8.177820709533989429e-04
5.667813238687813282e-04
5.507926107384264469e-04
5.409008008427917957e-04
6.531135295517742634e-04
6.012702360749244690e-04
5.581246223300695419e-04
5.448714364320039749e-04
5.405818228609859943e-04
5.413289763964712620e-04
5.757035105489194393e-04
5.501634441316127777e-04
5.522927385754883289e-04
5.404486437328159809e-04
5.581544828601181507e-04
7.661954150535166264e-04
5.400644731707870960e-04
5.410622688941657543e-04
5.559686687774956226e-04
5.407180869951844215e-04
5.492549971677362919e-04
5.396381602622568607e-04
5.404190160334110260e-04
5.450269673019647598e-04
9.705552947707474232e-04
5.459851236082613468e-04
5.503962165676057339e-04
5.451671313494443893e-04
7.466720417141914368e-04
6.145606166683137417e-04
5.482571432366967201e-04
5.504484288394451141e-04
8.480092510581016541e-04
5.631814128719270229e-04
5.485411966219544411e-04
5.391846061684191227e-04
8.266051881946623325e-04
5.390783189795911312e-04
5.391180166043341160e-04
5.409342702478170395e-04
5.406516138464212418e-04
5.959983682259917259e-04
5.793440504930913448e-04
5.514731747098267078e-04
5.413227481767535210e-04
5.382377421483397484e-04
1.193890580907464027e-03
6.681406521238386631e-04
5.395119078457355499e-04
5.390002625063061714e-04
5.375999026000499725e-04
5.379787180572748184e-04
5.599230062216520309e-04
5.678150919266045094e-04
5.721708294004201889e-04
5.386326811276376247e-04
5.515637458302080631e-04
8.109941263683140278e-04
5.383745883591473103e-04
5.381988594308495522e-04
6.023070309311151505e-04
5.405440460890531540e-04
5.500566330738365650e-04
5.437694489955902100e-04
8.701258338987827301e-04
5.465309950523078442e-04
5.508551257662475109e-04
5.418006912805140018e-04
6.136976298876106739e-04
5.756635218858718872e-04
5.584275932051241398e-04
5.453494959510862827e-04
7.834017742425203323e-04
5.930061452090740204e-04
5.503018037416040897e-04
5.396897322498261929e-04
1.162796863354742527e-03
6.045241025276482105e-04
5.461170803755521774e-04
5.353273591026663780e-04
5.368757410906255245e-04
6.467216880992054939e-04
6.816635723225772381e-04
5.505845765583217144e-04
5.394252366386353970e-04
5.351399304345250130e-04
7.599706877954304218e-04
5.377932102419435978e-04
5.389659199863672256e-04
5.347313708625733852e-04
5.343760130926966667e-04
5.419316003099083900e-04
9.369357721880078316e-04
5.822511739097535610e-04
5.348871345631778240e-04
5.365056567825376987e-04
5.753668374381959438e-04
6.216156180016696453e-04
5.409377627074718475e-04
5.379431531764566898e-04
5.377935012802481651e-04
6.561757763847708702e-04
6.332495831884443760e-04
5.381035734899342060e-04
5.418712389655411243e-04
6.619989289902150631e-04
6.351608317345380783e-04
5.368918646126985550e-04
5.403846735134720802e-04
6.325919530354440212e-04
6.508830119855701923e-04
5.329134874045848846e-04
5.331360734999179840e-04
5.700061446987092495e-04
5.330783897079527378e-04
5.612672539427876472e-04
5.381854716688394547e-04
5.326721584424376488e-04
8.692331030033528805e-04
6.540003814734518528e-04
5.362516967579722404e-04
5.327489925548434258e-04
5.321995122358202934e-04
5.320952041074633598e-04
5.363805103115737438e-04
1.024636090733110905e-03
5.763577646575868130e-04
5.320565542206168175e-04
5.317730829119682312e-04
5.373828462325036526e-04
8.503873832523822784e-04
5.380645743571221828e-04
5.325964884832501411e-04
5.328066763468086720e-04
5.311433924362063408e-04
5.616135313175618649e-04
7.025641389191150665e-04
5.706836818717420101e-04
5.373098538257181644e-04
5.312460125423967838e-04
5.331448628567159176e-04
8.170921355485916138e-04
5.629767547361552715e-04
5.421041860245168209e-04
5.329772830009460449e-04
6.405214080587029457e-04
6.193466251716017723e-04
5.407065036706626415e-04
5.417811335064470768e-04
7.167099392972886562e-04
6.048996583558619022e-04
5.477055674418807030e-04
5.301392520777881145e-04
7.441765046678483486e-04
5.388556164689362049e-04
5.563676240853965282e-04
5.327193066477775574e-04
5.296324961818754673e-04
5.292296409606933594e-04
5.318692419677972794e-04
1.181611558422446251e-03
5.417834618128836155e-04
5.296743474900722504e-04
5.295358714647591114e-04
5.289393593557178974e-04
5.286422092467546463e-04
5.600972799584269524e-04
8.618850260972976685e-04
5.794002790935337543e-04
5.328134866431355476e-04
5.294990260154008865e-04
5.284698563627898693e-04
5.282649653963744640e-04
5.298578762449324131e-04
7.688945042900741100e-04
5.813071038573980331e-04
5.428566946648061275e-04
5.330631393007934093e-04
5.724112270399928093e-04
5.280517507344484329e-04
5.559645360335707664e-04
5.364095559343695641e-04
6.694665644317865372e-04
5.856773932464420795e-04
5.462528206408023834e-04
5.524245789274573326e-04
6.936069694347679615e-04
5.308044492267072201e-04
5.271499394439160824e-04
5.960494163446128368e-04
6.265164120122790337e-04
5.268875975161790848e-04
5.288337706588208675e-04
5.450457683764398098e-04
7.300293655134737492e-04
5.446765571832656860e-04
5.351434811018407345e-04
5.503304419107735157e-04
6.508360966108739376e-04
5.461539840325713158e-04
5.335119203664362431e-04
5.841617239639163017e-04
5.264164647087454796e-04
5.406904965639114380e-04
5.280192126519978046e-04
6.178685580380260944e-04
7.005646475590765476e-04
5.320466007106006145e-04
5.285641527734696865e-04
5.254416610114276409e-04
5.290518747642636299e-04
9.983673226088285446e-04
5.391211016103625298e-04
5.292027490213513374e-04
5.254439893178641796e-04
5.335458554327487946e-04
7.968874997459352016e-04
5.614192923530936241e-04
5.339531926438212395e-04
5.274373688735067844e-04
5.285706720314919949e-04
1.124935923144221306e-03
6.008275668136775494e-04
5.347374826669692993e-04
5.260640173219144344e-04
5.269746761769056320e-04
9.017518605105578899e-04
5.251030088402330875e-04
5.367753910832107067e-04
5.273790447972714901e-04
5.272689741104841232e-04
1.186880865134298801e-03
5.773663287982344627e-04
5.292768473736941814e-04
5.254808929748833179e-04
5.238325102254748344e-04
5.665160715579986572e-04
5.847284337505698204e-04
5.237180739641189575e-04
5.294974544085562229e-04
5.232733674347400665e-04
6.368081667460501194e-04
6.681000813841819763e-04
5.365189281292259693e-04
5.273013957776129246e-04
5.247864755801856518e-04
5.441826651804149151e-04
5.638001020997762680e-04
5.571409128606319427e-04
5.226574721746146679e-04
5.343356169760227203e-04
8.624009788036346436e-04
5.289680557325482368e-04
5.221901810728013515e-04
5.612294771708548069e-04
5.345261306501924992e-04
5.407012067735195160e-04
5.229199887253344059e-04
6.785920704714953899e-04
6.371779600158333778e-04
5.309542757458984852e-04
5.261526675894856453e-04
5.490622133947908878e-04
5.630710511468350887e-04
5.548913613893091679e-04
5.307538667693734169e-04
5.291501875035464764e-04
9.600344346836209297e-04
5.813076859340071678e-04
5.283044301904737949e-04
5.238737212494015694e-04
5.293921567499637604e-04
9.160012705251574516e-04
5.781020154245197773e-04
5.214617704041302204e-04
5.207048961892724037e-04
5.557305412366986275e-04
5.443239933811128139e-04
5.218587466515600681e-04
5.261740880087018013e-04
5.202646134421229362e-04
5.878994707018136978e-04
7.485590758733451366e-04
5.342760123312473297e-04
5.239670863375067711e-04
5.199320730753242970e-04
5.241977632977068424e-04
9.234125027433037758e-04
5.202667089179158211e-04
5.329106934368610382e-04
5.248361267149448395e-04
6.450664368458092213e-04
6.110647809691727161e-04
5.290762055665254593e-04
5.331597640179097652e-04
7.753624813631176949e-04
5.745770176872611046e-04
5.356827168725430965e-04
5.383509560488164425e-04
6.028863135725259781e-04
5.527471075765788555e-04
5.200205487199127674e-04
5.197657737880945206e-04
5.675615393556654453e-04
7.482892833650112152e-04
5.488169845193624496e-04
5.241435719653964043e-04
5.189818330109119415e-04
5.191773525439202785e-04
8.370689465664327145e-04
5.188278155401349068e-04
5.184472538530826569e-04
5.214653792791068554e-04
5.202447064220905304e-04
6.404171581380069256e-04
6.310719181783497334e-04
5.181531305424869061e-04
5.191109376028180122e-04
5.192841636016964912e-04
1.364515163004398346e-03
5.188611685298383236e-04
5.312764551490545273e-04
5.195450503379106522e-04
5.172622040845453739e-04
5.185187328606843948e-04
6.087348447181284428e-04
6.273874314501881599e-04
5.176179693080484867e-04
5.168881034478545189e-04
5.469142924994230270e-04
5.173980607651174068e-04
5.352899897843599319e-04
5.168551579117774963e-04
5.295685259625315666e-04
8.512317435815930367e-04
5.188121576793491840e-04
5.164283211342990398e-04
5.666863289661705494e-04
5.166798364371061325e-04
5.355924367904663086e-04
5.160612054169178009e-04
5.853619077242910862e-04
7.455318700522184372e-04
5.303931538946926594e-04
5.201498861424624920e-04
5.159334978088736534e-04
5.198924918659031391e-04
9.409104241058230400e-04
5.163333262316882610e-04
5.283084465190768242e-04
5.220508319325745106e-04
6.243395619094371796e-04
5.847290158271789551e-04
5.355610046535730362e-04
5.230694659985601902e-04
8.749433327466249466e-04
5.211392999626696110e-04
5.173218669369816780e-04
5.359031492844223976e-04
7.556987693533301353e-04
5.168625502847135067e-04
5.207227659411728382e-04
5.295537412166595459e-04
5.186368944123387337e-04
5.275745643302798271e-04
5.151415825821459293e-04
5.162286106497049332e-04
5.149886710569262505e-04
7.104880642145872116e-04
5.696813459508121014e-04
5.255292053334414959e-04
5.156584666110575199e-04
5.143315065652132034e-04
5.631828098557889462e-04
7.039060583338141441e-04
5.468349554575979710e-04
5.155180115252733231e-04
5.144382594153285027e-04
5.366384866647422314e-04
5.795354372821748257e-04
5.490588373504579067e-04
5.228933296166360378e-04
5.188040668144822121e-04
1.059941598214209080e-03
5.826199194416403770e-04
5.186550552025437355e-04
5.161428125575184822e-04
5.228233640082180500e-04
8.845959673635661602e-04
5.467141163535416126e-04
5.195463309064507484e-04
5.210606032051146030e-04
8.110353373922407627e-04
5.515148513950407505e-04
5.144674214534461498e-04
5.396143533289432526e-04
5.816761986352503300e-04
5.339542985893785954e-04
5.182791501283645630e-04
6.202528602443635464e-04
5.467770388349890709e-04
5.270248511806130409e-04
5.442561814561486244e-04
6.469105719588696957e-04
5.130146164447069168e-04
5.318642361089587212e-04
7.447821553796529770e-04
5.707027157768607140e-04
