2.429520245641469955e-03
2.067979658022522926e-03
1.964590512216091156e-03
1.922378083691000938e-03
1.899737282656133175e-03
1.888088998384773731e-03
1.878473558463156223e-03
1.871711923740804195e-03
1.865784754045307636e-03
1.860509044490754604e-03
1.855771639384329319e-03
1.851391978561878204e-03
1.847162959165871143e-03
1.843159203417599201e-03
1.839385135099291801e-03
1.835766946896910667e-03
1.832280657254159451e-03
1.828943262808024883e-03
1.825716928578913212e-03
1.822551712393760681e-03
1.819412340410053730e-03
1.816257950849831104e-03
1.813003444112837315e-03
1.809416571632027626e-03
1.805944833904504776e-03
1.802650978788733482e-03
1.799350255168974400e-03
1.796102151274681091e-03
1.792888389900326729e-03
1.789664034731686115e-03
1.786390785127878189e-03
1.782882260158658028e-03
1.778404577635228634e-03
1.774346688762307167e-03
1.770571107044816017e-03
1.766745117492973804e-03
1.762080122716724873e-03
1.757442601956427097e-03
1.753361430019140244e-03
1.749502494931221008e-03
1.745713176205754280e-03
1.741857733577489853e-03
1.737862359732389450e-03
1.734016812406480312e-03
1.730296644382178783e-03
1.726705115288496017e-03
1.723185065202414989e-03
1.719712163321673870e-03
1.716257189400494099e-03
1.712811179459095001e-03
1.709346775896847248e-03
1.705954666249454021e-03
1.702593173831701279e-03
1.699267537333071232e-03
1.695921295322477818e-03
1.692501013167202473e-03
1.688989228568971157e-03
1.685406430624425411e-03
1.681710360571742058e-03
1.677633961662650108e-03
1.673332531936466694e-03
1.669494551606476307e-03
1.665672985836863518e-03
1.661494839936494827e-03
1.657127286307513714e-03
1.652933075092732906e-03
1.648932578973472118e-03
1.645185984671115875e-03
1.641404349356889725e-03
1.638430519960820675e-03
1.635206048376858234e-03
1.631216029636561871e-03
1.628508325666189194e-03
1.626103767193853855e-03
1.622207812033593655e-03
1.620783936232328415e-03
1.617975765839219093e-03
1.614196691662073135e-03
1.612445572391152382e-03
1.610665465705096722e-03
1.607091515325009823e-03
1.605962519533932209e-03
1.602323143742978573e-03
1.600100309588015079e-03
1.596204354427754879e-03
1.593162189237773418e-03
1.590281026437878609e-03
1.589500578120350838e-03
1.589858438819646835e-03
1.585075864568352699e-03
1.580570708028972149e-03
1.579940901137888432e-03
1.578593044541776180e-03
1.576745416969060898e-03
1.574598718434572220e-03
1.569975866004824638e-03
1.567923929542303085e-03
1.569584943354129791e-03
1.563874655403196812e-03
1.562590361572802067e-03
1.563147176057100296e-03
1.558348070830106735e-03
1.555864000692963600e-03
1.554109621793031693e-03
1.552994363009929657e-03
1.548012718558311462e-03
1.550641958601772785e-03
1.544613041914999485e-03
1.541030127555131912e-03
1.547312713228166103e-03
1.537128002382814884e-03
1.535827992483973503e-03
1.534111215732991695e-03
1.531486283056437969e-03
1.528556458652019501e-03
1.526404055766761303e-03
1.526626874692738056e-03
1.525740721262991428e-03
1.523352926596999168e-03
1.521476893685758114e-03
1.520383171737194061e-03
1.513014081865549088e-03
1.516128657385706902e-03
1.509507652372121811e-03
1.506709028035402298e-03
1.507624634541571140e-03
1.503111794590950012e-03
1.501833670772612095e-03
1.499192207120358944e-03
1.498026656918227673e-03
1.497154706157743931e-03
1.494131167419254780e-03
1.498302677646279335e-03
1.489676651544868946e-03
1.487346249632537365e-03
1.489464542828500271e-03
1.487262547016143799e-03
1.483324333094060421e-03
1.480013947002589703e-03
1.482390798628330231e-03
1.475948956795036793e-03
1.474479213356971741e-03
1.473222859203815460e-03
1.474236720241606236e-03
1.469630165956914425e-03
1.468891045078635216e-03
1.468500471673905849e-03
1.465293462388217449e-03
1.462684827856719494e-03
1.460733241401612759e-03
1.458672690205276012e-03
1.458063255995512009e-03
1.456127618439495564e-03
1.454483019188046455e-03
1.457638689316809177e-03
1.454302808269858360e-03
1.453933538869023323e-03
1.452983706258237362e-03
1.447596703656017780e-03
1.447994960471987724e-03
1.447401824407279491e-03
1.448749681003391743e-03
1.444008667021989822e-03
1.443668385036289692e-03
1.440384075976908207e-03
1.452683354727923870e-03
1.438038772903382778e-03
1.436664490029215813e-03
1.444525667466223240e-03
1.434980309568345547e-03
1.433275057934224606e-03
1.447874354198575020e-03
1.431957352906465530e-03
1.431461889296770096e-03
1.429453841410577297e-03
1.429314143024384975e-03
1.428873860277235508e-03
1.427383627742528915e-03
1.424902351573109627e-03
1.424406538717448711e-03
1.424227957613766193e-03
1.422704895958304405e-03
1.420602318830788136e-03
1.432388788089156151e-03
1.420809421688318253e-03
1.419143285602331161e-03
1.417068415321409702e-03
1.415955368429422379e-03
1.414667000062763691e-03
1.414066646248102188e-03
1.415064907632768154e-03
1.421550754457712173e-03
1.411621225997805595e-03
1.409807591699063778e-03
1.412529731169342995e-03
1.407929812557995319e-03
1.411936362273991108e-03
1.411089673638343811e-03
1.407774863764643669e-03
1.403839909471571445e-03
1.404583570547401905e-03
1.402433845214545727e-03
1.400854205712676048e-03
1.412209705449640751e-03
1.399541972205042839e-03
1.399428350850939751e-03
1.397085492499172688e-03
1.402110909111797810e-03
1.396529027260839939e-03
1.401976798661053181e-03
1.396847655996680260e-03
1.392526668496429920e-03
1.397734275087714195e-03
1.390750403515994549e-03
1.389744691550731659e-03
1.399025088176131248e-03
1.388551783747971058e-03
1.388466334901750088e-03
1.391182537190616131e-03
1.391309429891407490e-03
1.384814037010073662e-03
1.383623224683105946e-03
1.395103405229747295e-03
1.381554524414241314e-03
1.380691304802894592e-03
1.386788557283580303e-03
1.381313079036772251e-03
1.380537287332117558e-03
1.382818329147994518e-03
1.375522115267813206e-03
1.374377985484898090e-03
1.401658519171178341e-03
1.377080683596432209e-03
1.372058759443461895e-03
1.371089951135218143e-03
1.375840045511722565e-03
1.373732811771333218e-03
1.370364101603627205e-03
1.369730569422245026e-03
1.375610707327723503e-03
1.369476900435984135e-03
1.368791912682354450e-03
1.364193973131477833e-03
1.366005279123783112e-03
1.367938355542719364e-03
1.366547425277531147e-03
1.363724819384515285e-03
1.359698246233165264e-03
1.362547976896166801e-03
1.361279399134218693e-03
1.357725821435451508e-03
1.362465671263635159e-03
1.360899303108453751e-03
1.358054927550256252e-03
1.354096224531531334e-03
1.379767316393554211e-03
1.356335240416228771e-03
1.352534745819866657e-03
1.351439277641475201e-03
1.359081827104091644e-03
1.355070038698613644e-03
1.350231468677520752e-03
1.348738209344446659e-03
1.348416320979595184e-03
1.347825396806001663e-03
1.354915788397192955e-03
1.350475242361426353e-03
1.345703261904418468e-03
1.344003132544457912e-03
1.360733760520815849e-03
1.343588577583432198e-03
1.342000090517103672e-03
1.344372169114649296e-03
1.342995092272758484e-03
1.345378579571843147e-03
1.339729409664869308e-03
1.341231632977724075e-03
1.337867928668856621e-03
1.337623340077698231e-03
1.350488513708114624e-03
1.336753950454294682e-03
1.334701082669198513e-03
1.334241591393947601e-03
1.342884614132344723e-03
1.336801680736243725e-03
1.331835286691784859e-03
1.336389454081654549e-03
1.336559071205556393e-03
1.331073231995105743e-03
1.329318736679852009e-03
1.328933751210570335e-03
1.330599887296557426e-03
1.328741083852946758e-03
1.330911181867122650e-03
1.327232690528035164e-03
1.327720936387777328e-03
1.328775426372885704e-03
1.324193784967064857e-03
1.327160280197858810e-03
1.327273319475352764e-03
1.328363432548940182e-03
1.323505537584424019e-03
1.321234041824936867e-03
1.328947837464511395e-03
1.327091129496693611e-03
1.321525895036756992e-03
1.319022965617477894e-03
1.318647293373942375e-03
1.323361066170036793e-03
1.323926611803472042e-03
1.318468013778328896e-03
1.316509558819234371e-03
1.332236919552087784e-03
1.318105147220194340e-03
1.315378001891076565e-03
1.316566020250320435e-03
1.319755567237734795e-03
1.314119901508092880e-03
1.316458103246986866e-03
1.312410924583673477e-03
1.317679998464882374e-03
1.314529799856245518e-03
1.312440494075417519e-03
1.310951542109251022e-03
1.318364636972546577e-03
1.315066008828580379e-03
1.310336636379361153e-03
1.308930688537657261e-03
1.309816143475472927e-03
1.309583429247140884e-03
1.314369030296802521e-03
1.306340447627007961e-03
1.305743935517966747e-03
1.311351195909082890e-03
1.305659534409642220e-03
1.306197722442448139e-03
1.306829974055290222e-03
1.304764999076724052e-03
1.305356738157570362e-03
1.311942120082676411e-03
1.306460937485098839e-03
1.303457422181963921e-03
1.301819109357893467e-03
1.302821445278823376e-03
1.308131031692028046e-03
1.307733240537345409e-03
1.299253199249505997e-03
1.299692550674080849e-03
1.314945635385811329e-03
1.300588133744895458e-03
1.297522219829261303e-03
1.300149015150964260e-03
1.300808740779757500e-03
1.301648793742060661e-03
1.296479720622301102e-03
1.298482646234333515e-03
1.295663067139685154e-03
1.294769812375307083e-03
1.295328256674110889e-03
1.294110435992479324e-03
1.294390647672116756e-03
1.305098878219723701e-03
1.298320596106350422e-03
1.298204064369201660e-03
1.292738714255392551e-03
1.292445929720997810e-03
1.290583633817732334e-03
1.297170645557343960e-03
1.292271190322935581e-03
1.290191197767853737e-03
1.292326836846768856e-03
1.289167557843029499e-03
1.293765264563262463e-03
1.287715509533882141e-03
1.296533271670341492e-03
1.289690029807388783e-03
1.287217484787106514e-03
1.292176195420324802e-03
1.293567824177443981e-03
1.286413869820535183e-03
1.284993370063602924e-03
1.285269856452941895e-03
1.296562026254832745e-03
1.289056031964719296e-03
1.288217841647565365e-03
1.282449928112328053e-03
1.306615071371197701e-03
1.283947029151022434e-03
1.284016529098153114e-03
1.281453412957489491e-03
1.286264858208596706e-03
1.280469237826764584e-03
1.280267839320003986e-03
1.294146873988211155e-03
1.282901270315051079e-03
1.278617070056498051e-03
1.286467420868575573e-03
1.279254443943500519e-03
1.278482726775109768e-03
1.281553180888295174e-03
1.280939788557589054e-03
1.278455834835767746e-03
1.277326722629368305e-03
1.280530123040080070e-03
1.275667455047369003e-03
1.279786811210215092e-03
1.285059959627687931e-03
1.275329967029392719e-03
1.274425419978797436e-03
1.273306668736040592e-03
1.279506250284612179e-03
1.278460142202675343e-03
1.271871500648558140e-03
1.283991150557994843e-03
1.273944042623043060e-03
1.278316252864897251e-03
1.271234708838164806e-03
1.272420282475650311e-03
1.279979711398482323e-03
1.272053807042539120e-03
1.269578002393245697e-03
1.283867633901536465e-03
1.273119472898542881e-03
1.267726649530231953e-03
1.271216548047959805e-03
1.268345280550420284e-03
1.275952672585844994e-03
1.268248190172016621e-03
1.267402665689587593e-03
1.269230269826948643e-03
1.267060637474060059e-03
1.269388594664633274e-03
1.265737926587462425e-03
1.267408137209713459e-03
1.265998580493032932e-03
1.272782450541853905e-03
1.269115833565592766e-03
1.267103361897170544e-03
1.264856546185910702e-03
1.264559570699930191e-03
1.262149191461503506e-03
1.267694053240120411e-03
1.269823289476335049e-03
1.262492616660892963e-03
1.260173507034778595e-03
1.267614890821278095e-03
1.262155012227594852e-03
1.258816686458885670e-03
1.268539810553193092e-03
1.264809980057179928e-03
1.259591896086931229e-03
1.260096323676407337e-03
1.257430063560605049e-03
1.274587586522102356e-03
1.259630545973777771e-03
1.256382092833518982e-03
1.255964278243482113e-03
1.267269719392061234e-03
1.259698532521724701e-03
1.256422954611480236e-03
1.256301300600171089e-03
1.256765564903616905e-03
1.261459896340966225e-03
1.255489303730428219e-03
1.252720481716096401e-03
1.253003138117492199e-03
1.269877073355019093e-03
1.255444716662168503e-03
1.252303132787346840e-03
1.251769834198057652e-03
1.252661691978573799e-03
1.252418034709990025e-03
1.262309495359659195e-03
1.255446928553283215e-03
1.249360735528171062e-03
1.269076135940849781e-03
1.248834538273513317e-03
1.249609165824949741e-03
1.249911845661699772e-03
1.250314060598611832e-03
1.257035997696220875e-03
1.250319066457450390e-03
1.246843487024307251e-03
1.261134981177747250e-03
1.251443056389689445e-03
1.247517066076397896e-03
1.245684572495520115e-03
1.247653504833579063e-03
1.244913320988416672e-03
1.270630629733204842e-03
1.244685379788279533e-03
1.244208542630076408e-03
1.249580527655780315e-03
1.243976992554962635e-03
1.248861313797533512e-03
1.246702973730862141e-03
1.243995968252420425e-03
1.242512138560414314e-03
1.250800094567239285e-03
1.245497725903987885e-03
1.244228449650108814e-03
1.242176862433552742e-03
1.248661777935922146e-03
1.240772078745067120e-03
1.241280115209519863e-03
1.248466665856540203e-03
1.249084016308188438e-03
1.240362180396914482e-03
1.239834935404360294e-03
1.241908990778028965e-03
1.244221697561442852e-03
1.245768275111913681e-03
1.239445293322205544e-03
1.242752769030630589e-03
1.237446325831115246e-03
1.266870880499482155e-03
1.237074844539165497e-03
1.239090110175311565e-03
1.237958553247153759e-03
1.237049116753041744e-03
1.241657650098204613e-03
1.242213649675250053e-03
1.239400589838624001e-03
1.238113385625183582e-03
1.235008588992059231e-03
1.260263845324516296e-03
1.234494382515549660e-03
1.234593219123780727e-03
1.234238967299461365e-03
1.256535295397043228e-03
1.234445022419095039e-03
1.236818847246468067e-03
1.232850598171353340e-03
1.235914067365229130e-03
1.233758521266281605e-03
1.232083071954548359e-03
1.231754897162318230e-03
1.244103186763823032e-03
1.237929449416697025e-03
1.233043964020907879e-03
1.232165843248367310e-03
1.235201722010970116e-03
1.231348142027854919e-03
1.239326782524585724e-03
1.238261000253260136e-03
1.231022179126739502e-03
1.229002489708364010e-03
1.231112168170511723e-03
1.232914975844323635e-03
1.239335746504366398e-03
1.230838592164218426e-03
1.228561624884605408e-03
1.236671931110322475e-03
1.237079384736716747e-03
1.226958585903048515e-03
1.226497697643935680e-03
1.241943798959255219e-03
1.232128706760704517e-03
1.228839857503771782e-03
1.227587112225592136e-03
1.242634956724941730e-03
1.225648098625242710e-03
1.228979788720607758e-03
1.227410393767058849e-03
1.230932772159576416e-03
1.223723054863512516e-03
1.227521919645369053e-03
1.228471519425511360e-03
1.223096158355474472e-03
1.263828016817569733e-03
1.222519087605178356e-03
1.222231308929622173e-03
1.222331542521715164e-03
1.221904531121253967e-03
1.242429716512560844e-03
1.224685693159699440e-03
1.223943894729018211e-03
1.224284176714718342e-03
1.223193714395165443e-03
1.220272388309240341e-03
1.226191176101565361e-03
1.219884026795625687e-03
1.222614664584398270e-03
1.219280995428562164e-03
1.293959445320069790e-03
1.221076003275811672e-03
1.220397534780204296e-03
1.218685531057417393e-03
1.218163874000310898e-03
1.218612887896597385e-03
1.219907775521278381e-03
1.218775170855224133e-03
1.217849086970090866e-03
1.220416626892983913e-03
1.218609744682908058e-03
1.216808101162314415e-03
1.216564909555017948e-03
1.216441858559846878e-03
1.218685065396130085e-03
1.222429797053337097e-03
1.216920441947877407e-03
1.215268974192440510e-03
1.216904725879430771e-03
1.215134980157017708e-03
1.217128010466694832e-03
1.217054435983300209e-03
1.215576776303350925e-03
1.215280848555266857e-03
1.215751981362700462e-03
1.215957570821046829e-03
1.213833689689636230e-03
1.213189098052680492e-03
1.215610420331358910e-03
1.216500648297369480e-03
1.213527517393231392e-03
1.213822863064706326e-03
1.220636884681880474e-03
1.214870717376470566e-03
1.211986411362886429e-03
1.225751126185059547e-03
1.217034761793911457e-03
1.210735295899212360e-03
1.250841305591166019e-03
1.215330674313008785e-03
1.209753681905567646e-03
1.209995709359645844e-03
1.236811396665871143e-03
1.212110160849988461e-03
1.209564507007598877e-03
1.208055997267365456e-03
1.207966357469558716e-03
1.206532586365938187e-03
1.206810120493173599e-03
1.206476823426783085e-03
1.221078215166926384e-03
1.204823493026196957e-03
1.205611624754965305e-03
1.224982319399714470e-03
1.207833411172032356e-03
1.204129192046821117e-03
1.203551306389272213e-03
1.202938961796462536e-03
1.205516862682998180e-03
1.202138839289546013e-03
1.201597508043050766e-03
1.205115229822695255e-03
1.207108842208981514e-03
1.202731509692966938e-03
1.200262224301695824e-03
1.200853846967220306e-03
1.204299624077975750e-03
1.198937301523983479e-03
1.198514713905751705e-03
1.198273035697638988e-03
1.211755094118416309e-03
1.205399516038596630e-03
1.198334502987563610e-03
1.202593557536602020e-03
1.202001119963824749e-03
1.199328573420643806e-03
1.199057791382074356e-03
1.198875834234058857e-03
1.197231700643897057e-03
1.203212421387434006e-03
1.204298925586044788e-03
1.195910852402448654e-03
1.196489669382572174e-03
1.203135121613740921e-03
1.194397802464663982e-03
1.201150123961269855e-03
1.192978583276271820e-03
1.197484554722905159e-03
1.193418866023421288e-03
1.207358087413012981e-03
1.198118901811540127e-03
1.193675445392727852e-03
1.192777766846120358e-03
1.193242613226175308e-03
1.202943734824657440e-03
1.192005118355154991e-03
1.188669237308204174e-03
1.189395901747047901e-03
1.196364522911608219e-03
1.188834779895842075e-03
1.187442569062113762e-03
1.205893117003142834e-03
1.189705100841820240e-03
1.187816727906465530e-03
1.186042441986501217e-03
1.187646645121276379e-03
1.185277127660810947e-03
1.188138383440673351e-03
1.186696928925812244e-03
1.194415614008903503e-03
1.191840041428804398e-03
1.184269087389111519e-03
1.195736578665673733e-03
1.188879599794745445e-03
1.183040090836584568e-03
1.220229198224842548e-03
1.187482615932822227e-03
1.181886065751314163e-03
1.181281637400388718e-03
1.200122642330825329e-03
1.186382258310914040e-03
1.181778730824589729e-03
1.180799095891416073e-03
1.198391080833971500e-03
1.185739529319107533e-03
1.180419349111616611e-03
1.192163443192839622e-03
1.178997918032109737e-03
1.178284408524632454e-03
1.196344965137541294e-03
1.181579078547656536e-03
1.179134938865900040e-03
1.177337602712213993e-03
1.177450641989707947e-03
1.185012632049620152e-03
1.177625963464379311e-03
1.176855992525815964e-03
1.176015241071581841e-03
1.196739263832569122e-03
1.181339379400014877e-03
1.176383346319198608e-03
1.184650463983416557e-03
1.174337230622768402e-03
1.177405705675482750e-03
1.179302227683365345e-03
1.175610697828233242e-03
1.176824676804244518e-03
1.174491015262901783e-03
1.184725784696638584e-03
1.175479497760534286e-03
1.178608741611242294e-03
1.172657124698162079e-03
1.172101125121116638e-03
1.185243716463446617e-03
1.174877514131367207e-03
1.176044810563325882e-03
1.176600228063762188e-03
1.172695891000330448e-03
1.172612304799258709e-03
1.169665250927209854e-03
1.201553270220756531e-03
1.173867727629840374e-03
1.171171548776328564e-03
1.168699469417333603e-03
1.168335787951946259e-03
1.177469268441200256e-03
1.168705872260034084e-03
1.173611264675855637e-03
1.167720532976090908e-03
1.185788307338953018e-03
1.169407390989363194e-03
1.167655922472476959e-03
1.167088514193892479e-03
1.178773352876305580e-03
1.168060698546469212e-03
1.173203112557530403e-03
1.173375407233834267e-03
1.164991175755858421e-03
1.183183398097753525e-03
1.170397154055535793e-03
1.164874993264675140e-03
1.189425471238791943e-03
1.163772307336330414e-03
1.163509674370288849e-03
1.177932368591427803e-03
1.171375392004847527e-03
1.165534602478146553e-03
1.163899898529052734e-03
1.165900146588683128e-03
1.165883266367018223e-03
1.162247965112328529e-03
1.166626461781561375e-03
1.161487540230154991e-03
1.162053085863590240e-03
1.167078386060893536e-03
1.168428920209407806e-03
1.168285380117595196e-03
1.160235377028584480e-03
1.169404713436961174e-03
1.160067971795797348e-03
1.189634203910827637e-03
1.159494975581765175e-03
1.159566803835332394e-03
1.170073985122144222e-03
1.160687766969203949e-03
1.160815590992569923e-03
1.160420943051576614e-03
1.163083827123045921e-03
1.158771221525967121e-03
1.157636404968798161e-03
1.157579594291746616e-03
1.159350038506090641e-03
1.166841480880975723e-03
1.158413127996027470e-03
1.156559912487864494e-03
1.156606478616595268e-03
1.161750755272805691e-03
1.161961350589990616e-03
1.157779013738036156e-03
1.157114515081048012e-03
1.160873565822839737e-03
1.161613268777728081e-03
1.157088787294924259e-03
1.157011021859943867e-03
1.168242422863841057e-03
1.156906131654977798e-03
1.156645361334085464e-03
1.154550933279097080e-03
1.156531157903373241e-03
1.153535442426800728e-03
1.153245102614164352e-03
1.154323806986212730e-03
1.157848048023879528e-03
1.151775708422064781e-03
1.152364304289221764e-03
1.160738524049520493e-03
1.165278605185449123e-03
1.152131357230246067e-03
1.151498174294829369e-03
1.156855025328695774e-03
1.152234501205384731e-03
1.175842480733990669e-03
1.154110301285982132e-03
1.150244264863431454e-03
1.152020646259188652e-03
1.148754614405333996e-03
1.152291661128401756e-03
1.148258103057742119e-03
1.175713841803371906e-03
1.151179196313023567e-03
1.151375123299658298e-03
1.148086972534656525e-03
1.150947995483875275e-03
1.149470452219247818e-03
1.146545982919633389e-03
1.150321215391159058e-03
1.155341393314301968e-03
1.145833986811339855e-03
1.198174431920051575e-03
1.149526331573724747e-03
1.145275309681892395e-03
1.145084039308130741e-03
1.148250070400536060e-03
1.144717098213732243e-03
1.148695359006524086e-03
1.146003138273954391e-03
1.148835290223360062e-03
1.152789685875177383e-03
1.143944566138088703e-03
1.156762824393808842e-03
1.145865186117589474e-03
1.144797191955149174e-03
1.146123628132045269e-03
1.151776523329317570e-03
1.149597577750682831e-03
1.145420596003532410e-03
1.145577174611389637e-03
1.147229922935366631e-03
1.141521264798939228e-03
1.155308098532259464e-03
1.141252345405519009e-03
1.141286687925457954e-03
1.141347805969417095e-03
1.143280533142387867e-03
1.153120188973844051e-03
1.145475427620112896e-03
1.139581436291337013e-03
1.150522148236632347e-03
1.139080384746193886e-03
1.171444659121334553e-03
1.139625674113631248e-03
1.140327658504247665e-03
1.139109022915363312e-03
1.169206341728568077e-03
1.137659652158617973e-03
1.137348474003374577e-03
1.153322635218501091e-03
1.142356079071760178e-03
1.136788632720708847e-03
1.157503691501915455e-03
1.141289831139147282e-03
1.138151041232049465e-03
1.136104692704975605e-03
1.135688740760087967e-03
1.175071927718818188e-03
1.139227882958948612e-03
1.137449056841433048e-03
1.137307146564126015e-03
1.139423344284296036e-03
1.143687171861529350e-03
1.134370919317007065e-03
1.184161752462387085e-03
1.136423670686781406e-03
1.134954625740647316e-03
1.135349855758249760e-03
1.139344996772706509e-03
1.133812475018203259e-03
1.132928766310214996e-03
1.148655312135815620e-03
1.138916239142417908e-03
1.133955782279372215e-03
1.146711176261305809e-03
1.139076892286539078e-03
1.132505945861339569e-03
1.169480965472757816e-03
1.131581608206033707e-03
1.133618876338005066e-03
1.133076380938291550e-03
1.140328473411500454e-03
1.130629330873489380e-03
1.159290433861315250e-03
1.134520396590232849e-03
1.130021642893552780e-03
1.134209800511598587e-03
1.141264336183667183e-03
1.130446791648864746e-03
1.141883083619177341e-03
1.131560304202139378e-03
1.129638869315385818e-03
1.142534893006086349e-03
1.130763674154877663e-03
1.134838676080107689e-03
1.140344771556556225e-03
1.129614072851836681e-03
1.135615748353302479e-03
1.134325517341494560e-03
1.129450160078704357e-03
1.130138407461345196e-03
1.127670984715223312e-03
1.172074698843061924e-03
1.127302763052284718e-03
1.128316507674753666e-03
1.128891482949256897e-03
1.135863247327506542e-03
1.126407063566148281e-03
1.142980181612074375e-03
1.130191842094063759e-03
1.126027549616992474e-03
1.126018702052533627e-03
1.125253853388130665e-03
1.140780048444867134e-03
1.137281535193324089e-03
1.125132315792143345e-03
1.127387629821896553e-03
1.133192447014153004e-03
1.127862371504306793e-03
1.127530122175812721e-03
1.124300411902368069e-03
1.169211929664015770e-03
1.123846042901277542e-03
1.125850714743137360e-03
1.125515089370310307e-03
1.132680336013436317e-03
1.123167807236313820e-03
1.156006357632577419e-03
1.129198470152914524e-03
1.122438930906355381e-03
1.124956528656184673e-03
1.136127393692731857e-03
1.125844079069793224e-03
1.122785964980721474e-03
1.121585490182042122e-03
1.210888149216771126e-03
1.122183632105588913e-03
1.122894114814698696e-03
1.121131354011595249e-03
1.120714354328811169e-03
1.125223701819777489e-03
1.124096103012561798e-03
1.127152121625840664e-03
1.120649860240519047e-03
1.128770993091166019e-03
1.120447646826505661e-03
1.143070519901812077e-03
1.121287816204130650e-03
1.120496308431029320e-03
1.123897149227559566e-03
1.126591465435922146e-03
1.119605498388409615e-03
1.118935062550008297e-03
1.125888084061443806e-03
1.119101070798933506e-03
1.143093104474246502e-03
1.122692599892616272e-03
1.120506436564028263e-03
1.117371371947228909e-03
1.159719657152891159e-03
1.117271953262388706e-03
1.118906424380838871e-03
1.117867301218211651e-03
1.121096429415047169e-03
1.116650877520442009e-03
1.116782426834106445e-03
1.123690395615994930e-03
1.116113970056176186e-03
1.149488380178809166e-03
1.123201218433678150e-03
1.115890685468912125e-03
1.119784661568701267e-03
1.116157276555895805e-03
1.137550687417387962e-03
1.125143258832395077e-03
1.121195615269243717e-03
1.114871003665030003e-03
1.151017961092293262e-03
1.116341329179704189e-03
1.113606733269989491e-03
1.129171578213572502e-03
1.118627726100385189e-03
1.112910569645464420e-03
1.128169358707964420e-03
1.123639172874391079e-03
1.113134087063372135e-03
1.120874774642288685e-03
1.111876801587641239e-03
1.115121529437601566e-03
1.116595230996608734e-03
1.114956801757216454e-03
1.116140745580196381e-03
1.110940938815474510e-03
1.148064271546900272e-03
1.113771460950374603e-03
1.110710785724222660e-03
1.113921985961496830e-03
1.119447872042655945e-03
1.110799377784132957e-03
1.110543962568044662e-03
1.125405426137149334e-03
1.118557294830679893e-03
1.113197882659733295e-03
1.111610908992588520e-03
1.111370860598981380e-03
1.116055995225906372e-03
1.111388555727899075e-03
1.108620315790176392e-03
1.110162818804383278e-03
1.108647906221449375e-03
1.113773672841489315e-03
1.110007055103778839e-03
1.112844678573310375e-03
1.118466025218367577e-03
1.111132558435201645e-03
1.106781302951276302e-03
1.134785357862710953e-03
1.115428283810615540e-03
1.111962832510471344e-03
1.106645562686026096e-03
1.121054403483867645e-03
1.120417029596865177e-03
1.107156742364168167e-03
1.111278077587485313e-03
1.106252078898251057e-03
1.106855226680636406e-03
1.110907294787466526e-03
1.105030416510999203e-03
1.105647301301360130e-03
1.105631934478878975e-03
1.123245456255972385e-03
1.113962614908814430e-03
1.104500377550721169e-03
1.118124928325414658e-03
1.103623886592686176e-03
1.107165357097983360e-03
1.112738857045769691e-03
1.108215074054896832e-03
1.104610739275813103e-03
1.110599143430590630e-03
1.104370807297527790e-03
1.102507230825722218e-03
1.107131130993366241e-03
1.103194197639822960e-03
1.110905664972960949e-03
1.114270417019724846e-03
1.101738773286342621e-03
1.135231927037239075e-03
1.101896050386130810e-03
1.102117821574211121e-03
1.107649295590817928e-03
1.110356068238615990e-03
1.105954288505017757e-03
1.102101756259799004e-03
1.105050090700387955e-03
1.107920426875352859e-03
1.100318739190697670e-03
1.159335835836827755e-03
1.102169393561780453e-03
1.102698151953518391e-03
1.102530281059443951e-03
1.102943322621285915e-03
1.101154251955449581e-03
1.100052613765001297e-03
1.105295261368155479e-03
1.103072194382548332e-03
1.102045178413391113e-03
1.102254027500748634e-03
1.105392817407846451e-03
1.098611974157392979e-03
1.140676671639084816e-03
1.101935748010873795e-03
1.101019792258739471e-03
1.100484398193657398e-03
1.108374330215156078e-03
1.109901815652847290e-03
1.098355511203408241e-03
1.103881280869245529e-03
1.109348842874169350e-03
1.097169471904635429e-03
1.114883809350430965e-03
1.106955343857407570e-03
1.100377994589507580e-03
1.099461107514798641e-03
1.099172513931989670e-03
1.102698268368840218e-03
1.110959448851644993e-03
1.097985426895320415e-03
1.099714194424450397e-03
1.106304000131785870e-03
1.097570639103651047e-03
1.100132707506418228e-03
1.095715095289051533e-03
1.105576055124402046e-03
1.095423591323196888e-03
1.096083666197955608e-03
1.110514625906944275e-03
1.100508612580597401e-03
1.095328480005264282e-03
1.095181098207831383e-03
1.099789747968316078e-03
1.094549195840954781e-03
1.107245800085365772e-03
1.100385212339460850e-03
1.094026956707239151e-03
1.101928879506886005e-03
1.093743485398590565e-03
1.155439182184636593e-03
1.096458639949560165e-03
1.094410312362015247e-03
1.094204490073025227e-03
1.096183899790048599e-03
1.094563864171504974e-03
1.097507541999220848e-03
1.092942431569099426e-03
1.120380125939846039e-03
1.101705711334943771e-03
1.092822290956974030e-03
1.115751452744007111e-03
1.097799860872328281e-03
1.100180787034332752e-03
1.092875492759048939e-03
1.098208595067262650e-03
1.102710491977632046e-03
1.095085521228611469e-03
1.092971535399556160e-03
1.105703762732446194e-03
1.102688722312450409e-03
1.091228914447128773e-03
1.103561604395508766e-03
1.103722373954951763e-03
1.091302954591810703e-03
1.098957378417253494e-03
1.102149952203035355e-03
1.091197249479591846e-03
1.099641784094274044e-03
1.095087733119726181e-03
1.096801017411053181e-03
1.089827157557010651e-03
1.091911690309643745e-03
1.100556808523833752e-03
1.094541745260357857e-03
1.090034260414540768e-03
1.096133375540375710e-03
1.089294906705617905e-03
1.093053841032087803e-03
1.091158832423388958e-03
1.088539953343570232e-03
1.104353927075862885e-03
1.093098777346313000e-03
1.087525743059813976e-03
1.098640263080596924e-03
1.089639845304191113e-03
1.088293385691940784e-03
1.088622491806745529e-03
1.091236714273691177e-03
1.089608878828585148e-03
1.090941135771572590e-03
1.085982890799641609e-03
1.120321918278932571e-03
1.093293540179729462e-03
1.085582189261913300e-03
1.093947677873075008e-03
1.086278120055794716e-03
1.085216528736054897e-03
1.105197938159108162e-03
1.085175434127449989e-03
1.084746560081839561e-03
1.084815827198326588e-03
1.086653792299330235e-03
1.093298313207924366e-03
1.093718688935041428e-03
1.085338182747364044e-03
1.086905831471085548e-03
1.084832591004669666e-03
1.083943294361233711e-03
1.088534365408122540e-03
1.084695220924913883e-03
1.083745504729449749e-03
1.103221089579164982e-03
1.084315706975758076e-03
1.083022449165582657e-03
1.103332615457475185e-03
1.088075456209480762e-03
1.083220005966722965e-03
1.102168695069849491e-03
1.088120625354349613e-03
1.082349917851388454e-03
1.099478453397750854e-03
1.097407657653093338e-03
1.084728399291634560e-03
1.086615375243127346e-03
1.082320231944322586e-03
1.097565516829490662e-03
1.082972506992518902e-03
1.091554062440991402e-03
1.091165817342698574e-03
1.080840709619224072e-03
1.133066718466579914e-03
1.080994377844035625e-03
1.081972266547381878e-03
1.087612472474575043e-03
1.081656315363943577e-03
1.093910192139446735e-03
1.090916572138667107e-03
1.084494986571371555e-03
1.079771667718887329e-03
1.084055169485509396e-03
1.111294375732541084e-03
1.083546667359769344e-03
1.079457113519310951e-03
1.079112989827990532e-03
1.095585641451179981e-03
1.083088456653058529e-03
1.080159330740571022e-03
1.079318346455693245e-03
1.079221488907933235e-03
1.079820096492767334e-03
1.079095411114394665e-03
1.078040339052677155e-03
1.110011362470686436e-03
1.087282202206552029e-03
1.080341637134552002e-03
1.077754306606948376e-03
1.146655296906828880e-03
1.084300689399242401e-03
1.077497028745710850e-03
1.077299239113926888e-03
1.081446185708045959e-03
1.082996488548815250e-03
1.081409049220383167e-03
1.081375288777053356e-03
1.082844333723187447e-03
1.078409026376903057e-03
1.080026500858366489e-03
1.080557936802506447e-03
1.077710650861263275e-03
1.095306128263473511e-03
1.080819754861295223e-03
1.079568988643586636e-03
1.081788213923573494e-03
1.081250957213342190e-03
1.079637208022177219e-03
1.076296321116387844e-03
1.095819869078695774e-03
1.076360349543392658e-03
1.082943286746740341e-03
1.076393760740756989e-03
1.090727164410054684e-03
1.085458323359489441e-03
1.078282250091433525e-03
1.075428212061524391e-03
1.125646871514618397e-03
1.074033556506037712e-03
1.075017964467406273e-03
1.076063839718699455e-03
1.095373067073523998e-03
1.080626272596418858e-03
1.073951367288827896e-03
1.105281757190823555e-03
1.073434017598628998e-03
1.073029823601245880e-03
1.091737532988190651e-03
1.084160874597728252e-03
1.076349755749106407e-03
1.077948487363755703e-03
1.075417851097881794e-03
1.082513947039842606e-03
1.073275110684335232e-03
1.084332820028066635e-03
1.073823194019496441e-03
1.071796170435845852e-03
1.089998986572027206e-03
1.085902797058224678e-03
1.072973012924194336e-03
1.075944746844470501e-03
1.073667663149535656e-03
1.078414730727672577e-03
1.070987898856401443e-03
1.140449079684913158e-03
1.078668748959898949e-03
1.071186270564794540e-03
1.071532140485942364e-03
1.081442809663712978e-03
1.077636494301259518e-03
1.073554158210754395e-03
1.074585481546819210e-03
1.070187194272875786e-03
1.105292816646397114e-03
1.074566971510648727e-03
1.070826547220349312e-03
1.070648431777954102e-03
1.079306821338832378e-03
1.069259946234524250e-03
1.089085824787616730e-03
1.071121427230536938e-03
1.069612801074981689e-03
1.069567166268825531e-03
1.068828278221189976e-03
1.091394573450088501e-03
1.082736183889210224e-03
1.073249150067567825e-03
1.069041085429489613e-03
1.111407764256000519e-03
1.067991252057254314e-03
1.067867386154830456e-03
1.085348310880362988e-03
1.069891499355435371e-03
1.074005151167511940e-03
1.068199519068002701e-03
1.071586157195270061e-03
1.073010615073144436e-03
1.068691373802721500e-03
1.080896123312413692e-03
1.067116158083081245e-03
1.084771123714745045e-03
1.074814237654209137e-03
1.066418830305337906e-03
1.081976224668323994e-03
1.078523928299546242e-03
1.067426986992359161e-03
1.077268738299608231e-03
1.079109730198979378e-03
1.067305449396371841e-03
1.073439139872789383e-03
1.080066664144396782e-03
1.068178331479430199e-03
1.068394049070775509e-03
1.071036676876246929e-03
1.069391844794154167e-03
1.065368764102458954e-03
1.065429649315774441e-03
1.078225905075669289e-03
1.067808130756020546e-03
1.066726981662213802e-03
1.066166791133582592e-03
1.079992507584393024e-03
1.067090197466313839e-03
1.067828503437340260e-03
1.077024964615702629e-03
1.064374344423413277e-03
1.080285524949431419e-03
1.075582811608910561e-03
1.064170384779572487e-03
1.086982898414134979e-03
1.068130601197481155e-03
1.070851343683898449e-03
1.063227420672774315e-03
1.071005710400640965e-03
1.063060481101274490e-03
1.084513729438185692e-03
1.064235810190439224e-03
1.062818686477839947e-03
1.063961535692214966e-03
1.063038362190127373e-03
1.082402770407497883e-03
1.068293116986751556e-03
1.065671909600496292e-03
1.079546287655830383e-03
1.067515579052269459e-03
1.062262454070150852e-03
1.078965491615235806e-03
1.076201442629098892e-03
1.066817669197916985e-03
1.062519615516066551e-03
1.079136040061712265e-03
1.062694820575416088e-03
1.071545411832630634e-03
1.061102142557501793e-03
1.081076217815279961e-03
1.066305558197200298e-03
1.064664567820727825e-03
1.076667336747050285e-03
1.064025796949863434e-03
1.063038944266736507e-03
1.066446886397898197e-03
1.074831117875874043e-03
1.062531489878892899e-03
1.062619965523481369e-03
1.067690667696297169e-03
1.060972339473664761e-03
1.060029375366866589e-03
1.083064009435474873e-03
1.068045734427869320e-03
1.059769419953227043e-03
1.089508412405848503e-03
1.066286815330386162e-03
1.062306924723088741e-03
1.060397597029805183e-03
1.059194561094045639e-03
1.076977816410362720e-03
1.062056515365839005e-03
1.065266202203929424e-03
1.059116679243743420e-03
1.101511297747492790e-03
1.066540018655359745e-03
1.058967085555195808e-03
1.062459894455969334e-03
1.066194148734211922e-03
1.070734579116106033e-03
1.058356836438179016e-03
1.072609331458806992e-03
1.060526235960423946e-03
1.064424519427120686e-03
1.061835791915655136e-03
1.060229609720408916e-03
1.057720510289072990e-03
1.063209841959178448e-03
1.060534967109560966e-03
1.069814432412385941e-03
1.056901877745985985e-03
1.096313353627920151e-03
1.062259892933070660e-03
1.060762559063732624e-03
1.065411022864282131e-03
1.057288958691060543e-03
1.056312234140932560e-03
1.084080315195024014e-03
1.065250835381448269e-03
1.056670211255550385e-03
1.079998211935162544e-03
1.056924229487776756e-03
1.062344294041395187e-03
1.062452443875372410e-03
1.066446304321289062e-03
1.061699120327830315e-03
1.055645174346864223e-03
1.055202097631990910e-03
1.082043047063052654e-03
1.064052223227918148e-03
1.055248198099434376e-03
1.089217024855315685e-03
1.055977190844714642e-03
1.058386522345244884e-03
1.059047295711934566e-03
1.055516069754958153e-03
1.058159745298326015e-03
1.054695923812687397e-03
1.091576996259391308e-03
1.063993084244430065e-03
1.058687921613454819e-03
1.056323642842471600e-03
1.056495122611522675e-03
1.054193358868360519e-03
1.058326452039182186e-03
1.060486421920359135e-03
1.055852742865681648e-03
1.056512352079153061e-03
1.055999309755861759e-03
1.067897421307861805e-03
1.065104850567877293e-03
1.059035421349108219e-03
1.053105457685887814e-03
1.105230650864541531e-03
1.052995794452726841e-03
1.052669831551611423e-03
1.067329081706702709e-03
1.053426181897521019e-03
1.064530340954661369e-03
1.054765540175139904e-03
1.054713968187570572e-03
1.052239211276173592e-03
1.059343456290662289e-03
1.055435510352253914e-03
1.055171131156384945e-03
1.052000327035784721e-03
1.057817484252154827e-03
1.059349277056753635e-03
1.051526633091270924e-03
1.052780891768634319e-03
1.058863941580057144e-03
1.060617272742092609e-03
1.057912013493478298e-03
1.054063439369201660e-03
1.060431823134422302e-03
1.064690179191529751e-03
1.050973660312592983e-03
1.081093912944197655e-03
1.057865680195391178e-03
1.053224550560116768e-03
1.052806153893470764e-03
1.050424878485500813e-03
1.059812842868268490e-03
1.052703009918332100e-03
1.053833751939237118e-03
1.051971805281937122e-03
1.050216495059430599e-03
1.070783822797238827e-03
1.064550364390015602e-03
1.053240965120494366e-03
1.054177177138626575e-03
1.049914979375898838e-03
1.051055733114480972e-03
1.064491574652493000e-03
1.058672089129686356e-03
1.054696505889296532e-03
1.050308230333030224e-03
1.090211095288395882e-03
1.055289758369326591e-03
1.054561464115977287e-03
1.050684833899140358e-03
1.055777189321815968e-03
1.052367151714861393e-03
1.049282611347734928e-03
1.071627950295805931e-03
1.058403984643518925e-03
1.048367819748818874e-03
1.091224141418933868e-03
1.052888692356646061e-03
1.048535108566284180e-03
1.059288159012794495e-03
1.049818354658782482e-03
1.048200763761997223e-03
1.064196694642305374e-03
1.064095762558281422e-03
1.049707294441759586e-03
1.054040621966123581e-03
1.049387967213988304e-03
1.068125944584608078e-03
1.056997105479240417e-03
1.050112070515751839e-03
1.056597451679408550e-03
1.061783055774867535e-03
1.048750709742307663e-03
1.053824671544134617e-03
1.054793712683022022e-03
1.050853403285145760e-03
1.051838509738445282e-03
1.047071767970919609e-03
1.093316008336842060e-03
1.049566664732992649e-03
1.046549296006560326e-03
1.051970990374684334e-03
1.055615604855120182e-03
1.057227258570492268e-03
1.046279328875243664e-03
1.053888932801783085e-03
1.046215766109526157e-03
1.072226092219352722e-03
1.053849933668971062e-03
1.045556622557342052e-03
1.049967133440077305e-03
1.059871632605791092e-03
1.045742421410977840e-03
1.074054860509932041e-03
1.047876314260065556e-03
1.056044362485408783e-03
1.044970238581299782e-03
1.069561112672090530e-03
1.052141189575195312e-03
1.045795623213052750e-03
1.104092458263039589e-03
1.044801902025938034e-03
1.047715777531266212e-03
1.044827746227383614e-03
1.075873500667512417e-03
1.045110635459423065e-03
1.052391016855835915e-03
1.046019373461604118e-03
1.091246376745402813e-03
1.043890370056033134e-03
1.043716794811189175e-03
1.064526964910328388e-03
1.051712664775550365e-03
1.046801684424281120e-03
1.055247965268790722e-03
1.053403597325086594e-03
1.043612603098154068e-03
1.062602153979241848e-03
1.059507136233150959e-03
1.043510274030268192e-03
1.042499905452132225e-03
1.070597092621028423e-03
1.053416170179843903e-03
1.048000296577811241e-03
1.045351149514317513e-03
1.049264101311564445e-03
1.051262486726045609e-03
1.044647651724517345e-03
1.045913435518741608e-03
1.048349193297326565e-03
1.043837633915245533e-03
1.042286981828510761e-03
1.045372686348855495e-03
1.041373237967491150e-03
1.040326314978301525e-03
1.137126702815294266e-03
1.045657554641366005e-03
1.039679511450231075e-03
1.037958892993628979e-03
1.038151676766574383e-03
1.083436887711286545e-03
1.039682887494564056e-03
1.036425353959202766e-03
1.048141624778509140e-03
1.039105583913624287e-03
1.035617082379758358e-03
1.054814318194985390e-03
1.036494621075689793e-03
1.050654798746109009e-03
1.039488939568400383e-03
1.040682080201804638e-03
1.044363598339259624e-03
1.035974710248410702e-03
1.068174955435097218e-03
1.044242409989237785e-03
1.033561653457581997e-03
1.039917930029332638e-03
1.031504012644290924e-03
1.030883984640240669e-03
1.055703382007777691e-03
1.039373804815113544e-03
1.031160121783614159e-03
1.055235974490642548e-03
1.038614078424870968e-03
1.031629508361220360e-03
1.037718029692769051e-03
1.030139741487801075e-03
1.028408878482878208e-03
1.028614002279937267e-03
1.028389553539454937e-03
1.033798675052821636e-03
1.028613303788006306e-03
1.027567079290747643e-03
1.029410515911877155e-03
1.041245996020734310e-03
1.026584533974528313e-03
1.055316999554634094e-03
1.036052824929356575e-03
1.029846491292119026e-03
1.028308412060141563e-03
1.030921121127903461e-03
1.030403655022382736e-03
1.026719459332525730e-03
1.038042595610022545e-03
1.027764519676566124e-03
1.024640980176627636e-03
1.057686167769134045e-03
1.037176465615630150e-03
1.029203529469668865e-03
1.033867592923343182e-03
1.035006367601454258e-03
1.025003381073474884e-03
1.024581724777817726e-03
1.034623361192643642e-03
1.040825038217008114e-03
1.025207806378602982e-03
1.025571371428668499e-03
1.047352794557809830e-03
1.030253944918513298e-03
1.022469135932624340e-03
1.062045688740909100e-03
1.032186672091484070e-03
1.026945421472191811e-03
1.021905103698372841e-03
1.073640189133584499e-03
1.023195334710180759e-03
1.021643169224262238e-03
1.022533746436238289e-03
1.021191943436861038e-03
1.038901857100427151e-03
1.042472431436181068e-03
1.020821975544095039e-03
1.023993827402591705e-03
1.035726512782275677e-03
1.020424766466021538e-03
1.045707147568464279e-03
1.030452083796262741e-03
1.020509400404989719e-03
1.075835549272596836e-03
1.021553995087742805e-03
1.020231051370501518e-03
1.023924327455461025e-03
1.036588218994438648e-03
1.020352356135845184e-03
1.030673040077090263e-03
1.021381816826760769e-03
1.021602656692266464e-03
1.022799173370003700e-03
1.018838724121451378e-03
1.050785765983164310e-03
1.028713420964777470e-03
1.020793453790247440e-03
1.028266502544283867e-03
1.019705552607774734e-03
1.032653148286044598e-03
1.018629292957484722e-03
1.020571216940879822e-03
1.019647810608148575e-03
1.020131399855017662e-03
1.018214155919849873e-03
1.017016824334859848e-03
1.020785770379006863e-03
1.033919746987521648e-03
1.018621958792209625e-03
1.018268405459821224e-03
1.029091305099427700e-03
1.034802757203578949e-03
1.017148606479167938e-03
1.020467258058488369e-03
1.026868005283176899e-03
1.015428919345140457e-03
1.017966656945645809e-03
1.028686878271400928e-03
1.030401326715946198e-03
1.019945484586060047e-03
1.023729681037366390e-03
1.016841735690832138e-03
1.036758068948984146e-03
1.033673412166535854e-03
1.015164540149271488e-03
1.020852243527770042e-03
1.021658419631421566e-03
1.016418915241956711e-03
1.015988294966518879e-03
1.020939555019140244e-03
1.026308978907763958e-03
1.016153255477547646e-03
1.015951274894177914e-03
1.024095690809190273e-03
1.014072448015213013e-03
1.012940774671733379e-03
1.041682437062263489e-03
1.022225129418075085e-03
1.013782923109829426e-03
1.059337053447961807e-03
1.015696092508733273e-03
1.015467103570699692e-03
1.021246076561510563e-03
1.016699708998203278e-03
1.018931972794234753e-03
1.012157765217125416e-03
1.064546755515038967e-03
1.014852779917418957e-03
1.011901767924427986e-03
1.024103257805109024e-03
1.016204943880438805e-03
1.012922031804919243e-03
1.024897326715290546e-03
1.017196686007082462e-03
1.011024112813174725e-03
1.010841107927262783e-03
1.039861468598246574e-03
1.021518837660551071e-03
1.010465552099049091e-03
1.051327097229659557e-03
1.010290929116308689e-03
1.010471140034496784e-03
1.021940726786851883e-03
1.021511969156563282e-03
1.017321599647402763e-03
1.011821208521723747e-03
1.020540948957204819e-03
1.012330641970038414e-03
1.016173511743545532e-03
1.012529013678431511e-03
1.014983397908508778e-03
1.008655759505927563e-03
1.054039108566939831e-03
1.017099595628678799e-03
1.008123042993247509e-03
1.014611450955271721e-03
1.018771552480757236e-03
1.009985338896512985e-03
1.018433016724884510e-03
1.008170540444552898e-03
1.030288287438452244e-03
1.014323905110359192e-03
1.011352753266692162e-03
1.007839571684598923e-03
1.058478723280131817e-03
1.006785314530134201e-03
1.006335834972560406e-03
1.025851117447018623e-03
1.008263323456048965e-03
1.016773749142885208e-03
1.019159681163728237e-03
1.006147125735878944e-03
1.016502152197062969e-03
1.007737359032034874e-03
1.009635045193135738e-03
1.008468214422464371e-03
1.005389029160141945e-03
1.037824782542884350e-03
1.016334281302988529e-03
1.006717095151543617e-03
1.018118113279342651e-03
1.006005681119859219e-03
1.014635665342211723e-03
1.009441912174224854e-03
1.016711234115064144e-03
1.014983397908508778e-03
1.011080690659582615e-03
1.007418846711516380e-03
1.018010312691330910e-03
1.014268025755882263e-03
1.003731391392648220e-03
1.063969568349421024e-03
1.007332815788686275e-03
1.007032231427729130e-03
1.004325691610574722e-03
1.033624284900724888e-03
1.004576683044433594e-03
1.007867045700550079e-03
1.002778764814138412e-03
1.073828316293656826e-03
1.013685367070138454e-03
1.004953752271831036e-03
1.003995887003839016e-03
1.005258178338408470e-03
1.011073938570916653e-03
1.002148725092411041e-03
1.014396199025213718e-03
1.002341974526643753e-03
1.027166028507053852e-03
1.018093666061758995e-03
1.006762031465768814e-03
1.002703909762203693e-03
1.003567478619515896e-03
1.011315151117742062e-03
1.002551405690610409e-03
1.016629510559141636e-03
1.000442891381680965e-03
1.050950842909514904e-03
1.006370875984430313e-03
1.003740471787750721e-03
1.003368408419191837e-03
9.999851463362574577e-04
1.008343417197465897e-03
1.004644203931093216e-03
1.009155414067208767e-03
1.003396697342395782e-03
1.013789908029139042e-03
1.003830460831522942e-03
9.993598796427249908e-04
1.029420760460197926e-03
1.007550978101789951e-03
1.001029391773045063e-03
9.987214580178260803e-04
1.065765041857957840e-03
9.986294899135828018e-04
9.983783820644021034e-04
9.988633682951331139e-04
9.983649943023920059e-04
1.031471649184823036e-03
1.009241794236004353e-03
9.979037567973136902e-04
1.055301865562796593e-03
9.992592968046665192e-04
9.974702261388301849e-04
1.016561989672482014e-03
9.994610445573925972e-04
1.008504070341587067e-03
9.970534592866897583e-04
1.085296040400862694e-03
1.007278566248714924e-03
9.975269204005599022e-04
9.977420559152960777e-04
9.969862876459956169e-04
1.046088989824056625e-03
9.972162079066038132e-04
9.968620724976062775e-04
1.005648635327816010e-03
1.005647820420563221e-03
1.001986092887818813e-03
9.998896857723593712e-04
1.014444627799093723e-03
1.006884616799652576e-03
9.964877972379326820e-04
9.994524298235774040e-04
1.037895446643233299e-03
1.003080396912992001e-03
9.963813936337828636e-04
9.956223657354712486e-04
9.954780107364058495e-04
1.043336815200746059e-03
9.972990956157445908e-04
9.966305224224925041e-04
1.007085666060447693e-03
9.943868499249219894e-04
1.013704459182918072e-03
9.961866308003664017e-04
1.021979958750307560e-03
1.002791221253573895e-03
9.946980280801653862e-04
1.040184404700994492e-03
1.002001576125621796e-03
9.949693921953439713e-04
9.986952645704150200e-04
1.002232194878160954e-03
1.001194003038108349e-03
9.932180400937795639e-04
1.052760635502636433e-03
1.004275633022189140e-03
9.974242420867085457e-04
9.931231616064906120e-04
9.927911451086401939e-04
1.005582162179052830e-03
9.923103498294949532e-04
1.009895699098706245e-03
9.933238616213202477e-04
1.024472410790622234e-03
9.936058195307850838e-04
9.989138925448060036e-04
1.007283572107553482e-03
9.919301373884081841e-04
1.054223626852035522e-03
9.964506607502698898e-04
9.947257349267601967e-04
9.922147728502750397e-04
1.023084972985088825e-03
9.910137159749865532e-04
9.913863614201545715e-04
9.933366673067212105e-04
1.001617638394236565e-03
9.918906725943088531e-04
9.912113891914486885e-04
9.919910226017236710e-04
1.019829534925520420e-03
9.979069000110030174e-04
9.941117605194449425e-04
9.910882217809557915e-04
9.901244193315505981e-04
9.926208294928073883e-04
9.897076524794101715e-04
9.900527074933052063e-04
9.914340917021036148e-04
1.028045662678778172e-03
9.918834548443555832e-04
1.000264543108642101e-03
9.916586568579077721e-04
9.922676254063844681e-04
1.000712043605744839e-03
9.898138232529163361e-04
9.905574843287467957e-04
9.902500314638018608e-04
1.020178315229713917e-03
9.983526542782783508e-04
9.888219647109508514e-04
9.895139373838901520e-04
9.991310071200132370e-04
9.966873330995440483e-04
9.889783104881644249e-04
9.882857557386159897e-04
9.878904093056917191e-04
1.040396862663328648e-03
9.912415407598018646e-04
9.921941673383116722e-04
9.950301609933376312e-04
9.876415133476257324e-04
9.886994957923889160e-04
9.992090053856372833e-04
9.894063696265220642e-04
1.019180053845047951e-03
1.003401237539947033e-03
9.873189264908432961e-04
9.939530864357948303e-04
9.913103422150015831e-04
1.007576007395982742e-03
9.884624741971492767e-04
1.003659912385046482e-03
9.941322496160864830e-04
9.865434840321540833e-04
9.952287655323743820e-04
9.855907410383224487e-04
9.911080123856663704e-04
1.030805637128651142e-03
9.906480554491281509e-04
9.865887695923447609e-04
9.855753742158412933e-04
9.853908559307456017e-04
9.896429255604743958e-04
9.957957081496715546e-04
1.000785385258495808e-03
9.846691973507404327e-04
1.026484416797757149e-03
9.968263329938054085e-04
9.901524754241108894e-04
1.000159420073032379e-03
9.842683793976902962e-04
1.057473476976156235e-03
9.883963502943515778e-04
9.874916868284344673e-04
9.843104053288698196e-04
1.030378392897546291e-03
9.836263488978147507e-04
9.867142653092741966e-04
9.872962255030870438e-04
9.842553408816456795e-04
9.902070742100477219e-04
9.891721419990062714e-04
9.975286666303873062e-04
9.830994531512260437e-04
1.008053892292082310e-03
9.986665099859237671e-04
9.877536213025450706e-04
9.842845611274242401e-04
9.848697809502482414e-04
9.928436484187841415e-04
9.824713924899697304e-04
9.989087702706456184e-04
9.817183017730712891e-04
1.026240410283207893e-03
9.942037286236882210e-04
9.900421136990189552e-04
9.901132434606552124e-04
9.819897823035717010e-04
1.056433888152241707e-03
9.949430823326110840e-04
9.809884941205382347e-04
9.815775556489825249e-04
9.941780008375644684e-04
9.967946680262684822e-04
9.856452234089374542e-04
9.832107461988925934e-04
9.897855343297123909e-04
9.823796572163701057e-04
9.969401871785521507e-04
9.846782777458429337e-04
9.808647446334362030e-04
9.953376138582825661e-04
1.002981793135404587e-03
9.807739406824111938e-04
9.847909677773714066e-04
9.956219000741839409e-04
9.797522798180580139e-04
1.019583665765821934e-03
9.936766000464558601e-04
9.871495421975851059e-04
9.854437084868550301e-04
9.863164741545915604e-04
9.826697641983628273e-04
9.862941224128007889e-04
9.787918534129858017e-04
1.000860356725752354e-03
1.001224853098392487e-03
9.829651098698377609e-04
9.812074713408946991e-04
9.861349826678633690e-04
9.900382719933986664e-04
9.797051316127181053e-04
9.861571015790104866e-04
9.839982958510518074e-04
9.795419173315167427e-04
1.003563404083251953e-03
9.872495429590344429e-04
9.798743994906544685e-04
9.987672092393040657e-04
9.888148633763194084e-04
9.793721837922930717e-04
1.001769211143255234e-03
9.826452005654573441e-04
9.851409122347831726e-04
9.932025568559765816e-04
9.771552868187427521e-04
1.020017545670270920e-03
9.900910081341862679e-04
9.770237375050783157e-04
9.880972793325781822e-04
9.786688024178147316e-04
9.870475623756647110e-04
9.974223794415593147e-04
9.786316659301519394e-04
9.814674267545342445e-04
9.924058103933930397e-04
9.762643603608012199e-04
1.007788581773638725e-03
9.934041881933808327e-04
9.766002185642719269e-04
9.760500397533178329e-04
9.783115237951278687e-04
9.795748628675937653e-04
9.774053469300270081e-04
9.756509680300951004e-04
9.842524304986000061e-04
9.819825645536184311e-04
9.751903126016259193e-04
1.097896602004766464e-03
9.955753339454531670e-04
9.791995398700237274e-04
9.750001481734216213e-04
9.777012746781110764e-04
1.001534634269773960e-03
9.801716078072786331e-04
9.812540374696254730e-04
9.911336237564682961e-04
9.781430708244442940e-04
9.750819881446659565e-04
9.902489837259054184e-04
9.949387749657034874e-04
9.775217622518539429e-04
9.797309758141636848e-04
9.832666255533695221e-04
9.871387155726552010e-04
9.740050882101058960e-04
9.831548668444156647e-04
9.791078045964241028e-04
9.776148945093154907e-04
9.734504274092614651e-04
9.857743280008435249e-04
9.770097676664590836e-04
9.747500298544764519e-04
9.733139886520802975e-04
9.740178938955068588e-04
9.747659205459058285e-04
9.728013537824153900e-04
9.920989396050572395e-04
9.977988665923476219e-04
9.726562420837581158e-04
9.730398887768387794e-04
9.775937069207429886e-04
9.795249206945300102e-04
9.771337499842047691e-04
9.753105114214122295e-04
9.777283994480967522e-04
9.725553099997341633e-04
9.721938986331224442e-04
9.879436111077666283e-04
9.724511764943599701e-04
9.757101070135831833e-04
9.958583395928144455e-04
9.745148126967251301e-04
9.727409342303872108e-04
9.748885058797895908e-04
9.899704018607735634e-04
9.723827242851257324e-04
9.974004933610558510e-04
9.710430167615413666e-04
9.747215081006288528e-04
9.899653960019350052e-04
9.781715925782918930e-04
9.714195039123296738e-04
9.986391523852944374e-04
9.756375802680850029e-04
9.774635545909404755e-04
9.885841282084584236e-04
9.717773064039647579e-04
9.813648648560047150e-04
9.703210671432316303e-04
1.057577552273869514e-03
9.803227148950099945e-04
9.704274707473814487e-04
9.740229579620063305e-04
9.925335180014371872e-04
9.698783396743237972e-04
1.018779585137963295e-03
9.730268502607941628e-04
9.758996893651783466e-04
9.836596436798572540e-04
9.692861349321901798e-04
1.042747870087623596e-03
9.689262369647622108e-04
9.725047857500612736e-04
9.712636820040643215e-04
9.869209025055170059e-04
9.692039457149803638e-04
9.847889887169003487e-04
9.681978262960910797e-04
1.047876197844743729e-03
9.689308935776352882e-04
9.712125756777822971e-04
9.686530684120953083e-04
1.018632086925208569e-03
9.701764793135225773e-04
9.748981101438403130e-04
9.758538799360394478e-04
9.724092087708413601e-04
9.795613586902618408e-04
9.679098147898912430e-04
1.032855710946023464e-03
9.711030870676040649e-04
9.707768913358449936e-04
9.705396369099617004e-04
9.940509917214512825e-04
9.774205973371863365e-04
9.663591044954955578e-04
1.061128452420234680e-03
9.742217953316867352e-04
9.678710484877228737e-04
9.715606574900448322e-04
9.790385374799370766e-04
9.698024368844926357e-04
1.004893449135124683e-03
9.758317610248923302e-04
9.720984962768852711e-04
9.658935014158487320e-04
9.656650363467633724e-04
9.956621797755360603e-04
9.761018445715308189e-04
9.650880820117890835e-04
1.019167713820934296e-03
9.707603021524846554e-04
9.657181217335164547e-04
9.694230975583195686e-04
9.824833832681179047e-04
9.711863240227103233e-04
9.669101564213633537e-04
9.670268627814948559e-04
9.802927961573004723e-04
9.758991072885692120e-04
9.701864910311996937e-04
9.688260615803301334e-04
9.940648451447486877e-04
9.737188229337334633e-04
9.654586319811642170e-04
9.836882818490266800e-04
9.851081995293498039e-04
9.670592844486236572e-04
9.709594305604696274e-04
9.647317929193377495e-04
9.748213342390954494e-04
9.672286687418818474e-04
9.754510829225182533e-04
9.633260197006165981e-04
9.717521606944501400e-04
9.716673521324992180e-04
9.630810236558318138e-04
9.656275506131350994e-04
9.671548614278435707e-04
9.708800935186445713e-04
9.656992624513804913e-04
9.656350594013929367e-04
9.677599882706999779e-04
9.628211846575140953e-04
9.633569279685616493e-04
9.734627674333751202e-04
9.661666699685156345e-04
9.899163851514458656e-04
9.666234836913645267e-04
9.738383232615888119e-04
9.644186939112842083e-04
9.616595925763249397e-04
9.992212289944291115e-04
9.755449136719107628e-04
9.659267379902303219e-04
9.716601925902068615e-04
9.755208739079535007e-04
9.626503451727330685e-04
1.008594059385359287e-03
9.705019765533506870e-04
9.626119281165301800e-04
9.614040027372539043e-04
9.925034828484058380e-04
9.823216823861002922e-04
9.606445091776549816e-04
9.678028873167932034e-04
9.721118840388953686e-04
9.604854276403784752e-04
1.074074534699320793e-03
9.778531966730952263e-04
9.618742624297738075e-04
9.613276342861354351e-04
9.681482333689928055e-04
9.677973575890064240e-04
9.598525939509272575e-04
1.079930108971893787e-03
9.833711665123701096e-04
9.636838803999125957e-04
9.595563751645386219e-04
9.623845689930021763e-04
9.771783370524644852e-04
9.595272713340818882e-04
9.739406523294746876e-04
9.913756512105464935e-04
9.660092182457447052e-04
9.590895497240126133e-04
9.652723092585802078e-04
9.650815627537667751e-04
9.606042876839637756e-04
9.590265108272433281e-04
9.638930205255746841e-04
9.591463021934032440e-04
9.636190952733159065e-04
9.594429866410791874e-04
9.584089275449514389e-04
9.805891895666718483e-04
9.592501446604728699e-04
9.946617064997553825e-04
9.637962211854755878e-04
9.729539742693305016e-04
9.579245233908295631e-04
9.948918595910072327e-04
9.690154693089425564e-04
9.578922181390225887e-04
9.933213004842400551e-04
9.727309807203710079e-04
9.600528283044695854e-04
9.573234128765761852e-04
9.917349088937044144e-04
9.711107122711837292e-04
9.584790677763521671e-04
9.853665251284837723e-04
9.679870563559234142e-04
9.591745329089462757e-04
9.682001546025276184e-04
9.567280649207532406e-04
9.679269278421998024e-04
9.639594936743378639e-04
9.681623196229338646e-04
9.739319793879985809e-04
9.564267820678651333e-04
1.032786094583570957e-03
9.561684564687311649e-04
9.568185778334736824e-04
9.713174658827483654e-04
9.579961770214140415e-04
9.572784183546900749e-04
9.566021617501974106e-04
9.557282319292426109e-04
9.581649792380630970e-04
9.567016386426985264e-04
9.861094877123832703e-04
9.652731823734939098e-04
9.582062484696507454e-04
9.674676693975925446e-04
9.690606966614723206e-04
9.620570926927030087e-04
9.559515747241675854e-04
1.002974924631416798e-03
9.610675624571740627e-04
9.663416421972215176e-04
9.574068826623260975e-04
9.623612859286367893e-04
9.784732246771454811e-04
9.543969645164906979e-04
9.545064531266689301e-04
9.726731223054230213e-04
9.543731575831770897e-04
9.858787525445222855e-04
9.639664203859865665e-04
9.584004292264580727e-04
9.915265254676342010e-04
9.700719383545219898e-04
9.595315787009894848e-04
9.636589093133807182e-04
9.562134509906172752e-04
9.632345754653215408e-04
9.530911920592188835e-04
1.073559629730880260e-03
9.708491852506995201e-04
9.548029629513621330e-04
9.542402112856507301e-04
9.528768132440745831e-04
1.027985592372715473e-03
9.525998029857873917e-04
9.531800751574337482e-04
9.661632357165217400e-04
9.533053962513804436e-04
9.559125755913555622e-04
9.903896134346723557e-04
9.597162134014070034e-04
9.516960708424448967e-04
9.525754721835255623e-04
9.643523953855037689e-04
9.550811373628675938e-04
9.526918292976915836e-04
9.714762563817203045e-04
9.616800234653055668e-04
9.512959513813257217e-04
9.630859130993485451e-04
9.559625177644193172e-04
9.879647986963391304e-04
9.542043553665280342e-04
9.691409650258719921e-04
9.506818605586886406e-04
9.800916304811835289e-04
9.573593852110207081e-04
9.571170667186379433e-04
9.555846918374300003e-04
9.608769905753433704e-04
9.516399004496634007e-04
9.500578744336962700e-04
9.630380664020776749e-04
9.574607829563319683e-04
9.555908036418259144e-04
9.516886202618479729e-04
1.010741456411778927e-03
9.527968941256403923e-04
9.510465315543115139e-04
9.623282239772379398e-04
9.631522116251289845e-04
9.543903870508074760e-04
9.506876813247799873e-04
9.760724497027695179e-04
9.493923862464725971e-04
9.645276004448533058e-04
9.487848146818578243e-04
9.681149967946112156e-04
9.774095378816127777e-04
9.525629575364291668e-04
9.502805187366902828e-04
9.582990314811468124e-04
9.546916699036955833e-04
9.661018266342580318e-04
9.513534023426473141e-04
9.478780557401478291e-04
9.564721840433776379e-04
9.755147621035575867e-04
9.474816033616662025e-04
9.473258978687226772e-04
9.668681886978447437e-04
9.495919803157448769e-04
9.499184088781476021e-04
9.588084649294614792e-04
9.628799161873757839e-04
9.514973498880863190e-04
9.539083112031221390e-04
9.567962260916829109e-04
9.642249788157641888e-04
9.470374789088964462e-04
9.583297651261091232e-04
9.469948709011077881e-04
1.007361570373177528e-03
9.577415185049176216e-04
9.476621635258197784e-04
9.505094494670629501e-04
9.585605585016310215e-04
9.581040358170866966e-04
9.467506315559148788e-04
1.000491320155560970e-03
9.514574776403605938e-04
9.487712522968649864e-04
9.559554746374487877e-04
9.595048613846302032e-04
9.488649084232747555e-04
9.493802790530025959e-04
9.509704541414976120e-04
9.455491090193390846e-04
9.966827929019927979e-04
9.572040289640426636e-04
9.532175026834011078e-04
9.564835345372557640e-04
9.455491672269999981e-04
1.010102685540914536e-03
9.575611911714076996e-04
9.452923550270497799e-04
9.530252427794039249e-04
9.527974762022495270e-04
9.503660839982330799e-04
9.462073794566094875e-04
9.525085333734750748e-04
9.464208269491791725e-04
9.722111281007528305e-04
9.590854169800877571e-04
9.447164484299719334e-04
9.960227180272340775e-04
9.509780793450772762e-04
9.452747181057929993e-04
9.459581342525780201e-04
9.805652080103754997e-04
9.581639897078275681e-04
9.483839967288076878e-04
9.571700938977301121e-04
9.556088480167090893e-04
9.434381499886512756e-04
9.541354957036674023e-04
9.467575000599026680e-04
9.472059900872409344e-04
9.460527217015624046e-04
9.450071956962347031e-04
9.823960717767477036e-04
9.566817898303270340e-04
9.458780987188220024e-04
9.591941488906741142e-04
9.558117599226534367e-04
9.438279666937887669e-04
9.883057791739702225e-04
9.428313933312892914e-04
9.435091051273047924e-04
9.584500803612172604e-04
9.580896003171801567e-04
9.508481598459184170e-04
9.423860465176403522e-04
1.007859944365918636e-03
9.434168459847569466e-04
9.449931676499545574e-04
9.526254143565893173e-04
9.454296668991446495e-04
9.448098717257380486e-04
9.506669593974947929e-04
9.505107882432639599e-04
9.414376108907163143e-04
9.413190418854355812e-04
9.680762304924428463e-04
9.447217453271150589e-04
9.535868302918970585e-04
9.558729943819344044e-04
9.409160120412707329e-04
9.596427553333342075e-04
9.407981415279209614e-04
1.028194441460072994e-03
9.417897672392427921e-04
9.436805266886949539e-04
9.448488708585500717e-04
9.802286513149738312e-04
9.533363045193254948e-04
9.408354526385664940e-04
9.997999295592308044e-04
9.466525516472756863e-04
9.402074501849710941e-04
9.511300595477223396e-04
9.481584420427680016e-04
9.532508556731045246e-04
9.443079470656812191e-04
9.416862158104777336e-04
9.579150937497615814e-04
9.396865498274564743e-04
1.032943720929324627e-03
9.421752765774726868e-04
9.446845506317913532e-04
9.404125157743692398e-04
9.740963578224182129e-04
9.539120364934206009e-04
9.397298563271760941e-04
1.018566777929663658e-03
9.393184445798397064e-04
9.400683920830488205e-04
9.491317323409020901e-04
9.506761562079191208e-04
9.478376014158129692e-04
9.400377748534083366e-04
9.477615240029990673e-04
9.487703209742903709e-04
9.401317220181226730e-04
9.464766480959951878e-04
9.387559839524328709e-04
9.456728585064411163e-04
9.391172206960618496e-04
9.690761216916143894e-04
9.497214341536164284e-04
9.402362629771232605e-04
9.404685697518289089e-04
9.546420769765973091e-04
9.394515072926878929e-04
9.572454146109521389e-04
9.381883428432047367e-04
9.662259835749864578e-04
9.462285088375210762e-04
9.424003073945641518e-04
9.575617732480168343e-04
9.382707648910582066e-04
9.505048510618507862e-04
9.381027193740010262e-04
1.038920367136597633e-03
9.462552843615412712e-04
9.394887601956725121e-04
9.424534509889781475e-04
9.552728151902556419e-04
9.369148174300789833e-04
1.030909130349755287e-03
9.386853198520839214e-04
9.416921529918909073e-04
9.394723456352949142e-04
9.592230780981481075e-04
9.453169768676161766e-04
9.383595315739512444e-04
9.476047125644981861e-04
9.376926464028656483e-04
9.758928208611905575e-04
9.461997542530298233e-04
9.408193291164934635e-04
9.390031336806714535e-04
9.577722521498799324e-04
9.372234344482421875e-04
9.561977931298315525e-04
9.359145769849419594e-04
9.918170981109142303e-04
9.456329280510544777e-04
9.476222912780940533e-04
9.414325468242168427e-04
9.394867811352014542e-04
9.380145929753780365e-04
9.401398710906505585e-04
9.364198194816708565e-04
9.389743790961802006e-04
9.357105009257793427e-04
9.416383691132068634e-04
9.351667249575257301e-04
9.625941165722906590e-04
9.609355474822223186e-04
9.367500315420329571e-04
9.348827297799289227e-04
9.663904202170670033e-04
9.487806819379329681e-04
9.368699975311756134e-04
9.575937874615192413e-04
9.482189198024570942e-04
9.393499349243938923e-04
9.369269246235489845e-04
9.350804029963910580e-04
9.384010336361825466e-04
9.342683479189872742e-04
9.449622011743485928e-04
9.459491702727973461e-04
9.368334431201219559e-04
9.406627505086362362e-04
9.426843607798218727e-04
9.380297269672155380e-04
9.505190537311136723e-04
9.356230730190873146e-04
9.772042976692318916e-04
9.519750601612031460e-04
9.341072873212397099e-04
9.461236768402159214e-04
9.376636007800698280e-04
9.503980400040745735e-04
9.400066337548196316e-04
9.346652659587562084e-04
9.587734239175915718e-04
9.351048502139747143e-04
9.610460256226360798e-04
9.386491728946566582e-04
9.464098839089274406e-04
9.335350478067994118e-04
9.337759693153202534e-04
9.498028666712343693e-04
9.539422462694346905e-04
9.385231533087790012e-04
9.394119260832667351e-04
9.388463804498314857e-04
9.491483215242624283e-04
9.348177700303494930e-04
9.575498406775295734e-04
9.605217492207884789e-04
9.322282276116311550e-04
9.350151522085070610e-04
9.511714451946318150e-04
9.426054893992841244e-04
9.357228991575539112e-04
9.451669175177812576e-04
9.325374267064034939e-04
9.798501851037144661e-04
9.410367929376661777e-04
9.365355945192277431e-04
9.341979748569428921e-04
9.714484913274645805e-04
9.370067273266613483e-04
9.461298468522727489e-04
9.312955662608146667e-04
9.514068369753658772e-04
9.313044138252735138e-04
9.357728995382785797e-04
9.847604669630527496e-04
9.413278312422335148e-04
9.321901015937328339e-04
9.315153001807630062e-04
9.412431390956044197e-04
9.393701329827308655e-04
9.596034069545567036e-04
9.352548513561487198e-04
9.390041232109069824e-04
9.409345220774412155e-04
9.337835945188999176e-04
9.357923408970236778e-04
9.320839890278875828e-04
9.869838831946253777e-04
9.418288245797157288e-04
9.340554825030267239e-04
9.337093215435743332e-04
9.313827031292021275e-04
9.375629015266895294e-04
9.314445196650922298e-04
9.552544215694069862e-04
9.427871555089950562e-04
9.328132146038115025e-04
9.637216571718454361e-04
9.517178987152874470e-04
9.319150703959167004e-04
9.374868241138756275e-04
9.308609878644347191e-04
9.316974319517612457e-04
9.395380620844662189e-04
9.418313857167959213e-04
9.332303889095783234e-04
9.357286035083234310e-04
9.475770639255642891e-04
9.287261636927723885e-04
9.783193236216902733e-04
9.430375648662447929e-04
9.349081665277481079e-04
9.457872365601360798e-04
9.284829138778150082e-04
9.357999661006033421e-04
9.374642977491021156e-04
9.293542825616896152e-04
9.342662524431943893e-04
9.316324139945209026e-04
9.608066175132989883e-04
9.360832045786082745e-04
9.277506615035235882e-04
1.063177711330354214e-03
9.514812263660132885e-04
9.313962655141949654e-04
9.274499607272446156e-04
9.316076175309717655e-04
9.508363436907529831e-04
9.292901959270238876e-04
9.479909786023199558e-04
9.272726601921021938e-04
9.818036342039704323e-04
9.378235554322600365e-04
9.327451698482036591e-04
9.452897938899695873e-04
9.303020196966826916e-04
9.266976849175989628e-04
9.799367981031537056e-04
9.397054673172533512e-04
9.291217429563403130e-04
9.280715603381395340e-04
9.382246062159538269e-04
9.329634485766291618e-04
9.273778414353728294e-04
9.267036220990121365e-04
9.773641359061002731e-04
9.414464002475142479e-04
9.317328222095966339e-04
9.299545199610292912e-04
9.360600961372256279e-04
9.340782999061048031e-04
9.282506653107702732e-04
9.274920448660850525e-04
9.498717263340950012e-04
9.370470652356743813e-04
9.260016959160566330e-04
9.335925569757819176e-04
9.342450066469609737e-04
9.393064538016915321e-04
9.291347232647240162e-04
9.378223330713808537e-04
9.415366803295910358e-04
9.273687028326094151e-04
9.273263858631253242e-04
9.340120013803243637e-04
9.375942172482609749e-04
9.285016567446291447e-04
9.276675991714000702e-04
9.292661561630666256e-04
9.249346330761909485e-04
9.312574402429163456e-04
9.278377983719110489e-04
9.260518709197640419e-04
9.491966920904815197e-04
9.355750516988337040e-04
9.263479150831699371e-04
9.292947361245751381e-04
9.287797729484736919e-04
9.244311950169503689e-04
9.546092478558421135e-04
9.303215774707496166e-04
9.383903234265744686e-04
9.253579191863536835e-04
9.572952985763549805e-04
9.297440992668271065e-04
9.267221903428435326e-04
9.421966387890279293e-04
9.237148333340883255e-04
9.510587551631033421e-04
9.269780130125582218e-04
9.562705527059733868e-04
9.340995457023382187e-04
9.283459512516856194e-04
9.571813279762864113e-04
9.430351201444864273e-04
9.277255740016698837e-04
9.237939375452697277e-04
9.776903316378593445e-04
9.337949450127780437e-04
9.255841723643243313e-04
9.254225296899676323e-04
9.363863500766456127e-04
9.228262933902442455e-04
9.353258647024631500e-04
9.299082448706030846e-04
9.236760670319199562e-04
9.390559862367808819e-04
9.231509757228195667e-04
9.245908586308360100e-04
9.249145514331758022e-04
9.353705099783837795e-04
9.222499793395400047e-04
9.287408320233225822e-04
9.301546961069107056e-04
9.257432539016008377e-04
9.296487551182508469e-04
9.251523879356682301e-04
9.478119900450110435e-04
9.340836550109088421e-04
9.224425302818417549e-04
1.017083181068301201e-03
9.244472021237015724e-04
9.265191620215773582e-04
9.229979477822780609e-04
9.500087471678853035e-04
9.266700362786650658e-04
9.314770577475428581e-04
9.242366650141775608e-04
9.248256683349609375e-04
9.365876903757452965e-04
9.214151068590581417e-04
9.446940384805202484e-04
9.406429016962647438e-04
9.217532933689653873e-04
9.227289119735360146e-04
9.206638787873089314e-04
9.568909299559891224e-04
9.301914251409471035e-04
9.246173431165516376e-04
9.215543395839631557e-04
9.223899687640368938e-04
9.234974859282374382e-04
9.218288469128310680e-04
9.203749359585344791e-04
9.719444205984473228e-04
9.341891855001449585e-04
9.283552062697708607e-04
9.361843112856149673e-04
9.255643817596137524e-04
9.213153389282524586e-04
9.197109029628336430e-04
9.335287613794207573e-04
9.219140629284083843e-04
9.382233256474137306e-04
9.517383296042680740e-04
9.210795979015529156e-04
9.194493177346885204e-04
9.459470747970044613e-04
9.214156889356672764e-04
9.395953966304659843e-04
9.323638514615595341e-04
9.199891937896609306e-04
9.489999501965939999e-04
9.238427737727761269e-04
9.261525701731443405e-04
9.287301800213754177e-04
9.220607462339103222e-04
9.250516886822879314e-04
9.183313813991844654e-04
9.928279323503375053e-04
9.183076908811926842e-04
9.177243919111788273e-04
9.452592348679900169e-04
9.270929149352014065e-04
9.174126316793262959e-04
9.827766334637999535e-04
9.265937842428684235e-04
9.191833087243139744e-04
9.170459234155714512e-04
1.036511035636067390e-03
9.341543773189187050e-04
9.170045377686619759e-04
9.176848107017576694e-04
9.409694466739892960e-04
9.202758665196597576e-04
9.208160336129367352e-04
9.355545043945312500e-04
9.230495197698473930e-04
9.169122204184532166e-04
9.427588083781301975e-04
9.211982251144945621e-04
9.254341130144894123e-04
9.275674819946289062e-04
9.162740316241979599e-04
9.667743579484522343e-04
9.199156775139272213e-04
9.172405116260051727e-04
9.255674085579812527e-04
9.330516331829130650e-04
9.142076014541089535e-04
9.653030429035425186e-04
9.237153572030365467e-04
9.180297493003308773e-04
9.138421737588942051e-04
9.576292941346764565e-04
9.274547337554395199e-04
9.167094831354916096e-04
9.305804269388318062e-04
9.189611300826072693e-04
9.131473489105701447e-04
1.044630771502852440e-03
9.336560033261775970e-04
9.139967733062803745e-04
9.132496779784560204e-04
9.216542821377515793e-04
9.222677908837795258e-04
9.210208663716912270e-04
9.150095866061747074e-04
9.176063467748463154e-04
9.137323359027504921e-04
9.700189111754298210e-04
9.239057544618844986e-04
9.151406120508909225e-04
9.120021713897585869e-04
9.699871880002319813e-04
9.242508676834404469e-04
9.125892538577318192e-04
9.176323655992746353e-04
9.238717029802501202e-04
9.290241287089884281e-04
9.109502425417304039e-04
9.518518345430493355e-04
9.289449662901461124e-04
9.184816153720021248e-04
9.203876252286136150e-04
9.237158810719847679e-04
9.265481494367122650e-04
9.118711459450423717e-04
9.306831052526831627e-04
9.433990926481783390e-04
9.107075748033821583e-04
9.098991868086159229e-04
9.316379437223076820e-04
9.212446166202425957e-04
9.135952568612992764e-04
9.314736817032098770e-04
9.102461626753211021e-04
9.685874683782458305e-04
9.098952286876738071e-04
9.093250264413654804e-04
9.458498680032789707e-04
9.220223873853683472e-04
9.101520408876240253e-04
9.608117979951202869e-04
9.206163231283426285e-04
9.202001383528113365e-04
9.126573568210005760e-04
9.329229360446333885e-04
9.206287213601171970e-04
9.122019400820136070e-04
9.290231391787528992e-04
9.088863153010606766e-04
9.993036510422825813e-04
9.141780901700258255e-04
9.119210299104452133e-04
9.091036627069115639e-04
9.832872310653328896e-04
9.104394703172147274e-04
9.081298485398292542e-04
9.299566154368221760e-04
9.110140381380915642e-04
9.204932139255106449e-04
9.080732124857604504e-04
1.030193641781806946e-03
9.265157277695834637e-04
9.087900980375707150e-04
9.085004567168653011e-04
9.231010917574167252e-04
9.075313573703169823e-04
9.426769101992249489e-04
9.161634370684623718e-04
9.136484586633741856e-04
9.135686559602618217e-04
9.190440759994089603e-04
9.075917769223451614e-04
9.075317066162824631e-04
9.191827266477048397e-04
9.091836982406675816e-04
9.304076666012406349e-04
9.133956627920269966e-04
9.068920044228434563e-04
9.581645717844367027e-04
9.219364146701991558e-04
9.138533496297895908e-04
9.239810751751065254e-04
9.073505061678588390e-04
9.182589128613471985e-04
9.567960514687001705e-04
9.141163318417966366e-04
9.066737839020788670e-04
9.060819284059107304e-04
