2.253601886332035065e-02
5.381074734032154083e-03
2.007592003792524338e-03
1.956948311999440193e-03
1.910267048515379429e-03
1.892927102744579315e-03
1.880488940514624119e-03
1.870035543106496334e-03
1.860888209193944931e-03
1.852666842751204967e-03
1.845089718699455261e-03
1.838223775848746300e-03
1.832040492445230484e-03
1.826311228796839714e-03
1.820804318413138390e-03
1.815532450564205647e-03
1.810753950849175453e-03
1.806667307391762733e-03
1.802846440114080906e-03
1.799224643036723137e-03
1.795918215066194534e-03
1.792782568372786045e-03
1.789721427485346794e-03
1.786836772225797176e-03
1.784122781828045845e-03
1.781449886038899422e-03
1.778713776730000973e-03
1.775789540261030197e-03
1.772705814801156521e-03
1.769620808772742748e-03
1.766876899637281895e-03
1.764286425895988941e-03
1.761699677444994450e-03
1.759245875291526318e-03
1.756872516125440598e-03
1.754525350406765938e-03
1.752197626046836376e-03
1.749938353896141052e-03
1.747691654600203037e-03
1.745430869050323963e-03
1.743139233440160751e-03
1.740909880027174950e-03
1.738706137984991074e-03
1.736393664032220840e-03
1.734122401103377342e-03
1.731956843286752701e-03
1.729782088659703732e-03
1.727581024169921875e-03
1.725307782180607319e-03
1.722982968203723431e-03
1.720817177556455135e-03
1.718670595437288284e-03
1.716526341624557972e-03
1.714401063509285450e-03
1.712326426059007645e-03
1.710314885713160038e-03
1.708338269963860512e-03
1.706380280666053295e-03
1.704438589513301849e-03
1.702508307062089443e-03
1.700581517070531845e-03
1.698655076324939728e-03
1.696728519164025784e-03
1.694813137874007225e-03
1.692914171144366264e-03
1.691027428023517132e-03
1.689146040007472038e-03
1.687266863882541656e-03
1.685388851910829544e-03
1.683505601249635220e-03
1.681614317931234837e-03
1.679709181189537048e-03
1.677792519330978394e-03
1.675867824815213680e-03
1.673938473686575890e-03
1.672002603299915791e-03
1.670049037784337997e-03
1.668069395236670971e-03
1.666054129600524902e-03
1.664039213210344315e-03
1.662060501985251904e-03
1.660095178522169590e-03
1.658182474784553051e-03
1.656277803704142570e-03
1.654381514526903629e-03
1.652486738748848438e-03
1.650594291277229786e-03
1.648707897402346134e-03
1.646820805035531521e-03
1.644930569455027580e-03
1.643036259338259697e-03
1.641134382225573063e-03
1.639220747165381908e-03
1.637294190004467964e-03
1.635357970371842384e-03
1.633409061469137669e-03
1.631439896300435066e-03
1.629458158276975155e-03
1.627460238523781300e-03
1.625439850613474846e-03
1.623369171284139156e-03
1.621297560632228851e-03
1.619248883798718452e-03
1.617196947336196899e-03
1.615133485756814480e-03
1.613059197552502155e-03
1.610969542525708675e-03
1.608862425200641155e-03
1.606737263500690460e-03
1.604596618562936783e-03
1.602448057383298874e-03
1.600280287675559521e-03
1.598094473592936993e-03
1.595905865542590618e-03
1.593719935044646263e-03
1.591541571542620659e-03
1.589359366334974766e-03
1.587181352078914642e-03
1.585004734806716442e-03
1.582827768288552761e-03
1.580638112500309944e-03
1.578456722199916840e-03
1.576271606609225273e-03
1.574091729708015919e-03
1.571902655996382236e-03
1.569706830196082592e-03
1.567503088153898716e-03
1.565284910611808300e-03
1.563061727210879326e-03
1.560821314342319965e-03
1.558570074848830700e-03
1.556302071548998356e-03
1.554018817842006683e-03
1.551720430143177509e-03
1.549410982988774776e-03
1.547077321447432041e-03
1.544720144011080265e-03
1.542357960715889931e-03
1.539964112453162670e-03
1.537517295219004154e-03
1.535107847303152084e-03
1.533908769488334656e-03
1.530127716250717640e-03
1.538134878501296043e-03
1.534210634417831898e-03
1.549639622680842876e-03
1.584890414960682392e-03
1.520251156762242317e-03
1.523810322396457195e-03
1.521198661066591740e-03
1.623853691853582859e-03
1.519968616776168346e-03
1.524703344330191612e-03
1.509341411292552948e-03
1.506483182311058044e-03
1.503602601587772369e-03
1.500971149653196335e-03
1.499938196502625942e-03
2.100349869579076767e-03
1.717504113912582397e-03
1.516672316938638687e-03
1.496753422543406487e-03
1.489053829573094845e-03
1.491637900471687317e-03
3.007160034030675888e-03
1.581667806021869183e-03
1.483291853219270706e-03
1.481167157180607319e-03
1.478122896514832973e-03
1.480474835261702538e-03
2.427041297778487206e-03
1.490579801611602306e-03
1.481514424085617065e-03
1.469629001803696156e-03
1.466384157538414001e-03
1.463879132643342018e-03
1.538989250548183918e-03
1.676734886132180691e-03
1.462514046579599380e-03
1.463704160414636135e-03
1.455425168387591839e-03
1.452198019251227379e-03
1.455560675822198391e-03
1.465842593461275101e-03
1.472811680287122726e-03
1.469093840569257736e-03
1.448566443286836147e-03
1.443387009203433990e-03
1.440191408619284630e-03
1.438413164578378201e-03
1.656835549511015415e-03
1.463545137085020542e-03
1.445124158635735512e-03
1.431068056263029575e-03
1.429104246199131012e-03
1.548188971355557442e-03
1.555582042783498764e-03
1.474176999181509018e-03
1.429307274520397186e-03
1.420119544491171837e-03
1.554183778353035450e-03
1.477356534451246262e-03
1.451868214644491673e-03
1.414100523106753826e-03
1.410920056514441967e-03
1.408936223015189171e-03
1.801989274099469185e-03
1.660806243307888508e-03
1.424735994078218937e-03
1.407680800184607506e-03
1.398728927597403526e-03
1.405616872943937778e-03
1.552585512399673462e-03
1.436061924323439598e-03
1.395910279825329781e-03
1.393684535287320614e-03
1.389169483445584774e-03
1.386897289194166660e-03
2.269615419209003448e-03
1.399936620146036148e-03
1.401055138558149338e-03
1.381024601869285107e-03
1.377724227495491505e-03
1.511327922344207764e-03
1.399431959725916386e-03
1.378835295327007771e-03
1.380406552925705910e-03
1.369448029436171055e-03
1.396996667608618736e-03
1.514761359430849552e-03
1.376890460960566998e-03
1.363962423056364059e-03
1.360706402920186520e-03
1.724480767734348774e-03
1.618894515559077263e-03
1.393989776261150837e-03
1.361573813483119011e-03
1.352881314232945442e-03
1.368226949125528336e-03
2.052771393209695816e-03
1.436250866390764713e-03
1.358204754069447517e-03
1.349722850136458874e-03
1.345275319181382656e-03
1.343138283118605614e-03
1.498294877819716930e-03
1.351108308881521225e-03
1.376618747599422932e-03
1.336915884166955948e-03
1.357619999907910824e-03
1.342243980616331100e-03
1.408130745403468609e-03
1.342958188615739346e-03
1.336148590780794621e-03
2.067344961687922478e-03
1.373569597490131855e-03
1.336069311946630478e-03
1.331882784143090248e-03
2.026758389547467232e-03
1.436712453141808510e-03
1.322231837548315525e-03
1.332053099758923054e-03
1.484254840761423111e-03
1.404284965246915817e-03
1.327122212387621403e-03
1.317862421274185181e-03
1.979751978069543839e-03
1.457660575397312641e-03
1.307465252466499805e-03
1.311491127125918865e-03
1.358739216811954975e-03
1.615288900211453438e-03
1.352529274299740791e-03
1.308927079662680626e-03
1.303195487707853317e-03
1.998813822865486145e-03
1.437932834960520267e-03
1.307667931541800499e-03
1.289753126911818981e-03
1.579603878781199455e-03
1.540291588753461838e-03
1.306882593780755997e-03
1.291662920266389847e-03
1.288398285396397114e-03
1.953630475327372551e-03
1.409458927810192108e-03
1.292099594138562679e-03
1.276096911169588566e-03
1.585992285981774330e-03
1.607783138751983643e-03
1.300185685977339745e-03
1.281676697544753551e-03
1.278535230085253716e-03
1.274553127586841583e-03
1.271514338441193104e-03
1.269052503630518913e-03
1.312457490712404251e-03
1.283150981180369854e-03
1.282560289837419987e-03
1.341695315204560757e-03
1.263409270904958248e-03
1.268594642169773579e-03
1.720285508781671524e-03
1.301240525208413601e-03
1.273411558941006660e-03
1.454817014746367931e-03
1.255137962289154530e-03
1.268097665160894394e-03
1.521702390164136887e-03
1.287366845645010471e-03
1.275292714126408100e-03
1.335517270490527153e-03
1.460249884985387325e-03
1.270515960641205311e-03
1.248595421202480793e-03
1.646435703150928020e-03
1.321905292570590973e-03
1.254282076843082905e-03
1.247776206582784653e-03
2.006559399887919426e-03
1.333102001808583736e-03
1.246910542249679565e-03
1.237597665749490261e-03
1.328694168478250504e-03
1.231753150932490826e-03
1.239884644746780396e-03
1.228288863785564899e-03
1.223505125381052494e-03
2.365955384448170662e-03
1.241658232174813747e-03
1.227705273777246475e-03
1.218469929881393909e-03
1.216072123497724533e-03
1.673058606684207916e-03
1.400010427460074425e-03
1.213907380588352680e-03
1.218429184518754482e-03
1.226380700245499611e-03
1.713379868306219578e-03
1.276398776099085808e-03
1.212523435242474079e-03
1.204627915285527706e-03
1.243073609657585621e-03
1.324145705439150333e-03
1.239204895682632923e-03
1.225300482474267483e-03
1.731785596348345280e-03
1.223340164870023727e-03
1.233441405929625034e-03
1.505768275819718838e-03
1.263796351850032806e-03
1.190533279441297054e-03
1.530422945506870747e-03
1.281509175896644592e-03
1.216040924191474915e-03
1.191548537462949753e-03
1.188378082588315010e-03
1.185582601465284824e-03
1.202341169118881226e-03
1.198137411847710609e-03
1.254635746590793133e-03
1.195964170619845390e-03
1.178739592432975769e-03
1.175850629806518555e-03
1.301393494941294193e-03
1.241632387973368168e-03
1.236078096553683281e-03
1.182421809062361717e-03
1.175398472696542740e-03
1.171292969956994057e-03
1.169079565443098545e-03
1.168283401057124138e-03
1.984966220334172249e-03
1.228374079801142216e-03
1.165548106655478477e-03
1.161002670414745808e-03
1.809016801416873932e-03
1.211444614455103874e-03
1.186493085697293282e-03
1.161822816357016563e-03
1.163822715170681477e-03
1.899655675515532494e-03
1.158209051936864853e-03
1.158761209808290005e-03
1.198224374093115330e-03
1.198305631987750530e-03
1.147948205471038818e-03
1.160512911155819893e-03
2.087114844471216202e-03
1.195571618154644966e-03
1.161837950348854065e-03
1.144453184679150581e-03
1.311568194068968296e-03
1.443306100554764271e-03
1.180038438178598881e-03
1.139150932431221008e-03
1.135124708525836468e-03
1.137773040682077408e-03
1.192823168821632862e-03
1.223072409629821777e-03
1.138016814365983009e-03
1.130742952227592468e-03
1.126287854276597500e-03
2.177244052290916443e-03
1.156238722614943981e-03
1.129060517996549606e-03
1.123368507251143456e-03
1.133240875788033009e-03
1.294704969041049480e-03
1.155266771093010902e-03
1.116405823267996311e-03
1.187121029943227768e-03
1.316939713433384895e-03
1.137121929787099361e-03
1.116265426389873028e-03
1.518114819191396236e-03
1.201260718517005444e-03
1.111336634494364262e-03
1.107510062865912914e-03
1.629547681659460068e-03
1.244598999619483948e-03
1.129372860305011272e-03
1.115636550821363926e-03
1.908037695102393627e-03
1.165547990240156651e-03
1.119793974794447422e-03
1.127066556364297867e-03
1.293472363613545895e-03
1.137760467827320099e-03
1.100555411539971828e-03
1.218507997691631317e-03
1.243883045390248299e-03
1.124262809753417969e-03
1.135311787948012352e-03
1.089629950001835823e-03
1.124319387599825859e-03
1.218167133629322052e-03
1.249819993972778320e-03
1.083300798200070858e-03
1.463959459215402603e-03
1.117559266276657581e-03
1.077065593563020229e-03
1.090812729671597481e-03
1.160131418146193027e-03
1.150667318142950535e-03
1.084642368368804455e-03
1.088762190192937851e-03
1.280852942727506161e-03
1.069714664481580257e-03
1.084560411982238293e-03
1.467454480007290840e-03
1.067751436494290829e-03
1.061144983395934105e-03
2.158015500754117966e-03
1.087459968402981758e-03
1.080005895346403122e-03
1.055835280567407608e-03
1.301512005738914013e-03
1.135181752033531666e-03
1.084356335923075676e-03
1.051218947395682335e-03
1.382005983032286167e-03
1.087568583898246288e-03
1.055034343153238297e-03
1.045976299792528152e-03
2.353590447455644608e-03
1.168503193184733391e-03
1.062942086718976498e-03
1.044912845827639103e-03
1.039573224261403084e-03
2.277894178405404091e-03
1.156818587332963943e-03
1.053830259479582310e-03
1.037031877785921097e-03
1.033875159919261932e-03
1.974677899852395058e-03
1.071719103492796421e-03
1.047636382281780243e-03
1.031509484164416790e-03
1.034018467180430889e-03
1.191785791888833046e-03
1.097528263926506042e-03
1.035518827848136425e-03
1.020239084027707577e-03
2.529388060793280602e-03
1.029707840643823147e-03
1.025014673359692097e-03
1.020343042910099030e-03
1.014051842503249645e-03
1.070347963832318783e-03
1.122744870372116566e-03
1.052768086083233356e-03
1.013390370644629002e-03
1.012219232507050037e-03
2.052197698503732681e-03
1.012147520668804646e-03
1.025178935378789902e-03
1.006623962894082069e-03
1.168874092400074005e-03
1.219370053149759769e-03
1.028362428769469261e-03
1.006438396871089935e-03
1.001552212983369827e-03
1.734487479552626610e-03
1.106248120777308941e-03
1.017404370941221714e-03
1.028391649015247822e-03
1.007613725960254669e-03
9.899543365463614464e-04
1.000389456748962402e-03
1.967816846445202827e-03
1.033446635119616985e-03
1.004162593744695187e-03
9.890630608424544334e-04
1.597426948137581348e-03
1.119567546993494034e-03
9.806980378925800323e-04
9.807817405089735985e-04
1.611775020137429237e-03
1.071947510354220867e-03
9.726601419970393181e-04
1.227989909239113331e-03
1.036613248288631439e-03
9.729345911182463169e-04
1.479892642237246037e-03
9.946494828909635544e-04
9.822393767535686493e-04
1.012567547149956226e-03
9.689210564829409122e-04
9.867210173979401588e-04
1.406367518939077854e-03
9.599992772564291954e-04
9.724830160848796368e-04
1.278157811611890793e-03
1.029707724228501320e-03
1.023951452225446701e-03
9.566858061589300632e-04
9.833633666858077049e-04
1.107955467887222767e-03
9.721135720610618591e-04
1.248948392458260059e-03
1.191468560136854649e-03
9.787742746993899345e-04
9.520723251625895500e-04
9.537786245346069336e-04
1.218461897224187851e-03
9.429182973690330982e-04
9.594461298547685146e-04
9.498706785961985588e-04
1.578935538418591022e-03
9.479281143285334110e-04
9.417150286026299000e-04
9.377515525557100773e-04
9.381689014844596386e-04
1.260724849998950958e-03
9.413076331838965416e-04
9.593826252967119217e-04
1.169376308098435402e-03
1.037645270116627216e-03
9.322894620709121227e-04
9.921228047460317612e-04
9.546090150251984596e-04
9.291276801377534866e-04
9.251197334378957748e-04
9.395383531227707863e-04
1.310658175498247147e-03
9.459844441153109074e-04
9.288858855143189430e-04
9.228569688275456429e-04
1.600946765393018723e-03
1.032956992276012897e-03
9.365996229462325573e-04
9.349584579467773438e-04
9.238179191015660763e-04
9.426297619938850403e-04
9.236543555743992329e-04
9.820242412388324738e-04
9.231896838173270226e-04
9.212947334162890911e-04
9.101409814320504665e-04
9.027138585224747658e-04
1.070907805114984512e-03
1.032299012877047062e-03
9.142840863205492496e-04
1.021628966554999352e-03
9.996888693422079086e-04
9.659901261329650879e-04
1.069130725227296352e-03
9.107129881158471107e-04
1.105304691009223461e-03
8.945694426074624062e-04
8.905746508389711380e-04
8.874698542058467865e-04
1.911984174512326717e-03
9.449137724004685879e-04
8.979481644928455353e-04
8.904111455194652081e-04
8.847819990478456020e-04
1.121569424867630005e-03
9.887594496831297874e-04
8.915540529415011406e-04
8.870098972693085670e-04
8.806133992038667202e-04
9.365422301925718784e-04
9.184556547552347183e-04
8.782045333646237850e-04
8.755144081078469753e-04
8.725366205908358097e-04
1.789549598470330238e-03
8.866558782756328583e-04
8.953738724812865257e-04
8.696368895471096039e-04
9.356428054161369801e-04
1.122031942941248417e-03
9.107558871619403362e-04
8.843057439662516117e-04
1.519408659078180790e-03
9.698045323602855206e-04
8.699715253897011280e-04
8.947812602855265141e-04
9.426687029190361500e-04
9.141761693172156811e-04
8.578420383855700493e-04
1.108733005821704865e-03
8.606883930042386055e-04
8.567310287617146969e-04
8.622104651294648647e-04
1.905565964989364147e-03
8.868261356838047504e-04
8.717502350918948650e-04
8.501682314090430737e-04
9.921216405928134918e-04
8.680924074724316597e-04
8.657468715682625771e-04
8.510405314154922962e-04
8.624937036074697971e-04
1.049972139298915863e-03
8.482041303068399429e-04
8.630983065813779831e-04
1.063356990925967693e-03
9.156491141766309738e-04
8.708814275451004505e-04
8.580900030210614204e-04
1.021652715280652046e-03
8.420124067924916744e-04
8.470753673464059830e-04
8.415363845415413380e-04
1.184484804980456829e-03
9.017242118716239929e-04
8.619880536571145058e-04
8.424436091445386410e-04
1.232587383128702641e-03
9.511159732937812805e-04
8.547245524823665619e-04
8.282368653453886509e-04
1.081216614693403244e-03
9.235725156031548977e-04
8.401953382417559624e-04
8.333076257258653641e-04
8.260615868493914604e-04
1.024798373691737652e-03
8.628298528492450714e-04
8.299050969071686268e-04
8.253845735453069210e-04
8.234229753725230694e-04
1.141441520303487778e-03
8.237191941589117050e-04
8.193401154130697250e-04
8.426576387137174606e-04
9.723441908136010170e-04
8.238993468694388866e-04
8.264278294518589973e-04
1.213488983921706676e-03
8.210132364183664322e-04
8.113463991321623325e-04
1.717016915790736675e-03
8.460603421553969383e-04
8.100036648102104664e-04
8.108337060548365116e-04
1.491636619903147221e-03
9.164752555079758167e-04
8.226230274885892868e-04
8.043798152357339859e-04
2.356559969484806061e-03
9.532169206067919731e-04
8.361316286027431488e-04
8.096793899312615395e-04
8.028905722312629223e-04
8.024597191251814365e-04
8.534741937182843685e-04
9.232734446413815022e-04
7.988833240233361721e-04
8.095099474303424358e-04
1.588410697877407074e-03
8.055228972807526588e-04
8.002137765288352966e-04
7.977000204846262932e-04
1.586534897796809673e-03
8.482237462885677814e-04
8.108456386253237724e-04
8.257274166680872440e-04
7.937157643027603626e-04
7.994264597073197365e-04
8.008257718756794930e-04
1.700460561551153660e-03
8.209018269553780556e-04
7.873852737247943878e-04
7.916502654552459717e-04
1.319743460044264793e-03
8.141509606502950191e-04
8.180974982678890228e-04
1.085123280063271523e-03
8.575044339522719383e-04
8.470534230582416058e-04
1.023522578179836273e-03
8.928815368562936783e-04
8.051152690313756466e-04
1.649072975851595402e-03
7.876958698034286499e-04
7.775663980282843113e-04
7.766088237985968590e-04
1.455762307159602642e-03
7.883291109465062618e-04
7.780170417390763760e-04
7.792386459186673164e-04
7.719302666373550892e-04
7.992939208634197712e-04
1.164944958873093128e-03
7.884552469477057457e-04
7.752053206786513329e-04
7.729692733846604824e-04
1.476397621445357800e-03
8.446106803603470325e-04
7.801961619406938553e-04
7.837818120606243610e-04
8.236962021328508854e-04
8.041335968300700188e-04
7.699722773395478725e-04
7.721010479144752026e-04
1.550829503685235977e-03
8.076334488578140736e-04
7.769157527945935726e-04
7.953633903525769711e-04
7.614545756950974464e-04
7.790624513290822506e-04
7.848017266951501369e-04
1.394172781147062778e-03
8.450509631074965000e-04
7.553410250693559647e-04
1.004092511720955372e-03
7.912772125564515591e-04
7.860039477236568928e-04
7.563698454760015011e-04
8.342798100784420967e-04
7.682743598707020283e-04
7.538757636211812496e-04
7.508932030759751797e-04
7.502423832193017006e-04
1.429373747669160366e-03
8.779344498179852962e-04
7.511673611588776112e-04
7.525151595473289490e-04
9.802314452826976776e-04
7.929079583846032619e-04
7.782285683788359165e-04
7.450365810655057430e-04
1.726087182760238647e-03
7.513307500630617142e-04
7.464224472641944885e-04
7.464193040505051613e-04
7.420132751576602459e-04
7.868888787925243378e-04
1.046419260092079639e-03
7.664888398721814156e-04
7.460135384462773800e-04
8.650736417621374130e-04
9.046170744113624096e-04
7.366238278336822987e-04
8.777487673796713352e-04
7.911076536402106285e-04
7.344082114286720753e-04
1.872225664556026459e-03
7.648445898666977882e-04
7.515554898418486118e-04
7.342966855503618717e-04
8.036678191274404526e-04
9.321082616224884987e-04
7.459385669790208340e-04
7.317657000385224819e-04
1.615127199329435825e-03
7.451826822943985462e-04
7.404721109196543694e-04
7.360988529399037361e-04
1.188189489766955376e-03
7.490019779652357101e-04
7.387178484350442886e-04
8.048932650126516819e-04
9.153274586424231529e-04
7.317081326618790627e-04
7.230896735563874245e-04
1.108510768972337246e-03
7.394836284220218658e-04
7.620863616466522217e-04
7.262913277372717857e-04
7.229523034766316414e-04
7.213630597107112408e-04
7.509894203394651413e-04
7.217755191959440708e-04
7.705754833295941353e-04
7.372498512268066406e-04
7.736705592833459377e-04
7.812191033735871315e-04
7.271087379194796085e-04
7.152790203690528870e-04
2.098039723932743073e-03
8.529800106771290302e-04
7.255864911712706089e-04
7.175462669692933559e-04
7.589182932861149311e-04
7.153049227781593800e-04
1.171688782051205635e-03
7.165216957218945026e-04
7.394710555672645569e-04
8.713110582903027534e-04
8.599282009527087212e-04
7.099860231392085552e-04
9.593511349521577358e-04
7.885530940257012844e-04
7.075179601088166237e-04
1.072507933713495731e-03
7.294562528841197491e-04
7.051005377434194088e-04
1.204322790727019310e-03
8.715625735931098461e-04
7.101047085598111153e-04
7.110256701707839966e-04
7.377285510301589966e-04
9.520485764369368553e-04
7.350200321525335312e-04
7.135016494430601597e-04
7.390816463157534599e-04
7.293611415661871433e-04
6.999036413617432117e-04
6.981675396673381329e-04
1.483836560510098934e-03
7.803355110809206963e-04
7.044356898404657841e-04
6.987413507886230946e-04
7.268603076227009296e-04
9.677086491137742996e-04
7.224416476674377918e-04
7.067101541906595230e-04
6.994027062319219112e-04
8.335906895808875561e-04
7.783161709085106850e-04
7.050679996609687805e-04
6.962669431231915951e-04
9.391731000505387783e-04
7.625449215993285179e-04
7.161353714764118195e-04
6.962546030990779400e-04
6.938348524272441864e-04
9.767097653821110725e-04
7.761559681966900826e-04
6.889139767736196518e-04
6.928103393875062466e-04
7.612537010572850704e-04
9.333183988928794861e-04
7.214868674054741859e-04
6.872589001432061195e-04
7.221731939353048801e-04
7.814524578861892223e-04
6.964222993701696396e-04
6.872322992421686649e-04
6.838015397079288960e-04
6.887124618515372276e-04
1.238891039974987507e-03
7.391482940874993801e-04
7.018648902885615826e-04
6.939406157471239567e-04
1.170213450677692890e-03
7.614181376993656158e-04
6.831760983914136887e-04
6.785720470361411572e-04
6.883430760353803635e-04
1.127205789089202881e-03
7.419823668897151947e-04
6.764687132090330124e-04
9.207457187585532665e-04
7.627149461768567562e-04
6.761152180843055248e-04
1.007203594781458378e-03
7.307220366783440113e-04
7.171578472480177879e-04
1.071831909939646721e-03
6.818789406679570675e-04
6.780695985071361065e-04
1.129368203692138195e-03
6.714250193908810616e-04
6.697345525026321411e-04
1.448753522709012032e-03
7.604018319398164749e-04
6.769832689315080643e-04
6.706729764118790627e-04
7.157557411119341850e-04
9.017002885229885578e-04
7.130791782401502132e-04
6.717545329593122005e-04
6.666328408755362034e-04
7.218297105282545090e-04
6.893419777043163776e-04
6.810328341089189053e-04
6.694984622299671173e-04
6.683171377517282963e-04
6.653687451034784317e-04
6.894313846714794636e-04
7.096061599440872669e-04
8.536816458217799664e-04
7.117436616681516171e-04
6.611091666854918003e-04
2.972455695271492004e-03
7.524403627030551434e-04
6.692574825137853622e-04
6.682749371975660324e-04
6.623152294196188450e-04
6.606918177567422390e-04
6.636747275479137897e-04
8.235198911279439926e-04
7.365683559328317642e-04
6.670342991128563881e-04
9.011009824462234974e-04
6.653094314970076084e-04
6.744649726897478104e-04
6.613095756620168686e-04
8.379777427762746811e-04
7.270894711837172508e-04
6.583376089110970497e-04
6.566107622347772121e-04
6.624257657676935196e-04
6.848884513601660728e-04
7.050449494272470474e-04
6.575663574039936066e-04
6.511074607260525227e-04
1.276073278859257698e-03
7.323198951780796051e-04
6.714950432069599628e-04
6.506721256300806999e-04
6.499763694591820240e-04
7.796207210049033165e-04
7.904208032414317131e-04
6.706346757709980011e-04
7.010749541223049164e-04
9.832340292632579803e-04
6.495856214314699173e-04
6.475299596786499023e-04
6.624356610700488091e-04
1.038171001709997654e-03
7.179888198152184486e-04
6.490186788141727448e-04
7.375259883701801300e-04
7.277131080627441406e-04
6.870612851344048977e-04
6.513653206638991833e-04
6.504025659523904324e-04
1.203901832923293114e-03
7.071100408211350441e-04
6.630365969613194466e-04
6.733850459568202496e-04
1.076238229870796204e-03
6.748016458004713058e-04
6.496467976830899715e-04
6.400135462172329426e-04
7.091826992109417915e-04
8.426912245340645313e-04
6.588410469703376293e-04
6.378180114552378654e-04
6.430824869312345982e-04
1.328696613200008869e-03
7.016290328465402126e-04
6.534613203257322311e-04
6.389589398168027401e-04
1.002076547592878342e-03
6.940881721675395966e-04
6.494646077044308186e-04
6.399910198524594307e-04
9.084275225177407265e-04
6.375176017172634602e-04
6.350795156322419643e-04
6.332112825475633144e-04
9.499564184807240963e-04
8.701544720679521561e-04
6.549226818606257439e-04
6.363020511344075203e-04
6.316207582131028175e-04
7.890919223427772522e-04
7.071392610669136047e-04
6.380571867339313030e-04
6.268455181270837784e-04
9.156509186141192913e-04
7.095374166965484619e-04
6.519848830066621304e-04
6.319925305433571339e-04
6.340117543004453182e-04
7.554331677965819836e-04
6.645129178650677204e-04
6.279036169871687889e-04
6.227032281458377838e-04
8.005269919522106647e-04
9.901834418997168541e-04
6.307103903964161873e-04
6.261983653530478477e-04
6.225857650861144066e-04
6.239531212486326694e-04
6.396021926775574684e-04
8.288208045996725559e-04
6.562894559465348721e-04
6.315479404293000698e-04
6.376805249601602554e-04
7.591486792080104351e-04
6.734632770530879498e-04
6.361937266774475574e-04
6.884415633976459503e-04
6.495899870060384274e-04
6.178129697218537331e-04
7.431823760271072388e-04
6.289921002462506294e-04
6.294055492617189884e-04
6.157770985737442970e-04
6.146756350062787533e-04
8.897327934391796589e-04
6.192721775732934475e-04
6.181615754030644894e-04
6.167850224301218987e-04
1.019196817651391029e-03
8.000599918887019157e-04
6.139093311503529549e-04
6.133911665529012680e-04
6.276649073697626591e-04
8.763738442212343216e-04
6.786804879084229469e-04
6.467209896072745323e-04
9.384057484567165375e-04
6.743438425473868847e-04
6.897056591697037220e-04
8.142392616719007492e-04
6.277392385527491570e-04
6.151786656118929386e-04
1.166983274742960930e-03
6.837746477685868740e-04
6.076383288018405437e-04
7.459134794771671295e-04
7.169711752794682980e-04
6.566114025190472603e-04
7.790128584019839764e-04
7.133007748052477837e-04
6.610132986679673195e-04
7.395796710625290871e-04
7.405294454656541348e-04
6.117719458416104317e-04
7.611014880239963531e-04
6.135764997452497482e-04
6.177597097121179104e-04
6.740220123901963234e-04
6.143457721918821335e-04
6.125774816609919071e-04
1.145976246334612370e-03
6.504672928713262081e-04
6.283884285949170589e-04
7.516557234339416027e-04
7.464110385626554489e-04
6.346302106976509094e-04
6.253606406971812248e-04
9.024475584737956524e-04
6.200643838383257389e-04
5.954656517133116722e-04
8.293408900499343872e-04
9.210898424498736858e-04
6.121707847341895103e-04
5.982639850117266178e-04
5.969185149297118187e-04
5.963609437458217144e-04
6.655307952314615250e-04
6.905109039507806301e-04
6.315748905763030052e-04
5.962280556559562683e-04
6.227799458429217339e-04
6.100854952819645405e-04
6.076709250919520855e-04
5.927971797063946724e-04
5.972363869659602642e-04
1.105943112634122372e-03
6.426890031434595585e-04
6.036881241016089916e-04
6.017244304530322552e-04
6.529957754537463188e-04
6.356118828989565372e-04
5.927174352109432220e-04
5.871516768820583820e-04
1.360266236588358879e-03
6.238427595235407352e-04
6.072256946936249733e-04
5.883242120034992695e-04
5.973178776912391186e-04
8.809964638203382492e-04
6.509405211545526981e-04
6.350248004309833050e-04
8.256994187831878662e-04
6.302251713350415230e-04
5.852343165315687656e-04
6.889869691804051399e-04
7.024122169241309166e-04
5.931732011958956718e-04
5.845396663062274456e-04
6.272069877013564110e-04
6.596819730475544930e-04
5.815515178255736828e-04
5.804472020827233791e-04
1.313275541178882122e-03
7.127843564376235008e-04
5.904079298488795757e-04
5.791426519863307476e-04
8.194230613298714161e-04
5.964802694506943226e-04
5.874854978173971176e-04
5.839901859872043133e-04
1.131839235313236713e-03
7.355807465501129627e-04
5.885492428205907345e-04
5.790910799987614155e-04
7.211987976916134357e-04
7.347764912992715836e-04
5.753647419624030590e-04
7.256253738887608051e-04
6.430257926695048809e-04
5.853586480952799320e-04
8.185184560716152191e-04
6.023904425092041492e-04
5.818505305796861649e-04
7.234546937979757786e-04
7.256974931806325912e-04
5.768822738900780678e-04
7.636605296283960342e-04
6.973072304390370846e-04
5.821570521220564842e-04
6.279886001721024513e-04
5.748954135924577713e-04
6.237429333850741386e-04
6.146317464299499989e-04
6.686247652396559715e-04
5.795303150080144405e-04
5.806832923553884029e-04
1.051197061315178871e-03
5.729281110689043999e-04
5.749731208197772503e-04
1.086803968064486980e-03
6.023393361829221249e-04
5.961520946584641933e-04
8.807681733742356300e-04
6.282376707531511784e-04
6.003420567139983177e-04
9.339870885014533997e-04
5.668502417393028736e-04
5.652169929817318916e-04
5.682139308191835880e-04
1.399627421051263809e-03
6.567310192622244358e-04
5.822456441819667816e-04
5.819164798595011234e-04
9.336303337477147579e-04
5.880264798179268837e-04
5.641187308356165886e-04
1.337689696811139584e-03
5.966668250039219856e-04
5.737846950069069862e-04
5.783922388218343258e-04
9.313637274317443371e-04
6.288000149652361870e-04
5.952836363576352596e-04
8.811761508695781231e-04
6.338534876704216003e-04
6.197438342496752739e-04
7.557845674455165863e-04
5.814743344672024250e-04
5.723063368350267410e-04
1.000791555270552635e-03
5.774301826022565365e-04
5.608717910945415497e-04
1.203007064759731293e-03
6.334229838103055954e-04
5.638248985633254051e-04
5.813518073409795761e-04
5.718047032132744789e-04
5.701096379198133945e-04
5.669419770129024982e-04
5.661972099915146828e-04
9.390940540470182896e-04
5.934683722443878651e-04
5.621909513138234615e-04
5.512775387614965439e-04
6.066946079954504967e-04
7.724617025814950466e-04
5.756855243816971779e-04
5.657424917444586754e-04
9.117131703533232212e-04
5.537700490094721317e-04
5.610184744000434875e-04
1.351973856799304485e-03
6.737163639627397060e-04
5.592158413492143154e-04
5.469853058457374573e-04
9.215256432071328163e-04
5.645331111736595631e-04
5.468766321428120136e-04
5.471458425745368004e-04
7.668941980227828026e-04
8.400909136980772018e-04
5.892154294997453690e-04
5.467226728796958923e-04
5.460912943817675114e-04
7.282843580469489098e-04
6.077702273614704609e-04
5.917792441323399544e-04
7.039810880087316036e-04
5.546626634895801544e-04
6.446446059271693230e-04
5.642988835461437702e-04
8.510768529959022999e-04
5.497441161423921585e-04
5.427424912340939045e-04
5.442741094157099724e-04
1.269402680918574333e-03
6.603842484764754772e-04
5.521405837498605251e-04
5.384415271691977978e-04
1.364841358736157417e-03
5.981349968351423740e-04
5.747215473093092442e-04
5.413913750089704990e-04
5.391703452914953232e-04
5.757829057984054089e-04
5.688776727765798569e-04
5.901920376345515251e-04
8.537374087609350681e-04
5.434509948827326298e-04
5.368732381612062454e-04
5.438022199086844921e-04
1.201745355501770973e-03
6.110530812293291092e-04
5.476119113154709339e-04
5.419296212494373322e-04
9.573340066708624363e-04
5.913148052059113979e-04
5.490376497618854046e-04
5.377468769438564777e-04
6.591297569684684277e-04
5.811720620840787888e-04
5.536552052944898605e-04
5.326946265995502472e-04
5.658009322360157967e-04
5.527147441171109676e-04
5.318878102116286755e-04
5.329609848558902740e-04
1.135347527451813221e-03
6.177479517646133900e-04
5.337957991287112236e-04
5.320852505974471569e-04
1.613614615052938461e-03
5.380611983127892017e-04
5.492423661053180695e-04
5.284037324599921703e-04
5.677901790477335453e-04
5.874378839507699013e-04
5.281543708406388760e-04
5.279277684167027473e-04
5.271541886031627655e-04
1.212830655276775360e-03
6.264103576540946960e-04
5.352697917260229588e-04
5.319232586771249771e-04
5.275853909552097321e-04
5.269593093544244766e-04
5.278301541693508625e-04
6.437409319914877415e-04
6.414554663933813572e-04
5.421072710305452347e-04
5.364434327930212021e-04
8.007927681319415569e-04
5.319132469594478607e-04
5.369145073927938938e-04
5.227557267062366009e-04
5.858387448824942112e-04
5.667066434398293495e-04
5.683618364855647087e-04
5.328165134415030479e-04
5.338600603863596916e-04
5.923212156631052494e-04
5.254298448562622070e-04
5.201167077757418156e-04
7.240448612719774246e-04
5.660678725689649582e-04
5.378919304348528385e-04
5.343852099031209946e-04
1.083532348275184631e-03
5.536208627745509148e-04
5.432745092548429966e-04
5.174371181055903435e-04
1.554399030283093452e-03
5.375352920964360237e-04
5.215230630710721016e-04
5.203327746130526066e-04
5.163887981325387955e-04
5.343032535165548325e-04
6.399098201654851437e-04
5.453437916003167629e-04
5.205962806940078735e-04
1.585185993462800980e-03
5.219017621129751205e-04
5.288029788061976433e-04
5.151483346708118916e-04
5.292273126542568207e-04
6.892732926644384861e-04
5.513062933459877968e-04
5.203134496696293354e-04
5.190883530303835869e-04
1.118289306759834290e-03
5.797318299300968647e-04
5.126364412717521191e-04
5.898973322473466396e-04
5.310701089911162853e-04
5.471736076287925243e-04
7.029207772575318813e-04
5.424436531029641628e-04
5.494992365129292011e-04
5.664108321070671082e-04
5.293299327604472637e-04
5.245156935416162014e-04
5.137057160027325153e-04
5.231571267358958721e-04
5.231554969213902950e-04
6.887449999339878559e-04
5.234808195382356644e-04
5.091910134069621563e-04
5.104097654111683369e-04
7.800309685990214348e-04
5.843265098519623280e-04
5.108931218273937702e-04
6.089385133236646652e-04
5.658327718265354633e-04
5.518576363101601601e-04
5.130034405738115311e-04
5.109557532705366611e-04
1.056182198226451874e-03
5.349005805328488350e-04
5.316758179105818272e-04
7.097816560417413712e-04
6.242475355975329876e-04
5.073520587757229805e-04
6.166102248243987560e-04
5.242789047770202160e-04
5.001914105378091335e-04
1.263122656382620335e-03
5.991617217659950256e-04
5.174711113795638084e-04
5.005174898542463779e-04
5.021344986744225025e-04
1.288316096179187298e-03
5.438763764686882496e-04
5.099259433336555958e-04
5.109874764457345009e-04
1.057440298609435558e-03
5.653115222230553627e-04
5.227444344200193882e-04
5.386074772104620934e-04
8.810449508018791676e-04
5.023125559091567993e-04
4.965692642144858837e-04
4.974419716745615005e-04
1.108000171370804310e-03
6.529357633553445339e-04
5.119892884977161884e-04
4.952428862452507019e-04
6.654271855950355530e-04
6.414768286049365997e-04
4.939950886182487011e-04
6.443128804676234722e-04
5.636456771753728390e-04
5.045000580139458179e-04
8.107541943900287151e-04
5.637492286041378975e-04
4.942082450725138187e-04
6.747465813532471657e-04
5.289865075610578060e-04
4.917518235743045807e-04
4.985873238183557987e-04
7.649396429769694805e-04
5.819824873469769955e-04
5.249677342362701893e-04
6.902593304403126240e-04
5.484653520397841930e-04
5.045502330176532269e-04
4.912319127470254898e-04
5.374569445848464966e-04
5.605809856206178665e-04
4.974466864950954914e-04
4.984995466656982899e-04
4.893799195997416973e-04
4.896223545074462891e-04
1.055117463693022728e-03
5.435950588434934616e-04
5.015523638576269150e-04
4.854515427723526955e-04
1.723580528050661087e-03
5.055853398516774178e-04
5.060577532276511192e-04
4.894462763331830502e-04
4.844686482101678848e-04
1.419093110598623753e-03
5.478583043441176414e-04
4.897686885669827461e-04
4.870908742304891348e-04
4.915511235594749451e-04
5.222309264354407787e-04
5.297557800076901913e-04
4.854769504163414240e-04
4.824582429137080908e-04
1.228682231158018112e-03
6.078353035263717175e-04
4.870789998676627874e-04
4.817800363525748253e-04
4.997932119295001030e-04
5.688008386641740799e-04
5.423842812888324261e-04
5.073228385299444199e-04
8.380801882594823837e-04
5.026870057918131351e-04
4.885265952907502651e-04
7.334133260883390903e-04
5.717342137359082699e-04
4.845322982873767614e-04
7.140396628528833389e-04
5.416062194854021072e-04
4.921769723296165466e-04
4.838960594497621059e-04
7.821770850569009781e-04
4.837780725210905075e-04
4.994343034923076630e-04
5.068891332484781742e-04
7.371422834694385529e-04
4.847822128795087337e-04
5.132009391672909260e-04
7.848968380130827427e-04
4.906191024929285049e-04
4.818367306143045425e-04
1.376305590383708477e-03
5.595810944214463234e-04
4.780300951097160578e-04
4.761397722177207470e-04
4.913174780085682869e-04
4.867240786552429199e-04
4.877891042269766331e-04
4.866684903390705585e-04
4.723238816950470209e-04
1.368356752209365368e-03
5.584032624028623104e-04
4.900434287264943123e-04
4.740936274174600840e-04
4.720115975942462683e-04
9.124652715399861336e-04
4.868598771281540394e-04
4.899159539490938187e-04
5.221815663389861584e-04
4.797413712367415428e-04
4.719218704849481583e-04
8.704573265276849270e-04
4.878863692283630371e-04
5.377540364861488342e-04
6.175706512294709682e-04
5.126576288603246212e-04
5.961580900475382805e-04
4.846752563025802374e-04
4.862433706875890493e-04
7.883753860369324684e-04
5.370769649744033813e-04
5.173794925212860107e-04
7.470127893611788750e-04
5.591018707491457462e-04
4.645841836463660002e-04
8.522490970790386200e-04
5.072981002740561962e-04
5.143758608028292656e-04
4.733391688205301762e-04
4.656550299841910601e-04
4.638228274416178465e-04
4.857716849073767662e-04
4.792117106262594461e-04
5.019842064939439297e-04
5.259989411570131779e-04
4.738659772556275129e-04
4.932788433507084846e-04
6.633084849454462528e-04
4.829298995900899172e-04
4.633494245354086161e-04
4.703516024164855480e-04
5.573981325142085552e-04
6.879643769934773445e-04
5.019344389438629150e-04
4.799915186595171690e-04
8.964604930952191353e-04
4.679938137996941805e-04
4.605695721693336964e-04
6.151630077511072159e-04
5.013732588849961758e-04
4.712161025963723660e-04
4.593293124344199896e-04
4.583328263834118843e-04
6.900136941112577915e-04
5.204517510719597340e-04
4.854967119172215462e-04
4.593955818563699722e-04
1.715824822895228863e-03
4.924579407088458538e-04
4.728097701445221901e-04
4.605668073054403067e-04
4.548529395833611488e-04
1.412409357726573944e-03
4.879047337453812361e-04
4.556920903269201517e-04
4.561501264106482267e-04
6.523190531879663467e-04
5.577408592216670513e-04
4.846796800848096609e-04
4.524324904195964336e-04
1.352468156255781651e-03
4.719040880445390940e-04
4.651812487281858921e-04
4.531714366748929024e-04
4.534005420282483101e-04
4.791690153069794178e-04
5.963621661067008972e-04
4.884341033175587654e-04
4.600789980031549931e-04
4.525989934336394072e-04
6.053893011994659901e-04
4.766063939314335585e-04
4.689148918259888887e-04
4.528983845375478268e-04
4.522465169429779053e-04
9.227485279552638531e-04
4.549467994365841150e-04
4.811992403119802475e-04
4.539525834843516350e-04
7.014209404587745667e-04
5.371555453166365623e-04
4.596145881805568933e-04
4.468369879759848118e-04
5.485237925313413143e-04
6.487341015599668026e-04
4.706743638962507248e-04
4.515783220995217562e-04
1.054516760632395744e-03
5.345876561477780342e-04
4.463074437808245420e-04
5.370600847527384758e-04
4.874466685578227043e-04
4.853642894886434078e-04
6.201768992468714714e-04
4.647674504667520523e-04
4.686255415435880423e-04
4.489994025789201260e-04
4.542077076621353626e-04
6.546615622937679291e-04
5.605101468972861767e-04
5.005515995435416698e-04
6.289609591476619244e-04
4.609054303728044033e-04
5.208852235227823257e-04
4.673113289754837751e-04
4.414183495100587606e-04
7.677515968680381775e-04
4.444064106792211533e-04
4.631021001841872931e-04
4.690607893280684948e-04
7.118222420103847980e-04
4.454372392501682043e-04
4.840518813580274582e-04
6.182634388096630573e-04
4.413663700688630342e-04
5.806276458315551281e-04
4.372040566522628069e-04
1.117519685067236423e-03
5.323523073457181454e-04
4.369947419036179781e-04
4.734167596325278282e-04
4.995220224373042583e-04
4.891439457423985004e-04
4.368034133221954107e-04
1.599006936885416508e-03
4.516783519648015499e-04
4.575631464831531048e-04
4.353121039457619190e-04
4.960091318935155869e-04
4.554647312033921480e-04
4.665835294872522354e-04
6.029252544976770878e-04
4.386542714200913906e-04
9.689456783235073090e-04
4.481348441913723946e-04
4.465230740606784821e-04
4.539957444649189711e-04
7.414248539134860039e-04
4.646127636078745127e-04
4.323213943280279636e-04
1.306971884332597256e-03
5.303168436512351036e-04
4.398463643155992031e-04
4.311746452003717422e-04
4.471725260373204947e-04
5.455867503769695759e-04
4.864402581006288528e-04
4.479075432755053043e-04
6.392419454641640186e-04
4.946251283399760723e-04
4.527951532509177923e-04
4.341439635027199984e-04
5.980177083984017372e-04
4.349794762674719095e-04
4.638379905372858047e-04
4.308166389819234610e-04
4.281206638552248478e-04
1.383998314850032330e-03
5.087776808068156242e-04
4.333469260018318892e-04
4.268278426025062799e-04
6.291977479122579098e-04
5.197788705118000507e-04
4.537674249149858952e-04
4.248601326253265142e-04
1.538273994810879230e-03
4.357128927949815989e-04
4.499854112509638071e-04
4.289057687856256962e-04
4.274153616279363632e-04
9.780775289982557297e-04
4.593101330101490021e-04
4.382658225949853659e-04
4.693148366641253233e-04
4.447602259460836649e-04
4.567893920466303825e-04
4.743378376588225365e-04
4.750895895995199680e-04
4.208974132779985666e-04
7.943292148411273956e-04
4.373090632725507021e-04
4.392049740999937057e-04
5.241140024736523628e-04
4.825782671105116606e-04
4.715245158877223730e-04
5.440425593405961990e-04
4.212178173474967480e-04
5.451421602629125118e-04
4.311836964916437864e-04
1.105400384403765202e-03
4.383661143947392702e-04
4.251582140568643808e-04
4.238511901348829269e-04
6.852094084024429321e-04
4.917949554510414600e-04
4.214300133753567934e-04
5.515228258445858955e-04
4.522111848928034306e-04
4.157939692959189415e-04
5.723252543248236179e-04
7.198748644441366196e-04
4.713711678050458431e-04
4.173490451648831367e-04
4.163437406532466412e-04
4.206179582979530096e-04
4.985489649698138237e-04
4.619828250724822283e-04
4.157619259785860777e-04
1.198127283714711666e-03
4.781472089234739542e-04
4.322273598518222570e-04
4.281588480807840824e-04
8.188650826923549175e-04
4.305708862375468016e-04
4.155370988883078098e-04
1.057387911714613438e-03
4.966725246049463749e-04
4.126332059968262911e-04
4.998441436327993870e-04
5.207228241488337517e-04
4.366615612525492907e-04
4.794454434886574745e-04
5.392907187342643738e-04
4.102178500033915043e-04
4.297643026802688837e-04
9.617623873054981232e-04
4.690037167165428400e-04
4.363697080407291651e-04
5.528794717974960804e-04
5.811752635054290295e-04
4.070476570632308722e-04
4.832062695641070604e-04
4.091386217623949051e-04
4.094793112017214298e-04
5.628851940855383873e-04
4.640106053557246923e-04
4.106254491489380598e-04
4.063467495143413544e-04
4.068264970555901527e-04
5.260136676952242851e-04
5.821984959766268730e-04
4.056773032061755657e-04
4.505138203967362642e-04
5.075630033388733864e-04
4.043404478579759598e-04
6.970111862756311893e-04
4.846148367505520582e-04
4.059388884343206882e-04
5.705286748707294464e-04
4.619553510565310717e-04
4.028039693366736174e-04
4.102667735423892736e-04
4.418446333147585392e-04
5.839868681505322456e-04
4.395035502966493368e-04
4.067014669999480247e-04
4.022337379865348339e-04
4.680561833083629608e-04
4.209547478239983320e-04
4.132148169446736574e-04
3.990766708739101887e-04
3.965821524616330862e-04
7.788842194713652134e-04
5.921551492065191269e-04
4.048194678034633398e-04
4.004388174507766962e-04
4.020275373477488756e-04
9.712568717077374458e-04
4.383677442092448473e-04
4.181141848675906658e-04
3.936148132197558880e-04
1.465796027332544327e-03
5.733023281209170818e-04
4.363338230177760124e-04
4.015087615698575974e-04
3.949471283704042435e-04
3.931292449124157429e-04
4.015769518446177244e-04
4.103576648049056530e-04
4.241117276251316071e-04
3.934361739084124565e-04
4.176789661869406700e-04
5.320886266417801380e-04
4.394830612000077963e-04
3.975736617576330900e-04
8.970572380349040031e-04
4.538121575023978949e-04
3.994999860879033804e-04
4.088028799742460251e-04
5.067797610536217690e-04
4.015965387225151062e-04
4.019269254058599472e-04
4.382251645438373089e-04
4.593659250531345606e-04
3.893747052643448114e-04
3.872366796713322401e-04
7.700654678046703339e-04
4.483925586100667715e-04
4.149509186390787363e-04
3.886731574311852455e-04
4.059679922647774220e-04
5.308328545652329922e-04
4.445407248567789793e-04
3.975930158048868179e-04
3.910139494109898806e-04
9.955142159014940262e-04
4.569990851450711489e-04
3.941867325920611620e-04
4.343092441558837891e-04
5.457117222249507904e-04
4.086404806002974510e-04
4.002359346486628056e-04
5.838153883814811707e-04
5.150424549356102943e-04
3.839681157842278481e-04
5.533834337256848812e-04
5.203559994697570801e-04
4.028058319818228483e-04
4.132649337407201529e-04
7.646777667105197906e-04
3.864796017296612263e-04
3.804067382588982582e-04
3.792711650021374226e-04
5.917187663726508617e-04
4.041443753521889448e-04
3.889740328304469585e-04
3.878589195664972067e-04
3.971892292611300945e-04
4.451533313840627670e-04
4.447063256520777941e-04
3.874252433888614178e-04
3.782640851568430662e-04
1.152249169535934925e-03
5.010981694795191288e-04
4.001522902399301529e-04
3.884471370838582516e-04
7.274715462699532509e-04
4.072350275237113237e-04
3.774022625293582678e-04
6.501049501821398735e-04
4.699960700236260891e-04
4.475428431760519743e-04
4.668315814342349768e-04
4.056899924762547016e-04
6.344318389892578125e-04
4.137228243052959442e-04
3.845028695650398731e-04
3.808517940342426300e-04
8.493817877024412155e-04
4.523767856881022453e-04
3.795042866840958595e-04
4.095060285180807114e-04
7.316425908356904984e-04
3.801006241701543331e-04
3.768259775824844837e-04
3.802337159868329763e-04
9.010631474666297436e-04
4.063736705575138330e-04
3.974551218561828136e-04
5.548913031816482544e-04
4.603980050887912512e-04
4.040083731524646282e-04
4.431060806382447481e-04
3.866301849484443665e-04
4.429510445334017277e-04
4.083680978510528803e-04
4.159297968726605177e-04
5.603684112429618835e-04
5.009644664824008942e-04
3.842420119326561689e-04
3.706430725287646055e-04
1.398737891577184200e-03
3.711917379405349493e-04
3.770359326153993607e-04
3.671396407298743725e-04
3.709959273692220449e-04
4.096964839845895767e-04
4.489597631618380547e-04
3.743137349374592304e-04
3.626494435593485832e-04
4.399610334075987339e-04
6.184888770803809166e-04
4.040712374262511730e-04
3.626297693699598312e-04
4.355166456662118435e-04
6.295925122685730457e-04
4.023350484203547239e-04
3.605903766583651304e-04
4.846852680202573538e-04
5.352809675969183445e-04
3.636276524048298597e-04
3.821099526248872280e-04
7.716844556853175163e-04
4.289908683858811855e-04
3.843446902465075254e-04
5.150767392478883266e-04
5.205278866924345493e-04
3.718459629453718662e-04
3.600230556912720203e-04
1.187270740047097206e-03
4.548828583210706711e-04
3.695484192576259375e-04
3.569315304048359394e-04
3.605428792070597410e-04
9.858884150162339211e-04
4.398218006826937199e-04
3.583356156013906002e-04
4.338225116953253746e-04
4.112816241104155779e-04
4.016649036202579737e-04
3.719571977853775024e-04
3.638859197963029146e-04
4.106300184503197670e-04
3.588568069972097874e-04
3.529577224981039762e-04
8.714864379726350307e-04
5.330095300450921059e-04
3.624063974712044001e-04
3.580195188988000154e-04
3.537789452821016312e-04
1.169591443613171577e-03
3.579124459065496922e-04
3.524441272020339966e-04
3.505101485643535852e-04
6.670064176432788372e-04
3.572020796127617359e-04
3.808706533163785934e-04
3.797615354415029287e-04
5.248856614343822002e-04
3.597809118218719959e-04
3.987607487943023443e-04
5.506902816705405712e-04
3.578557516448199749e-04
6.087821675464510918e-04
4.251206410117447376e-04
3.499627637211233377e-04
5.056471563875675201e-04
4.237453686073422432e-04
3.661218506749719381e-04
5.969202611595392227e-04
3.984238719567656517e-04
3.667164128273725510e-04
6.450705113820731640e-04
3.740104439202696085e-04
3.452044620644301176e-04
1.177431899122893810e-03
4.509211285039782524e-04
3.484936314634978771e-04
3.487041394691914320e-04
3.450292861089110374e-04
7.452049758285284042e-04
3.618939663283526897e-04
3.455816186033189297e-04
3.446125774644315243e-04
7.189636235125362873e-04
3.440747095737606287e-04
3.726647701114416122e-04
3.461844462435692549e-04
7.410561083815991879e-04
3.775830555241554976e-04
3.504575288388878107e-04
3.482076281215995550e-04
5.674119456671178341e-04
4.339295846875756979e-04
3.398810222279280424e-04
5.094900843687355518e-04
4.372955299913883209e-04
3.848392225336283445e-04
4.739120486192405224e-04
4.233848594594746828e-04
4.191879124846309423e-04
3.505447239149361849e-04
3.471774980425834656e-04
3.680209047161042690e-04
7.835707510821521282e-04
3.648021956905722618e-04
3.517059376463294029e-04
3.401287249289453030e-04
3.389430057723075151e-04
6.464687176048755646e-04
3.679909277707338333e-04
3.472776734270155430e-04
3.652877639979124069e-04
7.949123973958194256e-04
3.831399953924119473e-04
3.447377821430563927e-04
3.345739678479731083e-04
3.733598859980702400e-04
3.860286669805645943e-04
3.443198511376976967e-04
3.527482040226459503e-04
8.314164006151258945e-04
3.421967558097094297e-04
3.517924633342772722e-04
5.313933943398296833e-04
4.212277417536824942e-04
3.547169617377221584e-04
4.401479964144527912e-04
3.890665248036384583e-04
3.627174301072955132e-04
6.699183140881359577e-04
3.817729011643677950e-04
4.246997705195099115e-04
3.656928020063787699e-04
3.588776162359863520e-04
5.565831670537590981e-04
4.131680470891296864e-04
3.853803500533103943e-04
5.566948093473911285e-04
4.369051894173026085e-04
3.350368060637265444e-04
4.307213239371776581e-04
5.477113300003111362e-04
3.634012828115373850e-04
3.460212901700288057e-04
7.084265234880149364e-04
3.473711840342730284e-04
3.917300491593778133e-04
4.851266858167946339e-04
3.589451080188155174e-04
3.350124461576342583e-04
3.321819240227341652e-04
3.255423507653176785e-04
6.810399936512112617e-04
3.343926218803972006e-04
3.275152121204882860e-04
3.248178982175886631e-04
3.915822308044880629e-04
3.880865115206688643e-04
3.519378951750695705e-04
3.254540206398814917e-04
3.258402866777032614e-04
3.411187208257615566e-04
3.362098359502851963e-04
3.314208006486296654e-04
3.225338878110051155e-04
5.815323675051331520e-04
3.348649770487099886e-04
3.384291194379329681e-04
3.325325960759073496e-04
7.276150281541049480e-04
3.304064157418906689e-04
3.331243060529232025e-04
3.535086580086499453e-04
4.847523523494601250e-04
3.215195029042661190e-04
4.970213631168007851e-04
3.597968025133013725e-04
4.050194693263620138e-04
4.179717798251658678e-04
3.461639280430972576e-04
3.430380020290613174e-04
5.916384980082511902e-04
3.951917751692235470e-04
3.280418750364333391e-04
5.052156047895550728e-04
4.070867435075342655e-04
3.256108902860432863e-04
3.193742595613002777e-04
3.590888227336108685e-04
3.857702540699392557e-04
3.257372591178864241e-04
3.450986987445503473e-04
6.686127744615077972e-04
3.198356134817004204e-04
3.944612399209290743e-04
3.925514465663582087e-04
3.777716483455151320e-04
5.971330101601779461e-04
3.551007539499551058e-04
3.163189394399523735e-04
3.956704167649149895e-04
3.994315047748386860e-04
3.509885573294013739e-04
3.232055169064551592e-04
3.443805326241999865e-04
3.897708957083523273e-04
3.255359479226171970e-04
3.136437444481998682e-04
3.328129823785275221e-04
6.489063962362706661e-04
3.233458555769175291e-04
3.159211191814392805e-04
3.155189042445272207e-04
6.825200980529189110e-04
3.137555322609841824e-04
3.403416485525667667e-04
3.253158356528729200e-04
4.126231942791491747e-04
3.333618224132806063e-04
3.132381243631243706e-04
4.974683397449553013e-04
4.187395097687840462e-04
3.626051766332238913e-04
4.665697051677852869e-04
3.183145017828792334e-04
6.336622172966599464e-04
3.287833242211490870e-04
4.418651515152305365e-04
3.633355954661965370e-04
3.145552764181047678e-04
8.568072807975113392e-04
3.926965000573545694e-04
3.083415504079312086e-04
4.145310376770794392e-04
4.121795645914971828e-04
3.473621327430009842e-04
3.145752125419676304e-04
4.144498670939356089e-04
3.873904643114656210e-04
3.091648977715522051e-04
3.098729066550731659e-04
3.058427828364074230e-04
8.731656707823276520e-04
4.622620472218841314e-04
3.370351623743772507e-04
3.121238551102578640e-04
3.080634924117475748e-04
4.111382877454161644e-04
4.658238322008401155e-04
3.055521810892969370e-04
3.458591236267238855e-04
4.539551737252622843e-04
3.113033599220216274e-04
5.032349727116525173e-04
4.061169456690549850e-04
3.137974999845027924e-04
3.408984630368649960e-04
3.886774939019232988e-04
3.485878987703472376e-04
3.040441370103508234e-04
1.283730496652424335e-03
3.126589581370353699e-04
3.065395285375416279e-04
3.067764628212898970e-04
3.059757000301033258e-04
5.495414370670914650e-04
3.829940105788409710e-04
3.170007257722318172e-04
3.027204656973481178e-04
3.049134393222630024e-04
3.528475062921643257e-04
3.383403818588703871e-04
3.034470137208700180e-04
3.027295460924506187e-04
2.995911054313182831e-04
1.320040901191532612e-03
3.070409293286502361e-04
3.127608215436339378e-04
3.004129393957555294e-04
3.226361295673996210e-04
3.239395446144044399e-04
3.487541689537465572e-04
3.080355527345091105e-04
6.130018155090510845e-04
3.322522679809480906e-04
3.059422306250780821e-04
3.457313287071883678e-04
3.027340862900018692e-04
3.441760491114109755e-04
3.135087317787110806e-04
3.363657742738723755e-04
2.999320568051189184e-04
3.130908298771828413e-04
3.001767327077686787e-04
8.945202571339905262e-04
3.842134319711476564e-04
3.121131740044802427e-04
2.965659950859844685e-04
3.241812519263476133e-04
3.042107855435460806e-04
3.305059217382222414e-04
3.339789982419461012e-04
4.319540748838335276e-04
3.145732625853270292e-04
3.286384453531354666e-04
6.948445225134491920e-04
3.190179122611880302e-04
3.020598378498107195e-04
2.969189663417637348e-04
3.436739789322018623e-04
4.976195050403475761e-04
3.284389385953545570e-04
3.060221206396818161e-04
4.033780423924326897e-04
4.684786545112729073e-04
3.159416664857417345e-04
2.976983669213950634e-04
8.768980624154210091e-04
3.745194117072969675e-04
2.953906368929892778e-04
3.661618684418499470e-04
4.180236137472093105e-04
2.977228432428091764e-04
3.512139664962887764e-04
3.116208536084741354e-04
3.122317721135914326e-04
3.387639007996767759e-04
5.411173915490508080e-04
3.476751153357326984e-04
2.991211367771029472e-04
2.899656828958541155e-04
3.349099715705960989e-04
4.601603432092815638e-04
3.023683384526520967e-04
2.916160447057336569e-04
7.991914753802120686e-04
3.229688445571810007e-04
3.141910128761082888e-04
3.036429407075047493e-04
3.032210224773734808e-04
3.490282106213271618e-04
2.934905351139605045e-04
2.877008228097110987e-04
4.555457562673836946e-04
4.210324259474873543e-04
2.969439374282956123e-04
2.888451563194394112e-04
2.882377884816378355e-04
4.322894383221864700e-04
4.037210310343652964e-04
3.301498072687536478e-04
3.425178001634776592e-04
3.899053845088928938e-04
2.870252355933189392e-04
2.912471827585250139e-04
5.931247142143547535e-04
4.086699045728892088e-04
3.117556043434888124e-04
2.905302389990538359e-04
2.850863384082913399e-04
8.218574221245944500e-04
4.598576342687010765e-04
2.889820607379078865e-04
2.877691003959625959e-04
2.933340438175946474e-04
6.700522499158978462e-04
3.113223938271403313e-04
2.898772072512656450e-04
7.713778177276253700e-04
3.079387242905795574e-04
3.034976834896951914e-04
5.109320627525448799e-04
3.622686199378222227e-04
2.832174650393426418e-04
1.295770751312375069e-03
2.898843667935580015e-04
3.014197282027453184e-04
2.857302024494856596e-04
2.841347013600170612e-04
4.585752321872860193e-04
3.597240720409899950e-04
2.944896696135401726e-04
2.941224083770066500e-04
7.070244755595922470e-04
3.341305127833038568e-04
2.843428810592740774e-04
3.399557026568800211e-04
2.963317965622991323e-04
3.218116180505603552e-04
3.281903045717626810e-04
3.319636161904782057e-04
2.859226369764655828e-04
4.514670290518552065e-04
3.086203359998762608e-04
4.008107935078442097e-04
3.464386390987783670e-04
3.360304981470108032e-04
3.916421555913984776e-04
2.828969445545226336e-04
2.793435996863991022e-04
3.253906033933162689e-04
3.743752022273838520e-04
2.934800577349960804e-04
2.851200406439602375e-04
2.785379474516957998e-04
2.882780099753290415e-04
4.569473094306886196e-04
2.911799820140004158e-04
2.982161822728812695e-04
7.396495784632861614e-04
2.854603808373212814e-04
2.994599635712802410e-04
3.735441714525222778e-04
3.144039073958992958e-04
2.885983267333358526e-04
5.896331858821213245e-04
2.767821715679019690e-04
3.490551025606691837e-04
3.764152352232486010e-04
2.757304464466869831e-04
1.577646355144679546e-03
4.572772304527461529e-04
2.982437436003237963e-04
2.792965387925505638e-04
2.759902854450047016e-04
2.808770223055034876e-04
5.079358234070241451e-04
3.081498434767127037e-04
2.750746498350054026e-04
8.799718343652784824e-04
3.671659796964377165e-04
2.745440870057791471e-04
3.026110935024917126e-04
4.098624631296843290e-04
2.745719102676957846e-04
4.145872371736913919e-04
2.775400644168257713e-04
6.474933470599353313e-04
3.136959858238697052e-04
2.869682793971151114e-04
6.124273641034960747e-04
2.728532999753952026e-04
3.366861201357096434e-04
4.170275642536580563e-04
2.825522387865930796e-04
3.134298895020037889e-04
2.831615274772047997e-04
2.807349083013832569e-04
2.957916585728526115e-04
2.853950427379459143e-04
3.114485298283398151e-04
3.108638338744640350e-04
4.256780084688216448e-04
3.679891815409064293e-04
2.923696010839194059e-04
5.167583585716784000e-04
2.894047065638005733e-04
2.735384041443467140e-04
2.704705111682415009e-04
5.329159321263432503e-04
2.769929997157305479e-04
2.974915842059999704e-04
2.835589693859219551e-04
3.988445678260177374e-04
3.211283474229276180e-04
2.974797680508345366e-04
5.118076223880052567e-04
3.495252749416977167e-04
2.876882790587842464e-04
7.196168880909681320e-04
3.378625842742621899e-04
2.738829061854630709e-04
3.139030886813998222e-04
5.377504276111721992e-04
3.076641878578811884e-04
2.671711263246834278e-04
3.490659582894295454e-04
3.493145341053605080e-04
3.136185696348547935e-04
3.130299737676978111e-04
2.742382930591702461e-04
3.115393046755343676e-04
2.847797295544296503e-04
2.949153422378003597e-04
2.876790822483599186e-04
2.720457850955426693e-04
3.505977510940283537e-04
3.643867385108023882e-04
2.750864659901708364e-04
2.681138867046684027e-04
2.843237307388335466e-04
3.333042259328067303e-04
2.944011648651212454e-04
2.764701785054057837e-04
8.681001490913331509e-04
3.425366885494440794e-04
2.648739318829029799e-04
3.412006190046668053e-04
3.009825304616242647e-04
2.838684013113379478e-04
4.717228875961154699e-04
3.534299030434340239e-04
2.881647378671914339e-04
6.990776746533811092e-04
3.163583460263907909e-04
2.877121441997587681e-04
4.528508579824119806e-04
3.444749745540320873e-04
2.681387413758784533e-04
7.467753021046519279e-04
2.821826492436230183e-04
2.785307879094034433e-04
2.621046442072838545e-04
1.020741532556712627e-03
2.783717936836183071e-04
2.712407731451094151e-04
2.675527066458016634e-04
5.736080929636955261e-04
2.759469789452850819e-04
2.611083327792584896e-04
5.068752216175198555e-04
3.399209235794842243e-04
3.324331773910671473e-04
2.664819476194679737e-04
4.530221922323107719e-04
3.077494911849498749e-04
3.335535875521600246e-04
3.427835472393780947e-04
4.384531930554658175e-04
2.630651870276778936e-04
2.706538944039493799e-04
7.745395414531230927e-04
3.177307953592389822e-04
2.833990438375622034e-04
3.483796899672597647e-04
3.683626127894967794e-04
2.917059755418449640e-04
2.585286565590649843e-04
6.612306460738182068e-04
3.797761746682226658e-04
2.696669253055006266e-04
2.579741121735423803e-04
2.884935820475220680e-04
2.570878714323043823e-04
2.765822282526642084e-04
3.620911447796970606e-04
2.634313714224845171e-04
5.025370628573000431e-04
4.370479437056928873e-04
2.631426032166928053e-04
2.560313732828944921e-04
2.543669252190738916e-04
3.616761241573840380e-04
3.255077172070741653e-04
2.678802993614226580e-04
2.532912767492234707e-04
3.772410855162888765e-04
3.789602487813681364e-04
2.754908928181976080e-04
2.524899318814277649e-04
8.012470789253711700e-04
4.092803865205496550e-04
2.563606540206819773e-04
2.581121516413986683e-04
2.511711791157722473e-04
3.043244651053100824e-04
3.561603080015629530e-04
3.079826419707387686e-04
2.539495180826634169e-04
2.516055537853389978e-04
2.506063901819288731e-04
3.093032282777130604e-04
3.847958869300782681e-04
2.534322266001254320e-04
3.286208375357091427e-04
2.506345917936414480e-04
3.362258721608668566e-04
2.622297906782478094e-04
3.260138037148863077e-04
2.766855468507856131e-04
2.495415974408388138e-04
2.565101312939077616e-04
7.412080303765833378e-04
2.806760312523692846e-04
2.717179304454475641e-04
3.193576412741094828e-04
3.233566822018474340e-04
2.867105358745902777e-04
2.482527052052319050e-04
1.135895145125687122e-03
3.470779920462518930e-04
2.566799812484532595e-04
2.507224853616207838e-04
2.462932898197323084e-04
8.328969706781208515e-04
3.465656773187220097e-04
2.500991395208984613e-04
2.464186982251703739e-04
4.300607542973011732e-04
3.119004250038415194e-04
2.763403463177382946e-04
2.510213234927505255e-04
2.472700143698602915e-04
7.226833258755505085e-04
2.748532569967210293e-04
2.673414419405162334e-04
3.299892996437847614e-04
3.131518897134810686e-04
2.920200349763035774e-04
3.116993757430464029e-04
2.837769861798733473e-04
4.055865283589810133e-04
2.693860442377626896e-04
3.539174504112452269e-04
3.159060433972626925e-04
2.897933300118893385e-04
2.836164785549044609e-04
2.568926138337701559e-04
2.656559809111058712e-04
5.793856689706444740e-04
2.578413404989987612e-04
3.326168225612491369e-04
2.578471612650901079e-04
2.643995685502886772e-04
6.089201197028160095e-04
2.951532078441232443e-04
2.446811995469033718e-04
2.402524114586412907e-04
2.412578760413452983e-04
5.885779974050819874e-04
2.418799267616122961e-04
2.651160175446420908e-04
2.443158009555190802e-04
7.028563995845615864e-04
2.431198518024757504e-04
2.414861082797870040e-04
2.424418926239013672e-04
5.943605792708694935e-04
2.577440172899514437e-04
2.448489540256559849e-04
2.531339996494352818e-04
6.233330350369215012e-04
2.390737208770588040e-04
2.415159688098356128e-04
2.675352443475276232e-04
4.681608115788549185e-04
2.715422015171498060e-04
2.405028353678062558e-04
2.365783147979527712e-04
2.412338653812184930e-04
5.965140881016850471e-04
2.399312652414664626e-04
2.417834912193939090e-04
3.610991989262402058e-04
2.454521018080413342e-04
2.711604174692183733e-04
2.415549679426476359e-04
2.385164698353037238e-04
5.957750836387276649e-04
2.367816196056082845e-04
2.379383950028568506e-04
4.844538634642958641e-04
3.046121564693748951e-04
3.021603624802082777e-04
2.796278276946395636e-04
2.344765380257740617e-04
7.128792931325733662e-04
2.564752066973596811e-04
2.437320654280483723e-04
2.336132456548511982e-04
2.324849338037893176e-04
2.654562413226813078e-04
3.207091649528592825e-04
2.457841474097222090e-04
2.927669556811451912e-04
2.486910670995712280e-04
4.232822393532842398e-04
2.910242474172264338e-04
2.641002938617020845e-04
5.596288829110562801e-04
2.330950665054842830e-04
2.951163623947650194e-04
3.380595298949629068e-04
2.387002459727227688e-04
9.438085253350436687e-04
2.370180736761540174e-04
2.339702477911487222e-04
2.343373489566147327e-04
3.477552672848105431e-04
3.499991435091942549e-04
2.593401586636900902e-04
2.284038782818242908e-04
4.291283548809587955e-04
3.765018773265182972e-04
2.492852217983454466e-04
2.305215602973476052e-04
2.299439802300184965e-04
2.290540869580581784e-04
2.483687712810933590e-04
2.292432764079421759e-04
2.503319701645523310e-04
2.985000901389867067e-04
2.628952497616410255e-04
2.292594435857608914e-04
3.024166799150407314e-04
2.405894629191607237e-04
2.349847782170400023e-04
2.274225116707384586e-04
2.262573689222335815e-04
2.432241890346631408e-04
3.402111469767987728e-04
2.525112940929830074e-04
2.378577628405764699e-04
2.476392546668648720e-04
2.927450113929808140e-04
2.412257599644362926e-04
2.391389716649428010e-04
3.024121688213199377e-04
3.260285884607583284e-04
2.567116171121597290e-04
2.280292392242699862e-04
4.492551670409739017e-04
3.077355213463306427e-04
2.360527432756498456e-04
2.236780564999207854e-04
2.717709576245397329e-04
3.012979286722838879e-04
2.500534756109118462e-04
2.601127780508249998e-04
2.592572709545493126e-04
2.439181698719039559e-04
2.685633662622421980e-04
2.684780629351735115e-04
2.854297927115112543e-04
2.853921905625611544e-04
3.143699432257562876e-04
2.375244512222707272e-04
2.771497529465705156e-04
2.248400851385667920e-04
2.238626475445926189e-04
4.385226056911051273e-04
2.402510872343555093e-04
2.333387383259832859e-04
2.269760007038712502e-04
2.268570387968793511e-04
2.976370742544531822e-04
2.722068747971206903e-04
2.226421784143894911e-04
2.216647990280762315e-04
5.895440699532628059e-04
2.920716651715338230e-04
2.264901122543960810e-04
2.239248278783634305e-04
5.040077958256006241e-04
2.481654519215226173e-04
2.294124569743871689e-04
2.292198332725092769e-04
5.823714309372007847e-04
2.593891695141792297e-04
2.307355753146111965e-04
2.193294640164822340e-04
2.279539476148784161e-04
4.217984678689390421e-04
2.380072110099717975e-04
2.223322371719405055e-04
6.186112295836210251e-04
3.409913333598524332e-04
2.420483942842110991e-04
2.180847077397629619e-04
2.424723497824743390e-04
3.057235735468566418e-04
2.288277028128504753e-04
2.248048258479684591e-04
4.284568713046610355e-04
2.989054191857576370e-04
2.578072890173643827e-04
2.230335958302021027e-04
2.163147146347910166e-04
5.320470663718879223e-04
2.440619864501059055e-04
2.851518511306494474e-04
2.805266703944653273e-04
3.376093809492886066e-04
3.132404235657304525e-04
2.617245481815189123e-04
2.941878919955343008e-04
2.229024830739945173e-04
3.487089998088777065e-04
2.201163733843713999e-04
5.809288122691214085e-04
2.615051344037055969e-04
2.144294267054647207e-04
3.096325381193310022e-04
3.000411088578402996e-04
2.547788026276975870e-04
2.844050468411296606e-04
2.161503798561170697e-04
2.402851823717355728e-04
3.699188237078487873e-04
2.641398168634623289e-04
2.379585494054481387e-04
2.237383741885423660e-04
4.969059955328702927e-04
2.332133299205452204e-04
2.114236995112150908e-04
3.834551025647670031e-04
2.990380453411489725e-04
2.121943834936246276e-04
3.319946117699146271e-04
2.628837537486106157e-04
2.109028282575309277e-04
8.849278092384338379e-04
3.056058485526591539e-04
2.287657698616385460e-04
2.199969894718378782e-04
5.153954261913895607e-04
2.379371871938928962e-04
2.763633383437991142e-04
2.789958962239325047e-04
2.952736685983836651e-04
2.735040034167468548e-04
2.499860711395740509e-04
2.757775073405355215e-04
2.547607873566448689e-04
3.480140585452318192e-04
2.273147547384724021e-04
3.601120843086391687e-04
2.894857898354530334e-04
2.156618575099855661e-04
4.652974603231996298e-04
2.759392082225531340e-04
2.722311473917216063e-04
2.315668534720316529e-04
3.822049475274980068e-04
2.886526926886290312e-04
2.188938524341210723e-04
4.621148109436035156e-04
2.677903394214808941e-04
2.304224472027271986e-04
3.811891656368970871e-04
3.032315580639988184e-04
2.551722864154726267e-04
3.047733625862747431e-04
2.055787335848435760e-04
1.010327367112040520e-03
2.284055663039907813e-04
2.364421379752457142e-04
2.070727787213400006e-04
2.056950033875182271e-04
2.050523180514574051e-04
2.647533256094902754e-04
3.287159197498112917e-04
2.106629253830760717e-04
2.531264035496860743e-04
2.145064354408532381e-04
2.326213725609704852e-04
2.612918033264577389e-04
4.305596230551600456e-04
2.282360073877498507e-04
2.051344781648367643e-04
2.455562935210764408e-04
2.181897289119660854e-04
2.383071114309132099e-04
2.210873790318146348e-04
4.576909996103495359e-04
2.573604870121926069e-04
2.151863591279834509e-04
2.500331029295921326e-04
4.310953954700380564e-04
2.349202550249174237e-04
2.026374277193099260e-04
2.513216459192335606e-04
2.964036248158663511e-04
2.139419084414839745e-04
2.397392672719433904e-04
2.549983328208327293e-04
2.178346039727330208e-04
2.162259333999827504e-04
5.455503705888986588e-04
2.103929873555898666e-04
2.065895532723516226e-04
2.017145161516964436e-04
1.996992796193808317e-04
1.087827025912702084e-03
2.176033885916694999e-04
2.147671621059998870e-04
1.995367056224495173e-04
2.169979270547628403e-04
2.128044579876586795e-04
2.444604178890585899e-04
2.026637230301275849e-04
6.526345969177782536e-04
2.484462747815996408e-04
2.027905720751732588e-04
2.198449510615319014e-04
2.858960651792585850e-04
2.382801903877407312e-04
1.998044608626514673e-04
8.088262402452528477e-04
2.735083107836544514e-04
2.050438342848792672e-04
1.963645481737330556e-04
2.178081194870173931e-04
3.553367278072983027e-04
2.169827639590948820e-04
2.001877292059361935e-04
1.971219317056238651e-04
1.963905087905004621e-04
2.615736448206007481e-04
2.908097230829298496e-04
2.337331679882481694e-04
2.025145950028672814e-04
3.944818454328924417e-04
2.091880014631897211e-04
1.964309340110048652e-04
1.992464676732197404e-04
5.813734605908393860e-04
2.121991565218195319e-04
2.137855772161856294e-04
2.087501488858833909e-04
2.291248238179832697e-04
2.203898911830037832e-04
2.006994618568569422e-04
2.267857053084298968e-04
4.657886456698179245e-04
1.991554454434663057e-04
1.945792027981951833e-04
1.967290299944579601e-04
5.337561597116291523e-04
1.935445616254583001e-04
2.105853054672479630e-04
2.352961018914356828e-04
2.004410634981468320e-04
2.352164738113060594e-04
1.947579876286908984e-04
1.001034164801239967e-03
2.018111117649823427e-04
1.923213276313617826e-04
1.948316639754921198e-04
2.573544916231185198e-04
2.686163934413343668e-04
2.321552165085449815e-04
2.022817498072981834e-04
2.804545219987630844e-04
1.992174511542543769e-04
2.011368487728759646e-04
1.964266266440972686e-04
3.929298545699566603e-04
2.075605298159644008e-04
1.914052263600751758e-04
2.745909732766449451e-04
2.625678025651723146e-04
2.294681034982204437e-04
2.722113567870110273e-04
2.299862389918416739e-04
3.669785801321268082e-04
2.085956803057342768e-04
2.824797702487558126e-04
3.371343482285737991e-04
1.973773614736273885e-04
1.899131311802193522e-04
5.996016552671790123e-04
3.453513199929147959e-04
1.962612150236964226e-04
1.925087271956726909e-04
1.869797270046547055e-04
3.283960395492613316e-04
3.287813451606780291e-04
1.996915816562250257e-04
1.875093294074758887e-04
1.868557446869090199e-04
2.464126155246049166e-04
3.124937065877020359e-04
1.903634547488763928e-04
2.454734640195965767e-04
1.886610407382249832e-04
2.633534895721822977e-04
1.896723115351051092e-04
6.094468408264219761e-04
2.504470758140087128e-04
2.000312815653160214e-04
1.861759810708463192e-04
1.905160024762153625e-04
2.270615950692445040e-04
2.171825763070955873e-04
1.859000039985403419e-04
1.965539267985150218e-04
4.764864279422909021e-04
1.915103202918544412e-04
1.880153577076271176e-04
2.519087283872067928e-04
1.969126460608094931e-04
2.165687474189326167e-04
1.867385290097445250e-04
1.831221015891060233e-04
2.286366216139867902e-04
2.890106989070773125e-04
1.945992116816341877e-04
2.312142314622178674e-04
1.981786481337621808e-04
2.518406836315989494e-04
1.977838692255318165e-04
1.935527252499014139e-04
2.087420580210164189e-04
1.867866230895742774e-04
2.030742762144654989e-04
2.103177685057744384e-04
2.174963447032496333e-04
1.848724059527739882e-04
8.448543376289308071e-04
2.619217848405241966e-04
1.906704856082797050e-04
1.810542598832398653e-04
2.483539865352213383e-04
2.733458532020449638e-04
2.178383583668619394e-04
1.800197496777400374e-04
1.127161085605621338e-03
2.192610409110784531e-04
1.874768931884318590e-04
1.806703221518546343e-04
1.804090861696749926e-04
2.234197600046172738e-04
2.248622331535443664e-04
2.185619086958467960e-04
2.187503705499693751e-04
2.957354590762406588e-04
2.421377575956285000e-04
1.871566491900011897e-04
2.247427473776042461e-04
2.276744780829176307e-04
1.821554615162312984e-04
1.782099425327032804e-04
3.308386076241731644e-04
1.929301215568557382e-04
1.826275547500699759e-04
1.827695086831226945e-04
2.768451522570103407e-04
2.537303371354937553e-04
2.137082483386620879e-04
2.451251784805208445e-04
2.950886555481702089e-04
2.818945795297622681e-04
2.165568730561062694e-04
2.056911907857283950e-04
2.487325691618025303e-04
1.842805068008601665e-04
1.830346009228378534e-04
3.816345706582069397e-04
2.471280458848923445e-04
1.985800045076757669e-04
1.811129477573558688e-04
2.175778790842741728e-04
2.042498526861891150e-04
2.571816439740359783e-04
2.035217039519920945e-04
1.746090129017829895e-04
1.492014038376510143e-03
3.960467292927205563e-04
1.920450886245816946e-04
1.804052008083090186e-04
1.756134879542514682e-04
1.749130460666492581e-04
3.069655795115977526e-04
2.389846195001155138e-04
2.112419024342671037e-04
2.315338497282937169e-04
2.978607662953436375e-04
2.165360929211601615e-04
1.799539459170773625e-04
5.183502798900008202e-04
2.529167977627366781e-04
1.836937881307676435e-04
1.796412252588197589e-04
2.462546399328857660e-04
3.097480803262442350e-04
1.750496885506436229e-04
2.104648010572418571e-04
2.289974363520741463e-04
1.964428665814921260e-04
1.880718191387131810e-04
4.192773194517940283e-04
1.863166253315284848e-04
1.760368759278208017e-04
1.730368094285950065e-04
2.118872653227299452e-04
3.714658669196069241e-04
1.950504083652049303e-04
1.721167500363662839e-04
2.204842021455988288e-04
2.268078096676617861e-04
2.098655677400529385e-04
1.746117050061002374e-04
6.820372655056416988e-04
1.753266260493546724e-04
1.714091777103021741e-04
1.695352548267692327e-04
2.061968989437445998e-04
3.894589608535170555e-04
1.808575034374371171e-04
1.760198501870036125e-04
1.689835044089704752e-04
7.556107593700289726e-04
2.760234638117253780e-04
1.878042821772396564e-04
1.724872563499957323e-04
2.038828824879601598e-04
3.579644253477454185e-04
1.930114522110670805e-04
1.808076340239495039e-04
2.884969580918550491e-04
2.626195782795548439e-04
2.144465397577732801e-04
2.300697233295068145e-04
2.634066622704267502e-04
1.742123713484033942e-04
7.680318667553365231e-04
1.894601591629907489e-04
1.808424131013453007e-04
1.763651380315423012e-04
4.595122300088405609e-04
1.868105027824640274e-04
2.142268640454858541e-04
2.817357890307903290e-04
1.766547939041629434e-04
2.799367357511073351e-04
2.490977349225431681e-04
1.714441023068502545e-04
2.631686511449515820e-04
1.927495468407869339e-04
2.018433006014674902e-04
1.723302120808511972e-04
1.672494836384430528e-04
2.528328332118690014e-04
2.922943967860192060e-04
1.663135772105306387e-04
2.210457314504310489e-04
1.687907060841098428e-04
2.941207203548401594e-04
1.962487876880913973e-04
1.701253931969404221e-04
1.979542139451950788e-04
1.819062163121998310e-04
4.330070514697581530e-04
2.140633732778951526e-04
1.827717205742374063e-04
3.505735658109188080e-04
2.256742445752024651e-04
1.800896134227514267e-04
2.174187102355062962e-04
2.294343430548906326e-04
1.924524840433150530e-04
1.667229662416502833e-04
1.635173684917390347e-04
3.418567939661443233e-04
2.228511002613231540e-04
1.698627165751531720e-04
