5.185835994780063629e-03
2.365398220717906952e-03
2.022671978920698166e-03
1.973614562302827835e-03
1.962044974789023399e-03
1.954060979187488556e-03
1.948007382452487946e-03
1.942979753948748112e-03
1.938935020007193089e-03
1.935041742399334908e-03
1.931125181727111340e-03
1.928499899804592133e-03
1.926126191392540932e-03
1.923801377415657043e-03
1.921436283737421036e-03
1.919018919579684734e-03
1.916590495966374874e-03
1.914054970256984234e-03
1.910856342874467373e-03
1.905550714582204819e-03
1.902195508591830730e-03
1.898960792459547520e-03
1.895776484161615372e-03
1.892567379400134087e-03
1.889473060145974159e-03
1.886442536488175392e-03
1.883467775769531727e-03
1.880506286397576332e-03
1.877531525678932667e-03
1.874534529633820057e-03
1.871486194431781769e-03
1.868353225290775299e-03
1.865102676674723625e-03
1.861693337559700012e-03
1.858016126789152622e-03
1.854034024290740490e-03
1.849495805799961090e-03
1.844519400037825108e-03
1.839376054704189301e-03
1.834231545217335224e-03
1.828977954573929310e-03
1.823468715883791447e-03
1.817577285692095757e-03
1.810768852010369301e-03
1.802216283977031708e-03
1.794053358025848866e-03
1.785647356882691383e-03
1.776017365045845509e-03
1.765138935297727585e-03
1.754730124957859516e-03
1.744968350976705551e-03
1.736358972266316414e-03
1.728232135064899921e-03
1.718546031042933464e-03
1.709093456156551838e-03
1.701859291642904282e-03
1.691713114269077778e-03
1.682304893620312214e-03
1.673478633165359497e-03
1.664368784986436367e-03
1.655325642786920071e-03
1.678008935414254665e-03
1.645885407924652100e-03
1.634640619158744812e-03
1.626851852051913738e-03
1.619215589016675949e-03
1.612852443940937519e-03
1.608820864930748940e-03
1.608439604751765728e-03
1.590750180184841156e-03
1.597665133886039257e-03
1.572581822983920574e-03
1.577447517774999142e-03
1.559815602377057076e-03
1.556594856083393097e-03
1.543716876767575741e-03
1.538508222438395023e-03
1.534280483610928059e-03
1.523458864539861679e-03
1.511765294708311558e-03
1.506059430539608002e-03
1.508167595602571964e-03
1.491156872361898422e-03
1.496339333243668079e-03
1.483637141063809395e-03
1.491918694227933884e-03
1.474893884733319283e-03
1.458151382394134998e-03
1.452302094548940659e-03
1.473134732805192471e-03
1.442119828425347805e-03
1.432207296602427959e-03
1.432417077012360096e-03
1.427682000212371349e-03
1.418024301528930664e-03
1.458201208151876926e-03
1.412371988408267498e-03
1.412815414369106293e-03
1.419616513885557652e-03
1.402491703629493713e-03
1.389561453834176064e-03
1.385116600431501865e-03
1.392678241245448589e-03
1.382012385874986649e-03
1.406379626132547855e-03
1.366889453493058681e-03
1.377306296490132809e-03
1.354413223452866077e-03
1.401889487169682980e-03
1.341838506050407887e-03
1.338689238764345646e-03
1.367899239994585514e-03
1.330167637206614017e-03
1.322731724940240383e-03
1.319570699706673622e-03
1.317632151767611504e-03
1.317172544077038765e-03
1.310163410380482674e-03
1.316418522037565708e-03
1.313536777161061764e-03
1.320049166679382324e-03
1.291424268856644630e-03
1.291430089622735977e-03
1.333725522272288799e-03
1.281527103856205940e-03
1.307903672568500042e-03
1.278512529097497463e-03
1.276893657632172108e-03
1.322591328062117100e-03
1.261721365153789520e-03
1.277096103876829147e-03
1.259552780538797379e-03
1.256367424502968788e-03
1.263262005522847176e-03
1.264001475647091866e-03
1.260860357433557510e-03
1.249818713404238224e-03
1.340062473900616169e-03
1.241363352164626122e-03
1.226958585903048515e-03
1.250773086212575436e-03
1.228005858138203621e-03
1.216851989738643169e-03
1.291572698391973972e-03
1.225881278514862061e-03
1.202271319925785065e-03
1.216799952089786530e-03
1.192225376144051552e-03
1.217485987581312656e-03
1.183969085104763508e-03
1.184842432849109173e-03
1.208902685903012753e-03
1.171095296740531921e-03
1.187329646199941635e-03
1.236950862221419811e-03
1.185814384371042252e-03
1.164261600933969021e-03
1.163764973171055317e-03
1.152017386630177498e-03
1.196301775053143501e-03
1.142449211329221725e-03
1.198621117509901524e-03
1.161685097031295300e-03
1.131861470639705658e-03
1.256235525943338871e-03
1.130123506300151348e-03
1.117874635383486748e-03
1.174239790998399258e-03
1.111896126531064510e-03
1.105414354242384434e-03
1.129367505200207233e-03
1.110195647925138474e-03
1.095452811568975449e-03
1.111809280700981617e-03
1.093486207537353039e-03
1.101400353945791721e-03
1.100100926123559475e-03
1.100786146707832813e-03
1.076690503396093845e-03
1.078155124559998512e-03
1.092460588552057743e-03
1.116769853979349136e-03
1.064119744114577770e-03
1.096055726520717144e-03
1.086205476894974709e-03
1.081251306459307671e-03
1.078361063264310360e-03
1.054987660609185696e-03
1.066632801666855812e-03
1.099365414120256901e-03
1.049561891704797745e-03
1.057447749190032482e-03
1.035147113725543022e-03
1.050201710313558578e-03
1.049063517712056637e-03
1.043858355842530727e-03
1.024490338750183582e-03
1.014671637676656246e-03
1.037313835695385933e-03
1.017028698697686195e-03
1.077511929906904697e-03
1.022149226628243923e-03
1.002323930151760578e-03
1.008199760690331459e-03
9.961704490706324577e-04
1.015031593851745129e-03
9.896355913951992989e-04
9.819254046306014061e-04
9.756099316291511059e-04
1.002688193693757057e-03
1.032113563269376755e-03
9.962575277313590050e-04
9.858820121735334396e-04
9.803880238905549049e-04
9.657500777393579483e-04
9.501660242676734924e-04
9.964647470042109489e-04
9.589445544406771660e-04
9.491944801993668079e-04
9.879891294986009598e-04
9.492303361184895039e-04
9.315087809227406979e-04
9.349022875539958477e-04
9.253929019905626774e-04
9.363736025989055634e-04
9.633642621338367462e-04
9.159019100479781628e-04
9.208488045260310173e-04
9.319661767221987247e-04
9.047369821928441525e-04
9.326305007562041283e-04
9.001931757666170597e-04
9.182355715893208981e-04
8.984257583506405354e-04
9.484697366133332253e-04
8.957470417954027653e-04
9.434360545128583908e-04
8.824718534015119076e-04
9.010597132146358490e-04
9.066787315532565117e-04
8.982744184322655201e-04
8.702251361683011055e-04
8.851266466081142426e-04
8.679031161591410637e-04
8.953479700721800327e-04
8.856790373101830482e-04
8.741145138628780842e-04
9.102551266551017761e-04
8.505968726240098476e-04
9.026028565131127834e-04
8.389470749534666538e-04
8.258279412984848022e-04
8.453613845631480217e-04
8.069701725617051125e-04
8.017207146622240543e-04
8.862068061716854572e-04
8.306730887852609158e-04
8.040068205446004868e-04
7.803151966072618961e-04
9.771402692422270775e-04
8.031887700781226158e-04
7.777159335091710091e-04
7.623705314472317696e-04
7.628384628333151340e-04
7.654277724213898182e-04
7.719254354014992714e-04
7.935409084893763065e-04
7.607223233208060265e-04
8.066852460615336895e-04
7.376033463515341282e-04
7.686231401748955250e-04
7.428248063661158085e-04
7.438457105308771133e-04
7.509111310355365276e-04
7.583872647956013680e-04
7.271431968547403812e-04
7.396760047413408756e-04
7.195448852144181728e-04
7.365534547716379166e-04
7.049925043247640133e-04
7.116201450116932392e-04
7.023545331321656704e-04
7.623552810400724411e-04
6.948660593479871750e-04
6.975420983508229256e-04
6.878644926473498344e-04
7.204567664302885532e-04
6.983163184486329556e-04
6.843105074949562550e-04
7.188332965597510338e-04
6.816002423875033855e-04
7.105596596375107765e-04
7.025344530120491982e-04
6.810677587054669857e-04
6.869264179840683937e-04
7.331211236305534840e-04
6.552473641932010651e-04
6.528519443236291409e-04
6.626401445828378201e-04
7.099167560227215290e-04
6.774411885999143124e-04
6.428784108720719814e-04
6.511870305985212326e-04
6.462492747232317924e-04
6.521340110339224339e-04
6.696461350657045841e-04
6.760062533430755138e-04
6.301160901784896851e-04
6.465212209150195122e-04
6.519851740449666977e-04
6.349123432300984859e-04
6.220817449502646923e-04
6.161429919302463531e-04
6.243955576792359352e-04
6.224379176273941994e-04
6.241956725716590881e-04
6.327212322503328323e-04
6.065143388696014881e-04
6.507320213131606579e-04
6.296999636106193066e-04
6.205362733453512192e-04
6.188421975821256638e-04
5.990032805129885674e-04
6.887451163493096828e-04
6.092442199587821960e-04
5.996639956720173359e-04
7.148591103032231331e-04
5.870192544534802437e-04
6.016234983690083027e-04
6.065893685445189476e-04
5.925736040808260441e-04
5.963292787782847881e-04
5.924041033722460270e-04
6.127916858531534672e-04
5.738979671150445938e-04
5.936502711847424507e-04
6.208341219462454319e-04
5.810962757095694542e-04
6.152541609480977058e-04
6.302336696535348892e-04
5.755471065640449524e-04
5.720221088267862797e-04
5.855953786522150040e-04
5.578594864346086979e-04
5.977589753456413746e-04
5.762098007835447788e-04
5.930839688517153263e-04
6.278276559896767139e-04
5.678872112184762955e-04
6.314652273431420326e-04
5.773695884272456169e-04
5.513111827895045280e-04
5.708243115805089474e-04
5.789708229713141918e-04
5.376040353439748287e-04
5.793950986117124557e-04
5.518816760741174221e-04
5.331590073183178902e-04
5.586949409916996956e-04
5.464828573167324066e-04
5.303327343426644802e-04
5.205875495448708534e-04
5.681855836883187294e-04
5.406751297414302826e-04
5.345948156900703907e-04
5.307553219608962536e-04
5.561723373830318451e-04
5.142209702171385288e-04
5.487238522619009018e-04
5.544318119063973427e-04
5.079678376205265522e-04
5.116619868203997612e-04
5.353154847398400307e-04
5.083738360553979874e-04
5.481337429955601692e-04
5.042997072450816631e-04
5.088770994916558266e-04
5.276947049424052238e-04
5.447881412692368031e-04
5.111295613460242748e-04
5.262133199721574783e-04
5.447648582048714161e-04
5.354530876502394676e-04
5.083779105916619301e-04
5.190011579543352127e-04
4.970769514329731464e-04
5.521017010323703289e-04
4.992142203263938427e-04
4.994054324924945831e-04
5.005307612009346485e-04
5.329581908881664276e-04
5.099956761114299297e-04
5.143646849319338799e-04
4.797627334482967854e-04
4.888051771558821201e-04
4.928532289341092110e-04
5.329820560291409492e-04
4.802810435649007559e-04
4.947954439558088779e-04
4.895848105661571026e-04
5.315626622177660465e-04
5.056002992205321789e-04
4.997940850444138050e-04
4.724177124444395304e-04
5.225969944149255753e-04
4.687808977905660868e-04
4.706075997091829777e-04
4.653687938116490841e-04
4.856680752709507942e-04
4.984197439625859261e-04
4.965804982930421829e-04
4.946453846059739590e-04
4.615942307282239199e-04
4.867949464824050665e-04
4.666413587983697653e-04
4.657188255805522203e-04
4.596222424879670143e-04
4.810608807019889355e-04
4.618134989868849516e-04
4.658176330849528313e-04
4.699507553596049547e-04
4.980743397027254105e-04
4.758433206006884575e-04
4.616137302946299314e-04
4.847494419664144516e-04
4.800328752025961876e-04
4.618451930582523346e-04
4.455593007151037455e-04
4.822796327061951160e-04
4.628658061847090721e-04
5.385532276704907417e-04
4.243133007548749447e-04
4.686996689997613430e-04
4.433649883139878511e-04
4.447039391379803419e-04
4.181228578090667725e-04
4.621737462002784014e-04
4.295249818824231625e-04
4.687273758463561535e-04
4.824125207960605621e-04
4.110012960154563189e-04
4.362346662674099207e-04
4.161810793448239565e-04
4.226922756060957909e-04
4.053643206134438515e-04
4.108223365619778633e-04
4.423472855705767870e-04
4.120751691516488791e-04
4.075846518389880657e-04
3.948163066525012255e-04
4.402092890813946724e-04
4.127496504224836826e-04
3.894399851560592651e-04
3.945258213207125664e-04
3.758530947379767895e-04
3.914448898285627365e-04
3.692152386065572500e-04
3.941000031773000956e-04
3.930175735149532557e-04
3.908440121449530125e-04
4.041127685923129320e-04
3.764936991501599550e-04
3.515816933941096067e-04
3.552912385202944279e-04
3.535380237735807896e-04
3.530087997205555439e-04
3.750999458134174347e-04
3.633737796917557716e-04
3.509075031615793705e-04
3.400403656996786594e-04
3.756041405722498894e-04
3.527205844875425100e-04
3.290281747467815876e-04
3.517636796459555626e-04
3.381193673703819513e-04
3.230739093851298094e-04
3.295945061836391687e-04
3.314849163871258497e-04
3.304045239929109812e-04
3.431726363487541676e-04
3.489077498670667410e-04
3.473367250990122557e-04
3.325904544908553362e-04
3.060605959035456181e-04
3.210923459846526384e-04
3.227356064599007368e-04
3.101422335021197796e-04
3.700012457557022572e-04
3.018489805981516838e-04
3.234406467527151108e-04
3.291557950433343649e-04
2.978354459628462791e-04
3.182259970344603062e-04
3.222711384296417236e-04
3.392738581169396639e-04
2.960785932373255491e-04
4.786869976669549942e-04
3.374594671186059713e-04
3.239180659875273705e-04
2.901052939705550671e-04
3.387616015970706940e-04
3.712223551701754332e-04
3.051926905754953623e-04
3.078987938351929188e-04
3.293617046438157558e-04
2.832663885783404112e-04
2.986087347380816936e-04
3.324701101519167423e-04
2.891117474064230919e-04
2.905971196014434099e-04
2.805652038659900427e-04
3.874640970025211573e-04
2.893675700761377811e-04
2.916184312198311090e-04
2.952372597064822912e-04
3.229858411941677332e-04
2.996417460963129997e-04
3.004893951583653688e-04
3.363981668371707201e-04
3.316441434435546398e-04
2.758444752544164658e-04
2.730182022787630558e-04
2.805647673085331917e-04
2.934818330686539412e-04
2.911129267886281013e-04
3.038501308765262365e-04
3.503401530906558037e-04
2.915498043876141310e-04
2.666028449311852455e-04
3.027003258466720581e-04
2.653987321536988020e-04
2.997371484525501728e-04
3.171193529851734638e-04
2.849822922144085169e-04
2.715318696573376656e-04
2.858275838661938906e-04
3.191377036273479462e-04
2.809839206747710705e-04
3.074411069974303246e-04
2.829406294040381908e-04
2.716388262342661619e-04
3.148129908367991447e-04
2.945580636151134968e-04
2.898012462537735701e-04
3.180241619702428579e-04
2.817979257088154554e-04
2.590293879620730877e-04
3.147233801428228617e-04
2.563213929533958435e-04
2.959983248729258776e-04
2.712189452722668648e-04
2.604008186608552933e-04
2.775777829810976982e-04
2.977697295136749744e-04
2.967400941997766495e-04
2.625904744490981102e-04
3.017483395524322987e-04
3.551110858097672462e-04
2.581307489890605211e-04
2.848815929610282183e-04
2.740703930612653494e-04
2.484005817677825689e-04
2.637411816976964474e-04
3.153339785058051348e-04
3.000170108862221241e-04
2.426936989650130272e-04
2.727966639213263988e-04
2.826808195095509291e-04
2.571388322394341230e-04
2.613810356706380844e-04
3.456645936239510775e-04
3.031718079000711441e-04
2.302789362147450447e-04
2.563940070103853941e-04
2.921214036177843809e-04
2.588123315945267677e-04
2.516900422051548958e-04
2.442205732222646475e-04
2.443546836730092764e-04
2.456441870890557766e-04
2.403822290943935513e-04
3.196512116119265556e-04
2.821723464876413345e-04
2.229563251603394747e-04
2.372090239077806473e-04
2.973705704789608717e-04
2.488704922143369913e-04
2.516862004995346069e-04
2.533877559471875429e-04
2.283737558173015714e-04
2.749424893409013748e-04
2.501155540812760592e-04
2.696518495213240385e-04
2.216092980233952403e-04
2.271744742756709456e-04
2.311479474883526564e-04
2.420551754767075181e-04
2.495882799848914146e-04
2.498516114428639412e-04
2.374468313064426184e-04
2.579037973191589117e-04
2.308517869096249342e-04
2.490368206053972244e-04
2.439175004838034511e-04
2.507372701074928045e-04
2.200559974880889058e-04
2.326257817912846804e-04
2.552878868300467730e-04
2.291845448780804873e-04
2.133676025550812483e-04
2.297956234542652965e-04
2.342980151297524571e-04
2.110333880409598351e-04
2.231900580227375031e-04
2.669584064278751612e-04
2.237116714240983129e-04
2.368849527556449175e-04
2.706746163312345743e-04
2.549233613535761833e-04
2.186942583648487926e-04
2.107523905579000711e-04
2.372973394813016057e-04
2.336177276447415352e-04
2.277118619531393051e-04
2.589940559118986130e-04
2.063617139356210828e-04
2.240320172859355807e-04
2.885799040086567402e-04
2.624528424348682165e-04
2.392392780166119337e-04
2.110540517605841160e-04
2.111690992023795843e-04
2.688333916012197733e-04
2.112970978487282991e-04
2.234238345408812165e-04
1.998533261939883232e-04
2.162327291443943977e-04
1.988156000152230263e-04
2.572913654148578644e-04
2.542721049394458532e-04
1.992983743548393250e-04
2.281207707710564137e-04
2.184958866564556956e-04
2.429938758723437786e-04
2.076624077744781971e-04
2.067378663923591375e-04
2.209753147326409817e-04
2.289319527335464954e-04
2.032727497862651944e-04
2.538111584726721048e-04
2.688130189199000597e-04
2.006196882575750351e-04
2.109598135575652122e-04
2.225798525614663959e-04
2.283806679770350456e-04
2.146696933778002858e-04
1.937666675075888634e-04
2.370617876295000315e-04
2.000754757318645716e-04
2.068013418465852737e-04
2.566048060543835163e-04
2.073661453323438764e-04
2.456848160363733768e-04
1.973329199245199561e-04
2.620368613861501217e-04
2.402723912382498384e-04
1.915973407449200749e-04
2.037030644714832306e-04
1.883837539935484529e-04
2.440610842313617468e-04
2.078167453873902559e-04
2.087823522742837667e-04
2.236604195786640048e-04
2.151361695723608136e-04
2.369448775425553322e-04
2.088869077851995826e-04
1.919792848639190197e-04
1.952085876837372780e-04
2.282636560266837478e-04
2.057495730696246028e-04
1.935241452883929014e-04
2.487000892870128155e-04
2.212483377661556005e-04
2.188822254538536072e-04
2.231669641332700849e-04
2.278073661727830768e-04
2.163983590435236692e-04
2.025014837272465229e-04
2.129886561306193471e-04
2.137576084351167083e-04
2.029366733040660620e-04
2.319204941159114242e-04
2.201472234446555376e-04
1.899198396131396294e-04
2.235668362118303776e-04
2.352548472117632627e-04
2.127430925611406565e-04
1.950304431375116110e-04
2.308018592884764075e-04
1.936151238624006510e-04
1.866236416390165687e-04
2.195615670643746853e-04
1.973650942090898752e-04
2.060403348878026009e-04
1.840723998611792922e-04
1.993003534153103828e-04
2.417210052954033017e-04
2.407402207609266043e-04
2.189697406720370054e-04
2.345155662624165416e-04
1.863947109086439013e-04
4.557307984214276075e-04
2.180197188863530755e-04
1.925014512380585074e-04
1.857871538959443569e-04
1.978009240701794624e-04
2.000322710955515504e-04
1.973470207303762436e-04
1.990422315429896116e-04
2.168298378819599748e-04
1.888792030513286591e-04
2.016165963141247630e-04
1.975675113499164581e-04
2.014922356465831399e-04
1.967294956557452679e-04
2.973625378217548132e-04
2.004243870032951236e-04
2.016843209275975823e-04
1.808431989047676325e-04
1.769656373653560877e-04
1.980792440008372068e-04
2.091593632940202951e-04
2.065238950308412313e-04
2.497482055332511663e-04
2.251814294140785933e-04
1.846395171014592052e-04
1.811539841582998633e-04
2.064022701233625412e-04
1.878973998827859759e-04
1.904940581880509853e-04
1.778090372681617737e-04
2.270952390972524881e-04
1.854802831076085567e-04
1.746607740642502904e-04
3.733102930709719658e-04
4.596472717821598053e-04
3.057244466617703438e-04
1.889109989861026406e-04
1.759396400302648544e-04
1.733617536956444383e-04
1.724237372400239110e-04
1.719838619465008378e-04
1.722356100799515843e-04
1.732527889544144273e-04
1.780903985491022468e-04
1.766567875165492296e-04
1.796635478967800736e-04
2.265194634674116969e-04
1.877725007943809032e-04
2.074776566587388515e-04
1.956720370799303055e-04
2.328139671590179205e-04
1.886958198156207800e-04
1.975355116883292794e-04
2.112374204443767667e-04
2.436623472021892667e-04
2.140877186320722103e-04
2.047538728220388293e-04
1.979206281248480082e-04
1.790239330148324370e-04
2.331501164007931948e-04
2.085162559524178505e-04
1.989009761018678546e-04
2.254358405480161309e-04
1.747349742799997330e-04
2.273797144880518317e-04
1.751760719344019890e-04
1.931493170559406281e-04
1.688264601398259401e-04
1.875240268418565392e-04
2.370731235714629292e-04
2.287013776367530227e-04
1.923132804222404957e-04
1.812636037357151508e-04
2.080335543723776937e-04
1.892188302008435130e-04
2.680963953025639057e-04
1.739112631184980273e-04
1.676420215517282486e-04
1.758844300638884306e-04
1.877561153378337622e-04
1.855745213106274605e-04
1.894939632620662451e-04
2.231061807833611965e-04
2.340910577913746238e-04
1.772604591678828001e-04
1.652696664677932858e-04
3.182935761287808418e-04
2.292460849275812507e-04
2.278865722473710775e-04
1.876750902738422155e-04
1.782085601007565856e-04
2.029432071140035987e-04
2.100860729115083814e-04
1.985762937692925334e-04
1.833659480325877666e-04
2.504842996131628752e-04
1.694641978247091174e-04
1.776349672582000494e-04
1.876588794402778149e-04
1.976008352357894182e-04
1.857454626588150859e-04
1.844957732828333974e-04
1.666514435783028603e-04
1.640619739191606641e-04
2.576133701950311661e-04
1.878233160823583603e-04
1.803454797482118011e-04
2.109199413098394871e-04
2.198184956796467304e-04
2.278922474943101406e-04
1.759665901772677898e-04
1.722901361063122749e-04
2.307544637005776167e-04
1.828822423703968525e-04
1.754831027938053012e-04
1.635875378269702196e-04
1.777463330654427409e-04
1.700988505035638809e-04
1.693356753094121814e-04
1.931085716933012009e-04
1.862322969827800989e-04
2.509992918930947781e-04
2.079550904454663396e-04
2.090708876494318247e-04
1.815128780435770750e-04
1.730675139697268605e-04
1.858829200500622392e-04
1.584101701155304909e-04
2.622007159516215324e-04
2.697346208151429892e-04
1.623518910491839051e-04
1.653555373195558786e-04
1.729699142742902040e-04
2.262089692521840334e-04
1.714016107143834233e-04
1.838816679082810879e-04
1.683620357653126121e-04
1.701126748230308294e-04
1.562371035106480122e-04
2.938120451290160418e-04
1.777967700036242604e-04
1.678620319580659270e-04
1.596029032953083515e-04
1.800764002837240696e-04
1.668735203566029668e-04
1.976100611500442028e-04
1.820842735469341278e-04
1.925965916598215699e-04
2.037079248111695051e-04
1.602738047949969769e-04
2.593009558040648699e-04
2.121511934092268348e-04
1.694681122899055481e-04
1.593284978298470378e-04
1.541247620480135083e-04
4.131003224756568670e-04
1.663022267166525126e-04
1.560123637318611145e-04
1.608333841431885958e-04
1.762502652127295732e-04
1.877859613159671426e-04
1.996337086893618107e-04
1.930377911776304245e-04
1.988293806789442897e-04
1.753772521624341607e-04
1.639933616388589144e-04
2.547986514400690794e-04
1.978700893232598901e-04
1.816485455492511392e-04
2.070578484563156962e-04
1.784679334377869964e-04
2.821986563503742218e-04
1.683278678683564067e-04
1.646584423724561930e-04
1.536424242658540606e-04
1.523024257039651275e-04
1.780307502485811710e-04
1.534717303002253175e-04
2.138104900950565934e-04
1.556288189021870494e-04
1.836129085859283805e-04
1.712433004286140203e-04
2.215456916019320488e-04
1.582909026183187962e-04
2.039713144768029451e-04
1.697024272289127111e-04
2.065765293082222342e-04
2.102617727359756827e-04
2.064743894152343273e-04
2.035025099758058786e-04
1.627879537409171462e-04
1.602696283953264356e-04
2.795848413370549679e-04
1.596672809682786465e-04
1.705709437374025583e-04
1.593363995198160410e-04
1.620097464183345437e-04
1.721178705338388681e-04
1.924573152791708708e-04
1.666372700128704309e-04
2.113175287377089262e-04
1.874565496109426022e-04
2.084656152874231339e-04
1.528424036223441362e-04
1.915758912218734622e-04
1.710954093141481280e-04
1.634604122955352068e-04
2.037718222709372640e-04
1.699753920547664165e-04
1.521845842944458127e-04
1.557717041578143835e-04
1.669187040533870459e-04
1.542118989164009690e-04
1.547331485198810697e-04
2.246148069389164448e-04
2.038610837189480662e-04
1.904084201669320464e-04
1.979066437343135476e-04
1.771692041074857116e-04
1.521887024864554405e-04
1.478428603149950504e-04
1.545886771054938436e-04
1.610463950783014297e-04
2.789685677271336317e-04
1.846876984927803278e-04
1.543723483337089419e-04
2.106815518345683813e-04
1.590840111020952463e-04
1.442504144506528974e-04
2.070861082756891847e-04
1.682354195509105921e-04
1.494438765803351998e-04
3.137274179607629776e-04
1.772783434716984630e-04
1.713132078293710947e-04
1.716971164569258690e-04
1.933066232595592737e-04
1.721874286886304617e-04
1.467479451093822718e-04
2.587900671642273664e-04
1.792610710253939033e-04
1.582824770594015718e-04
1.528391294414177537e-04
1.496156619396060705e-04
1.649862533668056130e-04
1.622737327124923468e-04
1.440019987057894468e-04
1.468435075366869569e-04
1.435439480701461434e-04
1.621070987312123179e-04
1.573038316564634442e-04
1.919270289363339543e-04
1.856987219071015716e-04
1.425791997462511063e-04
1.461836800444871187e-04
2.522023278288543224e-04
1.760156883392482996e-04
1.737920538289472461e-04
2.244665520265698433e-04
1.468448172090575099e-04
1.552762405481189489e-04
2.396800991846248507e-04
1.499049831181764603e-04
2.258440654259175062e-04
1.657075772527605295e-04
1.691054203547537327e-04
1.497136108810082078e-04
1.618927490198984742e-04
1.512582384748384356e-04
1.625861186766996980e-04
1.491675502620637417e-04
1.709041243884712458e-04
1.664506417000666261e-04
1.708172057988122106e-04
1.752281095832586288e-04
1.526242704130709171e-04
1.869777188403531909e-04
1.407613308401778340e-04
1.471228024456650019e-04
1.585715799592435360e-04
1.615513756405562162e-04
1.808528177207335830e-04
1.567326835356652737e-04
1.505835534771904349e-04
1.651298225624486804e-04
1.862995850387960672e-04
1.747266505844891071e-04
2.079230762319639325e-04
1.470074348617345095e-04
1.891043793875724077e-04
1.480069331591948867e-04
1.627378951525315642e-04
2.233069099020212889e-04
1.658847031649202108e-04
1.790930837159976363e-04
1.528659486211836338e-04
1.458786864532157779e-04
1.380727480864152312e-04
2.862948749680072069e-04
1.708656200207769871e-04
1.569776941323652864e-04
1.526572741568088531e-04
1.740667794365435839e-04
1.920232753036543727e-04
1.600425457581877708e-04
1.597468362888321280e-04
1.995566271943971515e-04
1.464364759158343077e-04
1.762028405210003257e-04
1.586908620083704591e-04
1.726839400362223387e-04
1.601019175723195076e-04
1.353667321382090449e-04
1.550200831843540072e-04
1.474095915909856558e-04
1.972968457266688347e-04
2.161647280445322394e-04
1.733771496219560504e-04
1.503283856436610222e-04
1.601255498826503754e-04
1.550852757645770907e-04
1.509291323600336909e-04
1.619236427359282970e-04
2.493632200639694929e-04
1.957489730557426810e-04
1.456769241485744715e-04
1.349420926999300718e-04
1.329223887296393514e-04
1.882198848761618137e-04
1.584717974765226245e-04
1.647231110837310553e-04
1.452066353522241116e-04
1.660386624280363321e-04
1.418151514371857047e-04
1.502335508121177554e-04
1.730607036733999848e-04
1.801098405849188566e-04
1.726025075186043978e-04
1.817012671381235123e-04
1.589576131664216518e-04
2.373655734118074179e-04
1.518830395070835948e-04
1.404438226018100977e-04
1.902044750750064850e-04
1.933106104843318462e-04
1.360472379019483924e-04
1.489714923081919551e-04
1.571395696373656392e-04
1.836932497099041939e-04
1.470951538067311049e-04
2.018102532019838691e-04
2.031143376370891929e-04
1.546479616081342101e-04
1.319105649599805474e-04
2.550721110310405493e-04
1.742437889333814383e-04
1.547056162962689996e-04
1.949479774339124560e-04
2.020989632001146674e-04
1.337714929832145572e-04
1.851146953413262963e-04
1.433496217941865325e-04
1.322356256423518062e-04
1.443438086425885558e-04
1.669298944761976600e-04
1.533163595013320446e-04
1.504493120592087507e-04
1.542040263302624226e-04
1.853033754741773009e-04
1.576887734699994326e-04
1.492818555561825633e-04
1.319864095421507955e-04
1.358576264465227723e-04
1.753609685692936182e-04
1.660431298660114408e-04
1.785640633897855878e-04
1.565551647217944264e-04
1.337207213509827852e-04
2.699448086787015200e-04
1.405840303050354123e-04
1.482884108554571867e-04
1.850711705628782511e-04
1.309528743149712682e-04
1.317464921157807112e-04
1.448977127438411117e-04
1.787089422577992082e-04
1.903341035358607769e-04
1.307419734075665474e-04
1.387007505400106311e-04
3.248177818022668362e-04
1.387717929901555181e-04
1.473035081289708614e-04
1.405543152941390872e-04
1.311434170929715037e-04
1.534076873213052750e-04
1.335708802798762918e-04
1.792963448679074645e-04
1.477507321396842599e-04
1.600760879227891564e-04
1.313648390350863338e-04
1.988705043913796544e-04
1.542526006232947111e-04
1.716313709039241076e-04
1.401635090587660670e-04
1.578022784087806940e-04
1.458561164326965809e-04
1.511608134023845196e-04
1.499849458923563361e-04
1.274189125979319215e-04
2.070887567242607474e-04
1.488513953518122435e-04
1.393618003930896521e-04
1.875255693448707461e-04
1.442289940314367414e-04
1.449929550290107727e-04
1.306818448938429356e-04
1.519286888651549816e-04
1.296304108109325171e-04
1.292971137445420027e-04
1.782052131602540612e-04
1.634012733120471239e-04
1.872967550298199058e-04
1.632116327527910471e-04
1.670928031671792269e-04
1.521332160336896777e-04
1.698191190371289849e-04
1.489511487307026982e-04
1.567937288200482726e-04
1.422258792445063591e-04
1.348306686850264668e-04
1.259053387911990285e-04
1.543381949886679649e-04
1.238692930201068521e-04
1.560728705953806639e-04
1.598061353433877230e-04
1.742070162435993552e-04
1.267839688807725906e-04
1.231153582921251655e-04
1.729971118038520217e-04
1.459061895729973912e-04
1.254702510777860880e-04
1.455891178920865059e-04
2.166779886465519667e-04
1.399540924467146397e-04
2.757963957265019417e-04
1.862976205302402377e-04
1.290331711061298847e-04
1.313852699240669608e-04
1.413843565387651324e-04
1.406264782417565584e-04
1.324613986071199179e-04
1.284941827179864049e-04
1.830386172514408827e-04
1.547143183415755630e-04
1.434054283890873194e-04
1.242570579051971436e-04
1.281642180401831865e-04
2.482623385731130838e-04
1.630673214094713330e-04
1.714414102025330067e-04
1.287789928028360009e-04
2.022496919380500913e-04
1.351724931737408042e-04
1.478939084336161613e-04
1.634437066968530416e-04
1.485187967773526907e-04
1.681517314864322543e-04
1.431955170119181275e-04
1.459370832890272141e-04
1.696282561169937253e-04
1.515045587439090014e-04
1.514843024779111147e-04
1.249627675861120224e-04
1.280012074857950211e-04
1.532371534267440438e-04
1.620198308955878019e-04
1.791586400941014290e-04
1.308633945882320404e-04
2.151587395928800106e-04
1.411499251844361424e-04
1.522067759651690722e-04
1.383526832796633244e-04
1.229666377184912562e-04
1.422286441083997488e-04
1.283071906073018909e-04
1.463012158637866378e-04
1.231992500834167004e-04
1.607860176591202617e-04
1.527884742245078087e-04
1.228790933964774013e-04
1.872762950370088220e-04
1.551920722704380751e-04
1.218898978549987078e-04
1.305902987951412797e-04
1.371510443277657032e-04
1.395609870087355375e-04
1.225138403242453933e-04
2.438995579723268747e-04
1.400077017024159431e-04
1.279937569051980972e-04
1.215093943756073713e-04
1.219469995703548193e-04
1.588139275554567575e-04
1.354811975033953786e-04
1.173096752609126270e-04
1.468633417971432209e-04
1.586272701388224959e-04
1.408032112522050738e-04
1.580801617819815874e-04
1.454690354876220226e-04
1.666865864535793662e-04
1.512685266789048910e-04
1.191191040561534464e-04
1.310037478106096387e-04
1.397208397975191474e-04
1.154090496129356325e-04
1.376211439492180943e-04
1.239906705450266600e-04
1.310451043536886573e-04
1.308772043557837605e-04
1.288981584366410971e-04
1.167947993963025510e-04
1.370707468595355749e-04
1.354412088403478265e-04
1.280538708670064807e-04
1.661133283050730824e-04
1.701888977549970150e-04
1.347638026345521212e-04
1.184660432045347989e-04
1.177515587187372148e-04
1.165344001492485404e-04
2.714719448704272509e-04
1.573982008267194033e-04
1.324793120147660375e-04
1.155225254478864372e-04
1.313742832280695438e-04
1.364842319162562490e-04
1.209397014463320374e-04
1.400914188707247376e-04
1.351207756670191884e-04
1.627336750971153378e-04
1.216876626131124794e-04
1.350891543552279472e-04
1.266706967726349831e-04
1.195423537865281105e-04
1.780219463398680091e-04
1.896033936645835638e-04
1.457835460314527154e-04
1.283957972191274166e-04
2.160669246222823858e-04
1.572174805914983153e-04
1.170886389445513487e-04
1.250597852049395442e-04
1.309326908085495234e-04
1.412646961398422718e-04
1.660630368860438466e-04
1.170322866528294981e-04
2.410213637631386518e-04
1.469257258577272296e-04
1.314270775765180588e-04
1.309936633333563805e-04
1.290737709496170282e-04
1.551983878016471863e-04
1.117162901209667325e-04
1.314105902565643191e-04
3.109388635493814945e-04
3.518868761602789164e-04
2.172132662963122129e-04
1.310696970904245973e-04
1.150900570792146027e-04
1.114742844947613776e-04
1.107615826185792685e-04
1.149685704149305820e-04
1.228778855875134468e-04
1.317969581577926874e-04
1.207448440254665911e-04
1.133424520958214998e-04
1.341237511951476336e-04
1.747825153870508075e-04
1.224360021296888590e-04
1.143385015893727541e-04
1.454798184568062425e-04
1.453480217605829239e-04
1.412304700352251530e-04
1.716539409244433045e-04
1.188896640087477863e-04
1.256259711226448417e-04
1.200236074510030448e-04
2.263728092657402158e-04
1.481245417380705476e-04
1.147811635746620595e-04
1.170733885373920202e-04
1.217371172970160842e-04
1.179919199785217643e-04
1.101593443308956921e-04
1.461694919271394610e-04
2.050788898486644030e-04
1.243159204022958875e-04
1.172209013020619750e-04
1.253880473086610436e-04
1.638875401113182306e-04
1.949885336216539145e-04
1.109826043830253184e-04
1.167736991192214191e-04
1.700679713394492865e-04
1.519180514151230454e-04
1.306441263295710087e-04
2.874407509807497263e-04
1.191277915495447814e-04
1.177276353701017797e-04
1.109418226405978203e-04
1.119202352128922939e-04
1.450340059818699956e-04
1.170212708530016243e-04
1.465449022362008691e-04
1.529683504486456513e-04
1.082430244423449039e-04
1.408053794875741005e-04
1.523349055787548423e-04
1.299339201068505645e-04
1.455278106732293963e-04
1.462871005060151219e-04
1.365938660455867648e-04
1.197825986309908330e-04
1.535049814265221357e-04
1.672269427217543125e-04
1.090853911591693759e-04
1.167095178971067071e-04
1.468125556129962206e-04
1.089119396056048572e-04
1.142459732363931835e-04
1.104083494283258915e-04
1.288032071897760034e-04
1.261940778931602836e-04
1.276774564757943153e-04
1.456504542147740722e-04
1.202711573569104075e-04
1.140551394200883806e-04
1.626034791115671396e-04
1.439426414435729384e-04
1.154005294665694237e-04
1.179562677862122655e-04
1.532663591206073761e-04
1.109547010855749249e-04
1.079503490473143756e-04
1.300610310863703489e-04
1.871222484624013305e-04
1.549512089695781469e-04
1.089016877813264728e-04
1.053024971042759717e-04
1.291793741984292865e-04
1.111182209569960833e-04
1.513177121523767710e-04
1.202315543196164072e-04
2.236618020106106997e-04
1.165620997198857367e-04
1.106980562326498330e-04
1.090769001166336238e-04
1.454676239518448710e-04
1.501439546700567007e-04
1.547120773466303945e-04
1.223359140567481518e-04
1.228970213560387492e-04
1.278988638659939170e-04
1.184504944831132889e-04
1.950347214005887508e-04
1.282869488932192326e-04
1.114073602366261184e-04
1.449322153348475695e-04
1.217433164129033685e-04
1.582546974532306194e-04
1.623253483558073640e-04
1.046302058966830373e-04
1.144710258813574910e-04
1.755901175783947110e-04
1.238963304786011577e-04
1.168371527455747128e-04
1.210095142596401274e-04
1.433759462088346481e-04
1.258374395547434688e-04
1.203246356453746557e-04
1.373667182633653283e-04
1.210191185236908495e-04
1.552605535835027695e-04
1.128806325141340494e-04
1.213296272908337414e-04
1.095041370717808604e-04
1.188705427921377122e-04
1.346674689557403326e-04
1.056091859936714172e-04
1.477033802075311542e-04
1.557465002406388521e-04
1.661704591242596507e-04
1.072805607691407204e-04
1.203532156068831682e-04
1.237920951098203659e-04
1.202689891215413809e-04
1.286019687540829182e-04
1.243697915924713016e-04
1.102142778108827770e-04
1.217873432324267924e-04
1.165971261798404157e-04
1.050354912877082825e-04
2.363268577028065920e-04
1.299806463066488504e-04
1.102900205296464264e-04
1.340117451036348939e-04
1.579924137331545353e-04
1.055222601280547678e-04
1.372398692183196545e-04
1.183247513836249709e-04
1.677961845416575670e-04
1.403752248734235764e-04
1.029171471600420773e-04
1.018754555843770504e-04
1.106427662307396531e-04
1.292279484914615750e-04
1.730878575472161174e-04
1.256108662346377969e-04
1.066235272446647286e-04
1.260487042600288987e-04
1.553267502458766103e-04
1.535373739898204803e-04
1.194324431708082557e-04
1.064091775333508849e-04
1.443450746592134237e-04
1.044760210788808763e-04
1.513247261755168438e-04
1.610267499927431345e-04
1.093960527214221656e-04
1.241505087818950415e-04
1.345060445601120591e-04
1.177659578388556838e-04
1.450405834475532174e-04
1.133115656557492912e-04
1.667391043156385422e-04
1.100583976949565113e-04
1.113970720325596631e-04
1.034192537190392613e-04
1.424287329427897930e-04
1.218253237311728299e-04
1.255680253962054849e-04
1.962498208740726113e-04
1.162744229077361524e-04
1.068832643795758486e-04
1.208332250826060772e-04
1.598998205736279488e-04
1.331193780060857534e-04
1.239226403413340449e-04
1.550589804537594318e-04
1.226918975589796901e-04
1.338696165475994349e-04
1.372116676066070795e-04
1.219059195136651397e-04
1.036851972457952797e-04
1.091777085093781352e-04
1.404097711201757193e-04
1.064761818270199001e-04
1.366958895232528448e-04
1.321744202869012952e-04
1.121097739087417722e-04
1.002518401946872473e-04
9.950612002285197377e-05
1.235879899468272924e-04
1.488883281126618385e-04
1.007939063129015267e-04
1.080351794371381402e-04
1.048032136168330908e-04
1.409502438036724925e-04
1.253869704669341445e-04
1.092655147658661008e-04
1.061920047504827380e-04
1.443402143195271492e-04
1.520147779956459999e-04
1.411099365213885903e-04
1.187681191368028522e-04
1.008240215014666319e-04
1.612577616469934583e-04
1.371860562358051538e-04
1.069250793079845607e-04
1.925081887748092413e-04
1.237281830981373787e-04
1.084471223293803632e-04
1.161138497991487384e-04
1.107073985622264445e-04
1.352176332147791982e-04
1.122408357332460582e-04
9.811326890485361218e-05
1.055382017511874437e-04
1.318671129411086440e-04
1.408103707944974303e-04
1.271133660338819027e-04
1.012470092973671854e-04
1.027940743369981647e-04
1.421108900103718042e-04
1.592924963915720582e-04
1.319453440373763442e-04
1.123616675613448024e-04
1.393871934851631522e-04
1.153504344983957708e-04
1.000283664325252175e-04
1.415148290107026696e-04
1.396287843817844987e-04
1.076693952200002968e-04
1.123021429521031678e-04
1.024517478072084486e-04
2.810084552038460970e-04
1.219563418999314308e-04
1.107675998355261981e-04
1.132758261519484222e-04
1.057057961588725448e-04
1.079762078006751835e-04
1.078208879334852099e-04
1.303217577515169978e-04
1.363842748105525970e-04
1.567693689139559865e-04
1.040599236148409545e-04
9.670717554399743676e-05
1.507744455011561513e-04
1.572612673044204712e-04
1.255255192518234253e-04
1.185536384582519531e-04
1.179785249405540526e-04
1.561338285682722926e-04
1.051549188559874892e-04
1.232618233188986778e-04
1.156582584371790290e-04
1.383771887049078941e-04
1.464518281864002347e-04
1.841470220824703574e-04
1.092734819394536316e-04
9.904167382046580315e-05
1.002883873297832906e-04
1.061764196492731571e-04
1.274066744372248650e-04
1.372684200759977102e-04
1.404113572789356112e-04
1.190308394143357873e-04
1.080539295799098909e-04
9.670200233813375235e-05
1.046654215315356851e-04
1.181661355076357722e-04
1.232805516337975860e-04
2.165717014577239752e-04
1.345925265923142433e-04
9.690717706689611077e-05
9.989539103116840124e-05
1.906225370476022363e-04
1.247371546924114227e-04
1.042956937453709543e-04
1.317112473770976067e-04
1.108349315472878516e-04
9.830624185269698501e-05
1.179025130113586783e-04
1.111341553041711450e-04
1.548712461953982711e-04
1.305557671003043652e-04
1.163757769973017275e-04
1.780714082997292280e-04
1.446482201572507620e-04
1.046331963152624667e-04
1.211219787364825606e-04
1.855321897892281413e-04
1.269681233679875731e-04
1.002749631879851222e-04
9.489808871876448393e-05
1.286789629375562072e-04
1.287424238398671150e-04
1.258347474504262209e-04
1.013417931972071528e-04
1.159000385086983442e-04
1.333572145085781813e-04
1.247983163921162486e-04
1.081135706044733524e-04
1.130362215917557478e-04
1.139400701504200697e-04
1.026498430292122066e-04
1.191590272355824709e-04
1.214492294820956886e-04
1.114019614760763943e-04
1.631949126021936536e-04
1.010824926197528839e-04
1.187667730846442282e-04
1.312231033807620406e-04
1.365873613394796848e-04
1.531734451418742537e-04
9.412233339389786124e-05
1.019043047563172877e-04
9.725360723678022623e-05
1.352868275716900826e-04
9.593937284080311656e-05
1.053769447025842965e-04
1.086176489479839802e-04
1.322295138379558921e-04
1.145853020716458559e-04
1.200298866024240851e-04
1.318635913776233792e-04
1.548630389152094722e-04
1.449254923500120640e-04
1.053056694217957556e-04
1.219315527123399079e-04
1.281364966416731477e-04
1.180998297058977187e-04
1.296800619456917048e-04
1.156623329734429717e-04
1.162282642326317728e-04
1.070756916305981576e-04
1.465320383431389928e-04
1.361316390102729201e-04
9.419898560736328363e-05
9.338823292637243867e-05
1.117016072385013103e-04
1.095336629077792168e-04
9.276011405745521188e-05
1.549897424411028624e-04
9.509748633718118072e-05
1.364218041999265552e-04
1.045626486302353442e-04
1.252492365892976522e-04
1.014624795061536133e-04
1.171216426882892847e-04
1.312580134253948927e-04
9.957305155694484711e-05
9.698320354800671339e-05
1.420398621121421456e-04
1.087583004846237600e-04
9.428057092009112239e-05
1.898540067486464977e-04
1.248484768439084291e-04
9.345536818727850914e-05
1.011347267194651067e-04
1.160413812613114715e-04
1.197781311930157244e-04
1.229997433256357908e-04
1.127347204601392150e-04
9.896983829094097018e-05
1.313286193180829287e-04
1.240777055500075221e-04
1.010722116916440427e-04
1.211442213389091194e-04
1.431256241630762815e-04
1.299593859585002065e-04
1.254441158380359411e-04
1.117918800446204841e-04
9.089036757359281182e-05
9.851375216385349631e-05
1.500734942965209484e-04
1.754249242367222905e-04
1.210112750413827598e-04
9.066925122169777751e-05
1.261613797396421432e-04
1.068181518348865211e-04
1.234632218256592751e-04
1.062189767253585160e-04
1.157438455265946686e-04
1.215317897731438279e-04
1.335030974587425590e-04
1.101217494579032063e-04
1.030507264658808708e-04
1.073678722605109215e-04
1.412053970852866769e-04
1.455871388316154480e-04
1.189212562167085707e-04
9.224048699252307415e-05
8.990003698272630572e-05
9.766068978933617473e-05
9.437481639906764030e-05
1.147790171671658754e-04
2.049832837656140327e-04
9.669682913227006793e-05
1.126015631598420441e-04
1.338149450020864606e-04
1.125204798881895840e-04
1.169545284938067198e-04
9.344248246634379029e-05
1.134532794822007418e-04
1.879827759694308043e-04
1.295823021791875362e-04
9.688005229691043496e-05
1.175080251414328814e-04
1.249489578185603023e-04
1.060605718521401286e-04
1.092689271899871528e-04
1.078555578715167940e-04
1.055865941452793777e-04
1.060850117937661707e-04
1.322747848462313414e-04
1.174568169517442584e-04
1.384315401082858443e-04
1.380321918986737728e-04
1.181132975034415722e-04
1.243159931618720293e-04
1.479863421991467476e-04
1.051391009241342545e-04
9.417616820428520441e-05
1.120516535593196750e-04
1.165066059911623597e-04
1.179749961011111736e-04
1.512704329797998071e-04
1.006838501780293882e-04
1.218443358084186912e-04
1.193869684357196093e-04
1.278911076951771975e-04
1.014643421513028443e-04
9.941901225829496980e-05
1.389888493577018380e-04
9.445572504773736000e-05
9.070793021237477660e-05
9.418786066817119718e-05
1.004604055196978152e-04
1.367852673865854740e-04
1.486917608417570591e-04
1.078813729691319168e-04
1.223365543410181999e-04
9.389031765749678016e-05
1.228291075676679611e-04
1.307198544964194298e-04
1.077365814126096666e-04
1.396553998347371817e-04
1.135405545937828720e-04
1.107180432882159948e-04
1.276534312637522817e-04
9.042862075148150325e-05
1.369734964100643992e-04
1.234908995684236288e-04
1.190285183838568628e-04
1.063210220308974385e-04
1.023827280732803047e-04
2.063553547486662865e-04
1.252783695235848427e-04
9.650083666201680899e-05
1.366868527838960290e-04
1.085352123482152820e-04
1.189080649055540562e-04
9.215943282470107079e-05
1.246649335371330380e-04
9.837160905590280890e-05
1.572230830788612366e-04
1.199948746943846345e-04
9.503127512289211154e-05
9.200262866215780377e-05
1.096924024750478566e-04
1.056041801348328590e-04
9.795661026146262884e-05
1.471346331527456641e-04
1.139184241765178740e-04
9.924666665028780699e-05
9.062074241228401661e-05
9.053583926288411021e-05
1.196603261632844806e-04
1.352184190182015300e-04
8.752504072617739439e-05
1.128272124333307147e-04
9.407648758497089148e-05
2.414294140180572867e-04
9.283170220442116261e-05
9.963818592950701714e-05
8.626225462649017572e-05
1.014301305986009538e-04
8.631002856418490410e-05
1.128450385294854641e-04
1.068129786290228367e-04
1.345085765933617949e-04
1.340842427453026175e-04
9.984917414840310812e-05
1.207983950735069811e-04
1.022556898533366621e-04
9.144656360149383545e-05
1.237013348145410419e-04
9.850284550338983536e-05
9.176491585094481707e-05
2.333439333597198129e-04
1.648863253649324179e-04
1.050529681378975511e-04
8.788712148088961840e-05
1.434480655007064342e-04
1.394432329107075930e-04
1.218213874381035566e-04
9.133380081038922071e-05
1.107612333726137877e-04
1.252904185093939304e-04
1.422260684194043279e-04
1.260917342733591795e-04
9.621035860618576407e-05
1.162709595519118011e-04
1.077309789252467453e-04
1.339748559985309839e-04
1.086900447262451053e-04
1.342946925433352590e-04
1.074300016625784338e-04
8.561225695302709937e-05
1.231956703122705221e-04
1.069727368303574622e-04
1.034970628097653389e-04
9.265253174817189574e-05
9.209287964040413499e-05
8.669227099744603038e-05
1.415161677869036794e-04
1.227469620062038302e-04
9.153041901299729943e-05
1.341888419119641185e-04
1.057435511029325426e-04
1.281538861803710461e-04
1.029126724461093545e-04
9.708291327115148306e-05
9.444163879379630089e-05
8.562602306483313441e-05
1.716353581286966801e-04
1.360049645882099867e-04
9.014299575937911868e-05
1.076036278391256928e-04
1.265422470169141889e-04
1.075595864676870406e-04
1.109738077502697706e-04
1.198727841256186366e-04
1.378161105094477534e-04
1.034330925904214382e-04
1.063092422555200756e-04
1.181179832201451063e-04
1.430212287232279778e-04
1.220533085870556533e-04
8.613584941485896707e-05
8.488084131386131048e-05
9.186875104205682874e-05
1.096255000447854400e-04
1.126373972510918975e-04
9.168429824057966471e-05
9.070522355614230037e-05
1.372149563394486904e-04
1.062326045939698815e-04
9.690081787994131446e-05
8.964759763330221176e-05
1.084395626094192266e-04
1.285385515075176954e-04
9.721794049255549908e-05
1.057777044479735196e-04
1.173569980892352760e-04
1.015297602862119675e-04
9.376866364618763328e-05
1.111421588575467467e-04
1.239400007762014866e-04
9.473249519942328334e-05
8.694721327628940344e-05
1.674683735473081470e-04
9.436892287340015173e-05
9.405241144122555852e-05
1.082647140719927847e-04
1.060265785781666636e-04
8.198238356271758676e-05
1.440391497453674674e-04
1.167672598967328668e-04
1.017112444969825447e-04
8.528844773536548018e-05
1.612141350051388144e-04
1.317436108365654945e-04
1.015105444821529090e-04
1.137833096436224878e-04
1.327784702880308032e-04
8.974027150543406606e-05
1.024598313961178064e-04
9.702571696834638715e-05
1.033955049933865666e-04
9.357754606753587723e-05
1.958717184606939554e-04
1.288021740037947893e-04
9.996882727136835456e-05
9.571701957611367106e-05
1.093039027182385325e-04
1.096548658097162843e-04
1.253832306247204542e-04
9.295836207456886768e-05
9.558505553286522627e-05
1.563166297273710370e-04
8.409702422795817256e-05
1.160748215625062585e-04
1.436093298252671957e-04
1.037885522237047553e-04
1.025324818328954279e-04
9.460272849537432194e-05
1.200090846396051347e-04
1.040829301928170025e-04
9.749739547260105610e-05
1.558052026666700840e-04
9.183451766148209572e-05
1.054461681633256376e-04
9.271028829971328378e-05
1.171820113086141646e-04
1.331380190094932914e-04
8.958394028013572097e-05
1.171000913018360734e-04
1.215434313053265214e-04
9.058501018444076180e-05
1.181105471914634109e-04
9.864930325420573354e-05
1.555503840791061521e-04
1.015192756312899292e-04
1.028734404826536775e-04
1.181160623673349619e-04
9.020992001751437783e-05
1.163279230240732431e-04
1.072244122042320669e-04
1.137711951741948724e-04
1.098426291719079018e-04
9.877752745524048805e-05
1.126679853769019246e-04
1.498761412221938372e-04
1.612647756701335311e-04
9.966591460397467017e-05
8.124169835355132818e-05
1.012649518088437617e-04
1.396286679664626718e-04
9.083214536076411605e-05
1.345385826425626874e-04
8.133192750392481685e-05
8.493231871398165822e-05
8.947409514803439379e-05
9.942246106220409274e-05
8.379865903407335281e-05
8.707108645467087626e-05
1.185047804028727114e-04
1.077498673112131655e-04
9.773107740329578519e-05
1.372129772789776325e-04
9.122143819695338607e-05
8.320414781337603927e-05
9.664010576670989394e-05
9.333573689218610525e-05
1.298134302487596869e-04
1.030639177770353854e-04
1.072617596946656704e-04
1.255623355973511934e-04
1.438484323443844914e-04
1.236963435076177120e-04
8.107483881758525968e-05
8.174897811841219664e-05
1.493653253419324756e-04
8.643430192023515701e-05
8.547276229364797473e-05
7.858114986447617412e-05
1.425415539415553212e-04
1.477366022299975157e-04
9.191603749059140682e-05
8.459845412289723754e-05
8.735703158890828490e-05
8.657997386762872338e-05
9.469992073718458414e-05
8.699678437551483512e-05
8.097334648482501507e-05
1.152175391325727105e-04
1.252792135346680880e-04
1.069738864316605031e-04
1.120810848078690469e-04
9.293261246057227254e-05
1.094088511308655143e-04
1.099427900044247508e-04
1.169667812064290047e-04
1.030192943289875984e-04
1.077808847185224295e-04
8.090782648650929332e-05
9.358822717331349850e-05
1.150100943050347269e-04
9.659087663749232888e-05
8.404650725424289703e-05
1.355055719614028931e-04
8.516971865901723504e-05
8.618193533038720489e-05
1.387581141898408532e-04
8.011022873688489199e-05
1.072475133696570992e-04
8.463022822979837656e-05
1.462555228499695659e-04
1.172562551801092923e-04
1.119163134717382491e-04
8.414636977249756455e-05
1.118909422075375915e-04
1.027184698614291847e-04
1.147823422797955573e-04
1.336513232672587037e-04
1.048624981194734573e-04
1.317202841164544225e-04
9.404656884726136923e-05
9.667998529039323330e-05
1.195482545881532133e-04
1.151811084127984941e-04
1.232581853400915861e-04
1.284429599763825536e-04
1.178952661575749516e-04
8.670715760672464967e-05
8.277910819742828608e-05
1.346918725175783038e-04
8.626915951026603580e-05
9.038313146447762847e-05
7.950646977405995131e-05
1.010565974866040051e-04
7.587845175294205546e-05
1.892405271064490080e-04
1.155059289885684848e-04
9.091838728636503220e-05
1.178743332275189459e-04
7.884010847192257643e-05
1.168290109490044415e-04
8.303666982101276517e-05
8.293674909509718418e-05
1.189850154332816601e-04
1.154492347268387675e-04
9.691574086900800467e-05
2.406972780590876937e-04
8.734863513382151723e-05
7.656592788407579064e-05
1.056305263773538172e-04
1.234282681252807379e-04
8.393875032197684050e-05
9.734262857818976045e-05
1.090915029635652900e-04
9.394178050570189953e-05
1.312304520979523659e-04
1.496285694884136319e-04
1.244082232005894184e-04
7.909055420896038413e-05
9.364559082314372063e-05
1.619286049390211701e-04
8.301773777930065989e-05
7.677141547901555896e-05
1.160936590167693794e-04
9.509558731224387884e-05
7.451070268871262670e-05
1.073324165190570056e-04
1.881302741821855307e-04
8.262068877229467034e-05
7.580719102406874299e-05
8.204761252272874117e-05
7.701773574808612466e-05
1.169467213912867010e-04
1.030201310641132295e-04
1.039867347571998835e-04
1.430181291652843356e-04
7.913409353932365775e-05
1.081988521036691964e-04
8.913136844057589769e-05
1.013872242765501142e-04
1.298094139201566577e-04
1.003402940114028752e-04
9.339561802335083485e-05
1.060791255440562963e-04
1.001319760689511895e-04
1.318881986662745476e-04
8.746646926738321781e-05
1.250388304470106959e-04
1.023724325932562351e-04
9.819141996558755636e-05
7.525161345256492496e-05
8.238008740590885282e-05
1.082468588720075786e-04
8.934582001529633999e-05
7.340474985539913177e-05
8.174049435183405876e-05
1.405254297424107790e-04
7.582474063383415341e-05
7.411325350403785706e-05
1.211286871694028378e-04
1.029745908454060555e-04
7.490900316042825580e-05
7.689565245527774096e-05
1.118141153710894287e-04
1.262945588678121567e-04
9.595193841960281134e-05
9.515997953712940216e-05
8.833450556267052889e-05
8.663457265356555581e-05
7.532389281550422311e-05
8.293071732623502612e-05
1.102253081626258790e-04
7.969002763275057077e-05
8.736531162867322564e-05
1.612594060134142637e-04
1.798796438379213214e-04
8.346801041625440121e-05
8.375332254217937589e-05
9.047918138094246387e-05
7.786165224388241768e-05
1.100805020541884005e-04
8.862647518981248140e-05
9.853910160018131137e-05
9.316130308434367180e-05
9.716641943668946624e-05
8.423522376688197255e-05
9.913450048770755529e-05
8.420772064710035920e-05
8.165900362655520439e-05
9.556065924698486924e-05
1.435459416825324297e-04
7.761866436339914799e-05
8.926399459596723318e-05
1.104791372199542820e-04
1.017380200210027397e-04
1.178863385575823486e-04
1.156990765593945980e-04
8.512668136972934008e-05
1.356186548946425319e-04
8.117367542581632733e-05
9.517023136140778661e-05
1.086116753867827356e-04
8.697533485246822238e-05
7.494581950595602393e-05
1.352034014416858554e-04
1.317658025072887540e-04
7.723036105744540691e-05
7.450195698766037822e-05
8.406045526498928666e-05
1.284006139030680060e-04
1.095806583180092275e-04
8.800234354566782713e-05
7.267620094353333116e-05
8.205312042264267802e-05
1.342530886176973581e-04
8.021583926165476441e-05
9.900089935399591923e-05
1.021278148982673883e-04
1.251767243957147002e-04
8.628262730780988932e-05
9.582654456607997417e-05
8.430487650912255049e-05
1.097985368687659502e-04
1.027652251650579274e-04
8.336731116287410259e-05
1.326599594904109836e-04
9.367488382849842310e-05
7.910458953119814396e-05
1.506578119006007910e-04
1.008339240797795355e-04
7.472479046555235982e-05
1.654379157116636634e-04
8.736905874684453011e-05
7.757051935186609626e-05
7.262703729793429375e-05
1.132348988903686404e-04
1.152236873167566955e-04
7.244796870509162545e-05
9.176125604426488280e-05
1.162317712442018092e-04
9.359828254673629999e-05
9.099740418605506420e-05
9.858522389549762011e-05
1.307580678258091211e-04
7.779830775689333677e-05
1.111391175072640181e-04
1.081988302757963538e-04
9.589015098754316568e-05
1.420101179974153638e-04
7.621420081704854965e-05
1.259164564544335008e-04
9.023863094625994563e-05
8.462039841106161475e-05
9.554328426020219922e-05
7.426174852298572659e-05
1.123740657931193709e-04
8.666298526804894209e-05
9.185484668705612421e-05
8.893619815353304148e-05
1.326909696217626333e-04
7.468986586900427938e-05
7.229971379274502397e-05
1.763299951562657952e-04
9.237437916453927755e-05
7.198162347776815295e-05
8.002203685464337468e-05
1.055201137205585837e-04
7.696446118643507361e-05
2.035353099927306175e-04
7.831832044757902622e-05
7.557275966973975301e-05
7.393556734314188361e-05
1.239717967109754682e-04
1.029200793709605932e-04
8.935614459915086627e-05
8.242349576903507113e-05
2.059498219750821590e-04
9.201413195114582777e-05
8.210942905861884356e-05
7.799782906658947468e-05
7.202211418189108372e-05
8.454246562905609608e-05
1.083290917449630797e-04
7.015297160251066089e-05
8.223667100537568331e-05
9.809847688302397728e-05
1.014109075185842812e-04
7.847491360735148191e-05
1.072257873602211475e-04
7.976788037922233343e-05
7.261723658302798867e-05
7.461170025635510683e-05
1.188006644952110946e-04
1.244553277501836419e-04
6.888369534863159060e-05
8.261291804956272244e-05
1.339134178124368191e-04
8.451455505564808846e-05
1.072844024747610092e-04
7.123858813429251313e-05
9.958495502360165119e-05
7.110437582014128566e-05
9.523965127300471067e-05
1.176775404019281268e-04
7.308937347261235118e-05
2.296626480529084802e-04
7.724295574007555842e-05
7.666782039450481534e-05
7.505599205614998937e-05
1.627697492949664593e-04
7.624879799550399184e-05
7.149569864850491285e-05
9.635049354983493686e-05
1.194652068079449236e-04
7.541201921412721276e-05
1.169471943285316229e-04
9.491218224866315722e-05
6.912145181559026241e-05
9.482091263635084033e-05
1.346900244243443012e-04
8.153101225616410375e-05
7.033340079942718148e-05
2.316296740900725126e-04
7.487765105906873941e-05
6.877328996779397130e-05
7.763398753013461828e-05
7.268272747751325369e-05
1.089733559638261795e-04
9.046073682839050889e-05
9.668478742241859436e-05
1.077674824045971036e-04
1.011829444905743003e-04
7.991803431650623679e-05
1.183711719932034612e-04
8.187826460925862193e-05
7.942554657347500324e-05
9.141100599663332105e-05
7.549311703769490123e-05
9.250500443158671260e-05
2.959773119073361158e-04
1.055539687513373792e-04
6.908814248163253069e-05
6.834044324932619929e-05
1.146097129094414413e-04
8.038118539843708277e-05
9.479314030613750219e-05
1.081654772860929370e-04
8.446769788861274719e-05
7.245293818414211273e-05
1.997609360842034221e-04
9.837480320129543543e-05
6.946452049305662513e-05
6.588461110368371010e-05
9.428830526303499937e-05
1.027437683660537004e-04
7.215017831185832620e-05
7.712012302363291383e-05
9.433948434889316559e-05
8.974994852906093001e-05
8.068465103860944510e-05
6.979791942285373807e-05
1.145553105743601918e-04
1.067223493009805679e-04
7.196347723947837949e-05
7.569303124910220504e-05
1.484017848270013928e-04
8.585868636146187782e-05
7.191758049884811044e-05
7.243764412123709917e-05
9.452953963773325086e-05
7.885950617492198944e-05
8.985326712718233466e-05
7.928831473691388965e-05
9.785004658624529839e-05
7.891046698205173016e-05
1.741370215313509107e-04
1.237983960891142488e-04
7.132114842534065247e-05
7.112120511010289192e-05
1.432491699233651161e-04
7.596134673804044724e-05
1.294888497795909643e-04
7.517657650168985128e-05
6.547082739416509867e-05
7.025472586974501610e-05
9.134171705227345228e-05
8.674259879626333714e-05
1.130868913605809212e-04
9.008778579300269485e-05
8.168391650542616844e-05
9.715002670418471098e-05
1.099948494811542332e-04
7.215106597868725657e-05
1.328778744209557772e-04
1.217981553054414690e-04
7.161749090300872922e-05
7.126636046450585127e-05
8.197646093321964145e-05
9.043449972523376346e-05
9.176557068713009357e-05
1.051501385518349707e-04
8.348105620825663209e-05
6.660540384473279119e-05
1.896843168651685119e-04
8.209713269025087357e-05
7.336978887906298041e-05
1.045723620336502790e-04
1.171667099697515368e-04
6.963075429666787386e-05
7.240637933136895299e-05
1.404713984811678529e-04
7.470879063475877047e-05
6.731594476150348783e-05
1.331593957729637623e-04
1.179213504656217992e-04
7.093298336258158088e-05
1.589486346347257495e-04
8.562172297388315201e-05
8.211727981688454747e-05
7.069960702210664749e-05
1.105213596019893885e-04
7.348477083723992109e-05
6.880120781715959311e-05
1.485754182795062661e-04
8.556190732633695006e-05
7.184245623648166656e-05
1.053258747560903430e-04
6.751815089955925941e-05
6.626073445659130812e-05
8.344693924300372601e-05
6.746230792487040162e-05
1.039008566294796765e-04
9.384626901010051370e-05
7.454750448232516646e-05
1.559666416142135859e-04
1.661818678257986903e-04
8.178655843948945403e-05
6.474175461335107684e-05
9.466394840274006128e-05
6.495451816590502858e-05
7.334694964811205864e-05
6.492192915175110102e-05
7.382209150819107890e-05
8.400566730415448546e-05
8.861506648827344179e-05
8.403354149777442217e-05
7.886275852797552943e-05
8.915350917959585786e-05
1.021631323965266347e-04
7.385250501101836562e-05
1.176380610559135675e-04
1.162020416813902557e-04
7.153871410991996527e-05
6.875898543512448668e-05
9.286514978157356381e-05
8.684939530212432146e-05
8.280265319626778364e-05
1.055715038091875613e-04
6.309450691333040595e-05
1.375568681396543980e-04
7.219630788313224912e-05
7.647243910469114780e-05
6.662895611952990294e-05
1.306301273871213198e-04
6.414444214897230268e-05
1.519894576631486416e-04
8.571895159548148513e-05
7.244286825880408287e-05
7.509365968871861696e-05
7.922953227534890175e-05
7.208187162177637219e-05
8.689662354299798608e-05
7.678057590965181589e-05
1.088559583877213299e-04
8.467062434647232294e-05
7.824497151887044311e-05
1.120105953305028379e-04
7.869920955272391438e-05
6.714935443596914411e-05
1.206532469950616360e-04
9.145410149358212948e-05
6.791298073949292302e-05
9.672036685515195131e-05
7.117341738194227219e-05
9.565873187966644764e-05
6.403516454156488180e-05
7.114114850992336869e-05
9.523592598270624876e-05
7.029835978755727410e-05
9.636139293434098363e-05
9.087577927857637405e-05
8.210543455788865685e-05
9.825394954532384872e-05
1.185062646982260048e-04
8.188913488993421197e-05
7.428624667227268219e-05
7.626348815392702818e-05
7.589912274852395058e-05
7.730346260359510779e-05
9.197504550684243441e-05
7.491649012081325054e-05
1.106988420360721648e-04
9.857270924840122461e-05
6.753243360435590148e-05
6.998645403655245900e-05
1.208423200296238065e-04
6.736570503562688828e-05
7.582317630294710398e-05
6.953664706088602543e-05
9.758908709045499563e-05
8.435607014689594507e-05
1.073373277904465795e-04
6.555043364642187953e-05
1.325569319305941463e-04
8.436034840997308493e-05
6.341645348584279418e-05
1.534457696834579110e-04
6.908917566761374474e-05
6.883424066472798586e-05
7.450248085660859942e-05
8.349429845111444592e-05
7.928189734229817986e-05
6.366528396029025316e-05
2.501297567505389452e-04
1.141008324339054525e-04
7.587894651805981994e-05
6.326420407276600599e-05
8.517429523635655642e-05
6.503125041490420699e-05
7.205544534372165799e-05
7.222690328489989042e-05
7.690463826293125749e-05
7.705425377935171127e-05
7.978221401572227478e-05
6.605227099498733878e-05
1.485430402681231499e-04
7.006234227446839213e-05
7.155121420510113239e-05
6.643137749051675200e-05
7.994747284101322293e-05
7.748643838567659259e-05
6.004524038871750236e-05
1.543227990623563528e-04
1.085916373995132744e-04
7.668472244404256344e-05
1.542798272566869855e-04
9.989702084567397833e-05
6.268826837185770273e-05
7.764489419059827924e-05
6.673949246760457754e-05
6.100765313021838665e-05
7.373778498731553555e-05
6.735757779097184539e-05
8.044589048950001597e-05
6.917904829606413841e-05
6.304024282144382596e-05
8.265589713118970394e-05
1.028415645123459399e-04
1.118653017329052091e-04
7.534452743129804730e-05
8.451910252915695310e-05
6.250579463085159659e-05
1.238006079802289605e-04
1.201402483275160193e-04
6.291468162089586258e-05
6.218031194293871522e-05
1.194571814266964793e-04
7.351457315962761641e-05
1.156531870947219431e-04
8.503755816491320729e-05
7.647436723345890641e-05
8.167736086761578918e-05
7.256701064761728048e-05
6.851459329482167959e-05
7.182663830462843180e-05
1.003408760880120099e-04
6.061718158889561892e-05
6.444635073421522975e-05
2.445590798743069172e-04
8.246669312939047813e-05
6.589577242266386747e-05
7.254957745317369699e-05
7.754053513053804636e-05
6.206485704751685262e-05
6.575004226760938764e-05
1.640099071664735675e-04
8.028519368963316083e-05
6.874203245388343930e-05
1.066838449332863092e-04
9.559190948493778706e-05
7.114211621228605509e-05
1.242026482941582799e-04
6.979714817134663463e-05
7.668194302823394537e-05
5.993490049149841070e-05
1.188632668345235288e-04
7.550357986474409699e-05
6.107890658313408494e-05
6.339981337077915668e-05
8.230518142227083445e-05
9.032286470755934715e-05
6.906232738401740789e-05
1.595522189745679498e-04
6.135779403848573565e-05
6.460115400841459632e-05
9.971058170776814222e-05
6.613436562474817038e-05
1.385601935908198357e-04
9.234758908860385418e-05
6.051807213225401938e-05
1.534123293822631240e-04
6.314135680440813303e-05
7.162998372223228216e-05
8.650777454022318125e-05
9.769625467015430331e-05
7.380437455140054226e-05
7.564199768239632249e-05
7.405063661281019449e-05
6.854961247881874442e-05
9.662127558840438724e-05
9.594185394234955311e-05
5.865363345947116613e-05
1.193683492601849139e-04
7.206200825748965144e-05
6.351099727908149362e-05
1.253075024578720331e-04
6.973629933781921864e-05
7.059067138470709324e-05
6.310333264991641045e-05
8.132153743645176291e-05
8.915094804251566529e-05
6.993363058427348733e-05
6.778375973226502538e-05
9.591166599420830607e-05
6.422901060432195663e-05
1.046160541591234505e-04
8.338111365446820855e-05
6.173845031298696995e-05
7.765847112750634551e-05
9.023110760608687997e-05
6.133798888185992837e-05
9.266223787562921643e-05
9.388334729010239244e-05
7.180238753790035844e-05
9.019693243317306042e-05
8.632840035716071725e-05
7.866469240980222821e-05
6.169131665956228971e-05
1.070978614734485745e-04
1.236418465850874782e-04
6.426555046346038580e-05
6.220991781447082758e-05
1.300040021305903792e-04
7.574922346975654364e-05
6.056183337932452559e-05
1.133429468609392643e-04
7.581937097711488605e-05
7.537192868767306209e-05
1.146457871072925627e-04
1.134113845182582736e-04
6.540714093716815114e-05
5.867304571438580751e-05
7.579718658234924078e-05
8.986454486148431897e-05
7.383339107036590576e-05
1.224816514877602458e-04
1.011985004879534245e-04
6.590913108084350824e-05
7.682079740334302187e-05
1.104312977986410260e-04
7.525151886511594057e-05
8.929346950026229024e-05
7.421681948471814394e-05
1.370557001791894436e-04
6.998627941356971860e-05
8.987350156530737877e-05
6.084668348194099963e-05
6.027781637385487556e-05
1.035470486385747790e-04
9.733624028740450740e-05
5.841461097588762641e-05
7.537497003795579076e-05
7.685563468839973211e-05
8.766276732785627246e-05
6.347477028612047434e-05
6.991942063905298710e-05
1.077869383152574301e-04
5.826211418025195599e-05
1.399402244715020061e-04
7.586787978652864695e-05
6.649577699135988951e-05
9.730154124554246664e-05
9.348106686957180500e-05
6.205059617059305310e-05
6.489076622528955340e-05
1.296555419685319066e-04
6.143313657958060503e-05
8.032805635593831539e-05
9.388959006173536181e-05
9.200847125612199306e-05
7.214446668513119221e-05
1.301925221923738718e-04
6.062134343665093184e-05
7.880849443608894944e-05
6.762044358765706420e-05
1.573955232743173838e-04
9.665401012171059847e-05
5.818023419124074280e-05
7.473523146472871304e-05
1.014504159684292972e-04
1.048517588060349226e-04
7.122689567040652037e-05
9.035762195708230138e-05
8.391025767195969820e-05
8.182683086488395929e-05
7.772762910462915897e-05
1.293356617679819465e-04
6.524194031953811646e-05
1.302165037486702204e-04
6.109752575866878033e-05
7.536859629908576608e-05
8.398119098274037242e-05
6.597637548111379147e-05
1.901596988318488002e-04
1.210333284689113498e-04
5.900209362152963877e-05
8.218480070354416966e-05
8.226380305131897330e-05
8.653355325805023313e-05
5.586911356658674777e-05
8.846845594234764576e-05
1.013065921142697334e-04
6.252105958992615342e-05
7.412681588903069496e-05
7.060751522658392787e-05
7.714545790804550052e-05
1.166116198874078691e-04
6.896940612932667136e-05
6.329559982987120748e-05
8.168209751602262259e-05
6.911093805683776736e-05
1.415614096913486719e-04
1.112082682084292173e-04
5.680777394445613027e-05
1.213791110785678029e-04
6.647814007010310888e-05
9.368976316181942821e-05
5.981081631034612656e-05
1.037272304529324174e-04
8.662132313475012779e-05
7.977578934514895082e-05
5.994623643346130848e-05
6.134103023214265704e-05
9.218177729053422809e-05
7.286306208698078990e-05
6.475672853412106633e-05
1.041260184138081968e-04
1.026462632580660284e-04
5.579575008596293628e-05
1.718884159345179796e-04
7.777639984851703048e-05
6.911265518283471465e-05
9.193283040076494217e-05
7.973811443662270904e-05
6.723782280460000038e-05
5.918735041632317007e-05
5.706733281840570271e-05
6.391999340848997235e-05
8.709653047844767570e-05
6.531515828100964427e-05
8.321175118908286095e-05
6.847325130365788937e-05
7.673894288018345833e-05
5.928051177761517465e-05
8.491586049785837531e-05
8.277860615635290742e-05
5.681064067175611854e-05
5.606377089861780405e-05
8.097846148302778602e-05
7.269807974807918072e-05
8.423552935710176826e-05
1.536584750283509493e-04
7.727750926278531551e-05
7.245040615089237690e-05
6.640073115704581141e-05
6.605994713027030230e-05
7.464632653864100575e-05
6.823705189162865281e-05
9.938488801708444953e-05
8.948068716563284397e-05
6.052694152458570898e-05
8.482969133183360100e-05
5.793925447505898774e-05
1.076247062883339822e-04
6.544205098180100322e-05
6.884821777930483222e-05
7.402695337077602744e-05
7.330428343266248703e-05
9.425477037439122796e-05
7.688252662774175406e-05
7.311329682124778628e-05
5.758455881732515991e-05
8.369892748305574059e-05
6.595008017029613256e-05
5.669853635481558740e-05
9.020020661409944296e-05
8.701422484591603279e-05
5.934130240348167717e-05
1.053407904691994190e-04
6.956399738555774093e-05
9.096849680645391345e-05
7.491755241062492132e-05
8.925956353778019547e-05
6.115021096775308251e-05
1.084592076949775219e-04
5.935292210779152811e-05
6.594896694878116250e-05
5.507182868313975632e-05
7.587626896565780044e-05
1.276513503398746252e-04
6.739584932802245021e-05
5.971495920675806701e-05
7.012020796537399292e-05
1.280579017475247383e-04
6.188508996274322271e-05
5.443029294838197529e-05
5.776186299044638872e-05
9.122030314756557345e-05
1.554439950268715620e-04
7.233755604829639196e-05
6.166823732201009989e-05
5.839116420247592032e-05
6.846764881629496813e-05
6.113665585871785879e-05
5.946313103777356446e-05
7.138239016057923436e-05
6.798234971938654780e-05
9.893222886603325605e-05
6.803295400459319353e-05
5.692293416359461844e-05
5.767520633526146412e-05
2.769488492049276829e-04
8.267944213002920151e-05
6.136901356512680650e-05
5.491679621627554297e-05
5.918217721045948565e-05
5.776113175670616329e-05
5.651637911796569824e-05
5.571893780143000185e-05
6.859529094072058797e-05
6.050931187928654253e-05
7.624892896274104714e-05
1.322347088716924191e-04
7.591098983539268374e-05
7.941792864585295320e-05
8.054935460677370429e-05
5.404852345236577094e-05
7.289986388059332967e-05
6.085148925194516778e-05
8.663050539325922728e-05
8.599803550168871880e-05
5.364009120967239141e-05
2.077044919133186340e-04
1.042334261001087725e-04
5.729423719458281994e-05
5.741835775552317500e-05
6.268396100495010614e-05
6.507608486572280526e-05
7.873700087657198310e-05
6.349442992359399796e-05
5.372822124627418816e-05
1.320105075137689710e-04
1.542138779768720269e-04
7.515890320064499974e-05
5.554773088078945875e-05
9.210577991325408220e-05
7.401634502457454801e-05
7.422940689139068127e-05
5.937443347647786140e-05
6.136195588624104857e-05
6.191611464601010084e-05
1.040809947880916297e-04
8.223075565183535218e-05
7.053825538605451584e-05
6.095834760344587266e-05
6.948229565750807524e-05
6.685548578388988972e-05
1.284762547584250569e-04
6.837015098426491022e-05
8.289355173474177718e-05
7.204303256003186107e-05
5.626155689242295921e-05
6.246416160138323903e-05
1.499425561632961035e-04
6.297278014244511724e-05
5.788162889075465500e-05
1.097888671210967004e-04
8.129108755383640528e-05
6.317265069810673594e-05
6.134990690043196082e-05
5.668021913152188063e-05
8.519026596331968904e-05
7.512925367336720228e-05
7.149003067752346396e-05
8.255930151790380478e-05
5.935720037086866796e-05
1.609226019354537129e-04
6.487893551820889115e-05
5.908486855332739651e-05
8.677739970153197646e-05
5.975868043606169522e-05
7.394803833449259400e-05
6.537684384966269135e-05
7.505886605940759182e-05
6.474713882198557258e-05
1.319420989602804184e-04
7.394475687760859728e-05
7.812564581399783492e-05
7.313346577575430274e-05
7.481131615350022912e-05
6.212165317265316844e-05
6.042820677976123989e-05
5.590564614976756275e-05
1.075649124686606228e-04
1.455849851481616497e-04
6.032134115230292082e-05
5.350689752958714962e-05
8.285864169010892510e-05
5.898039671592414379e-05
6.794147338951006532e-05
1.069108111551031470e-04
6.438224954763427377e-05
5.972722647129558027e-05
1.123232359532266855e-04
7.031862332951277494e-05
6.849694909760728478e-05
7.987293065525591373e-05
9.027554187923669815e-05
5.850091474712826312e-05
6.702665268676355481e-05
6.343500717775896192e-05
1.458216574974358082e-04
5.864623017259873450e-05
6.937331636436283588e-05
9.486555063631385565e-05
5.889075691811740398e-05
6.207875412655994296e-05
6.495455454569309950e-05
8.570613863412290812e-05
8.812251326162368059e-05
6.818390829721465707e-05
8.929571049520745873e-05
5.747085742768831551e-05
7.663574069738388062e-05
1.357753208139911294e-04
6.223078526090830564e-05
6.040825246600434184e-05
6.114790448918938637e-05
7.993468898348510265e-05
6.442442099796608090e-05
8.256056025857105851e-05
1.049587735906243324e-04
5.975153180770576000e-05
6.802604184485971928e-05
5.733775469707325101e-05
6.814390508225187659e-05
1.206324523082002997e-04
7.034647569525986910e-05
6.881435547256842256e-05
7.612257468281313777e-05
8.625385817140340805e-05
6.867000774946063757e-05
7.661895506316795945e-05
9.539749589748680592e-05
8.454088674625381827e-05
8.715307194506749511e-05
6.269706500461325049e-05
8.325980888912454247e-05
6.482410390162840486e-05
5.480186882778070867e-05
5.399500150815583766e-05
7.258840923896059394e-05
6.434546230593696237e-05
7.542841194663196802e-05
5.825449625262990594e-05
1.046287507051602006e-04
6.647143163718283176e-05
8.410804730374366045e-05
8.469014574075117707e-05
5.815475014969706535e-05
9.082222823053598404e-05
6.881373701617121696e-05
8.783210068941116333e-05
6.201874930411577225e-05
1.142714972957037389e-04
6.430973735405132174e-05
8.058985986281186342e-05
5.673407213180325925e-05
5.806031549582257867e-05
6.746569124516099691e-05
6.450297951232641935e-05
8.401099330512806773e-05
6.617705366807058454e-05
9.645083628129214048e-05
5.793627497041597962e-05
6.497051799669861794e-05
9.234348544850945473e-05
6.525015487568452954e-05
8.796486508799716830e-05
8.210556552512571216e-05
5.229443922871723771e-05
1.068460405804216862e-04
9.727509313961490989e-05
6.106544606154784560e-05
5.993081140331923962e-05
6.498013681266456842e-05
5.484896610141731799e-05
7.301828009076416492e-05
9.865030733635649085e-05
5.581290679401718080e-05
8.530831109965220094e-05
8.310648263432085514e-05
7.371275569312274456e-05
5.998318010824732482e-05
5.304521255311556160e-05
1.282416342291980982e-04
5.195599806029349566e-05
7.785271009197458625e-05
8.185022306861355901e-05
1.022156211547553539e-04
7.446603558491915464e-05
1.093936443794518709e-04
6.580959598068147898e-05
5.867007712367922068e-05
6.838107947260141373e-05
9.671220323070883751e-05
5.423661423265002668e-05
7.426548108924180269e-05
5.491297633852809668e-05
1.127356226788833737e-04
5.199036604608409107e-05
7.512164302170276642e-05
6.387721077771857381e-05
9.236508049070835114e-05
9.299986413680016994e-05
7.882579666329547763e-05
5.831428643432445824e-05
7.120163354557007551e-05
1.077153647202067077e-04
6.927669892320409417e-05
5.345437966752797365e-05
5.721378329326398671e-05
8.862456161295995116e-05
7.606669532833620906e-05
5.591002991423010826e-05
5.780665742349810898e-05
1.035017339745536447e-04
7.713877857895568013e-05
8.804982644505798817e-05
5.959052941761910915e-05
7.208911847556009889e-05
9.780621621757745743e-05
9.344294812763109803e-05
5.864903869223780930e-05
5.002873876946978271e-05
5.441963367047719657e-05
1.041239011101424694e-04
7.418177847284823656e-05
7.101579831214621663e-05
1.064512689481489360e-04
5.617017450276762247e-05
7.298645505215972662e-05
6.471740198321640491e-05
5.801494990009814501e-05
5.504696309799328446e-05
7.528388960054144263e-05
7.336011185543611646e-05
6.209960702108219266e-05
1.118706204579211771e-04
7.123720570234581828e-05
7.072594598866999149e-05
6.047317219781689346e-05
9.605879313312470913e-05
7.151991303544491529e-05
7.198780804174020886e-05
6.168011168483644724e-05
7.085235847625881433e-05
5.545735257328487933e-05
5.765678724856115878e-05
