1.541992928832769394e-02
2.712936140596866608e-03
2.062725368887186050e-03
1.969504402950406075e-03
1.953965984284877777e-03
1.947161043062806129e-03
1.944005955010652542e-03
1.942082191817462444e-03
1.940634334459900856e-03
1.939459936693310738e-03
1.938672154210507870e-03
1.938123838044703007e-03
1.937687629833817482e-03
1.937294495292007923e-03
1.936909393407404423e-03
1.936494722031056881e-03
1.936084474436938763e-03
1.935711596161127090e-03
1.935370964929461479e-03
1.935048378072679043e-03
1.934724044986069202e-03
1.934366184286773205e-03
1.933985040523111820e-03
1.933594234287738800e-03
1.932635670527815819e-03
1.931287115439772606e-03
1.930378726683557034e-03
1.929666032083332539e-03
1.929126679897308350e-03
1.928677666001021862e-03
1.928245648741722107e-03
1.927901059389114380e-03
1.927592442370951176e-03
1.927302451804280281e-03
1.927021774463355541e-03
1.926746335811913013e-03
1.926474389620125294e-03
1.926206867210566998e-03
1.925939344801008701e-03
1.925668329931795597e-03
1.925395103171467781e-03
1.925114425830543041e-03
1.924826414324343204e-03
1.924525597132742405e-03
1.924040028825402260e-03
1.922463183291256428e-03
1.921181799843907356e-03
1.920043840073049068e-03
1.918956870213150978e-03
1.917941961437463760e-03
1.916933222673833370e-03
1.915899221785366535e-03
1.914740074425935745e-03
1.913500367663800716e-03
1.912277773953974247e-03
1.911118859425187111e-03
1.910003018565475941e-03
1.908892998471856117e-03
1.907793339341878891e-03
1.906698220409452915e-03
1.905543031170964241e-03
1.904422766529023647e-03
1.903399592265486717e-03
1.902364077977836132e-03
1.901296782307326794e-03
1.900250907056033611e-03
1.899215858429670334e-03
1.898100948892533779e-03
1.897065667435526848e-03
1.895996858365833759e-03
1.894919550977647305e-03
1.893841545097529888e-03
1.892770756967365742e-03
1.891621970571577549e-03
1.890461076982319355e-03
1.889265724457800388e-03
1.888071536086499691e-03
1.886898768134415150e-03
1.885608187876641750e-03
1.884236466139554977e-03
1.882983720861375332e-03
1.881452277302742004e-03
1.880064373835921288e-03
1.878370996564626694e-03
1.876695198006927967e-03
1.874690176919102669e-03
1.872604712843894958e-03
1.870286883786320686e-03
1.867870101705193520e-03
1.865154248662292957e-03
1.862411852926015854e-03
1.859519165009260178e-03
1.856598188169300556e-03
1.854883739724755287e-03
1.853045658208429813e-03
1.848912797868251801e-03
1.849370542913675308e-03
1.845211721956729889e-03
1.842211466282606125e-03
1.840514712966978550e-03
1.838530297391116619e-03
1.840096665546298027e-03
1.835308386944234371e-03
1.832462265156209469e-03
1.832665177062153816e-03
1.828926615417003632e-03
1.829181215725839138e-03
1.828855834901332855e-03
1.824717619456350803e-03
1.823351951315999031e-03
1.823135185986757278e-03
1.819158322177827358e-03
1.823090715333819389e-03
1.821067417040467262e-03
1.816877163946628571e-03
1.812027650885283947e-03
1.810340676456689835e-03
1.809287583455443382e-03
1.806763466447591782e-03
1.807676046155393124e-03
1.800295431166887283e-03
1.797836273908615112e-03
1.799302641302347183e-03
1.790085225366055965e-03
1.792920636944472790e-03
1.784942229278385639e-03
1.792001305148005486e-03
1.781366299837827682e-03
1.787369488738477230e-03
1.775692333467304707e-03
1.785639091394841671e-03
1.771824783645570278e-03
1.768065616488456726e-03
1.771374489180743694e-03
1.765415188856422901e-03
1.770337810739874840e-03
1.756620709784328938e-03
1.762752886861562729e-03
1.755753997713327408e-03
1.749224029481410980e-03
1.750210183672606945e-03
1.765037886798381805e-03
1.741026644594967365e-03
1.742732594721019268e-03
1.742236316204071045e-03
1.757148536853492260e-03
1.736626727506518364e-03
1.729631796479225159e-03
1.728138304315507412e-03
1.724309171549975872e-03
1.743417466059327126e-03
1.718911691568791866e-03
1.736479112878441811e-03
1.726012327708303928e-03
1.721000298857688904e-03
1.712094410322606564e-03
1.712469966150820255e-03
1.711453543975949287e-03
1.707490882836282253e-03
1.708349562250077724e-03
1.725195674225687981e-03
1.701891305856406689e-03
1.700877910479903221e-03
1.698784995824098587e-03
1.716546365059912205e-03
1.697397907264530659e-03
1.696291496045887470e-03
1.693947939202189445e-03
1.695109880529344082e-03
1.700578606687486172e-03
1.695744693279266357e-03
1.694644452072679996e-03
1.687723444774746895e-03
1.688166055828332901e-03
1.714294776320457458e-03
1.684252638369798660e-03
1.684682560153305531e-03
1.696035382337868214e-03
1.692755264230072498e-03
1.681401045061647892e-03
1.683292677626013756e-03
1.679941546171903610e-03
1.677506021223962307e-03
1.675714855082333088e-03
1.675405888818204403e-03
1.674071885645389557e-03
1.679297420196235180e-03
1.689003547653555870e-03
1.694946666248142719e-03
1.680284622125327587e-03
1.673851395025849342e-03
1.669720746576786041e-03
1.667280565015971661e-03
1.687336713075637817e-03
1.665923628024756908e-03
1.664228388108313084e-03
1.670785481110215187e-03
1.667106174863874912e-03
1.673058490268886089e-03
1.666405005380511284e-03
1.659543951973319054e-03
1.657769898883998394e-03
1.658592023886740208e-03
1.667028525844216347e-03
1.661123475059866905e-03
1.653804560191929340e-03
1.653556944802403450e-03
1.653132960200309753e-03
1.657100277952849865e-03
1.666176132857799530e-03
1.674011931754648685e-03
1.662567839957773685e-03
1.650393009185791016e-03
1.650322694331407547e-03
1.657509244978427887e-03
1.651332480832934380e-03
1.646153745241463184e-03
1.646050252020359039e-03
1.651943544857203960e-03
1.656761858612298965e-03
1.650493592023849487e-03
1.641241018660366535e-03
1.644605537876486778e-03
1.639972673729062080e-03
1.650144928134977818e-03
1.636811764910817146e-03
1.636984641663730145e-03
1.665688236244022846e-03
1.632105559110641479e-03
1.632960047572851181e-03
1.638879766687750816e-03
1.626250566914677620e-03
1.625246717594563961e-03
1.622837735339999199e-03
1.653566723689436913e-03
1.621290924958884716e-03
1.618614885956048965e-03
1.615849090740084648e-03
1.628714730031788349e-03
1.624631811864674091e-03
1.623213873244822025e-03
1.640825415961444378e-03
1.607679296284914017e-03
1.597756403498351574e-03
1.623597810976207256e-03
1.631675288081169128e-03
1.611051149666309357e-03
1.618297188542783260e-03
1.613039174117147923e-03
1.582262571901082993e-03
1.593799563124775887e-03
1.603133510798215866e-03
1.578939263708889484e-03
1.583179575391113758e-03
1.577849499881267548e-03
1.570819062180817127e-03
1.569511950947344303e-03
1.588168670423328876e-03
1.576235867105424404e-03
1.572965178638696671e-03
1.570601831190288067e-03
1.587382867000997066e-03
1.558098942041397095e-03
1.557887648232281208e-03
1.555688213557004929e-03
1.547953230328857899e-03
1.562508754432201385e-03
1.560366479679942131e-03
1.561995130032300949e-03
1.546395127661526203e-03
1.584023004397749901e-03
1.543099759146571159e-03
1.569802057929337025e-03
1.543349586427211761e-03
1.565241487696766853e-03
1.533413422293961048e-03
1.535396906547248363e-03
1.572841894812881947e-03
1.529059954918920994e-03
1.527619664557278156e-03
1.528886728920042515e-03
1.517244381830096245e-03
1.563864760100841522e-03
1.559631666168570518e-03
1.541041187010705471e-03
1.507489709183573723e-03
1.555733964778482914e-03
1.533203059807419777e-03
1.522107049822807312e-03
1.527410466223955154e-03
1.502082450315356255e-03
1.499633421190083027e-03
1.502933446317911148e-03
1.490436843596398830e-03
1.488935318775475025e-03
1.491369213908910751e-03
1.547491177916526794e-03
1.497128978371620178e-03
1.492589712142944336e-03
1.486218650825321674e-03
1.482569496147334576e-03
1.494218828156590462e-03
1.477213809266686440e-03
1.481687999330461025e-03
1.492146868258714676e-03
1.475378987379372120e-03
1.505963853560388088e-03
1.493370626121759415e-03
1.472345087677240372e-03
1.478400430642068386e-03
1.470013288781046867e-03
1.469376380555331707e-03
1.466962276026606560e-03
1.484291744418442249e-03
1.455331337638199329e-03
1.491357921622693539e-03
1.457720529288053513e-03
1.458803308196365833e-03
1.449124538339674473e-03
1.446465845219790936e-03
1.448617549613118172e-03
1.443825778551399708e-03
1.468394533731043339e-03
1.441664993762969971e-03
1.498179975897073746e-03
1.474487362429499626e-03
1.512934919446706772e-03
1.446844660677015781e-03
1.436081482097506523e-03
1.466914545744657516e-03
1.432109274901449680e-03
1.450038515031337738e-03
1.431707176379859447e-03
1.451445976272225380e-03
1.435250858776271343e-03
1.523099141195416451e-03
1.466669375076889992e-03
1.441938220523297787e-03
1.437775092199444771e-03
1.419109525159001350e-03
1.411199336871504784e-03
1.417251885868608952e-03
1.421007676981389523e-03
1.854250323958694935e-03
1.705920323729515076e-03
1.672953017987310886e-03
1.659283996559679508e-03
1.649587065912783146e-03
1.640410162508487701e-03
1.633558655157685280e-03
1.628470025025308132e-03
1.577740302309393883e-03
1.503290724940598011e-03
1.432398217730224133e-03
1.426558592356741428e-03
1.424893504008650780e-03
1.439466956071555614e-03
1.455134013667702675e-03
1.410083030350506306e-03
1.455268706195056438e-03
1.419852022081613541e-03
1.431229291483759880e-03
1.417044084519147873e-03
1.427742186933755875e-03
1.423308975063264370e-03
1.414999016560614109e-03
1.428382471203804016e-03
1.421566121280193329e-03
1.387386233545839787e-03
1.398200867697596550e-03
1.412327401340007782e-03
1.663222094066441059e-03
1.687191775999963284e-03
1.472082920372486115e-03
1.394000370055437088e-03
1.383828697726130486e-03
1.378543907776474953e-03
1.386845135129988194e-03
1.389253418892621994e-03
1.381024019792675972e-03
1.907787518575787544e-03
1.562873483635485172e-03
1.561045413836836815e-03
1.809867448173463345e-03
1.623584656044840813e-03
1.447902992367744446e-03
1.390738878399133682e-03
1.377876964397728443e-03
1.384338480420410633e-03
1.367517048493027687e-03
1.367517863400280476e-03
1.366379670798778534e-03
1.411142526194453239e-03
1.377243897877633572e-03
1.408395008184015751e-03
1.406172057613730431e-03
2.101630438119173050e-03
1.773707917891442776e-03
1.706382143311202526e-03
1.666991971433162689e-03
1.650230726227164268e-03
1.630390179343521595e-03
1.534359180368483067e-03
1.524845021776854992e-03
1.587279140949249268e-03
1.823262893594801426e-03
1.570589607581496239e-03
1.437487429939210415e-03
1.388832111842930317e-03
1.369815086945891380e-03
1.367677701637148857e-03
1.366077223792672157e-03
1.368299126625061035e-03
1.409254036843776703e-03
1.370421727187931538e-03
1.634885207749903202e-03
1.490197959356009960e-03
1.651603262871503830e-03
1.442429726012051105e-03
1.352779683656990528e-03
1.343376119621098042e-03
1.357101951725780964e-03
1.363620162010192871e-03
1.356267253868281841e-03
1.342671341262757778e-03
1.335880020633339882e-03
1.361734932288527489e-03
1.386482035741209984e-03
1.400722889229655266e-03
1.793560222722589970e-03
1.734763616696000099e-03
1.631810329854488373e-03
1.404504757374525070e-03
1.380464877001941204e-03
1.356936991214752197e-03
1.336636370979249477e-03
1.343356329016387463e-03
1.333437860012054443e-03
1.647734083235263824e-03
1.459734747186303139e-03
1.550909597426652908e-03
1.409283839166164398e-03
1.341460738331079483e-03
1.348134363070130348e-03
1.337609486654400826e-03
1.365829375572502613e-03
1.340510905720293522e-03
1.371214049868285656e-03
1.446378882974386215e-03
1.354404841549694538e-03
1.330096740275621414e-03
1.322160591371357441e-03
1.342904404737055302e-03
1.400901237502694130e-03
1.889612176455557346e-03
1.702651381492614746e-03
1.667312928475439548e-03
1.615233602933585644e-03
1.453128177672624588e-03
2.135188551619648933e-03
1.787840039469301701e-03
1.674835919402539730e-03
1.652011414989829063e-03
1.640420057810842991e-03
1.622128998860716820e-03
1.477630925364792347e-03
1.758198486641049385e-03
1.462527667172253132e-03
1.534778508357703686e-03
1.368372584693133831e-03
1.340169110335409641e-03
1.312087872065603733e-03
1.317810500040650368e-03
1.321607036516070366e-03
1.314192893914878368e-03
1.624407479539513588e-03
1.801937818527221680e-03
1.585943740792572498e-03
1.925427815876901150e-03
1.699032145552337170e-03
1.611943589523434639e-03
1.387462369166314602e-03
1.703195506706833839e-03
1.492683310061693192e-03
1.405278220772743225e-03
1.358084497042000294e-03
1.465220819227397442e-03
1.498830737546086311e-03
1.336886314675211906e-03
1.335805165581405163e-03
1.804808387532830238e-03
1.568168168887495995e-03
1.358441542834043503e-03
1.605901634320616722e-03
1.331547042354941368e-03
1.906805322505533695e-03
1.414771541021764278e-03
1.716376049444079399e-03
1.510942005552351475e-03
1.447517075575888157e-03
1.322894706390798092e-03
1.307492027990520000e-03
1.308562466874718666e-03
1.325940596871078014e-03
1.301555428653955460e-03
1.309484126977622509e-03
1.292971544899046421e-03
1.314770663157105446e-03
1.317005837336182594e-03
1.303083728998899460e-03
1.465399516746401787e-03
1.460770727135241032e-03
1.318051712587475777e-03
1.539733260869979858e-03
1.400320557877421379e-03
1.782853505574166775e-03
1.891352469101548195e-03
1.496871351264417171e-03
1.354924635961651802e-03
1.311810570769011974e-03
1.294705201871693134e-03
1.690331613644957542e-03
1.382956048473715782e-03
1.317484420724213123e-03
1.283698831684887409e-03
2.226639771834015846e-03
1.723562716506421566e-03
1.373163191601634026e-03
1.321958261542022228e-03
1.446201815269887447e-03
1.538808923214673996e-03
1.421798835508525372e-03
1.370322424918413162e-03
1.357291941531002522e-03
1.314537599682807922e-03
1.388264354318380356e-03
1.298348535783588886e-03
1.315813744440674782e-03
1.514963805675506592e-03
1.530574983917176723e-03
1.938410103321075439e-03
1.702820300124585629e-03
1.466858782805502415e-03
1.820503734052181244e-03
1.483910717070102692e-03
1.317301765084266663e-03
1.473771291784942150e-03
1.740070874802768230e-03
1.475268509238958359e-03
1.731959288008511066e-03
1.369729521684348583e-03
1.560786156915128231e-03
1.347919343970716000e-03
1.268443418666720390e-03
1.267278334125876427e-03
1.277684350498020649e-03
1.451329910196363926e-03
1.329776248894631863e-03
1.337173045612871647e-03
1.274004578590393066e-03
1.271242159418761730e-03
1.547711086459457874e-03
1.357570639811456203e-03
1.278631505556404591e-03
1.258620759472250938e-03
1.485467073507606983e-03
1.387126627378165722e-03
1.381238340400159359e-03
1.340116956271231174e-03
1.262216712348163128e-03
1.279286923818290234e-03
1.246586441993713379e-03
1.236901851370930672e-03
1.248382730409502983e-03
1.378280227072536945e-03
1.450448529794812202e-03
1.311076455749571323e-03
1.318494905717670918e-03
1.554252929054200649e-03
1.286549028009176254e-03
1.264061196707189083e-03
1.363504910841584206e-03
1.253482419997453690e-03
1.227342057973146439e-03
1.270069740712642670e-03
1.240265090018510818e-03
1.255950308404862881e-03
1.239914912730455399e-03
1.218640129081904888e-03
1.219448284246027470e-03
1.212889212183654308e-03
1.265295431949198246e-03
1.214599702507257462e-03
1.242284779436886311e-03
1.243489445187151432e-03
1.574584282934665680e-03
1.345874276012182236e-03
1.229637069627642632e-03
1.544914790429174900e-03
1.317943329922854900e-03
1.281744451262056828e-03
1.197910634800791740e-03
2.388724824413657188e-03
1.717292936518788338e-03
1.571878441609442234e-03
1.431268057785928249e-03
1.250203349627554417e-03
1.237834803760051727e-03
1.295184832997620106e-03
1.213024253956973553e-03
1.249386230483651161e-03
1.519579440355300903e-03
1.320121577009558678e-03
1.401805784553289413e-03
1.348600722849369049e-03
1.279416610486805439e-03
1.473410404287278652e-03
1.268538297154009342e-03
1.254069386050105095e-03
1.201079343445599079e-03
1.187079586088657379e-03
1.195103628560900688e-03
1.181768369860947132e-03
1.177909784018993378e-03
1.174345146864652634e-03
1.171984709799289703e-03
1.176141668111085892e-03
1.170097617432475090e-03
1.192969037219882011e-03
1.174992998130619526e-03
1.201156061142683029e-03
1.205665525048971176e-03
1.199129270389676094e-03
1.187465852126479149e-03
1.159220235422253609e-03
1.195118296891450882e-03
1.145857153460383415e-03
1.176553778350353241e-03
1.313534565269947052e-03
1.266365288756787777e-03
1.189185655675828457e-03
1.177489175461232662e-03
1.150693860836327076e-03
1.666936208494007587e-03
1.555783557705581188e-03
1.264760270714759827e-03
1.185107161290943623e-03
1.184649416245520115e-03
1.169912517070770264e-03
1.193173928186297417e-03
1.144540379755198956e-03
1.143057015724480152e-03
1.208931906148791313e-03
1.212910865433514118e-03
1.360637834295630455e-03
1.185628119856119156e-03
1.158008351922035217e-03
1.221481128595769405e-03
1.373926992528140545e-03
1.249149907380342484e-03
1.403800328262150288e-03
1.145833404734730721e-03
1.136273378506302834e-03
1.162576139904558659e-03
1.115059247240424156e-03
1.129273092374205589e-03
1.178125734440982342e-03
1.958425855264067650e-03
1.335679087787866592e-03
1.224223873578011990e-03
1.165430876426398754e-03
1.781869446858763695e-03
1.457071048207581043e-03
1.262823236174881458e-03
1.237684977240860462e-03
1.211146358400583267e-03
1.201368868350982666e-03
1.170247676782310009e-03
1.189194037578999996e-03
1.554130576550960541e-03
1.205247128382325172e-03
1.107703661546111107e-03
1.116417814046144485e-03
1.151753938756883144e-03
1.136376871727406979e-03
1.142896013334393501e-03
1.197271281853318214e-03
1.072863582521677017e-03
1.114130020141601562e-03
1.073839259333908558e-03
1.097169704735279083e-03
1.177985686808824539e-03
1.133745536208152771e-03
1.079286215826869011e-03
1.095486455596983433e-03
1.156849786639213562e-03
1.515067415311932564e-03
1.154383760876953602e-03
1.078452100045979023e-03
1.109590637497603893e-03
1.090481877326965332e-03
1.074571977369487286e-03
1.048315549269318581e-03
1.084756338968873024e-03
1.126310555264353752e-03
1.346171717159450054e-03
1.227261731401085854e-03
1.119550666771829128e-03
1.117876032367348671e-03
1.046231482177972794e-03
1.088450546376407146e-03
1.082917908206582069e-03
1.065425807610154152e-03
1.045110286213457584e-03
1.031964318826794624e-03
1.134021673351526260e-03
1.163509092293679714e-03
1.098651904612779617e-03
1.057269982993602753e-03
1.039643422700464725e-03
1.026709680445492268e-03
1.069581252522766590e-03
1.035592402331531048e-03
1.127076335251331329e-03
1.535249757580459118e-03
1.169581431895494461e-03
1.053609186783432961e-03
1.030032755807042122e-03
1.039824448525905609e-03
1.029486302286386490e-03
1.002327422611415386e-03
9.999710600823163986e-04
9.974995627999305725e-04
1.246794941835105419e-03
1.517507014796137810e-03
1.264056307263672352e-03
1.121159875765442848e-03
1.022695098072290421e-03
1.030666520819067955e-03
9.792980272322893143e-04
9.755773353390395641e-04
9.828977053984999657e-04
9.814002551138401031e-04
9.822614956647157669e-04
1.018678303807973862e-03
1.012565451674163342e-03
9.513040422461926937e-04
1.002497039735317230e-03
1.004229416139423847e-03
9.550203103572130203e-04
1.028806669637560844e-03
9.716830682009458542e-04
1.025155186653137207e-03
1.035245484672486782e-03
1.012587919831275940e-03
9.345983271487057209e-04
9.675755281932651997e-04
9.840849088504910469e-04
9.449506760574877262e-04
9.347063605673611164e-04
1.024439930915832520e-03
9.340475080534815788e-04
9.436798864044249058e-04
1.010189182125031948e-03
9.123664349317550659e-04
9.433166123926639557e-04
9.238316561095416546e-04
9.233572054654359818e-04
1.061991904862225056e-03
9.845680324360728264e-04
9.120531613007187843e-04
9.301542304456233978e-04
9.379591792821884155e-04
1.100268564186990261e-03
9.621158242225646973e-04
1.114824553951621056e-03
9.340821998193860054e-04
8.951639174483716488e-04
9.161447524093091488e-04
8.855924243107438087e-04
9.113874402828514576e-04
1.007103477604687214e-03
8.836950291879475117e-04
9.055018890649080276e-04
8.937943493947386742e-04
9.367694729007780552e-04
9.347965242341160774e-04
9.214981109835207462e-04
8.667836664244532585e-04
8.868258446455001831e-04
8.964319713413715363e-04
9.752280893735587597e-04
8.736954187043011189e-04
9.333173511549830437e-04
8.726017549633979797e-04
8.568649063818156719e-04
9.069801308214664459e-04
9.453517850488424301e-04
8.856313652358949184e-04
8.542666910216212273e-04
8.486689184792339802e-04
9.471307275816798210e-04
8.962710853666067123e-04
8.577522239647805691e-04
8.833499741740524769e-04
9.181555360555648804e-04
8.627012139186263084e-04
9.629231062717735767e-04
8.911471231840550900e-04
1.021972973830997944e-03
8.727838285267353058e-04
8.357432088814675808e-04
9.128978708758950233e-04
8.955599623732268810e-04
8.192081004381179810e-04
8.191677043214440346e-04
8.317151805385947227e-04
8.980405400507152081e-04
8.331440039910376072e-04
8.372221491299569607e-04
8.165652980096638203e-04
8.954622899182140827e-04
9.710582671687006950e-04
8.292018901556730270e-04
8.267681696452200413e-04
8.445800631307065487e-04
7.999109802767634392e-04
8.996962569653987885e-04
8.721160702407360077e-04
8.151840884238481522e-04
8.540342096239328384e-04
8.195331320166587830e-04
8.991191862151026726e-04
1.029330887831747532e-03
8.772815344855189323e-04
7.984522380866110325e-04
8.039175882004201412e-04
7.918476476334035397e-04
8.828866994008421898e-04
7.923012017272412777e-04
7.836771546863019466e-04
7.921457290649414062e-04
8.523448486812412739e-04
8.147792541421949863e-04
8.017527288757264614e-04
7.891095592640340328e-04
7.825888460502028465e-04
7.767579518258571625e-04
7.854173309169709682e-04
7.867475505918264389e-04
9.193850564770400524e-04
9.195072925649583340e-04
8.379400242120027542e-04
7.764170295558869839e-04
8.072751807048916817e-04
8.060823311097919941e-04
8.292403072118759155e-04
7.798033766448497772e-04
8.180397562682628632e-04
7.682580035179853439e-04
8.362167282029986382e-04
8.032369660213589668e-04
7.638014503754675388e-04
7.797856233082711697e-04
8.317598258145153522e-04
7.811794057488441467e-04
7.974864565767347813e-04
7.628864841535687447e-04
8.040847606025636196e-04
7.579533266834914684e-04
7.884800434112548828e-04
7.527103880420327187e-04
7.874830625951290131e-04
8.428964647464454174e-04
7.752799428999423981e-04
7.851666305214166641e-04
7.567456923425197601e-04
7.792345713824033737e-04
7.495481986552476883e-04
7.895785383880138397e-04
8.730484987609088421e-04
7.757028215564787388e-04
8.353271987289190292e-04
7.722318405285477638e-04
7.590119494125247002e-04
8.808189304545521736e-04
7.293176022358238697e-04
7.698072586208581924e-04
7.495627505704760551e-04
7.962660747580230236e-04
7.170130265876650810e-04
7.317889248952269554e-04
7.777656428515911102e-04
7.255249074660241604e-04
7.054717862047255039e-04
7.302242447622120380e-04
7.104496471583843231e-04
7.850208785384893417e-04
7.727478514425456524e-04
7.692865910939872265e-04
7.030691485852003098e-04
7.148652221076190472e-04
6.888071657158434391e-04
6.896101986058056355e-04
6.989380926825106144e-04
7.532093441113829613e-04
7.566063432022929192e-04
7.654927321709692478e-04
7.595038041472434998e-04
7.178725209087133408e-04
6.766833248548209667e-04
7.636978989467024803e-04
6.826233584433794022e-04
7.656421512365341187e-04
7.017704774625599384e-04
6.671349983662366867e-04
6.688363500870764256e-04
6.687552086077630520e-04
6.625551031902432442e-04
7.098971400409936905e-04
6.815877277404069901e-04
7.413456914946436882e-04
6.829285412095487118e-04
7.082606898620724678e-04
1.108855009078979492e-03
7.923110970295965672e-04
6.884746253490447998e-04
6.467234343290328979e-04
6.756100920028984547e-04
6.497405120171606541e-04
6.513819680549204350e-04
7.086966070346534252e-04
7.242439314723014832e-04
6.241498049348592758e-04
6.367749883793294430e-04
7.064459496177732944e-04
6.280267843976616859e-04
7.229410693980753422e-04
7.482459186576306820e-04
7.901373901404440403e-04
6.514713168144226074e-04
6.870899233035743237e-04
6.122461054474115372e-04
6.452388479374349117e-04
6.648850394412875175e-04
6.350117037072777748e-04
6.704218685626983643e-04
6.694762269034981728e-04
6.140470504760742188e-04
6.747478037141263485e-04
6.065031047910451889e-04
6.698968936689198017e-04
6.004284950904548168e-04
6.131721893325448036e-04
6.821417482569813728e-04
6.296554347500205040e-04
6.544934003613889217e-04
5.906634614802896976e-04
5.927006714046001434e-04
5.884142592549324036e-04
5.989721394143998623e-04
6.024919566698372364e-04
6.707561551593244076e-04
6.537393201142549515e-04
1.104343798942863941e-03
8.134082308970391750e-04
6.066523492336273193e-04
5.850816378369927406e-04
5.919886752963066101e-04
6.185275851748883724e-04
6.089600501582026482e-04
6.459400756284594536e-04
6.194344605319201946e-04
5.790494615212082863e-04
5.730870179831981659e-04
6.431226502172648907e-04
6.029412616044282913e-04
6.414159433916211128e-04
6.081371684558689594e-04
6.013115053065121174e-04
5.732339923270046711e-04
6.494933040812611580e-04
6.055144476704299450e-04
5.758698680438101292e-04
6.582398200407624245e-04
5.715606384910643101e-04
5.685463547706604004e-04
5.774411838501691818e-04
6.116182194091379642e-04
5.861849640496075153e-04
5.818377248942852020e-04
5.989772034808993340e-04
6.009138887748122215e-04
5.820530932396650314e-04
5.915309884585440159e-04
6.469321087934076786e-04
7.092948071658611298e-04
6.426774780265986919e-04
5.629746010527014732e-04
5.602058372460305691e-04
5.826030392199754715e-04
6.515426211990416050e-04
6.236290792003273964e-04
6.121571641415357590e-04
5.923581193201243877e-04
5.672106053680181503e-04
5.913992063142359257e-04
5.751374992541968822e-04
6.655435427092015743e-04
6.224071257747709751e-04
5.605691694654524326e-04
6.212956504896283150e-04
5.590367945842444897e-04
5.869680899195373058e-04
5.550287896767258644e-04
6.109509267844259739e-04
5.847008433192968369e-04
6.338250823318958282e-04
6.523334886878728867e-04
6.263668765313923359e-04
5.573739181272685528e-04
5.926406010985374451e-04
6.123768398538231850e-04
6.346722948364913464e-04
5.410223966464400291e-04
5.509212496690452099e-04
5.719928885810077190e-04
5.866932333447039127e-04
5.387068376876413822e-04
6.099012680351734161e-04
5.749928532168269157e-04
6.052047829143702984e-04
5.349353887140750885e-04
6.075965357013046741e-04
5.498851533047854900e-04
5.989347118884325027e-04
6.298684165813028812e-04
5.636960850097239017e-04
5.443299305625259876e-04
5.299579934217035770e-04
5.542290164157748222e-04
6.432016962207853794e-04
5.570424837060272694e-04
5.547081236727535725e-04
5.423032562248408794e-04
5.305001977831125259e-04
6.121814367361366749e-04
5.465578869916498661e-04
5.354303866624832153e-04
5.818909266963601112e-04
5.836747586727142334e-04
6.246608099900186062e-04
5.312259308993816376e-04
5.496033700183033943e-04
5.244950880296528339e-04
5.852450267411768436e-04
6.182379438541829586e-04
5.807853303849697113e-04
5.492836935445666313e-04
5.955740925855934620e-04
6.491838139481842518e-04
5.784237873740494251e-04
5.623304168693721294e-04
5.844156839884817600e-04
6.793017964810132980e-04
5.437440704554319382e-04
5.809633876197040081e-04
6.314447964541614056e-04
5.341897485777735710e-04
6.087513756938278675e-04
6.247767014428973198e-04
5.587365012615919113e-04
5.396536435000598431e-04
5.353009328246116638e-04
8.464952115900814533e-04
6.101923645474016666e-04
5.575064569711685181e-04
5.309348343871533871e-04
5.454651545733213425e-04
6.290607852861285210e-04
5.994254024699330330e-04
5.303292418830096722e-04
5.337950424291193485e-04
5.439784727059304714e-04
6.287441356107592583e-04
5.822912789881229401e-04
5.185030749998986721e-04
5.516101955436170101e-04
6.074855918996036053e-04
5.311870481818914413e-04
6.836544489488005638e-04
5.817670607939362526e-04
5.511778872460126877e-04
5.121141439303755760e-04
6.001221481710672379e-04
5.075634690001606941e-04
5.402232636697590351e-04
5.443532718345522881e-04
5.146347102709114552e-04
6.397913675755262375e-04
6.873799138702452183e-04
6.771763437427580357e-04
5.598630523309111595e-04
5.356132169254124165e-04
5.242926417849957943e-04
5.245678476057946682e-04
5.111051141284406185e-04
5.910184700042009354e-04
5.750664277002215385e-04
6.030948716215789318e-04
5.747178220190107822e-04
6.232347222976386547e-04
6.478239083662629128e-04
7.199550163932144642e-04
6.052902317605912685e-04
5.387610290199518204e-04
5.367097910493612289e-04
5.822365637868642807e-04
5.467599839903414249e-04
5.848990986123681068e-04
5.717774620279669762e-04
5.549383349716663361e-04
5.874191992916166782e-04
5.385503172874450684e-04
5.011092871427536011e-04
5.514791118912398815e-04
5.117087857797741890e-04
5.410860176198184490e-04
5.076838424429297447e-04
4.980598459951579571e-04
5.563219310715794563e-04
5.380543298088014126e-04
4.951759474352002144e-04
5.707482923753559589e-04
5.796328186988830566e-04
5.832129390910267830e-04
4.970931913703680038e-04
5.164219182915985584e-04
6.625317619182169437e-04
5.474947975017130375e-04
5.527468747459352016e-04
5.307716201059520245e-04
5.168767529539763927e-04
6.554601131938397884e-04
5.070873303338885307e-04
4.957604105584323406e-04
6.769904866814613342e-04
5.742369685322046280e-04
6.288259755820035934e-04
5.449028103612363338e-04
5.483333952724933624e-04
5.113497027195990086e-04
5.113832303322851658e-04
5.552991642616689205e-04
5.076137604191899300e-04
5.039319512434303761e-04
5.085383891128003597e-04
5.098696565255522728e-04
5.247427034191787243e-04
5.184852634556591511e-04
6.229487480595707893e-04
6.503345211967825890e-04
5.811782903037965298e-04
6.002181908115744591e-04
5.500351544469594955e-04
5.136667168699204922e-04
5.529809277504682541e-04
5.021071410737931728e-04
5.315202288329601288e-04
6.155813462100923061e-04
5.237652803771197796e-04
4.921234794892370701e-04
4.971621092408895493e-04
4.937652265653014183e-04
5.185203626751899719e-04
5.374059546738862991e-04
7.505685789510607719e-04
5.124620511196553707e-04
5.155940307304263115e-04
5.666910437867045403e-04
5.676581640727818012e-04
5.596551927737891674e-04
4.880650376435369253e-04
6.440202705562114716e-04
5.828367429785430431e-04
4.875719896517693996e-04
5.493662902154028416e-04
4.892455181106925011e-04
5.731804412789642811e-04
5.093461950309574604e-04
4.998588119633495808e-04
5.523457657545804977e-04
6.453709211200475693e-04
6.077442667447030544e-04
5.656778812408447266e-04
5.717239691875874996e-04
5.150812212377786636e-04
5.220055463723838329e-04
4.832270496990531683e-04
5.069801118224859238e-04
4.973733448423445225e-04
5.235249409452080727e-04
7.021498749963939190e-04
4.943742533214390278e-04
5.607721977867186069e-04
5.382434464991092682e-04
5.418590153567492962e-04
5.927822785452008247e-04
5.051032640039920807e-04
4.960498772561550140e-04
4.931643488816916943e-04
4.821582697331905365e-04
5.402555689215660095e-04
4.925640532746911049e-04
5.356013425625860691e-04
4.906101967208087444e-04
5.233667325228452682e-04
7.159999804571270943e-04
5.221411702223122120e-04
4.854735161643475294e-04
4.821150214411318302e-04
5.703885690309107304e-04
5.374457105062901974e-04
4.996572388336062431e-04
5.643976037390530109e-04
4.938397323712706566e-04
5.234557320363819599e-04
5.069306353107094765e-04
5.420155939646065235e-04
5.658762529492378235e-04
5.098870024085044861e-04
5.044594872742891312e-04
4.767867794726043940e-04
5.447978619486093521e-04
4.808069206774234772e-04
5.314744776114821434e-04
5.855727940797805786e-04
5.603395402431488037e-04
5.131681100465357304e-04
5.442712572403252125e-04
5.655002314597368240e-04
5.571960355155169964e-04
4.928484559059143066e-04
5.189705989323556423e-04
5.769068375229835510e-04
5.079943803139030933e-04
5.649541853927075863e-04
5.061671254225075245e-04
5.042221164330840111e-04
5.708558601327240467e-04
4.815631255041807890e-04
5.714606377296149731e-04
4.986450076103210449e-04
5.378586356528103352e-04
5.491259507834911346e-04
6.391768110916018486e-04
5.042473785579204559e-04
5.011088214814662933e-04
5.214486736804246902e-04
4.744352190755307674e-04
4.889911506325006485e-04
5.058891838416457176e-04
4.909926210530102253e-04
4.782890318892896175e-04
5.585909821093082428e-04
5.407278076745569706e-04
6.024717586115002632e-04
5.831217858940362930e-04
4.761403542943298817e-04
5.336831090971827507e-04
5.274386494420468807e-04
5.783593514934182167e-04
5.164202302694320679e-04
6.207645055837929249e-04
5.032449844293296337e-04
5.790886934846639633e-04
6.261226371861994267e-04
5.534703377634286880e-04
5.483040004037320614e-04
4.737051785923540592e-04
5.642226315103471279e-04
5.119419074617326260e-04
5.435348139144480228e-04
4.835370054934173822e-04
6.170622655190527439e-04
5.418186192400753498e-04
4.899662453681230545e-04
4.711361252702772617e-04
5.342215881682932377e-04
4.911232972517609596e-04
5.602440796792507172e-04
5.602603778243064880e-04
4.829672107007354498e-04
5.904868012294173241e-04
6.924180779606103897e-04
4.945658729411661625e-04
4.934091120958328247e-04
4.696680989582091570e-04
4.810551472473889589e-04
6.017060950398445129e-04
5.455162608996033669e-04
4.804708296433091164e-04
4.868934629485011101e-04
5.213155527599155903e-04
5.142689333297312260e-04
4.646118031814694405e-04
5.543868173845112324e-04
4.981859819963574409e-04
5.600056028924882412e-04
5.538997356779873371e-04
4.640810366254299879e-04
5.265091895125806332e-04
5.522265564650297165e-04
4.867827810812741518e-04
4.984667175449430943e-04
4.685337480623275042e-04
5.138324340805411339e-04
4.767458885908126831e-04
5.136409890837967396e-04
6.091453833505511284e-04
5.310721462592482567e-04
5.004738923162221909e-04
6.289806915447115898e-04
6.556144799105823040e-04
6.004772149026393890e-04
4.731752269435673952e-04
5.022520781494677067e-04
5.742686334997415543e-04
4.941655206494033337e-04
5.066342419013381004e-04
4.967526183463633060e-04
4.654329677578061819e-04
5.061831325292587280e-04
5.767563125118613243e-04
4.820924077648669481e-04
4.935541073791682720e-04
5.246304208412766457e-04
4.771246167365461588e-04
5.147316260263323784e-04
5.315377493388950825e-04
5.493161734193563461e-04
4.915822646580636501e-04
5.073081119917333126e-04
5.555414245463907719e-04
4.606687289196997881e-04
5.593178793787956238e-04
5.102917784824967384e-04
6.242920644581317902e-04
4.769796214532107115e-04
4.845013609156012535e-04
4.987302236258983612e-04
5.490023759193718433e-04
6.901026354171335697e-04
4.940511425957083702e-04
4.647102323360741138e-04
5.594768445007503033e-04
4.671626375056803226e-04
6.034567486494779587e-04
5.217083962634205818e-04
5.176908452995121479e-04
5.892639746889472008e-04
5.854168557561933994e-04
7.155791972763836384e-04
6.923390901647508144e-04
5.198871367610991001e-04
4.767901264131069183e-04
4.602393019013106823e-04
4.851223202422261238e-04
4.727268242277204990e-04
5.474928766489028931e-04
4.763870965689420700e-04
4.773115506395697594e-04
4.658368998207151890e-04
6.496233982034027576e-04
5.385992117226123810e-04
7.409755489788949490e-04
4.885361413471400738e-04
4.697018594015389681e-04
4.602073167916387320e-04
4.717660776805132627e-04
4.596895014401525259e-04
4.754102556034922600e-04
4.963958053849637508e-04
4.962172824889421463e-04
4.923935630358755589e-04
4.883938818238675594e-04
4.771740932483226061e-04
4.607124137692153454e-04
5.740726483054459095e-04
4.634427023120224476e-04
4.765554331243038177e-04
4.578091902658343315e-04
5.759668420068919659e-04
4.576799692586064339e-04
4.611233016476035118e-04
4.775527922902256250e-04
5.856897332705557346e-04
5.634406115859746933e-04
4.702798614744096994e-04
4.842586349695920944e-04
5.206359201110899448e-04
4.822223563678562641e-04
5.792972515337169170e-04
4.833484417758882046e-04
5.220378516241908073e-04
5.089468904770910740e-04
4.741588491015136242e-04
4.703689482994377613e-04
4.622222913894802332e-04
4.572588368318974972e-04
5.078638787381350994e-04
4.624353314284235239e-04
5.118029657751321793e-04
7.750426884740591049e-04
5.525253945961594582e-04
5.399747169576585293e-04
4.682799335569143295e-04
4.474653105717152357e-04
4.822014598175883293e-04
4.676306270994246006e-04
5.284400540404021740e-04
6.403400329872965813e-04
5.027021397836506367e-04
4.886629176326096058e-04
4.980818484909832478e-04
5.573622765950858593e-04
4.776332643814384937e-04
6.003478192724287510e-04
4.923879751004278660e-04
4.713958478532731533e-04
4.598379018716514111e-04
4.995128256268799305e-04
4.537305794656276703e-04
4.623464483302086592e-04
5.470564938150346279e-04
4.667869361583143473e-04
4.496739129535853863e-04
4.577603831421583891e-04
5.312989815138280392e-04
5.378330824896693230e-04
5.815173499286174774e-04
4.528342979028820992e-04
5.435998318716883659e-04
5.237778532318770885e-04
4.875388403888791800e-04
5.468559102155268192e-04
5.403504474088549614e-04
5.009447922930121422e-04
4.579759552143514156e-04
4.824748320970684290e-04
4.479917406570166349e-04
5.417540087364614010e-04
4.629869945347309113e-04
4.937931080348789692e-04
5.081755225546658039e-04
4.575797938741743565e-04
6.391420029103755951e-04
6.011075456626713276e-04
4.721976292785257101e-04
4.462655924726277590e-04
4.356003191787749529e-04
4.414079594425857067e-04
4.414424765855073929e-04
5.486138397827744484e-04
4.453381407074630260e-04
5.223591579124331474e-04
4.730798245873302221e-04
5.013520130887627602e-04
4.658212419599294662e-04
4.867097304668277502e-04
4.456787428352981806e-04
4.691644571721553802e-04
5.891234613955020905e-04
4.874964943155646324e-04
4.504199896473437548e-04
4.655515658669173717e-04
4.371985269244760275e-04
5.238612066023051739e-04
4.995171329937875271e-04
5.047105369158089161e-04
4.821578040719032288e-04
4.863023641519248486e-04
5.523102008737623692e-04
5.184485344216227531e-04
4.707414482254534960e-04
4.397926095407456160e-04
4.377095028758049011e-04
5.150596261955797672e-04
4.571441095322370529e-04
4.337280115578323603e-04
5.699062021449208260e-04
5.364659009501338005e-04
4.725418111775070429e-04
4.370390670374035835e-04
5.219564191065728664e-04
4.808363737538456917e-04
4.675126983784139156e-04
4.631197953131049871e-04
4.664280859287828207e-04
4.822630726266652346e-04
