1.026479806751012802e-02
4.102570470422506332e-03
2.382414881139993668e-03
2.099347067996859550e-03
2.026521135121583939e-03
1.992535078898072243e-03
1.972652738913893700e-03
1.958321314305067062e-03
1.948204007931053638e-03
1.941772759892046452e-03
1.937160850502550602e-03
1.933428575284779072e-03
1.930135651491582394e-03
1.927274046465754509e-03
1.925216638483107090e-03
1.923686359077692032e-03
1.922471565194427967e-03
1.921423245221376419e-03
1.920487382449209690e-03
1.919627655297517776e-03
1.918823225423693657e-03
1.918054767884314060e-03
1.917315996252000332e-03
1.916597946546971798e-03
1.915889326483011246e-03
1.915178960189223289e-03
1.914463005959987640e-03
1.913744839839637280e-03
1.913031330332159996e-03
1.912322361022233963e-03
1.911611878313124180e-03
1.910899067297577858e-03
1.910187886096537113e-03
1.909477985464036465e-03
1.908774487674236298e-03
1.908075995743274689e-03
1.907373778522014618e-03
1.906666555441915989e-03
1.905950251966714859e-03
1.905226032249629498e-03
1.904488308355212212e-03
1.903736498206853867e-03
1.902985735796391964e-03
1.902242191135883331e-03
1.901491312310099602e-03
1.900725648738443851e-03
1.899942522868514061e-03
1.899136696010828018e-03
1.898306072689592838e-03
1.897448906674981117e-03
1.896571717225015163e-03
1.895676599815487862e-03
1.894770190119743347e-03
1.893852022476494312e-03
1.892926753498613834e-03
1.892002299427986145e-03
1.891082734800875187e-03
1.890169689431786537e-03
1.889254548586905003e-03
1.888364786282181740e-03
1.887499238364398479e-03
1.886625192128121853e-03
1.885760109871625900e-03
1.884890138171613216e-03
1.884040422737598419e-03
1.883173710666596889e-03
1.882305834442377090e-03
1.881425618194043636e-03
1.880525378510355949e-03
1.879608258605003357e-03
1.878681476227939129e-03
1.877728267572820187e-03
1.876757014542818069e-03
1.875780289992690086e-03
1.874783309176564217e-03
1.873793895356357098e-03
1.872800174169242382e-03
1.871799468062818050e-03
1.870824024081230164e-03
1.869859290309250355e-03
1.868899445980787277e-03
1.867951941676437855e-03
1.867032027803361416e-03
1.866124453954398632e-03
1.865221187472343445e-03
1.864320947788655758e-03
1.863442943431437016e-03
1.862572040408849716e-03
1.861710916273295879e-03
1.860844320617616177e-03
1.859998097643256187e-03
1.859150128439068794e-03
1.858301344327628613e-03
1.857433700934052467e-03
1.856546383351087570e-03
1.855661394074559212e-03
1.854757661931216717e-03
1.853911206126213074e-03
1.852986519224941730e-03
1.852092333137989044e-03
1.851185807026922703e-03
1.850352855399250984e-03
1.849435735493898392e-03
1.848611049354076385e-03
1.847952255047857761e-03
1.846919767558574677e-03
1.846072380430996418e-03
1.845269347541034222e-03
1.844512880779802799e-03
1.843549311161041260e-03
1.842917758040130138e-03
1.841913559474050999e-03
1.841102610342204571e-03
1.840346725657582283e-03
1.839532284066081047e-03
1.838561147451400757e-03
1.837836462073028088e-03
1.836828771047294140e-03
1.836108509451150894e-03
1.835104078054428101e-03
1.834287424571812153e-03
1.833580550737679005e-03
1.832567504607141018e-03
1.831943052820861340e-03
1.830828841775655746e-03
1.830245950259268284e-03
1.829321263357996941e-03
1.828765263780951500e-03
1.827442087233066559e-03
1.827108557336032391e-03
1.826623454689979553e-03
1.824961393140256405e-03
1.824247883632779121e-03
1.824091072194278240e-03
1.822503749281167984e-03
1.821675105020403862e-03
1.820645877160131931e-03
1.819880679249763489e-03
1.818746095523238182e-03
1.818402088247239590e-03
1.817017560824751854e-03
1.816692878492176533e-03
1.816597650758922100e-03
1.814238494262099266e-03
1.813392620533704758e-03
1.816882519051432610e-03
1.813442562706768513e-03
1.810872461646795273e-03
1.810099929571151733e-03
1.809710869565606117e-03
1.809563837014138699e-03
1.807898050174117088e-03
1.807541586458683014e-03
1.806668005883693695e-03
1.805437961593270302e-03
1.806113054044544697e-03
1.803937135264277458e-03
1.805285923182964325e-03
1.802286482416093349e-03
1.805145177058875561e-03
1.800870872102677822e-03
1.800548168830573559e-03
1.800255151465535164e-03
1.802678685635328293e-03
1.798914629034698009e-03
1.798284822143614292e-03
1.796107389964163303e-03
1.795301795937120914e-03
1.796242315322160721e-03
1.796506810933351517e-03
1.795899705030024052e-03
1.794308074750006199e-03
1.791610498912632465e-03
1.791314687579870224e-03
1.792216789908707142e-03
1.792213530279695988e-03
1.794008421711623669e-03
1.790898619219660759e-03
1.789807458408176899e-03
1.789101166650652885e-03
1.786912907846271992e-03
1.785875996574759483e-03
1.788259833119809628e-03
1.788376946933567524e-03
1.786429900676012039e-03
1.782862818799912930e-03
1.781670725904405117e-03
1.781660364940762520e-03
1.782458042725920677e-03
1.780667109414935112e-03
1.779352896846830845e-03
1.778454170562326908e-03
1.782943494617938995e-03
1.777445781044661999e-03
1.778885023668408394e-03
1.777274650521576405e-03
1.778865000233054161e-03
1.774580334313213825e-03
1.773793017491698265e-03
1.785413362085819244e-03
1.779976999387145042e-03
1.774032600224018097e-03
1.771960640326142311e-03
1.770805334672331810e-03
1.770347123965620995e-03
1.769981347024440765e-03
1.772363437339663506e-03
1.771112438291311264e-03
1.771467970684170723e-03
1.770970528014004230e-03
1.767180976457893848e-03
1.770001137629151344e-03
1.769774011336266994e-03
1.765037071891129017e-03
1.768558868207037449e-03
1.768831978552043438e-03
1.763731357641518116e-03
1.768348622135818005e-03
1.761346007697284222e-03
1.760597573593258858e-03
1.760555547662079334e-03
1.761191524565219879e-03
1.759364618919789791e-03
1.759723294526338577e-03
1.758486498147249222e-03
1.760156243108212948e-03
1.757238293066620827e-03
1.757743419148027897e-03
1.754277618601918221e-03
1.757844467647373676e-03
1.755280303768813610e-03
1.753746997565031052e-03
1.751858857460319996e-03
1.754816155880689621e-03
1.751325908116996288e-03
1.750533469021320343e-03
1.750525203533470631e-03
1.752383541315793991e-03
1.749719143845140934e-03
1.748101436533033848e-03
1.748461625538766384e-03
1.746140187606215477e-03
1.751778414472937584e-03
1.745040877722203732e-03
1.751759322360157967e-03
1.744883833453059196e-03
1.745200715959072113e-03
1.743053784593939781e-03
1.744354609400033951e-03
1.742196618579328060e-03
1.743700355291366577e-03
1.743008382618427277e-03
1.742578460834920406e-03
1.740607782267034054e-03
1.739898812957108021e-03
1.738195773214101791e-03
1.737908693030476570e-03
1.738015329465270042e-03
1.740721054375171661e-03
1.737079583108425140e-03
1.736900419928133488e-03
1.735438127070665359e-03
1.738639082759618759e-03
1.735302270390093327e-03
1.734487712383270264e-03
1.737644197419285774e-03
1.733191311359405518e-03
1.736953505314886570e-03
1.734761055558919907e-03
1.732128090225160122e-03
1.742327120155096054e-03
1.730629359371960163e-03
1.733013079501688480e-03
1.729374402202665806e-03
1.728719100356101990e-03
1.728293020278215408e-03
1.729381154291331768e-03
1.727024442516267300e-03
1.729717245325446129e-03
1.725766924209892750e-03
1.734346733428537846e-03
1.730193267576396465e-03
1.724447356536984444e-03
1.726246438920497894e-03
1.723536639474332333e-03
1.729671843349933624e-03
1.723889145068824291e-03
1.722632558085024357e-03
1.720745000056922436e-03
1.738591003231704235e-03
1.719516701996326447e-03
1.721011823974549770e-03
1.720428466796875000e-03
1.725042471662163734e-03
1.722443732433021069e-03
1.722522662021219730e-03
1.718947198241949081e-03
1.717736595310270786e-03
1.716790138743817806e-03
1.716700266115367413e-03
1.717072445899248123e-03
1.718148356303572655e-03
1.716275699436664581e-03
1.711472868919372559e-03
1.724652014672756195e-03
1.717721926979720592e-03
1.718410407193005085e-03
1.712463679723441601e-03
1.710604759864509106e-03
1.710363314487040043e-03
1.715615391731262207e-03
1.709440606646239758e-03
1.707388670183718204e-03
1.714498619548976421e-03
1.706152688711881638e-03
1.706152688711881638e-03
1.705459551885724068e-03
1.708415918983519077e-03
1.715809339657425880e-03
1.706292270682752132e-03
1.704118680208921432e-03
1.704365829937160015e-03
1.705237547867000103e-03
1.704593189060688019e-03
1.705258735455572605e-03
1.704933121800422668e-03
1.701314467936754227e-03
1.712080673314630985e-03
1.700554625131189823e-03
1.709484844468533993e-03
1.703751157037913799e-03
1.700651482678949833e-03
1.708821044303476810e-03
1.701710512861609459e-03
1.698525622487068176e-03
1.699747284874320030e-03
1.706224633380770683e-03
1.697652973234653473e-03
1.707246410660445690e-03
1.698808628134429455e-03
1.700910856015980244e-03
1.696803257800638676e-03
1.701811910606920719e-03
1.697193132713437080e-03
1.701448811218142509e-03
1.695682643912732601e-03
1.700758934020996094e-03
1.697468687780201435e-03
1.694811973720788956e-03
1.702052308246493340e-03
1.694118021987378597e-03
1.704454421997070312e-03
1.698005595244467258e-03
1.693962025456130505e-03
1.697011175565421581e-03
1.696566003374755383e-03
1.693452242761850357e-03
1.694647129625082016e-03
1.692026620730757713e-03
1.694601029157638550e-03
1.692188205197453499e-03
1.694380538538098335e-03
1.692372257821261883e-03
1.693431404419243336e-03
1.696570310741662979e-03
1.691359677352011204e-03
1.691699377261102200e-03
1.691402751021087170e-03
1.693814643658697605e-03
1.689624739810824394e-03
1.691835699602961540e-03
1.693292986601591110e-03
1.689763390459120274e-03
1.688971300609409809e-03
1.696724328212440014e-03
1.689029624685645103e-03
1.687769312411546707e-03
1.693608006462454796e-03
1.692070160061120987e-03
1.687355572357773781e-03
1.689065131358802319e-03
1.692963764071464539e-03
1.685559051111340523e-03
1.694389153271913528e-03
1.692341174930334091e-03
1.690577133558690548e-03
1.685767900198698044e-03
1.688045682385563850e-03
1.686374191194772720e-03
1.683894544839859009e-03
1.701782224699854851e-03
1.685051247477531433e-03
1.689883996732532978e-03
1.689896336756646633e-03
1.688894000835716724e-03
1.682751462794840336e-03
1.693509635515511036e-03
1.688006217591464520e-03
1.685641822405159473e-03
1.682124682702124119e-03
1.688014948740601540e-03
1.687828567810356617e-03
1.681936555542051792e-03
1.682109083048999310e-03
1.686790958046913147e-03
1.684211310930550098e-03
1.681574969552457333e-03
1.682458096183836460e-03
1.684956368990242481e-03
1.680824672803282738e-03
1.679694512858986855e-03
1.687093521468341351e-03
1.686887699179351330e-03
1.688768155872821808e-03
1.682987203821539879e-03
1.681731780990958214e-03
1.679721171967685223e-03
1.678478904068470001e-03
1.680119661614298820e-03
1.678047468885779381e-03
1.678935252130031586e-03
1.678807428106665611e-03
1.677723601460456848e-03
1.677704975008964539e-03
1.687667216174304485e-03
1.682357396930456161e-03
1.679886947385966778e-03
1.677455613389611244e-03
1.680563669651746750e-03
1.680176705121994019e-03
1.678477856330573559e-03
1.680727931670844555e-03
1.675015548244118690e-03
1.680866349488496780e-03
1.675177714787423611e-03
1.674824045039713383e-03
1.676742685958743095e-03
1.678452012129127979e-03
1.678773784078657627e-03
1.681537949480116367e-03
1.675134990364313126e-03
1.673993654549121857e-03
1.672465470619499683e-03
1.681223628111183643e-03
1.678587053902447224e-03
1.678112312220036983e-03
1.673226361162960529e-03
1.675631618127226830e-03
1.676765736192464828e-03
1.671893987804651260e-03
1.676441519521176815e-03
1.671647420153021812e-03
1.682513975538313389e-03
1.673329505138099194e-03
1.672132872045040131e-03
1.674560829997062683e-03
1.675416482612490654e-03
1.673598424531519413e-03
1.676448970101773739e-03
1.670946483500301838e-03
1.675267703831195831e-03
1.673706574365496635e-03
1.669738674536347389e-03
1.682673930190503597e-03
1.669221790507435799e-03
1.670926576480269432e-03
1.676401705481112003e-03
1.671407604590058327e-03
1.670501311309635639e-03
1.674897968769073486e-03
1.670366968028247356e-03
1.673904014751315117e-03
1.670922851189970970e-03
1.672299345955252647e-03
1.670246478170156479e-03
1.670923200435936451e-03
1.672967919148504734e-03
1.667383126914501190e-03
1.670536352321505547e-03
1.667589880526065826e-03
1.666307798586785793e-03
1.664323150180280209e-03
1.667587668634951115e-03
1.666605356149375439e-03
1.668017939664423466e-03
1.665330026298761368e-03
1.667633070610463619e-03
1.665396033786237240e-03
1.665688701905310154e-03
1.670360565185546875e-03
1.671331352554261684e-03
1.663228031247854233e-03
1.664977055042982101e-03
1.665485557168722153e-03
1.663369126617908478e-03
1.664503826759755611e-03
1.666242722421884537e-03
1.662172609940171242e-03
1.668551936745643616e-03
1.660021720454096794e-03
1.667720382101833820e-03
1.660031033679842949e-03
1.664762035943567753e-03
1.658916473388671875e-03
1.667538774199783802e-03
1.660315319895744324e-03
1.658177003264427185e-03
1.667663687840104103e-03
1.662909984588623047e-03
1.657380489632487297e-03
1.662967610172927380e-03
1.657680841162800789e-03
1.660760492086410522e-03
1.660057459957897663e-03
1.658226363360881805e-03
1.658673048950731754e-03
1.657402375712990761e-03
1.655789557844400406e-03
1.662784139625728130e-03
1.656595151871442795e-03
1.655473839491605759e-03
1.665229327045381069e-03
1.653720624744892120e-03
1.658269437029957771e-03
1.651374739594757557e-03
1.654869760386645794e-03
1.651840168051421642e-03
1.658432302065193653e-03
1.649645972065627575e-03
1.653018873184919357e-03
1.655308529734611511e-03
1.648578210733830929e-03
1.649810699746012688e-03
1.660846639424562454e-03
1.648116623982787132e-03
1.666475785896182060e-03
1.653495361097157001e-03
1.646989607252180576e-03
1.648193341679871082e-03
1.646848977543413639e-03
1.646622084081172943e-03
1.661298098042607307e-03
1.649341895245015621e-03
1.645426149480044842e-03
1.645044307224452496e-03
1.647720113396644592e-03
1.646881108172237873e-03
1.644913107156753540e-03
1.662158174440264702e-03
1.644914154894649982e-03
1.645545708015561104e-03
1.652384526096284389e-03
1.642697141505777836e-03
1.657869317568838596e-03
1.644858508370816708e-03
1.660430454649031162e-03
1.641584560275077820e-03
1.641008770093321800e-03
1.649956451728940010e-03
1.641856390051543713e-03
1.645733602344989777e-03
1.646389719098806381e-03
1.640041708014905453e-03
1.640413189306855202e-03
1.648290548473596573e-03
1.641801209188997746e-03
1.639934489503502846e-03
1.639763242565095425e-03
1.642441144213080406e-03
1.641275361180305481e-03
1.639163121581077576e-03
1.640378497540950775e-03
1.637665904127061367e-03
1.642941264435648918e-03
1.641536247916519642e-03
1.639895606786012650e-03
1.637419103644788265e-03
1.637380803003907204e-03
1.638970570638775826e-03
1.637135283090174198e-03
1.646237098611891270e-03
1.636443426832556725e-03
1.638734946027398109e-03
1.635787542909383774e-03
1.637520967051386833e-03
1.635685679502785206e-03
1.638195361010730267e-03
1.658684690482914448e-03
1.637698733247816563e-03
1.634708722122013569e-03
1.638008048757910728e-03
1.640843111090362072e-03
1.635256921872496605e-03
1.636728760786354542e-03
1.634008716791868210e-03
1.640696078538894653e-03
1.639443915337324142e-03
1.633645151741802692e-03
1.636463333852589130e-03
1.633379375562071800e-03
1.652164035476744175e-03
1.639966154471039772e-03
1.633036765269935131e-03
1.632657600566744804e-03
1.663614646531641483e-03
1.636210945434868336e-03
1.633222564123570919e-03
1.632699393667280674e-03
1.632878789678215981e-03
1.631715334951877594e-03
1.634684274904429913e-03
1.634920481592416763e-03
1.635463326238095760e-03
1.631582272239029408e-03
1.645798212848603725e-03
1.633095555007457733e-03
1.633373787626624107e-03
1.632324187085032463e-03
1.654083956964313984e-03
1.632847124710679054e-03
1.629085163585841656e-03
1.629404025152325630e-03
1.635949476622045040e-03
1.642545685172080994e-03
1.628886209800839424e-03
1.628398662433028221e-03
1.628786441870033741e-03
1.640273490920662880e-03
1.629150006920099258e-03
1.627582358196377754e-03
1.666774274781346321e-03
1.628417870961129665e-03
1.627352088689804077e-03
1.628470025025308132e-03
1.634086598642170429e-03
1.631989027373492718e-03
1.632029307074844837e-03
1.627896446734666824e-03
1.635964727029204369e-03
1.634549233131110668e-03
1.626820303499698639e-03
1.627332298085093498e-03
1.627917983569204807e-03
1.628100755624473095e-03
1.628701691515743732e-03
1.625379314646124840e-03
1.629256759770214558e-03
1.630094833672046661e-03
1.624529017135500908e-03
1.625823555514216423e-03
1.627015066333115101e-03
1.644500298425555229e-03
1.627955585718154907e-03
1.625241478905081749e-03
1.623849850147962570e-03
1.651243190281093121e-03
1.623320393264293671e-03
1.623550429940223694e-03
1.623254967853426933e-03
1.631418243050575256e-03
1.631677732802927494e-03
1.623377320356667042e-03
1.622697454877197742e-03
1.630069687962532043e-03
1.629959442652761936e-03
1.626069075427949429e-03
1.621645642444491386e-03
1.622231677174568176e-03
1.626331126317381859e-03
1.621908508241176605e-03
1.624941825866699219e-03
1.620869734324514866e-03
1.629059319384396076e-03
1.625607255846261978e-03
1.621758216060698032e-03
1.627450576052069664e-03
1.629270496778190136e-03
1.624802360311150551e-03
1.623665215447545052e-03
1.620167167857289314e-03
1.619941671378910542e-03
1.638361136429011822e-03
1.628313562832772732e-03
1.621432020328938961e-03
1.621074974536895752e-03
1.619230606593191624e-03
1.626169891096651554e-03
1.630102167837321758e-03
1.619016635231673717e-03
1.622522366233170033e-03
1.618001377210021019e-03
1.621286734007298946e-03
1.620059949345886707e-03
1.618587644770741463e-03
1.625123200938105583e-03
1.617824076674878597e-03
1.628356869332492352e-03
1.618422684259712696e-03
1.618349575437605381e-03
1.617209170944988728e-03
1.616528490558266640e-03
1.617430825717747211e-03
1.617078902199864388e-03
1.646329998038709164e-03
1.618722104467451572e-03
1.616389839909970760e-03
1.616260502487421036e-03
1.627295627258718014e-03
1.619090558961033821e-03
1.616180990822613239e-03
1.639083493500947952e-03
1.620284630917012691e-03
1.615955145098268986e-03
1.639448455534875393e-03
1.618048641830682755e-03
1.617316622287034988e-03
1.628159428946673870e-03
1.614565262570977211e-03
1.624825294129550457e-03
1.615753863006830215e-03
1.616068650037050247e-03
1.614425214938819408e-03
1.615804852917790413e-03
1.656505512073636055e-03
1.618367503397166729e-03
1.615085522644221783e-03
1.619252958334982395e-03
1.613606233149766922e-03
1.613744301721453667e-03
1.615393557585775852e-03
1.613498665392398834e-03
1.613796921446919441e-03
1.613640692085027695e-03
1.612947438843548298e-03
1.617270987480878830e-03
1.613256172277033329e-03
1.615142216905951500e-03
1.625046832486987114e-03
1.617323257960379124e-03
1.616502762772142887e-03
1.624500961042940617e-03
1.611739513464272022e-03
1.618477748706936836e-03
1.612329273484647274e-03
1.621279865503311157e-03
1.612474792636930943e-03
1.612885273061692715e-03
1.611529150977730751e-03
1.612387830391526222e-03
1.616334076970815659e-03
1.610783394426107407e-03
1.615454792045056820e-03
1.617967034690082073e-03
1.610849285498261452e-03
1.623124699108302593e-03
1.612215419299900532e-03
1.610629959031939507e-03
1.615581102669239044e-03
1.610486768186092377e-03
1.614038017578423023e-03
1.610073377378284931e-03
1.611059298738837242e-03
1.612922293134033680e-03
1.611439278349280357e-03
1.612402265891432762e-03
1.629183185286819935e-03
1.618790440261363983e-03
1.614825916476547718e-03
1.609560335054993629e-03
1.609218772500753403e-03
1.630330574698746204e-03
1.615153858438134193e-03
1.609967439435422421e-03
1.614670502021908760e-03
1.608971739187836647e-03
1.610846142284572124e-03
1.611506799235939980e-03
1.608536345884203911e-03
1.616577501408755779e-03
1.608972088433802128e-03
1.609118655323982239e-03
1.619699294678866863e-03
1.608306891284883022e-03
1.610592473298311234e-03
1.608183258213102818e-03
1.621026545763015747e-03
1.617963775061070919e-03
1.614729990251362324e-03
1.620544004254043102e-03
1.608637627214193344e-03
1.608860795386135578e-03
1.607926096767187119e-03
1.607502461411058903e-03
1.623956486582756042e-03
1.614761305972933769e-03
1.606763456948101521e-03
1.628632657229900360e-03
1.607924234122037888e-03
1.606713864021003246e-03
1.616908935829997063e-03
1.608547987416386604e-03
1.608397229574620724e-03
1.614534179680049419e-03
1.608214690349996090e-03
1.606437494046986103e-03
1.606365549378097057e-03
1.614630804397165775e-03
1.606060774065554142e-03
1.610493054613471031e-03
1.621685922145843506e-03
1.606350531801581383e-03
1.609612954780459404e-03
1.605588477104902267e-03
1.625243108719587326e-03
1.609270810149610043e-03
1.607169862836599350e-03
1.612156280316412449e-03
1.611740444786846638e-03
1.605125959031283855e-03
1.611056039109826088e-03
1.610859995707869530e-03
1.604702323675155640e-03
1.631403458304703236e-03
1.610555220395326614e-03
1.604535966180264950e-03
1.605173805728554726e-03
1.607037731446325779e-03
1.612869789823889732e-03
1.616112887859344482e-03
1.606918522156774998e-03
1.605458790436387062e-03
1.613121712580323219e-03
1.606336212716996670e-03
1.606750651262700558e-03
1.603799406439065933e-03
1.614555716514587402e-03
1.604093122296035290e-03
1.604260643944144249e-03
1.616743393242359161e-03
1.605038414709270000e-03
1.607128651812672615e-03
1.622379990294575691e-03
1.612261170521378517e-03
1.603984972462058067e-03
1.604584045708179474e-03
1.605057856068015099e-03
1.603592885658144951e-03
1.615913351997733116e-03
1.604546327143907547e-03
1.609052647836506367e-03
1.603722106665372849e-03
1.616100315004587173e-03
1.606639008969068527e-03
1.605711760930716991e-03
1.602827804163098335e-03
1.623226562514901161e-03
1.612476306036114693e-03
1.601963420398533344e-03
1.605203957296907902e-03
1.607409212738275528e-03
1.603866578079760075e-03
1.622767071239650249e-03
1.601587398909032345e-03
1.602633274160325527e-03
1.606442267075181007e-03
1.610163832083344460e-03
1.605550292879343033e-03
1.609651371836662292e-03
1.611942192539572716e-03
1.602124306373298168e-03
1.602191478013992310e-03
1.605767174623906612e-03
1.600682619027793407e-03
1.607985235750675201e-03
1.606448553502559662e-03
1.602171803824603558e-03
1.602638978511095047e-03
1.600720919668674469e-03
1.602007425390183926e-03
1.602682401426136494e-03
1.599672134034335613e-03
1.609123544767498970e-03
1.599724753759801388e-03
1.600165502168238163e-03
1.616347115486860275e-03
1.613488304428756237e-03
1.604654826223850250e-03
1.600040355697274208e-03
1.600067480467259884e-03
1.628016005270183086e-03
1.606299541890621185e-03
1.601058524101972580e-03
1.607929356396198273e-03
1.612302497960627079e-03
1.602369593456387520e-03
1.601112307980656624e-03
1.599567127414047718e-03
1.599188311956822872e-03
1.605239231139421463e-03
1.602482399903237820e-03
1.609729370102286339e-03
1.598521601408720016e-03
1.598471659235656261e-03
1.628002850338816643e-03
1.598694245330989361e-03
1.602455042302608490e-03
1.600531395524740219e-03
1.602408010512590408e-03
1.611208310350775719e-03
1.600400544703006744e-03
1.605525496415793896e-03
1.597878756001591682e-03
1.597761060111224651e-03
1.627701567485928535e-03
1.597966183908283710e-03
1.602613832801580429e-03
1.604970544576644897e-03
1.597499358467757702e-03
1.596924732439219952e-03
1.601743861101567745e-03
1.603677286766469479e-03
1.596766989678144455e-03
1.596759189851582050e-03
1.597244990989565849e-03
1.597058493643999100e-03
1.603914424777030945e-03
1.599810319021344185e-03
1.605601864866912365e-03
1.595991314388811588e-03
1.598931266926229000e-03
1.599713112227618694e-03
1.595743000507354736e-03
1.605766243301331997e-03
1.595472684130072594e-03
1.596242538653314114e-03
1.595983630977571011e-03
1.595303067006170750e-03
1.595186186023056507e-03
1.597034279257059097e-03
1.598351402208209038e-03
1.598085393197834492e-03
1.596926478669047356e-03
1.595218549482524395e-03
1.605376950465142727e-03
1.611489802598953247e-03
1.594485249370336533e-03
1.601865398697555065e-03
1.597206806764006615e-03
1.595278386957943439e-03
1.613438711501657963e-03
1.595061738044023514e-03
1.594719709828495979e-03
1.611368148587644100e-03
1.617442700080573559e-03
1.594325178302824497e-03
1.603453420102596283e-03
1.600355259142816067e-03
1.604993245564401150e-03
1.594279194250702858e-03
1.600722433067858219e-03
1.602397533133625984e-03
1.599894138053059578e-03
1.597029971890151501e-03
1.596464077010750771e-03
1.596460817381739616e-03
1.603821176104247570e-03
1.597753725945949554e-03
1.596497604623436928e-03
1.594907371327280998e-03
1.593521796166896820e-03
1.603780314326286316e-03
1.596918446011841297e-03
1.595596084371209145e-03
1.594248227775096893e-03
1.592686632648110390e-03
1.613290747627615929e-03
1.592148910276591778e-03
1.601522439159452915e-03
1.593281980603933334e-03
1.601625001057982445e-03
1.605717581696808338e-03
1.598641974851489067e-03
1.592808868736028671e-03
1.592141343280673027e-03
1.602904289029538631e-03
1.593249849975109100e-03
1.593095017597079277e-03
1.593952416442334652e-03
1.603557495400309563e-03
1.591415959410369396e-03
1.591044128872454166e-03
1.600105664692819118e-03
1.601651892997324467e-03
1.591734006069600582e-03
1.592213171534240246e-03
1.590683939866721630e-03
1.598761533387005329e-03
1.594962086528539658e-03
1.593374996446073055e-03
1.591026782989501953e-03
1.592475222423672676e-03
1.596705522388219833e-03
1.595463254489004612e-03
1.603017328307032585e-03
1.606185338459908962e-03
1.592397456988692284e-03
1.590487547218799591e-03
1.601846306584775448e-03
1.592856016941368580e-03
1.593033317476511002e-03
1.593973254784941673e-03
1.591066131368279457e-03
1.590523170307278633e-03
1.593135646544396877e-03
1.601757714524865150e-03
1.604256452992558479e-03
1.592865795828402042e-03
1.592241344042122364e-03
1.599787618033587933e-03
1.590144704096019268e-03
1.599221141077578068e-03
1.601555035449564457e-03
1.592952408827841282e-03
1.600081217475235462e-03
1.593679538927972317e-03
1.592310378327965736e-03
1.591606414876878262e-03
1.591328065842390060e-03
1.591925276443362236e-03
1.590761472471058369e-03
1.588541199453175068e-03
1.589581021107733250e-03
1.589713850989937782e-03
1.588638057000935078e-03
1.591850072145462036e-03
1.588377286680042744e-03
1.588317216373980045e-03
1.591222011484205723e-03
1.591874635778367519e-03
1.595473964698612690e-03
1.590626430697739124e-03
1.594104687683284283e-03
1.590383122675120831e-03
1.597929396666586399e-03
1.601318479515612125e-03
1.590588944964110851e-03
1.598899019882082939e-03
1.589947147294878960e-03
1.591098611243069172e-03
1.603021635673940182e-03
1.590006169863045216e-03
1.589767169207334518e-03
1.588169601745903492e-03
1.602900680154561996e-03
1.600252930074930191e-03
1.593297231011092663e-03
1.591851352714002132e-03
1.592642045579850674e-03
1.589316176250576973e-03
1.588252955116331577e-03
1.587386359460651875e-03
1.599556650035083294e-03
1.586931524798274040e-03
1.587123842909932137e-03
1.586599508300423622e-03
1.587581937201321125e-03
1.587507314980030060e-03
1.593094319105148315e-03
1.593614579178392887e-03
1.588374841958284378e-03
1.587360398843884468e-03
1.587239908985793591e-03
1.594484667293727398e-03
1.592145767062902451e-03
1.600968884304165840e-03
1.609144150279462337e-03
1.596401212736964226e-03
1.589748193509876728e-03
1.588796963915228844e-03
1.599906245246529579e-03
1.587902777828276157e-03
1.585066551342606544e-03
1.595490961335599422e-03
1.589297200553119183e-03
1.585971447639167309e-03
1.589016988873481750e-03
1.592141576111316681e-03
1.592772081494331360e-03
1.598085742443799973e-03
1.584463636390864849e-03
1.592585467733442783e-03
1.586305559612810612e-03
1.588093582540750504e-03
1.597318332642316818e-03
1.584132784046232700e-03
1.584069454111158848e-03
1.584519166499376297e-03
1.583667122758924961e-03
1.584645477123558521e-03
1.584841986186802387e-03
1.595354755409061909e-03
1.589107327163219452e-03
1.592550426721572876e-03
1.603729557245969772e-03
1.584864337928593159e-03
1.594729139469563961e-03
1.583230565302073956e-03
1.583303208462893963e-03
1.589909661561250687e-03
1.583398436196148396e-03
1.585695194080471992e-03
1.585247227922081947e-03
1.583117875270545483e-03
1.589686959050595760e-03
1.597277820110321045e-03
1.584921148605644703e-03
1.586788916029036045e-03
1.592421904206275940e-03
1.582490513101220131e-03
1.582014258019626141e-03
1.582309836521744728e-03
1.585765741765499115e-03
1.596450456418097019e-03
1.581731834448873997e-03
1.586564001627266407e-03
1.588733866810798645e-03
1.582917291671037674e-03
1.585948164574801922e-03
1.586060156114399433e-03
1.581507269293069839e-03
1.581993768922984600e-03
1.598918926902115345e-03
1.599077833816409111e-03
1.582305645570158958e-03
1.581143587827682495e-03
1.581720542162656784e-03
1.595863490365445614e-03
1.580918789841234684e-03
1.592400250956416130e-03
1.582538709044456482e-03
1.580956857651472092e-03
1.588324317708611488e-03
1.584663405083119869e-03
1.584590179845690727e-03
1.586792408488690853e-03
1.587404287420213223e-03
1.587128383107483387e-03
1.585236750543117523e-03
1.583040342666208744e-03
1.580203999765217304e-03
1.579984207637608051e-03
1.580714248120784760e-03
1.580142881721258163e-03
1.580194453708827496e-03
1.580199343152344227e-03
1.590675674378871918e-03
1.582357916049659252e-03
1.586170867085456848e-03
1.583330449648201466e-03
1.583301927894353867e-03
1.590340514667332172e-03
1.588927232660353184e-03
1.580528798513114452e-03
1.584337558597326279e-03
1.599448383785784245e-03
1.583913573995232582e-03
1.591942738741636276e-03
1.580087235197424889e-03
1.580108189955353737e-03
1.579100266098976135e-03
1.595415640622377396e-03
1.578779891133308411e-03
1.578845549374818802e-03
1.590827945619821548e-03
1.578953117132186890e-03
1.583260833285748959e-03
1.579061499796807766e-03
1.583291799761354923e-03
1.583999022841453552e-03
1.591868931427598000e-03
1.581486430950462818e-03
1.579234143719077110e-03
1.582658383995294571e-03
1.578612253069877625e-03
1.590001629665493965e-03
1.594722503796219826e-03
1.582612749189138412e-03
1.578303053975105286e-03
1.578491413965821266e-03
1.580023206770420074e-03
1.579373842105269432e-03
1.585342222824692726e-03
1.590008731000125408e-03
1.581780030392110348e-03
1.583041390404105186e-03
1.586435711942613125e-03
1.579302595928311348e-03
1.595980837009847164e-03
1.589112798683345318e-03
1.587080885656177998e-03
1.590220024809241295e-03
1.589581021107733250e-03
1.589415944181382656e-03
1.585640828125178814e-03
1.591027947142720222e-03
1.587001024745404720e-03
1.590879634022712708e-03
1.587575534358620644e-03
1.578689320012927055e-03
1.582082360982894897e-03
1.578064868226647377e-03
1.583085628226399422e-03
1.586573896929621696e-03
1.584782032296061516e-03
1.580539043061435223e-03
1.587748294696211815e-03
1.581849763169884682e-03
1.579577801749110222e-03
1.578009221702814102e-03
1.576843671500682831e-03
1.584847806952893734e-03
1.593656488694250584e-03
1.584559329785406590e-03
1.577842631377279758e-03
1.579936128109693527e-03
1.584929297678172588e-03
1.582331256940960884e-03
1.594071392901241779e-03
1.586285536177456379e-03
1.576055656187236309e-03
1.578893396072089672e-03
1.583486329764127731e-03
1.582831377163529396e-03
1.585673540830612183e-03
1.579453004524111748e-03
1.579775824211537838e-03
1.582142547704279423e-03
1.577458693645894527e-03
1.584646757692098618e-03
1.597622642293572426e-03
1.577277202159166336e-03
1.589257153682410717e-03
1.583084813319146633e-03
1.586934784427285194e-03
1.586226979270577431e-03
1.577394781634211540e-03
1.584009383805096149e-03
1.579213654622435570e-03
1.576437149196863174e-03
1.577870687469840050e-03
1.577206188812851906e-03
1.576554612256586552e-03
1.575245638377964497e-03
1.577765331603586674e-03
1.584978890605270863e-03
1.577049144543707371e-03
1.580815995112061501e-03
1.576234819367527962e-03
1.581942313350737095e-03
1.583869336172938347e-03
1.579207717441022396e-03
1.579041010700166225e-03
1.581618445925414562e-03
1.574723166413605213e-03
1.574796624481678009e-03
1.574792084284126759e-03
1.575681846588850021e-03
1.577260787598788738e-03
1.576858805492520332e-03
1.575412694364786148e-03
1.575081609189510345e-03
1.592082902789115906e-03
1.575271366164088249e-03
1.574999187141656876e-03
1.587528968229889870e-03
1.590660074725747108e-03
1.577096525579690933e-03
1.574532128870487213e-03
1.574444351717829704e-03
1.574148540385067463e-03
1.574719091877341270e-03
1.574454130604863167e-03
1.585235120728611946e-03
1.584529993124306202e-03
1.580773736350238323e-03
1.576914102770388126e-03
1.579339033924043179e-03
1.580356038175523281e-03
1.576737617142498493e-03
1.580508891493082047e-03
1.584735582582652569e-03
1.587861566804349422e-03
1.577142276801168919e-03
1.575570437125861645e-03
1.575506990775465965e-03
1.584604266099631786e-03
1.573526533320546150e-03
1.576136914081871510e-03
1.575029804371297359e-03
1.574385096319019794e-03
1.574252266436815262e-03
1.574070076458156109e-03
1.573890214785933495e-03
1.591324340552091599e-03
1.580155570991337299e-03
1.587318722158670425e-03
1.581113785505294800e-03
1.575798261910676956e-03
1.583497622050344944e-03
1.579292118549346924e-03
1.577385817654430866e-03
1.576578826643526554e-03
1.573968329466879368e-03
1.574796973727643490e-03
1.580136013217270374e-03
1.577356713823974133e-03
1.577318180352449417e-03
1.573980902321636677e-03
1.575190923176705837e-03
1.574067049659788609e-03
1.580185606144368649e-03
1.572774257510900497e-03
1.576573122292757034e-03
1.580848125740885735e-03
1.595110632479190826e-03
1.576847163960337639e-03
1.573165529407560825e-03
1.581146963872015476e-03
1.572631299495697021e-03
1.574163557961583138e-03
1.581391901709139347e-03
1.572950743138790131e-03
1.573439338244497776e-03
1.572937937453389168e-03
1.572606386616826057e-03
1.573988934978842735e-03
1.572578796185553074e-03
1.577136805281043053e-03
1.573487999849021435e-03
1.577215385623276234e-03
1.572906970977783203e-03
1.574854017235338688e-03
1.574729918502271175e-03
1.578787108883261681e-03
1.585124409757554531e-03
1.581847551278769970e-03
1.579832285642623901e-03
1.579107600264251232e-03
1.575670205056667328e-03
1.572028500959277153e-03
1.579188276082277298e-03
1.575767877511680126e-03
1.585872611030936241e-03
1.574058318510651588e-03
1.572277746163308620e-03
1.573282061144709587e-03
1.572291133925318718e-03
1.574929337948560715e-03
1.575132366269826889e-03
1.584783080033957958e-03
1.586246653459966183e-03
1.579281524755060673e-03
1.581581076607108116e-03
1.584005891345441341e-03
1.572954119183123112e-03
1.572205685079097748e-03
1.572803128510713577e-03
1.571631291881203651e-03
1.573240035213530064e-03
1.576055074110627174e-03
1.573184505105018616e-03
1.574882073327898979e-03
1.573658082634210587e-03
1.574228284880518913e-03
1.571420114487409592e-03
1.576692913658916950e-03
1.584035460837185383e-03
1.587688573636114597e-03
1.577112358063459396e-03
1.591043896041810513e-03
1.586685888469219208e-03
1.577115152031183243e-03
1.571795437484979630e-03
1.571798697113990784e-03
1.571571687236428261e-03
1.578282564878463745e-03
1.572493463754653931e-03
1.571426750160753727e-03
1.571217784658074379e-03
1.576402224600315094e-03
1.575583592057228088e-03
1.573153655044734478e-03
1.571650500409305096e-03
1.571757602505385876e-03
1.571947825141251087e-03
1.574457273818552494e-03
1.575111877173185349e-03
1.577710732817649841e-03
1.586800673976540565e-03
1.584279350936412811e-03
1.573568442836403847e-03
1.573363668285310268e-03
1.573228859342634678e-03
1.574910129420459270e-03
1.572831301018595695e-03
1.573023851960897446e-03
1.573653891682624817e-03
1.575031084939837456e-03
1.575936097651720047e-03
1.575767411850392818e-03
1.571330358274281025e-03
1.572487060911953449e-03
1.572589506395161152e-03
1.573876594193279743e-03
1.578759402036666870e-03
1.573637942783534527e-03
1.572745037265121937e-03
1.570456544868648052e-03
1.570772146806120872e-03
1.571469590999186039e-03
1.571000670082867146e-03
1.570936408825218678e-03
1.571963890455663204e-03
1.570249092765152454e-03
1.570828957483172417e-03
1.572567736729979515e-03
1.579771633259952068e-03
1.580703421495854855e-03
1.579164410941302776e-03
1.580132404342293739e-03
1.578016090206801891e-03
1.571609405800700188e-03
1.574495225213468075e-03
1.574669498950242996e-03
1.570317428559064865e-03
1.571000670082867146e-03
1.571526052430272102e-03
1.569758751429617405e-03
1.582135679200291634e-03
1.581728225573897362e-03
1.575808040797710419e-03
1.570988562889397144e-03
1.570563996210694313e-03
1.582444179803133011e-03
1.586814993061125278e-03
1.573476358316838741e-03
1.577008981257677078e-03
1.570917316712439060e-03
1.584812067449092865e-03
1.586390426382422447e-03
1.575918868184089661e-03
1.575769623741507530e-03
1.579645904712378979e-03
1.576938782818615437e-03
1.574515132233500481e-03
1.571563072502613068e-03
1.569445710629224777e-03
1.570505090057849884e-03
1.570171909406781197e-03
1.570810447447001934e-03
1.572700683027505875e-03
1.577707706019282341e-03
1.574937370605766773e-03
1.577794784680008888e-03
1.575337140820920467e-03
1.571158994920551777e-03
1.577408751472830772e-03
1.571082510054111481e-03
1.577353104948997498e-03
1.579084200784564018e-03
1.569590531289577484e-03
1.569486805237829685e-03
1.574426190927624702e-03
1.573556452058255672e-03
1.579880132339894772e-03
1.575697329826653004e-03
1.578001538291573524e-03
1.569902407936751842e-03
1.569848740473389626e-03
1.570278545841574669e-03
1.569637679494917393e-03
1.577285816892981529e-03
1.576911075972020626e-03
1.585039193741977215e-03
1.569275278598070145e-03
1.572020701132714748e-03
1.581875607371330261e-03
1.575266942381858826e-03
1.572144217789173126e-03
1.571786939166486263e-03
1.576017006300389767e-03
1.572929671965539455e-03
1.569044659845530987e-03
1.580768381245434284e-03
1.574896043166518211e-03
1.570806605741381645e-03
1.573856920003890991e-03
1.570941531099379063e-03
1.578534604050219059e-03
1.568936160765588284e-03
1.569180865772068501e-03
1.568970852531492710e-03
1.582643715664744377e-03
1.584886456839740276e-03
1.571446890011429787e-03
1.569620682857930660e-03
1.579886768013238907e-03
1.583612523972988129e-03
1.585362013429403305e-03
1.572309876792132854e-03
1.577195711433887482e-03
1.575591391883790493e-03
1.571048866026103497e-03
1.568734878674149513e-03
1.571682281792163849e-03
1.570784486830234528e-03
1.570473774336278439e-03
1.570462831296026707e-03
1.584459794685244560e-03
1.579293399117887020e-03
1.576458103954792023e-03
1.575763337314128876e-03
1.578201889060437679e-03
1.574134919792413712e-03
1.586211496032774448e-03
1.574397319927811623e-03
1.570436987094581127e-03
1.568209845572710037e-03
1.575895119458436966e-03
1.583646982908248901e-03
1.576854847371578217e-03
1.579918200150132179e-03
1.575496396981179714e-03
1.570538501255214214e-03
1.569355488754808903e-03
1.571712782606482506e-03
1.575024100020527840e-03
1.569139887578785419e-03
1.574750873260200024e-03
1.580347190611064434e-03
1.574382768012583256e-03
1.585904043167829514e-03
1.575141912326216698e-03
1.587931415997445583e-03
1.574106747284531593e-03
1.576795591972768307e-03
1.569064450450241566e-03
1.569270039908587933e-03
1.568499486893415451e-03
1.568318693898618221e-03
1.569863059557974339e-03
1.568501465953886509e-03
1.569031155668199062e-03
1.569062354974448681e-03
1.568811596371233463e-03
1.578075578436255455e-03
1.587797654792666435e-03
1.572284265421330929e-03
1.569588202983140945e-03
1.570095657370984554e-03
1.571268658153712749e-03
1.582739409059286118e-03
1.570837222971022129e-03
1.572362845763564110e-03
1.575820730067789555e-03
1.576970680616796017e-03
1.569765387102961540e-03
1.570024178363382816e-03
1.567557454109191895e-03
1.571748172864317894e-03
1.567431027069687843e-03
1.574652967974543571e-03
1.567655825056135654e-03
1.568606239743530750e-03
1.569690066389739513e-03
1.567251980304718018e-03
1.568592269904911518e-03
1.567249419167637825e-03
1.572984503582119942e-03
1.569865504279732704e-03
1.575647154822945595e-03
1.591768115758895874e-03
1.567868515849113464e-03
1.579368370585143566e-03
1.567359315231442451e-03
1.568372710607945919e-03
1.583472243510186672e-03
1.584839425049722195e-03
1.570211607031524181e-03
1.568525447510182858e-03
1.568309147842228413e-03
1.568478648550808430e-03
1.572861452586948872e-03
1.582251279614865780e-03
1.570427091792225838e-03
1.568751875311136246e-03
1.569032785482704639e-03
1.573520014062523842e-03
1.569214160554111004e-03
1.568289124406874180e-03
1.568468636833131313e-03
1.569733605720102787e-03
1.568760024383664131e-03
1.575696747750043869e-03
1.568662235513329506e-03
1.567193889059126377e-03
1.571669941768050194e-03
1.578543218784034252e-03
1.573551096953451633e-03
1.568680163472890854e-03
1.567155472002923489e-03
1.568760024383664131e-03
1.574681955389678478e-03
1.578429946675896645e-03
1.570440828800201416e-03
1.572935143485665321e-03
1.572869834490120411e-03
1.572787063196301460e-03
1.577740069478750229e-03
1.582226366735994816e-03
1.567267696373164654e-03
1.581279910169541836e-03
1.566699706017971039e-03
1.568524865433573723e-03
1.566591439768671989e-03
1.574413152411580086e-03
1.581445569172501564e-03
1.577710849232971668e-03
1.572709414176642895e-03
1.572599983774125576e-03
1.576140522956848145e-03
1.567507977597415447e-03
1.566434279084205627e-03
1.566673046909272671e-03
1.566705061122775078e-03
1.576620037667453289e-03
1.574563328176736832e-03
1.566734979860484600e-03
1.567206578329205513e-03
1.566770137287676334e-03
1.567176776006817818e-03
1.574710826389491558e-03
1.568832667544484138e-03
1.577734947204589844e-03
1.582201337441802025e-03
1.577907474711537361e-03
1.572059933096170425e-03
1.566278748214244843e-03
1.568676088936626911e-03
1.566613442264497280e-03
1.571677974425256252e-03
1.566380844451487064e-03
1.570007298141717911e-03
1.570937572978436947e-03
1.579370349645614624e-03
1.569757936522364616e-03
1.571955741383135319e-03
1.575773349031805992e-03
1.582235447131097317e-03
1.568265841342508793e-03
1.578429131768643856e-03
1.574516762048006058e-03
1.569479121826589108e-03
1.567931845784187317e-03
1.583536504767835140e-03
1.574180205352604389e-03
1.565956510603427887e-03
1.572156324982643127e-03
1.566363032907247543e-03
1.568646170198917389e-03
1.570850959978997707e-03
1.566019724123179913e-03
1.568921958096325397e-03
1.573855406604707241e-03
1.568345003761351109e-03
1.567750587128102779e-03
1.565767684951424599e-03
1.567161176353693008e-03
1.570621854625642300e-03
1.570410327985882759e-03
1.567485625855624676e-03
1.567355706356465816e-03
1.579602831043303013e-03
1.568537671118974686e-03
1.572473673149943352e-03
1.576166250742971897e-03
1.565947663038969040e-03
1.570108812302350998e-03
1.565954065881669521e-03
1.582706696353852749e-03
1.576694776304066181e-03
1.574730267748236656e-03
1.572474255226552486e-03
1.579275820404291153e-03
1.579523785039782524e-03
1.574608730152249336e-03
1.566400867886841297e-03
1.567699364386498928e-03
1.566872815601527691e-03
1.571207074448466301e-03
1.570956199429929256e-03
1.566880615428090096e-03
1.570687047205865383e-03
1.580903423018753529e-03
1.573496614582836628e-03
1.584824058227241039e-03
1.568033709190785885e-03
1.567010302096605301e-03
1.567225437611341476e-03
1.567949424497783184e-03
1.565763377584517002e-03
1.566629623994231224e-03
1.566015183925628662e-03
1.575402799062430859e-03
1.569828367792069912e-03
1.571629429236054420e-03
1.567417057231068611e-03
1.586143975146114826e-03
1.574978698045015335e-03
1.567308441735804081e-03
1.567021943628787994e-03
1.565982820466160774e-03
1.565721700899302959e-03
1.588575891219079494e-03
1.567076891660690308e-03
1.566171413287520409e-03
1.567777828313410282e-03
1.576126669533550739e-03
1.565658720210194588e-03
1.574144931510090828e-03
1.566927996464073658e-03
1.571883447468280792e-03
1.566187595017254353e-03
1.566435443237423897e-03
1.565447775647044182e-03
1.566819497384130955e-03
1.575830276124179363e-03
1.576042152009904385e-03
1.577805727720260620e-03
1.568679232150316238e-03
1.564980484545230865e-03
1.579972449690103531e-03
1.565886894240975380e-03
1.573374145664274693e-03
1.570723368786275387e-03
1.572461333125829697e-03
1.571992994286119938e-03
1.573704183101654053e-03
1.568011706694960594e-03
1.567241968587040901e-03
1.571795670315623283e-03
1.578657887876033783e-03
1.569142448715865612e-03
1.565405516885221004e-03
1.568592153489589691e-03
1.571266329847276211e-03
1.571862376295030117e-03
1.568019040860235691e-03
1.566724386066198349e-03
1.566903083585202694e-03
1.565966173075139523e-03
1.568889827467501163e-03
1.565068843774497509e-03
1.575498492456972599e-03
1.564787467941641808e-03
1.567560830153524876e-03
1.565938815474510193e-03
1.567668048664927483e-03
1.577252987772226334e-03
1.570187159813940525e-03
1.568959443829953671e-03
1.571037224493920803e-03
1.566183287650346756e-03
1.579383620992302895e-03
1.572012435644865036e-03
1.564355567097663879e-03
1.576375565491616726e-03
1.565766870044171810e-03
1.567667583003640175e-03
1.579695614054799080e-03
1.569828484207391739e-03
1.567348488606512547e-03
1.564650330692529678e-03
1.565771526657044888e-03
1.571208704262971878e-03
1.568839652463793755e-03
1.569417538121342659e-03
1.565351500175893307e-03
1.575170317664742470e-03
1.582813449203968048e-03
1.566411694511771202e-03
1.564587815664708614e-03
1.571266679093241692e-03
1.567298895679414272e-03
1.573936198838055134e-03
1.576632843352854252e-03
1.569479936733841896e-03
1.565270358696579933e-03
1.568271778523921967e-03
1.566707040183246136e-03
1.563997822813689709e-03
1.564489677548408508e-03
1.563579775393009186e-03
1.564105739817023277e-03
1.592540182173252106e-03
1.574583817273378372e-03
1.564541365951299667e-03
1.564069418236613274e-03
1.569693209603428841e-03
1.566967926919460297e-03
1.564012491144239902e-03
1.564955455251038074e-03
1.565203187055885792e-03
1.566948136314749718e-03
1.565860351547598839e-03
1.568073406815528870e-03
1.575778936967253685e-03
1.562610734254121780e-03
1.572211389429867268e-03
1.582410419359803200e-03
1.564709004014730453e-03
1.562707824632525444e-03
1.572691253386437893e-03
1.563763245940208435e-03
1.572361681610345840e-03
1.568097155541181564e-03
1.566374325193464756e-03
1.572360051795840263e-03
1.571164815686643124e-03
1.564377569593489170e-03
1.567920902743935585e-03
1.562980469316244125e-03
1.573246554471552372e-03
1.563437050208449364e-03
1.563619822263717651e-03
1.562872086651623249e-03
1.562780584208667278e-03
1.571688801050186157e-03
1.562807941809296608e-03
1.563801546581089497e-03
1.562692457810044289e-03
1.567526021972298622e-03
1.564035774208605289e-03
1.569648040458559990e-03
1.565281883813440800e-03
1.562833436764776707e-03
1.572561566717922688e-03
1.562854391522705555e-03
1.563482219353318214e-03
1.565015525557100773e-03
1.569302519783377647e-03
1.562920049764215946e-03
1.565210288390517235e-03
1.564193633385002613e-03
1.569518935866653919e-03
1.572758774273097515e-03
1.578474999405443668e-03
1.562243560329079628e-03
1.562951249070465565e-03
1.563863479532301426e-03
1.569060143083333969e-03
1.563336001709103584e-03
1.564339967444539070e-03
1.570582739077508450e-03
1.565404818393290043e-03
1.563784899190068245e-03
1.561690820381045341e-03
1.563547994010150433e-03
1.562293153256177902e-03
1.561578945256769657e-03
1.568442326970398426e-03
1.567424507811665535e-03
1.561949495226144791e-03
1.563749276101589203e-03
1.572776935063302517e-03
1.561639364808797836e-03
1.582500757649540901e-03
1.568977488204836845e-03
1.561559503898024559e-03
1.589200575836002827e-03
1.565648592077195644e-03
1.566873863339424133e-03
1.561505137942731380e-03
1.564748934470117092e-03
1.571406377479434013e-03
1.566648017615079880e-03
1.564777572639286518e-03
1.576392212882637978e-03
1.564634963870048523e-03
1.563517609611153603e-03
1.571676810272037983e-03
1.562684308737516403e-03
1.560855074785649776e-03
1.574407564476132393e-03
1.562186749652028084e-03
1.561259618028998375e-03
1.560873584821820259e-03
1.561692915856838226e-03
1.574146444909274578e-03
1.561836223118007183e-03
1.564577687531709671e-03
1.561971497721970081e-03
1.567144179716706276e-03
1.561293611302971840e-03
1.582485972903668880e-03
1.563424244523048401e-03
1.561612705700099468e-03
1.566379913128912449e-03
1.560966484248638153e-03
1.563369412906467915e-03
1.562671037390828133e-03
1.561308978125452995e-03
1.577049843035638332e-03
1.561065786518156528e-03
1.560455420985817909e-03
1.577630755491554737e-03
1.565655576996505260e-03
1.561389071866869926e-03
1.569072017446160316e-03
1.565784215927124023e-03
1.564484555274248123e-03
1.562806079164147377e-03
1.569789717905223370e-03
1.561673940159380436e-03
1.568159437738358974e-03
1.563653233461081982e-03
1.560295582748949528e-03
1.567593310028314590e-03
1.564234727993607521e-03
1.560974400490522385e-03
1.566937542520463467e-03
1.575853442773222923e-03
1.565203070640563965e-03
1.570077845826745033e-03
1.573532470501959324e-03
1.572314999066293240e-03
1.568383187986910343e-03
1.560122007504105568e-03
1.568083418533205986e-03
1.561151584610342979e-03
1.566980150528252125e-03
1.561248325742781162e-03
1.562748337164521217e-03
1.562780002132058144e-03
1.566241029649972916e-03
1.562833436764776707e-03
1.564253936521708965e-03
1.560175907798111439e-03
1.574302557855844498e-03
1.566922524943947792e-03
1.565048703923821449e-03
1.560254138894379139e-03
1.563009805977344513e-03
1.559842261485755444e-03
1.560699427500367165e-03
1.561604789458215237e-03
1.561683951877057552e-03
1.559750526212155819e-03
1.564411330036818981e-03
1.560839824378490448e-03
1.573794754222035408e-03
1.561172306537628174e-03
1.566747901961207390e-03
1.561556942760944366e-03
1.571690430864691734e-03
1.561249955557286739e-03
1.564015983603894711e-03
1.562733785249292850e-03
1.563439494930207729e-03
1.570656779222190380e-03
1.568192499689757824e-03
1.562564633786678314e-03
1.564183039590716362e-03
1.559824566356837749e-03
1.602068659849464893e-03
1.565674552693963051e-03
1.561519457027316093e-03
1.560459844768047333e-03
1.559600816108286381e-03
1.559587428346276283e-03
1.560158096253871918e-03
1.566896215081214905e-03
1.560021308250725269e-03
1.568267471157014370e-03
1.559247728437185287e-03
1.569780753925442696e-03
1.568961655721068382e-03
1.559826429001986980e-03
1.571527682244777679e-03
1.561805722303688526e-03
1.563519588671624660e-03
1.571606379002332687e-03
1.562134712003171444e-03
1.565468381159007549e-03
1.563458587042987347e-03
1.570864464156329632e-03
1.560094067826867104e-03
1.561855315230786800e-03
1.562424586154520512e-03
1.560474396683275700e-03
1.585070742294192314e-03
1.564007485285401344e-03
1.563200377859175205e-03
1.568424748256802559e-03
1.560954493470489979e-03
1.561317709274590015e-03
1.574998605065047741e-03
1.563632977195084095e-03
1.560952165164053440e-03
1.564648700878024101e-03
1.566536258906126022e-03
1.577568240463733673e-03
1.568410662002861500e-03
1.563159050419926643e-03
1.559791737236082554e-03
1.560698030516505241e-03
1.560934935696423054e-03
1.559741562232375145e-03
1.559022115543484688e-03
1.584996934980154037e-03
1.558924908749759197e-03
1.562029588967561722e-03
1.564759528264403343e-03
1.563702593557536602e-03
1.559321302920579910e-03
1.563323894515633583e-03
1.558988587930798531e-03
1.574703957885503769e-03
1.560552045702934265e-03
1.558574149385094643e-03
1.560070668347179890e-03
1.567724626511335373e-03
1.559585449285805225e-03
1.563102123327553272e-03
1.567956293001770973e-03
1.569084939546883106e-03
1.564646721817553043e-03
1.569956308230757713e-03
1.562386052682995796e-03
1.558565185405313969e-03
1.558794756419956684e-03
1.578534836880862713e-03
1.566264196299016476e-03
1.558431540615856647e-03
1.560951932333409786e-03
1.564583275467157364e-03
1.558534335345029831e-03
1.574093825183808804e-03
1.565396320074796677e-03
1.558641088195145130e-03
1.562004094012081623e-03
1.562833786010742188e-03
1.559173455461859703e-03
1.564619597047567368e-03
1.560845877975225449e-03
1.559181953780353069e-03
1.559342956170439720e-03
1.561117824167013168e-03
1.560700358822941780e-03
1.558941323310136795e-03
1.563828787766396999e-03
1.566973049193620682e-03
1.560704200528562069e-03
1.558417337946593761e-03
1.559859840199351311e-03
1.558464020490646362e-03
1.558434334583580494e-03
1.559180207550525665e-03
1.566109829582273960e-03
1.562925986945629120e-03
1.558791846036911011e-03
1.559480093419551849e-03
1.564853009767830372e-03
1.573504065163433552e-03
1.559709664434194565e-03
1.561764744110405445e-03
1.564178965054452419e-03
1.567575032822787762e-03
1.560632255859673023e-03
1.558693475089967251e-03
1.559386379085481167e-03
1.559195225127041340e-03
1.560983946546912193e-03
1.560103148221969604e-03
1.559882774017751217e-03
1.569335698150098324e-03
1.567831146530807018e-03
1.557771931402385235e-03
1.574029098264873028e-03
1.565863494761288166e-03
1.558292424306273460e-03
1.568520325236022472e-03
1.559241791255772114e-03
1.558636897243559361e-03
1.558757736347615719e-03
1.570426858961582184e-03
1.559671596623957157e-03
1.559835509397089481e-03
1.565022161230444908e-03
1.559785567224025726e-03
1.560983364470303059e-03
1.562913996167480946e-03
1.557527459226548672e-03
1.557519659399986267e-03
1.557808835059404373e-03
1.557884039357304573e-03
1.560832024551928043e-03
1.564225880429148674e-03
1.564059755764901638e-03
1.559574855491518974e-03
1.563194673508405685e-03
1.572504756040871143e-03
1.558025251142680645e-03
1.557499286718666553e-03
1.579108997248113155e-03
1.563284778967499733e-03
1.563034486025571823e-03
1.567099476233124733e-03
1.562524703331291676e-03
1.559755532070994377e-03
1.557486015371978283e-03
1.571171567775309086e-03
1.558324205689132214e-03
1.577484654262661934e-03
1.557196141220629215e-03
1.558690215460956097e-03
1.580304815433919430e-03
1.562026329338550568e-03
1.557242358103394508e-03
1.559377880766987801e-03
1.561248209327459335e-03
1.560603850521147251e-03
1.558364601805806160e-03
1.571828266605734825e-03
1.559715368784964085e-03
1.557570300064980984e-03
1.563447527587413788e-03
1.559605938382446766e-03
1.559331431053578854e-03
1.561783137731254101e-03
1.559660304337739944e-03
1.562410499900579453e-03
1.560703967697918415e-03
1.570381456986069679e-03
1.559858093969523907e-03
1.560914795845746994e-03
1.562366494908928871e-03
1.560945762321352959e-03
1.558334683068096638e-03
1.565345330163836479e-03
1.560620265081524849e-03
1.558045507408678532e-03
1.557083800435066223e-03
1.583012752234935760e-03
1.558040152303874493e-03
1.564271864481270313e-03
1.557283219881355762e-03
1.559110358357429504e-03
1.559447031468153000e-03
1.557352254167199135e-03
1.557591953314840794e-03
1.565137878060340881e-03
1.556927454657852650e-03
1.556739443913102150e-03
1.557608135044574738e-03
1.559214550070464611e-03
1.557533047161996365e-03
1.565908314660191536e-03
1.562308403663337231e-03
1.556686009280383587e-03
1.556548522785305977e-03
1.561001990921795368e-03
1.556723378598690033e-03
1.563424128107726574e-03
1.562585588544607162e-03
1.558098243549466133e-03
1.559150987304747105e-03
1.559526193886995316e-03
1.563378726132214069e-03
1.560125267133116722e-03
1.561737386509776115e-03
1.562870806083083153e-03
1.558709307573735714e-03
1.558264484629034996e-03
1.557599403895437717e-03
1.564917503856122494e-03
1.557156676426529884e-03
1.557271229103207588e-03
1.558467862196266651e-03
1.556257950142025948e-03
1.566195045597851276e-03
1.573320478200912476e-03
1.556314295157790184e-03
1.564218313433229923e-03
1.561415614560246468e-03
1.556522329337894917e-03
1.556056551635265350e-03
1.559030730277299881e-03
1.556251430884003639e-03
1.565000391565263271e-03
1.556832809001207352e-03
1.563470694236457348e-03
1.557489158585667610e-03
1.569765852764248848e-03
1.556009054183959961e-03
1.571825123392045498e-03
1.557391718961298466e-03
1.556073431856930256e-03
1.558845047838985920e-03
1.566312508657574654e-03
1.556003699079155922e-03
1.562665100209414959e-03
1.558683346956968307e-03
1.561272074468433857e-03
1.559115480631589890e-03
1.557394745759665966e-03
1.556308241561055183e-03
1.558007556013762951e-03
1.562973717227578163e-03
1.560156932100653648e-03
1.557339099235832691e-03
1.577839022502303123e-03
1.557614770717918873e-03
1.556608593091368675e-03
1.563756261020898819e-03
1.559812924824655056e-03
1.556369825266301632e-03
1.568365260027348995e-03
1.556051080115139484e-03
1.559928292408585548e-03
1.556270406581461430e-03
1.557330368086695671e-03
1.557151321321725845e-03
1.557514537125825882e-03
1.562576042488217354e-03
1.561101991683244705e-03
1.556686009280383587e-03
1.564560225233435631e-03
1.558014075271785259e-03
1.560075674206018448e-03
1.561807352118194103e-03
1.555813709273934364e-03
1.558639691211283207e-03
1.561459735967218876e-03
1.557800802402198315e-03
1.555755618028342724e-03
1.573511050082743168e-03
1.555605791509151459e-03
1.555832684971392155e-03
1.556860865093767643e-03
1.558915828354656696e-03
1.557582407258450985e-03
1.566819380968809128e-03
1.571109401993453503e-03
1.559750759042799473e-03
1.555585768073797226e-03
1.557006849907338619e-03
1.563506084494292736e-03
1.556513365358114243e-03
1.558260177262127399e-03
1.555049093440175056e-03
1.559791387990117073e-03
1.554948161356151104e-03
1.562281511723995209e-03
1.556019415147602558e-03
1.562592107802629471e-03
1.557760173454880714e-03
1.554947113618254662e-03
1.563623314723372459e-03
1.563365687616169453e-03
1.557057374157011509e-03
1.556108822114765644e-03
1.555855735205113888e-03
1.554866321384906769e-03
1.556730479933321476e-03
1.554622082039713860e-03
1.573465648107230663e-03
1.555074122734367847e-03
1.571651664562523365e-03
1.558497431688010693e-03
1.556756789796054363e-03
1.555907772853970528e-03
1.564062898978590965e-03
1.555155497044324875e-03
1.560563221573829651e-03
1.558838179334998131e-03
1.555618480779230595e-03
1.569838146679103374e-03
1.555120572447776794e-03
1.555684022605419159e-03
1.564143807627260685e-03
1.554584596306085587e-03
1.555586932227015495e-03
1.555217662826180458e-03
1.557749696075916290e-03
1.567938714288175106e-03
1.569061423651874065e-03
1.554683316498994827e-03
1.559110591188073158e-03
1.565653481520712376e-03
1.556469476781785488e-03
1.557377050630748272e-03
1.557894516736268997e-03
1.554421382024884224e-03
1.559505355544388294e-03
1.554390531964600086e-03
1.562618650496006012e-03
1.566047314554452896e-03
1.563302357681095600e-03
1.558675197884440422e-03
1.559741562232375145e-03
1.557964133098721504e-03
1.556124887429177761e-03
1.554373768158257008e-03
1.556943752802908421e-03
1.554659800603985786e-03
1.564492471516132355e-03
1.556982053443789482e-03
1.567391096614301205e-03
1.556390197947621346e-03
1.556751434691250324e-03
1.554368995130062103e-03
1.558955176733434200e-03
1.558405347168445587e-03
1.566442078910768032e-03
1.564647187478840351e-03
1.555863185785710812e-03
1.555658644065260887e-03
1.563784433528780937e-03
1.561146229505538940e-03
1.554154790937900543e-03
1.564140431582927704e-03
1.557477284222841263e-03
1.553671085275709629e-03
1.568151288665831089e-03
1.555596478283405304e-03
1.556186936795711517e-03
1.564475707709789276e-03
1.563838333822786808e-03
1.557718496769666672e-03
1.562110264785587788e-03
1.554960967041552067e-03
1.558112446218729019e-03
1.558173098601400852e-03
1.560673117637634277e-03
1.557187177240848541e-03
1.556090661324560642e-03
1.556567149236798286e-03
1.554956194013357162e-03
1.554356305859982967e-03
1.559778582304716110e-03
1.556474599055945873e-03
1.562210614793002605e-03
1.558305346406996250e-03
1.554288784973323345e-03
1.559480675496160984e-03
1.554346992634236813e-03
1.561041804961860180e-03
1.553723472170531750e-03
1.559444935992360115e-03
1.555214985273778439e-03
1.566644059494137764e-03
1.557662966661155224e-03
1.558804302476346493e-03
1.553536392748355865e-03
1.556548639200627804e-03
1.559985335916280746e-03
1.553566195070743561e-03
1.577274058945477009e-03
1.559647847898304462e-03
1.560167060233652592e-03
1.553413341753184795e-03
1.571414759382605553e-03
1.558799762278795242e-03
1.562794088385999203e-03
1.555538852699100971e-03
1.563438330776989460e-03
1.553991809487342834e-03
1.562927733175456524e-03
1.553499372676014900e-03
1.552810426801443100e-03
1.554286922328174114e-03
1.564684207551181316e-03
1.561530982144176960e-03
1.565831713378429413e-03
1.559515483677387238e-03
1.553995884023606777e-03
1.556065864861011505e-03
1.557401381433010101e-03
1.556810108013451099e-03
1.554120564833283424e-03
1.552826026454567909e-03
1.557554816827178001e-03
1.571180648170411587e-03
1.553624984808266163e-03
1.552629983052611351e-03
1.560795004479587078e-03
1.560029573738574982e-03
1.553914276883006096e-03
1.554462825879454613e-03
1.557248993776738644e-03
1.556963426992297173e-03
1.555166440084576607e-03
1.552632660605013371e-03
1.558839692734181881e-03
1.557296840474009514e-03
1.555071794427931309e-03
1.552151516079902649e-03
1.564243808388710022e-03
1.556350849568843842e-03
1.554129994474351406e-03
1.554923364892601967e-03
1.553521840833127499e-03
1.553001231513917446e-03
1.558503718115389347e-03
1.553580048494040966e-03
1.552368514239788055e-03
1.564461854286491871e-03
1.563895959407091141e-03
1.556898816488683224e-03
1.553426613099873066e-03
1.559255528263747692e-03
1.554978895001113415e-03
1.560583128593862057e-03
1.553824520669877529e-03
1.570926862768828869e-03
1.558220130391418934e-03
1.554168295115232468e-03
1.552407513372600079e-03
1.569846062920987606e-03
1.563293975777924061e-03
1.551718334667384624e-03
1.557584037072956562e-03
1.554084592498838902e-03
1.551222288981080055e-03
1.554410671815276146e-03
1.558842137455940247e-03
1.550960354506969452e-03
1.550234737806022167e-03
1.560489530675113201e-03
1.551175606437027454e-03
1.555379014462232590e-03
1.549807144328951836e-03
1.550460932776331902e-03
1.576304552145302296e-03
1.551082707010209560e-03
1.549837645143270493e-03
1.550934743136167526e-03
1.549067324958741665e-03
1.549732405692338943e-03
1.549967448227107525e-03
1.548542524687945843e-03
1.556840143166482449e-03
1.551944646053016186e-03
1.555715221911668777e-03
1.551196677610278130e-03
1.547952066175639629e-03
1.551423221826553345e-03
1.547753345221281052e-03
1.564456382766366005e-03
1.557978801429271698e-03
1.553464564494788647e-03
1.554444781504571438e-03
1.552957808598875999e-03
1.548697473481297493e-03
1.547606894746422768e-03
1.550060813315212727e-03
1.564952661283314228e-03
1.553881913423538208e-03
1.546901767142117023e-03
1.552251982502639294e-03
1.547118998132646084e-03
1.556740491650998592e-03
1.568390522152185440e-03
1.547079766169190407e-03
1.544670551083981991e-03
1.550552202388644218e-03
1.549477688968181610e-03
1.549456501379609108e-03
1.545667997561395168e-03
1.545266830362379551e-03
1.543121878057718277e-03
1.546257990412414074e-03
1.544603146612644196e-03
1.545432489365339279e-03
1.549258711747825146e-03
1.551141729578375816e-03
1.551180030219256878e-03
1.549881882965564728e-03
1.550287008285522461e-03
1.544997794553637505e-03
1.543103368021547794e-03
1.550205051898956299e-03
1.545071369037032127e-03
1.542366808280348778e-03
1.575846457853913307e-03
1.541779143735766411e-03
1.541743986308574677e-03
1.541044795885682106e-03
1.553059672005474567e-03
1.542412908747792244e-03
1.539779710583388805e-03
1.559674856252968311e-03
1.543292426504194736e-03
1.543249236419796944e-03
1.538899377919733524e-03
1.544115832075476646e-03
1.543866237625479698e-03
1.542203128337860107e-03
1.542436424642801285e-03
1.544010010547935963e-03
1.539006829261779785e-03
1.554384012706577778e-03
1.545256120152771473e-03
1.540633500553667545e-03
1.538565382361412048e-03
1.545152976177632809e-03
1.543670194223523140e-03
1.537185860797762871e-03
1.549202133901417255e-03
1.544720260426402092e-03
1.537583535537123680e-03
1.537404255941510201e-03
1.538404147140681744e-03
1.545647741295397282e-03
1.537194591946899891e-03
1.545697101391851902e-03
1.540513010695576668e-03
1.541069708764553070e-03
1.536099822260439396e-03
1.542811864055693150e-03
1.539450604468584061e-03
1.545804552733898163e-03
1.535778166726231575e-03
1.535398419946432114e-03
1.536489930003881454e-03
1.535645686089992523e-03
1.536554307676851749e-03
1.535180956125259399e-03
1.540069933980703354e-03
1.549658132717013359e-03
1.535274437628686428e-03
1.544741797260940075e-03
1.547284307889640331e-03
1.534869195893406868e-03
1.537239877507090569e-03
1.536926254630088806e-03
1.539947232231497765e-03
1.534574548713862896e-03
1.543303602375090122e-03
1.546165090985596180e-03
1.536052906885743141e-03
1.533859525807201862e-03
1.550993067212402821e-03
1.537662581540644169e-03
1.534263952635228634e-03
1.538757234811782837e-03
1.533762784674763680e-03
1.536934636533260345e-03
1.535729737952351570e-03
1.536484924145042896e-03
1.542663201689720154e-03
1.534514711238443851e-03
1.536466181278228760e-03
1.533686183393001556e-03
1.534291892312467098e-03
1.546375220641493797e-03
1.533499220386147499e-03
1.541761797852814198e-03
1.541168545372784138e-03
1.537187374196946621e-03
1.546232611872255802e-03
1.542517216876149178e-03
1.538048847578465939e-03
1.535937073640525341e-03
1.536504132673144341e-03
1.533498172648251057e-03
1.541269593872129917e-03
1.548094325698912144e-03
1.532990252599120140e-03
1.531933317892253399e-03
1.534790382720530033e-03
1.545441919006407261e-03
1.536505646072328091e-03
1.533143105916678905e-03
1.537831034511327744e-03
1.531705958768725395e-03
1.551771420054137707e-03
1.532472088001668453e-03
1.535129034891724586e-03
1.531168119981884956e-03
1.551896100863814354e-03
1.538740238174796104e-03
1.546511542983353138e-03
1.541694742627441883e-03
1.533163827843964100e-03
1.535208313725888729e-03
1.531804562546312809e-03
1.548801898024976254e-03
1.534019480459392071e-03
1.531925750896334648e-03
1.530878245830535889e-03
1.536808791570365429e-03
1.537468284368515015e-03
1.533590140752494335e-03
1.534679671749472618e-03
1.532564056105911732e-03
1.535491319373250008e-03
1.535526243969798088e-03
1.530973822809755802e-03
1.530675101093947887e-03
1.533461967483162880e-03
1.540916739031672478e-03
1.534294802695512772e-03
1.531598856672644615e-03
1.543342368677258492e-03
1.537171192467212677e-03
1.534339506179094315e-03
1.533577451482415199e-03
1.538771903142333031e-03
1.684721675701439381e-03
1.676941290497779846e-03
1.670586760155856609e-03
1.669391756877303123e-03
1.668104552663862705e-03
1.666777767241001129e-03
1.665451214648783207e-03
1.664118142798542976e-03
1.663037110120058060e-03
1.662113121710717678e-03
1.661302871070802212e-03
1.660658977925777435e-03
1.660167705267667770e-03
1.686543226242065430e-03
1.662937924265861511e-03
1.659854082390666008e-03
1.658929162658751011e-03
1.665606279857456684e-03
1.664872281253337860e-03
1.659971778281033039e-03
1.660001929849386215e-03
1.662054564803838730e-03
1.661389134824275970e-03
1.658485387451946735e-03
1.657391665503382683e-03
1.658706576563417912e-03
1.657668268308043480e-03
1.763532985933125019e-03
1.672954531386494637e-03
1.666177529841661453e-03
1.664219773374497890e-03
1.662613591179251671e-03
1.661494956351816654e-03
1.660811249166727066e-03
1.660336973145604134e-03
1.659999019466340542e-03
1.659700763411819935e-03
1.659451401792466640e-03
1.659236149862408638e-03
1.659028581343591213e-03
1.658845809288322926e-03
1.658675959333777428e-03
1.658513559959828854e-03
1.658357330597937107e-03
1.658193301409482956e-03
1.658071880228817463e-03
1.657868153415620327e-03
1.657652202993631363e-03
1.657506567426025867e-03
1.657378743402659893e-03
1.657307730056345463e-03
1.657146029174327850e-03
1.657004933804273605e-03
1.656887005083262920e-03
1.656770822592079639e-03
1.656705047935247421e-03
1.657942542806267738e-03
1.661223592236638069e-03
1.656632986851036549e-03
1.660824753344058990e-03
1.668928307481110096e-03
1.657814020290970802e-03
1.656613079831004143e-03
1.656651613302528858e-03
1.662529655732214451e-03
1.661070156842470169e-03
1.655470812693238258e-03
1.663275295868515968e-03
1.662261784076690674e-03
1.656270935200154781e-03
1.656920416280627251e-03
1.656690146774053574e-03
1.657025888562202454e-03
1.658786903135478497e-03
1.656046602874994278e-03
1.655833912082016468e-03
1.654844265431165695e-03
1.659360481426119804e-03
1.654385705478489399e-03
1.656351028941571712e-03
1.661248388700187206e-03
1.654181978665292263e-03
1.660563866607844830e-03
1.654119463637471199e-03
1.653813524171710014e-03
1.711079734377563000e-03
1.659132190980017185e-03
1.653677318245172501e-03
1.653734710998833179e-03
1.653576269745826721e-03
1.656574197113513947e-03
1.655437052249908447e-03
1.653257291764020920e-03
1.690624980255961418e-03
1.657002605497837067e-03
1.653276383876800537e-03
1.653618062846362591e-03
1.653109327889978886e-03
1.658223336562514305e-03
1.663254923187196255e-03
1.652967068366706371e-03
1.652768696658313274e-03
1.658313325606286526e-03
1.663847477175295353e-03
1.652446459047496319e-03
1.653291867114603519e-03
1.657789573073387146e-03
1.652936567552387714e-03
1.669933437369763851e-03
1.653373474255204201e-03
1.654601190239191055e-03
1.655021682381629944e-03
1.659693312831223011e-03
1.651986502110958099e-03
1.655379077419638634e-03
1.656651264056563377e-03
1.656079781241714954e-03
1.651691738516092300e-03
1.663193106651306152e-03
1.657604007050395012e-03
1.654571155086159706e-03
1.652551465667784214e-03
1.660730689764022827e-03
1.651162281632423401e-03
1.666045514866709709e-03
1.655638101510703564e-03
1.651289174333214760e-03
1.673606457188725471e-03
1.653040875680744648e-03
1.650717458687722683e-03
1.651986269280314445e-03
1.654626801609992981e-03
1.653207698836922646e-03
1.653348910622298717e-03
1.653595711104571819e-03
1.652444945648312569e-03
1.650764024816453457e-03
1.651789993047714233e-03
1.651160418987274170e-03
1.662193797528743744e-03
1.651157857850193977e-03
1.656143576838076115e-03
1.650557271204888821e-03
1.653931569308042526e-03
1.649783225730061531e-03
1.654362771660089493e-03
1.649819547310471535e-03
1.677888445556163788e-03
1.649558544158935547e-03
1.651138649322092533e-03
1.649382524192333221e-03
1.657994580455124378e-03
1.655899919569492340e-03
1.651330501772463322e-03
1.651905360631644726e-03
1.649678801186382771e-03
1.655284897424280643e-03
1.656721462495625019e-03
1.649119891226291656e-03
1.664543873630464077e-03
1.653825864195823669e-03
1.651884056627750397e-03
1.649732119403779507e-03
1.656285254284739494e-03
1.648676814511418343e-03
1.655426225624978542e-03
1.648841425776481628e-03
1.666822587139904499e-03
1.654147054068744183e-03
1.650477526709437370e-03
1.656623440794646740e-03
1.648249570280313492e-03
1.659188768826425076e-03
1.654933905228972435e-03
1.649923506192862988e-03
1.650940277613699436e-03
1.655447762459516525e-03
1.647952944040298462e-03
1.661909394897520542e-03
1.651692320592701435e-03
1.650567399337887764e-03
1.655456260778009892e-03
1.647779950872063637e-03
1.669028773903846741e-03
1.653054030612111092e-03
1.649952027946710587e-03
1.650757156312465668e-03
1.648050616495311260e-03
1.655350439250469208e-03
1.647842931561172009e-03
1.653691288083791733e-03
1.651031430810689926e-03
1.648411853238940239e-03
1.653876272030174732e-03
1.647329074330627918e-03
1.655771979130804539e-03
1.647942350246012211e-03
1.651023048907518387e-03
1.653153565712273121e-03
1.647059572860598564e-03
1.667182892560958862e-03
1.648919424042105675e-03
1.647883560508489609e-03
1.657051034271717072e-03
1.648669247515499592e-03
1.650840509682893753e-03
1.648245961405336857e-03
1.649856334552168846e-03
1.651609549298882484e-03
1.648841076530516148e-03
1.652522478252649307e-03
1.654595718719065189e-03
1.647215452976524830e-03
1.651893602684140205e-03
1.648498116992413998e-03
1.652908511459827423e-03
1.647551660425961018e-03
1.650996739044785500e-03
1.651438651606440544e-03
1.646400080062448978e-03
1.661095418967306614e-03
1.651692553423345089e-03
1.646972261369228363e-03
1.648200559429824352e-03
1.650145277380943298e-03
1.651464961469173431e-03
1.648621866479516029e-03
1.647634897381067276e-03
1.650171470828354359e-03
1.645806129090487957e-03
1.672416809014976025e-03
1.647750847041606903e-03
1.645719865337014198e-03
1.646899036131799221e-03
1.661172835156321526e-03
1.650861348025500774e-03
1.645683660171926022e-03
1.666174270212650299e-03
1.649095094762742519e-03
1.647010794840753078e-03
1.648902427405118942e-03
1.648791832849383354e-03
1.645779935643076897e-03
1.663471222855150700e-03
1.646527438424527645e-03
1.647276221774518490e-03
1.652696984820067883e-03
1.645488082431256771e-03
1.665971358306705952e-03
1.648354693315923214e-03
1.647703116759657860e-03
1.647329307161271572e-03
1.654882566072046757e-03
1.645034411922097206e-03
1.656079664826393127e-03
1.647812081500887871e-03
1.645067706704139709e-03
1.651811529882252216e-03
1.653328421525657177e-03
1.645294134505093098e-03
1.644955831579864025e-03
1.644908916205167770e-03
1.658481894992291927e-03
1.646981341764330864e-03
1.645591109991073608e-03
1.644670614041388035e-03
1.647266675718128681e-03
1.648148521780967712e-03
1.649414771236479282e-03
1.645064912736415863e-03
1.666785334236919880e-03
1.646044547669589520e-03
1.644988777115941048e-03
1.644756644964218140e-03
1.665960648097097874e-03
1.645085518248379230e-03
1.644624280743300915e-03
1.646010554395616055e-03
1.650842954404652119e-03
1.646723481826484203e-03
1.645828364416956902e-03
1.646839897148311138e-03
1.644433941692113876e-03
1.644460018724203110e-03
1.665617572143673897e-03
1.646826509386301041e-03
1.644097268581390381e-03
1.644370262511074543e-03
1.669149729423224926e-03
1.644204137846827507e-03
1.644488889724016190e-03
1.645340933464467525e-03
1.652524690143764019e-03
1.648579025641083717e-03
1.643972704187035561e-03
1.670247991569340229e-03
1.643910189159214497e-03
1.644157804548740387e-03
1.644693897105753422e-03
1.651819562539458275e-03
1.644938020035624504e-03
1.645460608415305614e-03
1.650017919018864632e-03
1.645038602873682976e-03
1.643894589506089687e-03
1.652107923291623592e-03
1.647053868509829044e-03
1.644431264139711857e-03
1.644504140131175518e-03
1.647810684517025948e-03
1.645347219891846180e-03
1.644925214350223541e-03
1.643670955672860146e-03
1.645387266762554646e-03
1.643530442379415035e-03
1.656756736338138580e-03
1.648622797802090645e-03
1.646322780288755894e-03
1.645025564357638359e-03
1.654191873967647552e-03
1.644505653530359268e-03
1.644216128624975681e-03
1.648146542720496655e-03
1.644179923459887505e-03
1.643123920075595379e-03
1.656423904933035374e-03
1.647540018893778324e-03
1.643746509216725826e-03
1.655604923143982887e-03
1.647964469157159328e-03
1.643214025534689426e-03
1.658263732679188251e-03
1.647299388423562050e-03
1.643776660785079002e-03
1.883235643617808819e-03
1.760785235092043877e-03
1.718076295219361782e-03
1.706184120848774910e-03
1.699194312095642090e-03
1.695645041763782501e-03
1.693320577032864094e-03
1.691543147899210453e-03
1.689857454039156437e-03
1.686488278210163116e-03
1.684200949966907501e-03
1.681579509750008583e-03
1.674450468271970749e-03
1.667821896262466908e-03
1.664642244577407837e-03
1.662626978941261768e-03
1.661183545365929604e-03
1.660235924646258354e-03
1.659595989622175694e-03
1.659107510931789875e-03
1.658701337873935699e-03
1.658378983847796917e-03
1.658027409575879574e-03
1.657771295867860317e-03
1.657526008784770966e-03
1.657319255173206329e-03
1.657104119658470154e-03
1.656930078752338886e-03
1.656702952459454536e-03
1.656534499488770962e-03
1.656405744142830372e-03
1.656276988796889782e-03
1.656052307225763798e-03
1.655895961448550224e-03
1.655790139921009541e-03
1.655594562180340290e-03
1.655493164435029030e-03
1.655296655371785164e-03
1.655407715588808060e-03
1.655239029787480831e-03
1.655065338127315044e-03
1.654830179177224636e-03
1.654877793043851852e-03
1.654620748013257980e-03
1.664461451582610607e-03
1.665019197389483452e-03
