3.989052493125200272e-03
2.138469833880662918e-03
1.980740344151854515e-03
1.949422992765903473e-03
1.941992668434977531e-03
1.939997076988220215e-03
1.938869827426970005e-03
1.938042347319424152e-03
1.936728600412607193e-03
1.934859785251319408e-03
1.933511346578598022e-03
1.932385726831853390e-03
1.931433100253343582e-03
1.930631813593208790e-03
1.929891877807676792e-03
1.929205260239541531e-03
1.928551006130874157e-03
1.927856355905532837e-03
1.927008735947310925e-03
1.926198368892073631e-03
1.925333519466221333e-03
1.924415351822972298e-03
1.923447707667946815e-03
1.922453986480832100e-03
1.921471790410578251e-03
1.920473412610590458e-03
1.919427071698009968e-03
1.918308204039931297e-03
1.917150104418396950e-03
1.915928442031145096e-03
1.914642634801566601e-03
1.913298387080430984e-03
1.911891158670186996e-03
1.910420600324869156e-03
1.908882521092891693e-03
1.907211495563387871e-03
1.905186218209564686e-03
1.902425661683082581e-03
1.899584312923252583e-03
1.896448084153234959e-03
1.893930369988083839e-03
1.892033731564879417e-03
1.890208339318633080e-03
1.888455706648528576e-03
1.886655809357762337e-03
1.884940895251929760e-03
1.883673015981912613e-03
1.881770673207938671e-03
1.879891147837042809e-03
1.878436654806137085e-03
1.876586116850376129e-03
1.875261310487985611e-03
1.875736401416361332e-03
1.872478867881000042e-03
1.871205633506178856e-03
1.869576983153820038e-03
1.868124352768063545e-03
1.866878475993871689e-03
1.865510945208370686e-03
1.864062040112912655e-03
1.864307792857289314e-03
1.861685654148459435e-03
1.861084369011223316e-03
1.858793431892991066e-03
1.857716357335448265e-03
1.856798073276877403e-03
1.856890041381120682e-03
1.853579655289649963e-03
1.853123074397444725e-03
1.852040761150419712e-03
1.849466236308217049e-03
1.847021980211138725e-03
1.846395665779709816e-03
1.845238846726715565e-03
1.841153833083808422e-03
1.841039280407130718e-03
1.837440067902207375e-03
1.835465198382735252e-03
1.835891278460621834e-03
1.832435955293476582e-03
1.831246190704405308e-03
1.827835454605519772e-03
1.825546962209045887e-03
1.822017598897218704e-03
1.821285579353570938e-03
1.818339922465384007e-03
1.815773779526352882e-03
1.818397431634366512e-03
1.811758149415254593e-03
1.810563611797988415e-03
1.809401903301477432e-03
1.806365209631621838e-03
1.804765663109719753e-03
1.802202197723090649e-03
1.803641440346837044e-03
1.800349215045571327e-03
1.796004013158380985e-03
1.793121336959302425e-03
1.789031201042234898e-03
1.786238863132894039e-03
1.783714629709720612e-03
1.781462808139622211e-03
1.778603298589587212e-03
1.775519340299069881e-03
1.772355986759066582e-03
1.769320690073072910e-03
1.766982953995466232e-03
1.766545814462006092e-03
1.763879787176847458e-03
1.759608974680304527e-03
1.762504107318818569e-03
1.758702797815203667e-03
1.757015939801931381e-03
1.753749442286789417e-03
1.750760246068239212e-03
1.745282672345638275e-03
1.742357970215380192e-03
1.746369642205536366e-03
1.739327795803546906e-03
1.739371451549232006e-03
1.732695382088422775e-03
1.729689887724816799e-03
1.736019621603190899e-03
1.728971023112535477e-03
1.724213361740112305e-03
1.721666310913860798e-03
1.721433945931494236e-03
1.717732404358685017e-03
1.719330786727368832e-03
1.712414901703596115e-03
1.711874734610319138e-03
1.708633033558726311e-03
1.709718257188796997e-03
1.710657612420618534e-03
1.705724629573523998e-03
1.716322847642004490e-03
1.711322111077606678e-03
1.705750008113682270e-03
1.699134823866188526e-03
1.696144579909741879e-03
1.693428377620875835e-03
1.690787496045231819e-03
1.699993503279983997e-03
1.693393802270293236e-03
1.688585616648197174e-03
1.695348182693123817e-03
1.685341354459524155e-03
1.684957416728138924e-03
1.676979358308017254e-03
1.688110525719821453e-03
1.678069587796926498e-03
1.669539953581988811e-03
1.668518409132957458e-03
1.667674165219068527e-03
1.660092151723802090e-03
1.660058973357081413e-03
1.656563952565193176e-03
1.660391571931540966e-03
1.667094416916370392e-03
1.649594283662736416e-03
1.654416439123451710e-03
1.647184719331562519e-03
1.645775162614881992e-03
1.646087039262056351e-03
1.652407809160649776e-03
1.644229865632951260e-03
1.630037324503064156e-03
1.630560262128710747e-03
1.633647480048239231e-03
1.630673417821526527e-03
1.638270914554595947e-03
1.628503901883959770e-03
1.621582196094095707e-03
1.622434239834547043e-03
1.619350165128707886e-03
1.616885769180953503e-03
1.623234362341463566e-03
1.625507720746099949e-03
1.625163364224135876e-03
1.612332067452371120e-03
1.625048462301492691e-03
1.617307774722576141e-03
1.622751588001847267e-03
1.610616105608642101e-03
1.606810372322797775e-03
1.615337096154689789e-03
1.615938148461282253e-03
1.604186953045427799e-03
1.619634567759931087e-03
1.602482167072594166e-03
1.605179510079324245e-03
1.600142451934516430e-03
1.598474453203380108e-03
1.597419846802949905e-03
1.596101559698581696e-03
1.626001903787255287e-03
1.600913237780332565e-03
1.595144160091876984e-03
1.591767999343574047e-03
1.590830972418189049e-03
1.634570304304361343e-03
1.599117647856473923e-03
1.598689355887472630e-03
1.594934612512588501e-03
1.592953689396381378e-03
1.586399390362203121e-03
1.601633382961153984e-03
1.588341314345598221e-03
1.586651429533958435e-03
1.589527120813727379e-03
1.594999805092811584e-03
1.596252783201634884e-03
1.595216570422053337e-03
1.595851150341331959e-03
1.598272472620010376e-03
1.586581929586827755e-03
1.589821767993271351e-03
1.587080070748925209e-03
1.599719747900962830e-03
1.578605384565889835e-03
1.577272429130971432e-03
1.577728311531245708e-03
1.580219715833663940e-03
1.575751695781946182e-03
1.574909314513206482e-03
1.585539081133902073e-03
1.573531073518097401e-03
1.574493362568318844e-03
1.588140032254159451e-03
1.575561822392046452e-03
1.576309325173497200e-03
1.570543739944696426e-03
1.567340455949306488e-03
1.568204374052584171e-03
1.570217660628259182e-03
1.584786223247647285e-03
1.564735895954072475e-03
1.566459075547754765e-03
1.565699232742190361e-03
1.562172896228730679e-03
1.561159500852227211e-03
1.562742050737142563e-03
1.579820178449153900e-03
1.569759333506226540e-03
1.558218151330947876e-03
1.563627971336245537e-03
1.581323798745870590e-03
1.561455894261598587e-03
1.570707419887185097e-03
1.554909860715270042e-03
1.555235707201063633e-03
1.555011374875903130e-03
1.558159361593425274e-03
1.551009132526814938e-03
1.549008535221219063e-03
1.555966679006814957e-03
1.549688517116010189e-03
1.568136387504637241e-03
1.559344469569623470e-03
1.551519380882382393e-03
1.561051118187606335e-03
1.547840889543294907e-03
1.551776658743619919e-03
1.543266465887427330e-03
1.546495477668941021e-03
1.560434931889176369e-03
1.545605133287608624e-03
1.542139216326177120e-03
1.540228258818387985e-03
1.542536658234894276e-03
1.563374535180628300e-03
1.554692746140062809e-03
1.560601056553423405e-03
1.552349654957652092e-03
1.545769977383315563e-03
1.542466925457119942e-03
1.534859417006373405e-03
1.547691063024103642e-03
1.534042763523757458e-03
1.553650712594389915e-03
1.552632311359047890e-03
1.547621912322938442e-03
1.532772206701338291e-03
1.567968516610562801e-03
1.536501222290098667e-03
1.538462820462882519e-03
1.540402998216450214e-03
1.532731112092733383e-03
1.529277535155415535e-03
1.528770080767571926e-03
1.530065084807574749e-03
1.550881075672805309e-03
1.534625538624823093e-03
1.528356340713799000e-03
1.525186002254486084e-03
1.543304417282342911e-03
1.539928722195327282e-03
1.527988235466182232e-03
1.523149665445089340e-03
1.533923670649528503e-03
1.531422021798789501e-03
1.537236385047435760e-03
1.530180685222148895e-03
1.528547145426273346e-03
1.522041624411940575e-03
1.551005756482481956e-03
1.535103889182209969e-03
1.525886123999953270e-03
1.549202948808670044e-03
1.530185458250343800e-03
1.529317349195480347e-03
1.516754040494561195e-03
1.517410855740308762e-03
1.548164407722651958e-03
1.521577243693172932e-03
1.525179017335176468e-03
1.524026622064411640e-03
1.524412422440946102e-03
1.512907794676721096e-03
1.541989971883594990e-03
1.512321294285356998e-03
1.512429560534656048e-03
1.544463098980486393e-03
1.529440982267260551e-03
1.515458687208592892e-03
1.515766722150146961e-03
1.513791852630674839e-03
1.512419432401657104e-03
1.519507146440446377e-03
1.515633193776011467e-03
1.508627901785075665e-03
1.509685185737907887e-03
1.521622063592076302e-03
1.527088345028460026e-03
1.506329863332211971e-03
1.509699970483779907e-03
1.514070434495806694e-03
1.513976836577057838e-03
1.508522429503500462e-03
1.502729021012783051e-03
1.522788195870816708e-03
1.505985157564282417e-03
1.506247906945645809e-03
1.507013803347945213e-03
1.504447078332304955e-03
1.503872801549732685e-03
1.505673862993717194e-03
1.501347287558019161e-03
1.502286409959197044e-03
1.504112617112696171e-03
1.512950635515153408e-03
1.498409546911716461e-03
1.501403050497174263e-03
1.500116311945021152e-03
1.499797450378537178e-03
1.504837535321712494e-03
1.500020036473870277e-03
1.513697439804673195e-03
1.517200027592480183e-03
1.506356406025588512e-03
1.494661904871463776e-03
1.516623422503471375e-03
1.497765653766691685e-03
1.494459691457450390e-03
1.496392418630421162e-03
1.514517003670334816e-03
1.489819493144750595e-03
1.545886625535786152e-03
1.509368070401251316e-03
1.491685979999601841e-03
1.487618545070290565e-03
1.493529067374765873e-03
1.485993037931621075e-03
1.505675609223544598e-03
1.488783746026456356e-03
1.503837527707219124e-03
1.488001784309744835e-03
1.486538909375667572e-03
1.497485907748341560e-03
1.496076583862304688e-03
1.481806626543402672e-03
1.481747254729270935e-03
1.517106778919696808e-03
1.499337493441998959e-03
1.482519321143627167e-03
1.483655185438692570e-03
1.507694367319345474e-03
1.480181235820055008e-03
1.490233698859810829e-03
1.482502906583249569e-03
1.482257386669516563e-03
1.476833247579634190e-03
1.500754035077989101e-03
1.507513225078582764e-03
1.486717024818062782e-03
1.489609247073531151e-03
1.501981518231332302e-03
1.484793378040194511e-03
1.474285847507417202e-03
1.515728537924587727e-03
1.471778145059943199e-03
1.474033691920340061e-03
1.497803605161607265e-03
1.471285359002649784e-03
1.474852906540036201e-03
1.495517790317535400e-03
1.493844785727560520e-03
1.473537180572748184e-03
1.467599300667643547e-03
1.467738649807870388e-03
1.489815069362521172e-03
1.480823033489286900e-03
1.493645482696592808e-03
1.465354696847498417e-03
1.486798515543341637e-03
1.476578181609511375e-03
1.462885411456227303e-03
1.470722374506294727e-03
1.488924608565866947e-03
1.466043409891426563e-03
1.462118467316031456e-03
1.469767652451992035e-03
1.462729182094335556e-03
1.469967421144247055e-03
1.481837476603686810e-03
1.471927389502525330e-03
1.463713939301669598e-03
1.460323110222816467e-03
1.458619255572557449e-03
1.464518369175493717e-03
1.458513201214373112e-03
1.454946235753595829e-03
1.457562204450368881e-03
1.489867572672665119e-03
1.457717269659042358e-03
1.475765486247837543e-03
1.451115589588880539e-03
1.500222599133849144e-03
1.453568344004452229e-03
1.472184783779084682e-03
1.467022113502025604e-03
1.449443865567445755e-03
1.463503343984484673e-03
1.461143721826374531e-03
1.455504330806434155e-03
1.446906127966940403e-03
1.471597701311111450e-03
1.449015806429088116e-03
1.450593699701130390e-03
1.451614312827587128e-03
1.454982324503362179e-03
1.444502035155892372e-03
1.455492689274251461e-03
1.457629376091063023e-03
1.459395047277212143e-03
1.457059057429432869e-03
1.449457369744777679e-03
1.442373963072896004e-03
1.452796859666705132e-03
1.443146145902574062e-03
1.483145519159734249e-03
1.439172890968620777e-03
1.454009092412889004e-03
1.436994643881917000e-03
1.499440288171172142e-03
1.450995565392076969e-03
1.439206884242594242e-03
1.437291270121932030e-03
1.472500502131879330e-03
1.447031507268548012e-03
1.441787928342819214e-03
1.443127635866403580e-03
1.435350044630467892e-03
1.449112081900238991e-03
1.431322772987186909e-03
1.456184778362512589e-03
1.439979532733559608e-03
1.453436561860144138e-03
1.434819074347615242e-03
1.430037664249539375e-03
1.461810665205121040e-03
1.441514003090560436e-03
1.431780983693897724e-03
1.441978267394006252e-03
1.427754061296582222e-03
1.447775284759700298e-03
1.445878646336495876e-03
1.427536946721374989e-03
1.428411691449582577e-03
1.441193395294249058e-03
1.445214380510151386e-03
1.424854388460516930e-03
1.456500729545950890e-03
1.440247520804405212e-03
1.426071161404252052e-03
1.432514865882694721e-03
1.444424386136233807e-03
1.426949864253401756e-03
1.426278264261782169e-03
1.432842807844281197e-03
1.430031959898769855e-03
1.424917718395590782e-03
1.462941290810704231e-03
1.428959658369421959e-03
1.420214422978460789e-03
1.430915435776114464e-03
1.433366793207824230e-03
1.421423628926277161e-03
1.423417823389172554e-03
1.421313034370541573e-03
1.420278684236109257e-03
1.437389757484197617e-03
1.418223720975220203e-03
1.423430978320538998e-03
1.442112727090716362e-03
1.417063525877892971e-03
1.415388425812125206e-03
1.415207283571362495e-03
1.432822435162961483e-03
1.414847327396273613e-03
1.440274179913103580e-03
1.417257706634700298e-03
1.443412154912948608e-03
1.428544055670499802e-03
1.414805534295737743e-03
1.424707705155014992e-03
1.435429905541241169e-03
1.419897656887769699e-03
1.420901389792561531e-03
1.413687481544911861e-03
1.440136809833347797e-03
1.416567945852875710e-03
1.424205605871975422e-03
1.416212762705981731e-03
1.426569535396993160e-03
1.421113149262964725e-03
1.424422371201217175e-03
1.411521458066999912e-03
1.414787257090210915e-03
1.408019335940480232e-03
1.515251351520419121e-03
1.448050839826464653e-03
1.410034950822591782e-03
1.407578005455434322e-03
1.409492921084165573e-03
1.445526140742003918e-03
1.405344810336828232e-03
1.401438727043569088e-03
1.427557668648660183e-03
1.403187750838696957e-03
1.441012369468808174e-03
1.404979499056935310e-03
1.403724425472319126e-03
1.426877686753869057e-03
1.399447442963719368e-03
1.402199850417673588e-03
1.408900599926710129e-03
1.398094929754734039e-03
1.403817557729780674e-03
1.403904403559863567e-03
1.414373400621116161e-03
1.395183731801807880e-03
1.459465827792882919e-03
1.392771257087588310e-03
1.395042403601109982e-03
1.407534931786358356e-03
1.419729436747729778e-03
1.398936961777508259e-03
1.396019128151237965e-03
1.396824838593602180e-03
1.411504345014691353e-03
1.392135978676378727e-03
1.400801003910601139e-03
1.412802259437739849e-03
1.390330260619521141e-03
1.416758866980671883e-03
1.395408762618899345e-03
1.395200262777507305e-03
1.387247582897543907e-03
1.443182583898305893e-03
1.402434776537120342e-03
1.401167595759034157e-03
1.390428747981786728e-03
1.394416554830968380e-03
1.389076933264732361e-03
1.403809874318540096e-03
1.399663626216351986e-03
1.393145765177905560e-03
1.399352448061108589e-03
1.385445124469697475e-03
1.395308645442128181e-03
1.383050461299717426e-03
1.390044926665723324e-03
1.387720811180770397e-03
1.381588750518858433e-03
1.399499480612576008e-03
1.400241395458579063e-03
1.385035342536866665e-03
1.383062335662543774e-03
1.380363246425986290e-03
1.408493146300315857e-03
1.379418186843395233e-03
1.380305620841681957e-03
1.377616776153445244e-03
1.392125384882092476e-03
1.404078793711960316e-03
1.374943880364298820e-03
1.394730992615222931e-03
1.374237937852740288e-03
1.405721763148903847e-03
1.377167529426515102e-03
1.389603363350033760e-03
1.376042375341057777e-03
1.378077547997236252e-03
1.395383034832775593e-03
1.375401043333113194e-03
1.375198946334421635e-03
1.397209940478205681e-03
1.371876453049480915e-03
1.414911705069243908e-03
1.371415099129080772e-03
1.407635398209095001e-03
1.385919400490820408e-03
1.372350263409316540e-03
1.382124028168618679e-03
1.381695503368973732e-03
1.378572080284357071e-03
1.374411047436296940e-03
1.368179451674222946e-03
1.467213034629821777e-03
1.396469888277351856e-03
1.370326732285320759e-03
1.373765291646122932e-03
1.374615239910781384e-03
1.373080769553780556e-03
1.363810151815414429e-03
1.410668715834617615e-03
1.382094342261552811e-03
1.363006536848843098e-03
1.425896072760224342e-03
1.362327951937913895e-03
1.363602816127240658e-03
1.362283248454332352e-03
1.402141409926116467e-03
1.365791889838874340e-03
1.364765106700360775e-03
1.362584414891898632e-03
1.360509661026299000e-03
1.360467635095119476e-03
1.390086719766259193e-03
1.380004803650081158e-03
1.366160926409065723e-03
1.369169796817004681e-03
1.371524529531598091e-03
1.381267560645937920e-03
1.367776421830058098e-03
1.361296745017170906e-03
1.367358025163412094e-03
1.365234144032001495e-03
1.357367727905511856e-03
1.357308006845414639e-03
1.385780517011880875e-03
1.375323045067489147e-03
1.356825465336441994e-03
1.358748413622379303e-03
1.366961398161947727e-03
1.354897627606987953e-03
1.370285055600106716e-03
1.367886085063219070e-03
1.361435628496110439e-03
1.353957341052591801e-03
1.388489967212080956e-03
1.364387804642319679e-03
1.364683499559760094e-03
1.386625110171735287e-03
1.384007278829813004e-03
1.372000086121261120e-03
1.363973366096615791e-03
1.352187129668891430e-03
1.351600629277527332e-03
1.373783918097615242e-03
1.365334843285381794e-03
1.368487486615777016e-03
1.355898915790021420e-03
1.370012992992997169e-03
1.380922738462686539e-03
1.348721678368747234e-03
1.365418545901775360e-03
1.358531299047172070e-03
1.352815190330147743e-03
1.391101744957268238e-03
1.351035083644092083e-03
1.355309272184967995e-03
1.353006460703909397e-03
1.358139328658580780e-03
1.346770673990249634e-03
1.358982292003929615e-03
1.353182015009224415e-03
1.353950705379247665e-03
1.353511353954672813e-03
1.347379409708082676e-03
1.356870285235345364e-03
1.350576756522059441e-03
1.352727529592812061e-03
1.352850929833948612e-03
1.379058812744915485e-03
1.349025173112750053e-03
1.378138316795229912e-03
1.372748287394642830e-03
1.362429349683225155e-03
1.346854027360677719e-03
1.356914872303605080e-03
1.350487349554896355e-03
1.354485983029007912e-03
1.350191305391490459e-03
1.340532326139509678e-03
1.350932521745562553e-03
1.362007344141602516e-03
1.347082667052745819e-03
1.340532675385475159e-03
1.342926057986915112e-03
1.348924008198082447e-03
1.351251616142690182e-03
1.341216964647173882e-03
1.341589144431054592e-03
1.366723794490098953e-03
1.359454356133937836e-03
1.343556097708642483e-03
1.352038350887596607e-03
1.345576252788305283e-03
1.350549515336751938e-03
1.342277042567729950e-03
1.371851540170609951e-03
1.338691334240138531e-03
1.372298924252390862e-03
1.351485843770205975e-03
1.352711464278399944e-03
1.357242348603904247e-03
1.378611195832490921e-03
1.335474196821451187e-03
1.341408933512866497e-03
1.351687824353575706e-03
1.336170244030654430e-03
1.379146007820963860e-03
1.351027982309460640e-03
1.334664295427501202e-03
1.371281454339623451e-03
1.339942100457847118e-03
1.341716968454420567e-03
1.334444852545857430e-03
1.390067045576870441e-03
1.331826904788613319e-03
1.336780376732349396e-03
1.333476160652935505e-03
1.331654493696987629e-03
1.327923033386468887e-03
1.341517549008131027e-03
1.352089922875165939e-03
1.339164678938686848e-03
1.330434228293597698e-03
1.365073956549167633e-03
1.329355989582836628e-03
1.338637550361454487e-03
1.336728688329458237e-03
1.340419868938624859e-03
1.346914214082062244e-03
1.361090340651571751e-03
1.326855388469994068e-03
1.359965419396758080e-03
1.331502455286681652e-03
1.331425388343632221e-03
1.378775574266910553e-03
1.335417968221008778e-03
1.338655012659728527e-03
1.328650279901921749e-03
1.347513520158827305e-03
1.332561252638697624e-03
1.360410125926136971e-03
1.325562247075140476e-03
1.341104507446289062e-03
1.331965555436909199e-03
1.324793440289795399e-03
1.330480212345719337e-03
1.332090119831264019e-03
1.369639416225254536e-03
1.494320225901901722e-03
1.359111513011157513e-03
1.335377688519656658e-03
1.329232240095734596e-03
1.322571770288050175e-03
1.429474097676575184e-03
1.344964955933392048e-03
1.324047450907528400e-03
1.320276176556944847e-03
1.335617038421332836e-03
1.331888022832572460e-03
1.337908441200852394e-03
1.327412435784935951e-03
1.322697266004979610e-03
1.321049639955163002e-03
1.346922363154590130e-03
1.337897032499313354e-03
1.330134109593927860e-03
1.330059836618602276e-03
1.330376951955258846e-03
1.338729634881019592e-03
1.318750320933759212e-03
1.390158198773860931e-03
1.326268888078629971e-03
1.326159108430147171e-03
1.328897080384194851e-03
1.324357348494231701e-03
1.319501083344221115e-03
1.320636016316711903e-03
1.320149051025509834e-03
1.394623541273176670e-03
1.538731390610337257e-03
1.357929548248648643e-03
1.329860882833600044e-03
1.316591049544513226e-03
1.314366934821009636e-03
1.320090494118630886e-03
1.320044742897152901e-03
1.323237200267612934e-03
1.334973494522273540e-03
1.325666904449462891e-03
1.313867862336337566e-03
1.328314770944416523e-03
1.317202229984104633e-03
1.346284872852265835e-03
1.323471893556416035e-03
1.335761626251041889e-03
1.334215165115892887e-03
1.316075096838176250e-03
1.311610569246113300e-03
1.335036824457347393e-03
1.323502743616700172e-03
1.346467994153499603e-03
1.327785896137356758e-03
1.322271535173058510e-03
1.326825818978250027e-03
1.316040987148880959e-03
1.312579493969678879e-03
1.352281309664249420e-03
1.331266132183372974e-03
1.327915699221193790e-03
1.321764430031180382e-03
1.313067972660064697e-03
1.327839796431362629e-03
1.390949590131640434e-03
1.427299226634204388e-03
1.321374205872416496e-03
1.337238820269703865e-03
1.315543777309358120e-03
1.318092923611402512e-03
1.353216939605772495e-03
1.454869285225868225e-03
1.393260783515870571e-03
1.348717836663126945e-03
1.324076671153306961e-03
1.318116090260446072e-03
1.316238776780664921e-03
1.316428533755242825e-03
1.314593828283250332e-03
1.324118929915130138e-03
1.345437136478722095e-03
1.342731993645429611e-03
1.333416323177516460e-03
1.326358062215149403e-03
1.317208399996161461e-03
1.310046296566724777e-03
1.320882001891732216e-03
1.337887020781636238e-03
1.315237255766987801e-03
1.310513936914503574e-03
1.308470964431762695e-03
1.312560983933508396e-03
1.350150560028851032e-03
1.330334460362792015e-03
1.329079386778175831e-03
1.313945394940674305e-03
1.320089562796056271e-03
1.324708224274218082e-03
1.331630977801978588e-03
1.316618290729820728e-03
1.306163961999118328e-03
1.319537521339952946e-03
1.377174863591790199e-03
1.369015080854296684e-03
1.569224405102431774e-03
1.317312824539840221e-03
1.308118458837270737e-03
1.304543227888643742e-03
1.303232740610837936e-03
1.303420984186232090e-03
1.302697462961077690e-03
1.302014221437275410e-03
1.301698619499802589e-03
1.301966258324682713e-03
1.317614107392728329e-03
1.330149010755121708e-03
1.312383566983044147e-03
1.305948826484382153e-03
1.305870711803436279e-03
1.311643514782190323e-03
1.316656707786023617e-03
1.330132596194744110e-03
1.305915182456374168e-03
1.299633993767201900e-03
1.301110256463289261e-03
1.317503862082958221e-03
1.325102057307958603e-03
1.311772270128130913e-03
1.308422419242560863e-03
1.345260418020188808e-03
1.314161228947341442e-03
1.302569173276424408e-03
1.304407604038715363e-03
1.315249013714492321e-03
1.314879162237048149e-03
1.303657074458897114e-03
1.325072022154927254e-03
1.305758836679160595e-03
1.310693216510117054e-03
1.312232576310634613e-03
1.296631642617285252e-03
1.335381530225276947e-03
1.300994423218071461e-03
1.328257727436721325e-03
1.308584352955222130e-03
1.312695909291505814e-03
1.312914071604609489e-03
1.296307775191962719e-03
1.309166895225644112e-03
1.335445791482925415e-03
1.313663087785243988e-03
1.306245219893753529e-03
1.302895369008183479e-03
1.334586064331233501e-03
1.298173097893595695e-03
1.301563577726483345e-03
1.306004938669502735e-03
1.324619865044951439e-03
1.311396132223308086e-03
1.304228906519711018e-03
1.310882740654051304e-03
1.335576758719980717e-03
1.304525067098438740e-03
1.295120571739971638e-03
1.302782562561333179e-03
1.291171298362314701e-03
1.328380429185926914e-03
1.301329582929611206e-03
1.295735361054539680e-03
1.292344997636973858e-03
1.305692479945719242e-03
1.347232260741293430e-03
1.316158683039247990e-03
1.307940226979553699e-03
1.302121556363999844e-03
1.289692823775112629e-03
1.289323787204921246e-03
1.300240284763276577e-03
1.296241534873843193e-03
1.349448924884200096e-03
1.286650775000452995e-03
1.291315187700092793e-03
1.355509972199797630e-03
1.354455249384045601e-03
1.309869345277547836e-03
1.292658969759941101e-03
1.284981844946742058e-03
1.288430998101830482e-03
1.316875452175736427e-03
1.288152416236698627e-03
1.310392864979803562e-03
1.292822649702429771e-03
1.287694205529987812e-03
1.286780461668968201e-03
1.295537222176790237e-03
1.306285150349140167e-03
1.325522200204432011e-03
1.283157267607748508e-03
1.292067114263772964e-03
1.292624510824680328e-03
1.313038053922355175e-03
1.315302797593176365e-03
1.295153982937335968e-03
1.287445193156599998e-03
1.293025561608374119e-03
1.287182909436523914e-03
1.305878278799355030e-03
1.320010400377213955e-03
1.293468056246638298e-03
1.308756996877491474e-03
1.282155397348105907e-03
1.285875914618372917e-03
1.336689107120037079e-03
1.301906304433941841e-03
1.280616968870162964e-03
1.278919982723891735e-03
1.306419493630528450e-03
1.287108170799911022e-03
1.287460443563759327e-03
1.310349209234118462e-03
1.305522047914564610e-03
1.345321070402860641e-03
1.285381033085286617e-03
1.280064578168094158e-03
1.290248823352158070e-03
1.294816378504037857e-03
1.275984803214669228e-03
1.274903304874897003e-03
1.319959643296897411e-03
1.292929286137223244e-03
1.272739493288099766e-03
1.279278658330440521e-03
1.273969653993844986e-03
1.277275267057120800e-03
1.275611459277570248e-03
1.278655603528022766e-03
1.276702387258410454e-03
1.276059309020638466e-03
1.308761304244399071e-03
1.284676720388233662e-03
1.302593620494008064e-03
1.268839463591575623e-03
1.272249617613852024e-03
1.286336919292807579e-03
1.267902553081512451e-03
1.276622992008924484e-03
1.281514996662735939e-03
1.268500462174415588e-03
1.392693258821964264e-03
1.265640603378415108e-03
1.274451380595564842e-03
1.346944249235093594e-03
1.292553264647722244e-03
1.275981310755014420e-03
1.270828768610954285e-03
1.304741017520427704e-03
1.281016855500638485e-03
1.289806328713893890e-03
1.269912929274141788e-03
1.295796944759786129e-03
1.303154625929892063e-03
1.288078026846051216e-03
1.282578799873590469e-03
1.271098502911627293e-03
1.262940117157995701e-03
1.268725842237472534e-03
1.263330574147403240e-03
1.268471824005246162e-03
1.285422476939857006e-03
1.281442237086594105e-03
1.276198890991508961e-03
1.277739880606532097e-03
1.282529789023101330e-03
1.271307468414306641e-03
1.264863880351185799e-03
1.276018330827355385e-03
1.260614022612571716e-03
1.264607417397201061e-03
1.289148814976215363e-03
1.309628016315400600e-03
1.273077097721397877e-03
1.279480871744453907e-03
1.292475615628063679e-03
1.296721398830413818e-03
1.278142095543444157e-03
1.286246697418391705e-03
1.287222257815301418e-03
1.374119310639798641e-03
1.368488534353673458e-03
1.298602204769849777e-03
1.258832635357975960e-03
1.254479633644223213e-03
1.257486641407012939e-03
1.255565555766224861e-03
1.257512834854424000e-03
1.256347866728901863e-03
1.255106995813548565e-03
1.252983696758747101e-03
1.257243333384394646e-03
1.277381437830626965e-03
1.269363798201084137e-03
1.293839304707944393e-03
1.264978433027863503e-03
1.252724905498325825e-03
1.283214776776731014e-03
1.282019773498177528e-03
1.274654990993440151e-03
1.265244674868881702e-03
1.275498070754110813e-03
1.260888064280152321e-03
1.255666837096214294e-03
1.266667037270963192e-03
1.269028638489544392e-03
1.281983917579054832e-03
1.261333585716784000e-03
1.254342379979789257e-03
1.289713080041110516e-03
1.262249774299561977e-03
1.266469014808535576e-03
1.253721653483808041e-03
1.286361250095069408e-03
1.292617642320692539e-03
1.286970684304833412e-03
1.270066946744918823e-03
1.249211141839623451e-03
1.256388728506863117e-03
1.259813550859689713e-03
1.284702564589679241e-03
1.313893240876495838e-03
1.261540455743670464e-03
1.254230970516800880e-03
1.260365126654505730e-03
1.252948190085589886e-03
1.256086630746722221e-03
1.260003075003623962e-03
1.282770303077995777e-03
1.275988877750933170e-03
1.261975965462625027e-03
1.251857960596680641e-03
1.260994467884302139e-03
1.244620303623378277e-03
1.266460400074720383e-03
1.252736197784543037e-03
1.271026092581450939e-03
1.259047072380781174e-03
1.250425120815634727e-03
1.242572790943086147e-03
1.249108463525772095e-03
1.279355376027524471e-03
1.276263501495122910e-03
1.280401018448174000e-03
1.252302550710737705e-03
1.249297405593097210e-03
1.281298464164137840e-03
1.259201555512845516e-03
1.246257219463586807e-03
1.257433323189616203e-03
1.249842578545212746e-03
1.289986190386116505e-03
1.247457228600978851e-03
1.241542981006205082e-03
1.252232701517641544e-03
1.277544419281184673e-03
1.293558278121054173e-03
1.247771084308624268e-03
1.256374176591634750e-03
1.250552129931747913e-03
1.239768811501562595e-03
1.307236496359109879e-03
1.263581099919974804e-03
1.255066366866230965e-03
1.247746520675718784e-03
1.236757030710577965e-03
1.269537024199962616e-03
1.262003555893898010e-03
1.252679037861526012e-03
1.241204445250332355e-03
1.290767686441540718e-03
1.327135483734309673e-03
1.260639168322086334e-03
1.257726107724010944e-03
1.251077861525118351e-03
1.240742509253323078e-03
1.240456826053559780e-03
1.243847073055803776e-03
1.259754528291523457e-03
1.241324585862457752e-03
1.258642412722110748e-03
1.243300386704504490e-03
1.264327205717563629e-03
1.315131783485412598e-03
1.322692842222750187e-03
1.276929979212582111e-03
1.268109423108398914e-03
1.241229940205812454e-03
1.234117895364761353e-03
1.232460141181945801e-03
1.237656804732978344e-03
1.250535598956048489e-03
1.241098158061504364e-03
1.234042807482182980e-03
1.245842897333204746e-03
1.281413016840815544e-03
1.275978400371968746e-03
1.253659720532596111e-03
1.235918723978102207e-03
1.231252681463956833e-03
1.238240161910653114e-03
1.270476030185818672e-03
1.236207317560911179e-03
1.264362130314111710e-03
1.313387416303157806e-03
1.264617545530200005e-03
1.234911265783011913e-03
1.228316221386194229e-03
1.253395457752048969e-03
1.277906354516744614e-03
1.251219422556459904e-03
1.234786468558013439e-03
1.229955814778804779e-03
1.262019970454275608e-03
1.259393990039825439e-03
1.235659001395106316e-03
1.229823450557887554e-03
1.245743478648364544e-03
1.244659535586833954e-03
1.230207970365881920e-03
1.274592475965619087e-03
1.256417832337319851e-03
1.278087147511541843e-03
1.263877260498702526e-03
1.231254893355071545e-03
1.228950684890151024e-03
1.287868828512728214e-03
1.254427363164722919e-03
1.252113608643412590e-03
1.261810422874987125e-03
1.274381531402468681e-03
1.230826950632035732e-03
1.226199092343449593e-03
1.249739667400717735e-03
1.273423666134476662e-03
1.235798466950654984e-03
1.264854683540761471e-03
1.250670058652758598e-03
1.235347357578575611e-03
1.281570759601891041e-03
1.231730449944734573e-03
1.226502005010843277e-03
1.227952889166772366e-03
1.232812646776437759e-03
1.224284176714718342e-03
1.223881728947162628e-03
1.254448317922651768e-03
1.230754773132503033e-03
1.243090839125216007e-03
1.231884001754224300e-03
1.221092534251511097e-03
1.348471152596175671e-03
1.252049347385764122e-03
1.291015069000422955e-03
1.225386862643063068e-03
1.231683534570038319e-03
1.220121979713439941e-03
1.219535130076110363e-03
1.219290657900273800e-03
1.218471094034612179e-03
1.239045057445764542e-03
1.232120441272854805e-03
1.217829412780702114e-03
1.235897652804851532e-03
1.232468057423830032e-03
1.219222089275717735e-03
1.227588974870741367e-03
1.232130220159888268e-03
1.225116080604493618e-03
1.243237871676683426e-03
1.234193565323948860e-03
1.220335601828992367e-03
1.247993204742670059e-03
1.226725755259394646e-03
1.215766766108572483e-03
1.233909046277403831e-03
1.218035700730979443e-03
1.242645899765193462e-03
1.229925663210451603e-03
1.215839292854070663e-03
1.232470734976232052e-03
1.236306154169142246e-03
1.226893742568790913e-03
1.223300700075924397e-03
1.221720827743411064e-03
1.219491823576390743e-03
1.214426592923700809e-03
1.273293280974030495e-03
1.215428812429308891e-03
1.215372001752257347e-03
1.239447854459285736e-03
1.232817536219954491e-03
1.215352793224155903e-03
1.224911073222756386e-03
1.227217609994113445e-03
1.228102133609354496e-03
1.212234608829021454e-03
1.220469363033771515e-03
1.228879671543836594e-03
1.214333460666239262e-03
1.231123460456728935e-03
1.257428550161421299e-03
1.216660486534237862e-03
1.234865165315568447e-03
1.231209142133593559e-03
1.222110004164278507e-03
1.223115134052932262e-03
1.252435264177620411e-03
1.238803262822329998e-03
1.243795966729521751e-03
1.238706172443926334e-03
1.229991903528571129e-03
1.215187599882483482e-03
1.208480214700102806e-03
1.209982903674244881e-03
1.263384008780121803e-03
1.216104836203157902e-03
1.216396456584334373e-03
1.236660755239427090e-03
1.217253506183624268e-03
1.220294507220387459e-03
1.222200808115303516e-03
1.215627999044954777e-03
1.208184985443949699e-03
1.208804082125425339e-03
1.234402181580662727e-03
1.218163291923701763e-03
1.223015598952770233e-03
1.205968786962330341e-03
1.208860310725867748e-03
1.209227717481553555e-03
1.203426276333630085e-03
1.265430124476552010e-03
1.205976586788892746e-03
1.228207140229642391e-03
1.207038294523954391e-03
1.265950384549796581e-03
1.203179126605391502e-03
1.204419531859457493e-03
1.213793060742318630e-03
1.246379571966826916e-03
1.214449643157422543e-03
1.211924478411674500e-03
1.209461595863103867e-03
1.205267850309610367e-03
1.205390552058815956e-03
1.214595744386315346e-03
1.228749984875321388e-03
1.226194319315254688e-03
1.228664885275065899e-03
1.216800417751073837e-03
1.201896346174180508e-03
1.207615947350859642e-03
1.199198537506163120e-03
1.264130580238997936e-03
1.203745370730757713e-03
1.198778161779046059e-03
1.205991138704121113e-03
1.214744755998253822e-03
1.198817277327179909e-03
1.276165829040110111e-03
1.217708690091967583e-03
1.208080793730914593e-03
1.206527813337743282e-03
1.224982785061001778e-03
1.220281934365630150e-03
1.201798440888524055e-03
1.197005505673587322e-03
1.196060096845030785e-03
1.247082254849374294e-03
1.205974491313099861e-03
1.246890169568359852e-03
1.214118907228112221e-03
1.196531462483108044e-03
1.205284264869987965e-03
1.203490188345313072e-03
1.259964774362742901e-03
1.240625977516174316e-03
1.210914226248860359e-03
1.198056736029684544e-03
1.202539773657917976e-03
1.232617185451090336e-03
1.210739719681441784e-03
1.194894197396934032e-03
1.267940970137715340e-03
1.196378492750227451e-03
1.193201635032892227e-03
1.194657525047659874e-03
1.221365411765873432e-03
1.207629800774157047e-03
1.192604657262563705e-03
1.222373335622251034e-03
1.193392439745366573e-03
1.201776089146733284e-03
1.210529240779578686e-03
1.213226118125021458e-03
1.235523261129856110e-03
1.200317405164241791e-03
1.191884395666420460e-03
1.204044441692531109e-03
1.242100493982434273e-03
1.208584173582494259e-03
1.214356860145926476e-03
1.194147509522736073e-03
1.207635621540248394e-03
1.196272554807364941e-03
1.196107477881014347e-03
1.238830736838281155e-03
1.202147221192717552e-03
1.193700358271598816e-03
1.208256348036229610e-03
1.211669761687517166e-03
1.197841949760913849e-03
1.233889604918658733e-03
1.195750897750258446e-03
1.198221347294747829e-03
1.212247996591031551e-03
1.206778106279671192e-03
1.217788900248706341e-03
1.194198615849018097e-03
1.191995688714087009e-03
1.215629745274782181e-03
1.191743300296366215e-03
1.206274959258735180e-03
1.203842461109161377e-03
1.205297419801354408e-03
1.196511671878397465e-03
1.189214643090963364e-03
1.187209622003138065e-03
1.189674716442823410e-03
1.189989037811756134e-03
1.184596214443445206e-03
1.196709927171468735e-03
1.202942105010151863e-03
1.214979216456413269e-03
1.211296534165740013e-03
1.186306588351726532e-03
1.222466817125678062e-03
1.196448691189289093e-03
1.184202381409704685e-03
1.186074689030647278e-03
1.220250618644058704e-03
1.181325060315430164e-03
1.183467800728976727e-03
1.182418200187385082e-03
1.189919188618659973e-03
1.202545943669974804e-03
1.216003904119133949e-03
1.201100181788206100e-03
1.230388181284070015e-03
1.191919436678290367e-03
1.183031010441482067e-03
1.196347060613334179e-03
1.202638028189539909e-03
1.193738309666514397e-03
1.229903195053339005e-03
1.197529723867774010e-03
1.188839669339358807e-03
1.195678720250725746e-03
1.206358545459806919e-03
1.386483665555715561e-03
1.224735402502119541e-03
1.183009357191622257e-03
1.195529708638787270e-03
1.191757502965629101e-03
1.178617589175701141e-03
1.254354021511971951e-03
1.192134106531739235e-03
1.176923396997153759e-03
1.186621491797268391e-03
1.203104387968778610e-03
1.185143017210066319e-03
1.201357576064765453e-03
1.192294643260538578e-03
1.179513870738446712e-03
1.181376748718321323e-03
1.223990344442427158e-03
1.177297788672149181e-03
1.200046855956315994e-03
1.186486450023949146e-03
1.175449229776859283e-03
1.206634100526571274e-03
1.191072049550712109e-03
1.177325262688100338e-03
1.214626710861921310e-03
1.179295242764055729e-03
1.179625862278044224e-03
1.176930032670497894e-03
1.181632047519087791e-03
1.203398453071713448e-03
1.182710751891136169e-03
1.206488814204931259e-03
1.184237073175609112e-03
1.179479295387864113e-03
1.176221063360571861e-03
1.176860765554010868e-03
1.176869263872504234e-03
1.204685890115797520e-03
1.174240140244364738e-03
1.194089534692466259e-03
1.192783587612211704e-03
1.194081618450582027e-03
1.197309116832911968e-03
1.199673395603895187e-03
1.190810580737888813e-03
1.234076218679547310e-03
1.175552722997963428e-03
1.192353782244026661e-03
1.175993704237043858e-03
1.182787702418863773e-03
1.197674777358770370e-03
1.185036846436560154e-03
1.173960277810692787e-03
1.202575629577040672e-03
1.187415095046162605e-03
1.190337934531271458e-03
1.177897793240845203e-03
1.200846396386623383e-03
1.187064452096819878e-03
1.199309830553829670e-03
1.173601369373500347e-03
1.228199107572436333e-03
1.178694656118750572e-03
1.169040217064321041e-03
1.173886586911976337e-03
1.196498633362352848e-03
1.178079983219504356e-03
1.210497226566076279e-03
1.193900010548532009e-03
1.206482062116265297e-03
1.169470255263149738e-03
1.212397008202970028e-03
1.171176321804523468e-03
1.237595570273697376e-03
1.168232178315520287e-03
1.174227916635572910e-03
1.181304105557501316e-03
1.184443244710564613e-03
1.193955424241721630e-03
1.177225029096007347e-03
1.229148241691291332e-03
1.198426121845841408e-03
1.196621451526880264e-03
1.202090876176953316e-03
1.214531250298023224e-03
1.195182790979743004e-03
1.202316838316619396e-03
1.185091910883784294e-03
1.168865012004971504e-03
1.179296406917273998e-03
1.185245928354561329e-03
1.200190512463450432e-03
1.173162949271500111e-03
1.198765588924288750e-03
1.185767468996345997e-03
1.167367445304989815e-03
1.170603325590491295e-03
1.170957810245454311e-03
1.223030267283320427e-03
1.169720082543790340e-03
1.210427260957658291e-03
1.181989209726452827e-03
1.193828531540930271e-03
1.178165781311690807e-03
1.171255134977400303e-03
1.169757219031453133e-03
1.171216601505875587e-03
1.227937755174934864e-03
1.168752671219408512e-03
1.164815737865865231e-03
1.168886898085474968e-03
1.172703341580927372e-03
1.201688311994075775e-03
1.173010794445872307e-03
1.168217393569648266e-03
1.214612391777336597e-03
1.171248266473412514e-03
1.177242491394281387e-03
1.175160752609372139e-03
1.192184281535446644e-03
1.174105564132332802e-03
1.162001863121986389e-03
1.235996489413082600e-03
1.162006868980824947e-03
1.162869040854275227e-03
1.179992454126477242e-03
1.185793895274400711e-03
1.181204104796051979e-03
1.161842606961727142e-03
1.163748325780034065e-03
1.204415690153837204e-03
1.164056127890944481e-03
1.193770905956625938e-03
1.176342368125915527e-03
1.184941502287983894e-03
1.164881396107375622e-03
1.179156708531081676e-03
1.163252280093729496e-03
1.187594374641776085e-03
1.170320669189095497e-03
1.181992935016751289e-03
1.172111136838793755e-03
1.178466714918613434e-03
1.161400112323462963e-03
1.225914107635617256e-03
1.161960070021450520e-03
1.160665997304022312e-03
1.166927744634449482e-03
1.204790663905441761e-03
1.172979595139622688e-03
1.162128988653421402e-03
1.227183965966105461e-03
1.162727479822933674e-03
1.204031752422451973e-03
1.170478994026780128e-03
1.184593304060399532e-03
1.181451603770256042e-03
1.195461954921483994e-03
1.160241430625319481e-03
1.157928840257227421e-03
1.159602310508489609e-03
1.184191089123487473e-03
1.178152277134358883e-03
1.157620456069707870e-03
1.221760758198797703e-03
1.166566857136785984e-03
1.180030172690749168e-03
1.158221042715013027e-03
1.167924841865897179e-03
1.159694278612732887e-03
1.176433055661618710e-03
1.166681060567498207e-03
1.171812415122985840e-03
1.169137307442724705e-03
1.165394554845988750e-03
1.158913830295205116e-03
1.162500004284083843e-03
1.178710022941231728e-03
1.156353973783552647e-03
1.155675621703267097e-03
1.163043547421693802e-03
1.156768179498612881e-03
1.190820243209600449e-03
1.170026836916804314e-03
1.164044486358761787e-03
1.162316999398171902e-03
1.162107451818883419e-03
1.170313335023820400e-03
1.190232695080339909e-03
1.172959688119590282e-03
1.174366450868546963e-03
1.167125534266233444e-03
1.212753471918404102e-03
1.180039136670529842e-03
1.165588735602796078e-03
1.170419622212648392e-03
1.196500612422823906e-03
1.160900108516216278e-03
1.173802884295582771e-03
1.155426958575844765e-03
1.169673632830381393e-03
1.159044564701616764e-03
1.155168982222676277e-03
1.156713580712676048e-03
1.169880153611302376e-03
1.179822138510644436e-03
1.172858406789600849e-03
1.158483326435089111e-03
1.169786439277231693e-03
1.156646176241338253e-03
1.159006729722023010e-03
1.182286301627755165e-03
1.183002023026347160e-03
1.161352731287479401e-03
1.156444661319255829e-03
1.223061815835535526e-03
1.158475992269814014e-03
1.158779719844460487e-03
1.159095903858542442e-03
1.153694000095129013e-03
1.181061961688101292e-03
1.159773208200931549e-03
1.151406322605907917e-03
1.158807426691055298e-03
1.155750942416489124e-03
1.178031088784337044e-03
1.172879361547529697e-03
1.152589335106313229e-03
1.154842553660273552e-03
1.165713416412472725e-03
1.161658437922596931e-03
1.157562830485403538e-03
1.174123375676572323e-03
1.163937035016715527e-03
1.160902320407330990e-03
1.161170774139463902e-03
1.174827804788947105e-03
1.151313772425055504e-03
1.163210021331906319e-03
1.154807629063725471e-03
1.211132854223251343e-03
1.159664127044379711e-03
1.164692454040050507e-03
1.164514455012977123e-03
1.156881335191428661e-03
1.154339523054659367e-03
1.152514596469700336e-03
1.163122709840536118e-03
1.171405659988522530e-03
1.150208991020917892e-03
1.162676839157938957e-03
1.172636053524911404e-03
1.157220802269876003e-03
1.165100838989019394e-03
1.168229500763118267e-03
1.148824230767786503e-03
1.151294447481632233e-03
1.177300466224551201e-03
1.160272047854959965e-03
1.179502345621585846e-03
1.175738289020955563e-03
1.159185660071671009e-03
1.148709678091108799e-03
1.161370193585753441e-03
1.176280202344059944e-03
1.147412811405956745e-03
1.150115742348134518e-03
1.154923811554908752e-03
1.179231097921729088e-03
1.173284254036843777e-03
1.182994572445750237e-03
1.157324411906301975e-03
1.165392110124230385e-03
1.174723380245268345e-03
1.161345280706882477e-03
1.173563534393906593e-03
1.168191083706915379e-03
1.149712945334613323e-03
1.153829507529735565e-03
1.158447470515966415e-03
1.157322083599865437e-03
1.180108054541051388e-03
1.174595905467867851e-03
1.151893055066466331e-03
1.144873443990945816e-03
1.146807451732456684e-03
1.159330713562667370e-03
1.147356233559548855e-03
1.143638393841683865e-03
1.191504998132586479e-03
1.155133591964840889e-03
1.159867271780967712e-03
1.144383917562663555e-03
1.181136816740036011e-03
1.150363357737660408e-03
1.161166816018521786e-03
1.162933884188532829e-03
1.162076368927955627e-03
1.152077107690274715e-03
1.145865768194198608e-03
1.187201356515288353e-03
1.162776607088744640e-03
1.149647054262459278e-03
1.176138874143362045e-03
1.146408612839877605e-03
1.145545509643852711e-03
1.152314594946801662e-03
1.153225777670741081e-03
1.166325178928673267e-03
1.152939745225012302e-03
1.156760263256728649e-03
1.143058412708342075e-03
1.150265685282647610e-03
1.177125493995845318e-03
1.155551988631486893e-03
1.141285640187561512e-03
1.215350697748363018e-03
1.152973156422376633e-03
1.178052625618875027e-03
1.143614412285387516e-03
1.139717642217874527e-03
1.139762462116777897e-03
1.142465509474277496e-03
1.167160575278103352e-03
1.159155974164605141e-03
1.157884486019611359e-03
1.143418136052787304e-03
1.140720327384769917e-03
1.145318150520324707e-03
1.143026747740805149e-03
1.148118055425584316e-03
1.145942136645317078e-03
1.181375817395746708e-03
1.163093955256044865e-03
1.157800783403217793e-03
1.139636384323239326e-03
1.145205809734761715e-03
1.136593986302614212e-03
1.169770606793463230e-03
1.155448262579739094e-03
1.135847531259059906e-03
1.198994927108287811e-03
1.146206632256507874e-03
1.138970954343676567e-03
1.160131650976836681e-03
1.161351217888295650e-03
1.153262448497116566e-03
1.167625072412192822e-03
1.162302796728909016e-03
1.137363142333924770e-03
1.146136666648089886e-03
1.145455287769436836e-03
1.154012745246291161e-03
1.135524013079702854e-03
1.189420116133987904e-03
1.136191072873771191e-03
1.139106578193604946e-03
1.160786254331469536e-03
1.136049861088395119e-03
1.148957177065312862e-03
1.150509575381875038e-03
1.145209651440382004e-03
1.167255220934748650e-03
1.160660991445183754e-03
1.139667700044810772e-03
1.133789890445768833e-03
1.153286662884056568e-03
1.161080901511013508e-03
1.141691231168806553e-03
1.159150269813835621e-03
1.137639395892620087e-03
1.139602973125874996e-03
1.138106686994433403e-03
1.173860742710530758e-03
1.138902618549764156e-03
1.133431214839220047e-03
1.138733816333115101e-03
1.151776523329317570e-03
1.148163340985774994e-03
1.134423888288438320e-03
1.139314612373709679e-03
1.156100770458579063e-03
1.156696118414402008e-03
1.142277847975492477e-03
1.134713878855109215e-03
1.133984187617897987e-03
1.151437871158123016e-03
1.142515917308628559e-03
1.169682596810162067e-03
1.157838618382811546e-03
1.134450314566493034e-03
1.185892848297953606e-03
1.140302862040698528e-03
1.153728226199746132e-03
1.145304995588958263e-03
1.135675469413399696e-03
1.142142224125564098e-03
1.161988475359976292e-03
1.131892320699989796e-03
1.188327441923320293e-03
1.140694017522037029e-03
1.168967923149466515e-03
1.143622328527271748e-03
1.134961727075278759e-03
1.180885476060211658e-03
1.135715283453464508e-03
1.135544502176344395e-03
1.130245858803391457e-03
1.132411183789372444e-03
1.175257377326488495e-03
1.137510174885392189e-03
1.182260923087596893e-03
1.145774847827851772e-03
1.163390697911381721e-03
1.139080850407481194e-03
1.133257057517766953e-03
1.198486075736582279e-03
1.134387566708028316e-03
1.137388986535370350e-03
1.130895689129829407e-03
1.152140204794704914e-03
1.154151512309908867e-03
1.147657516412436962e-03
1.147730392403900623e-03
1.160946441814303398e-03
1.144734211266040802e-03
1.144490553997457027e-03
1.129749231040477753e-03
1.194622949697077274e-03
1.131677068769931793e-03
1.193054136820137501e-03
1.136014587245881557e-03
1.130179618485271931e-03
1.188501715660095215e-03
1.138341845944523811e-03
1.160240382887423038e-03
1.148064737208187580e-03
1.142263994552195072e-03
1.129525247961282730e-03
1.180075807496905327e-03
1.145738060586154461e-03
1.148007111623883247e-03
1.129545620642602444e-03
1.133980462327599525e-03
1.143870525993406773e-03
1.133969984948635101e-03
1.128018018789589405e-03
1.129595213569700718e-03
1.151321805082261562e-03
1.147512346506118774e-03
1.135469065047800541e-03
1.135625410825014114e-03
1.129564596340060234e-03
1.194544020108878613e-03
1.142344670370221138e-03
1.132966950535774231e-03
1.129917218349874020e-03
1.128462725318968296e-03
1.138573046773672104e-03
1.144485780969262123e-03
1.125921029597520828e-03
1.200090046040713787e-03
1.130373333580791950e-03
1.130170305259525776e-03
1.140269218012690544e-03
1.144713140092790127e-03
1.146948430687189102e-03
1.128084724768996239e-03
1.153018558397889137e-03
1.141014974564313889e-03
1.143054920248687267e-03
1.137950457632541656e-03
1.125309616327285767e-03
1.133444369770586491e-03
1.126656890846788883e-03
1.124892965890467167e-03
1.243251725099980831e-03
1.153192366473376751e-03
1.132484059780836105e-03
1.135765225626528263e-03
1.125847338698804379e-03
1.167829497717320919e-03
1.141869463026523590e-03
1.159270410425961018e-03
1.129284966737031937e-03
1.128793112002313137e-03
1.148254959844052792e-03
1.133820740506052971e-03
1.130390097387135029e-03
1.127526746131479740e-03
1.155418809503316879e-03
1.123145804740488529e-03
1.126084127463400364e-03
1.148501527495682240e-03
1.143994159065186977e-03
1.141273532994091511e-03
1.170172821730375290e-03
1.133689773268997669e-03
1.139817526564002037e-03
1.136902836151421070e-03
1.145806978456676006e-03
1.134251360781490803e-03
1.172138145193457603e-03
1.134994439780712128e-03
1.144349691458046436e-03
1.153154997155070305e-03
1.142978086136281490e-03
1.124271308071911335e-03
1.136580482125282288e-03
1.149276853539049625e-03
1.129713025875389576e-03
1.125703798606991768e-03
1.148328417912125587e-03
1.135024474933743477e-03
1.149711199104785919e-03
1.127233146689832211e-03
1.189143862575292587e-03
1.122762332670390606e-03
1.122081885114312172e-03
1.124728587456047535e-03
1.122973393648862839e-03
1.124814036302268505e-03
1.158291939646005630e-03
1.128808129578828812e-03
1.137494691647589207e-03
1.125514740124344826e-03
1.164489542134106159e-03
1.126701710745692253e-03
1.142583671025931835e-03
1.126021612435579300e-03
1.120237517170608044e-03
1.161033986136317253e-03
1.127065625041723251e-03
1.130842021666467190e-03
1.131220487877726555e-03
1.124752569012343884e-03
1.121905050240457058e-03
1.124717295169830322e-03
1.136770006269216537e-03
1.126121263951063156e-03
1.131265657022595406e-03
1.176203135401010513e-03
1.133506186306476593e-03
1.128444215282797813e-03
1.128399046137928963e-03
1.131187542341649532e-03
1.130142132751643658e-03
1.123343012295663357e-03
1.126439776271581650e-03
1.177972881123423576e-03
1.126612769439816475e-03
1.131324796006083488e-03
1.130897086113691330e-03
1.188082969747483730e-03
1.117111300118267536e-03
1.158233615569770336e-03
1.120074884966015816e-03
1.129989745095372200e-03
1.123636029660701752e-03
1.119904685765504837e-03
1.147449132986366749e-03
1.131522003561258316e-03
1.149359857663512230e-03
1.137271872721612453e-03
1.121455687098205090e-03
1.130236429162323475e-03
1.123162452131509781e-03
1.128476113080978394e-03
1.129623036831617355e-03
1.128315459936857224e-03
1.123648602515459061e-03
1.143886824138462543e-03
1.146576018072664738e-03
1.121178735047578812e-03
1.129775890149176121e-03
1.168977818451821804e-03
1.128135249018669128e-03
1.153604243882000446e-03
1.130281598307192326e-03
1.131956581957638264e-03
1.118922955356538296e-03
1.132229925133287907e-03
1.124807517044246197e-03
1.121496898122131824e-03
1.124930451624095440e-03
1.139953732490539551e-03
1.121642882935702801e-03
1.140320091508328915e-03
1.127036637626588345e-03
1.121940440498292446e-03
1.122519606724381447e-03
1.131456345319747925e-03
1.123403082601726055e-03
1.146331895142793655e-03
1.119734370149672031e-03
1.122625893913209438e-03
1.125545124523341656e-03
1.131947501562535763e-03
1.120521337725222111e-03
1.137293060310184956e-03
1.133572775870561600e-03
1.118363346904516220e-03
1.190023613162338734e-03
1.124235917814075947e-03
1.124607399106025696e-03
1.117201172746717930e-03
1.149195944890379906e-03
1.119201420806348324e-03
1.127103343605995178e-03
1.124502159655094147e-03
1.125357346609234810e-03
1.127065508626401424e-03
1.122455578297376633e-03
1.118495361879467964e-03
1.166119589470326900e-03
1.132735982537269592e-03
1.120897941291332245e-03
1.122903078794479370e-03
1.128115109167993069e-03
1.116636442020535469e-03
1.116756000556051731e-03
1.124357804656028748e-03
1.153826829977333546e-03
1.128111849538981915e-03
1.117553445510566235e-03
1.120420172810554504e-03
1.119548920542001724e-03
1.178941107355058193e-03
1.117579289712011814e-03
1.141503918915987015e-03
1.121748937293887138e-03
1.117144012823700905e-03
1.144110457971692085e-03
1.118654268793761730e-03
1.167943701148033142e-03
1.122842426411807537e-03
1.130482880398631096e-03
1.119990483857691288e-03
1.120098400861024857e-03
1.130220247432589531e-03
1.142975175753235817e-03
1.137299113906919956e-03
1.122237415984272957e-03
1.116995816119015217e-03
1.179704559035599232e-03
1.121796783991158009e-03
1.122142537496984005e-03
1.124560367316007614e-03
1.115893479436635971e-03
1.140525448136031628e-03
1.124188886024057865e-03
1.130166579969227314e-03
1.115604187361896038e-03
1.127984607592225075e-03
1.118313521146774292e-03
1.132728182710707188e-03
1.116076135076582432e-03
1.133752288296818733e-03
1.145846326835453510e-03
1.129154930822551250e-03
1.113631064072251320e-03
1.128780539147555828e-03
1.115562743507325649e-03
1.127011259086430073e-03
1.115124905481934547e-03
1.142917200922966003e-03
1.126100891269743443e-03
1.112639554776251316e-03
1.132028410211205482e-03
1.124195405282080173e-03
1.118384068831801414e-03
1.120106433518230915e-03
1.120360684581100941e-03
1.159099745564162731e-03
1.118668471463024616e-03
1.115830731578171253e-03
1.110984827391803265e-03
1.147132716141641140e-03
1.130059827119112015e-03
1.131852506659924984e-03
1.146483235061168671e-03
1.126867253333330154e-03
1.108568394556641579e-03
1.139982370659708977e-03
1.156510901637375355e-03
1.117429346777498722e-03
1.110878889448940754e-03
1.130527234636247158e-03
1.131008728407323360e-03
1.123766647651791573e-03
1.154363155364990234e-03
1.117662061005830765e-03
1.129811047576367855e-03
1.108219148591160774e-03
1.132164965383708477e-03
1.113358885049819946e-03
1.127807656303048134e-03
1.145692775025963783e-03
1.147512230090796947e-03
1.124731614254415035e-03
1.123116468079388142e-03
1.110818469896912575e-03
1.118884887546300888e-03
1.127109164372086525e-03
1.113040023483335972e-03
1.145652029663324356e-03
1.108805998228490353e-03
1.121629262343049049e-03
1.115592312999069691e-03
1.127236871980130672e-03
1.109644537791609764e-03
1.165971625596284866e-03
1.120870467275381088e-03
1.107331132516264915e-03
1.118722837418317795e-03
1.126662362366914749e-03
1.124489819630980492e-03
1.134510850533843040e-03
1.110053388401865959e-03
1.132250530645251274e-03
1.112095662392675877e-03
1.144534326158463955e-03
1.110034761950373650e-03
1.143270288594067097e-03
1.127206953242421150e-03
1.117078587412834167e-03
1.117862411774694920e-03
1.118933083489537239e-03
1.141724758781492710e-03
1.116426079533994198e-03
1.143686589784920216e-03
1.127434894442558289e-03
1.109762466512620449e-03
1.138457097113132477e-03
1.110090757720172405e-03
1.115282997488975525e-03
1.115998835302889347e-03
1.137938466854393482e-03
1.115418272092938423e-03
1.116838655434548855e-03
1.117686624638736248e-03
1.124457106925547123e-03
1.120839267969131470e-03
1.133085228502750397e-03
1.121124019846320152e-03
1.121754292398691177e-03
1.112225465476512909e-03
1.130050397478044033e-03
1.141183660365641117e-03
1.118699670769274235e-03
1.113940263167023659e-03
1.116198720410466194e-03
1.167357899248600006e-03
1.113400096073746681e-03
1.124643255025148392e-03
1.118841697461903095e-03
1.113505102694034576e-03
1.142087392508983612e-03
1.118659973144531250e-03
1.108812168240547180e-03
1.171662355773150921e-03
1.109940232709050179e-03
1.108748023398220539e-03
1.106431824155151844e-03
1.140712760388851166e-03
1.113508944399654865e-03
1.128975651226937771e-03
1.108839525841176510e-03
1.133974408730864525e-03
1.142898807302117348e-03
1.112700789235532284e-03
1.142412773333489895e-03
1.108095399104058743e-03
1.126223360188305378e-03
1.108774100430309772e-03
1.141510321758687496e-03
1.108378171920776367e-03
1.114072161726653576e-03
1.125091803260147572e-03
1.106961164623498917e-03
1.103781047277152538e-03
1.114218146540224552e-03
1.119775697588920593e-03
1.116935163736343384e-03
1.108174328692257404e-03
1.110578537918627262e-03
1.123488531447947025e-03
1.114623853936791420e-03
1.119920983910560608e-03
1.113581238314509392e-03
1.112578320316970348e-03
1.119476626627147198e-03
1.141427434049546719e-03
1.121075241826474667e-03
1.108850585296750069e-03
1.105879782699048519e-03
1.131372759118676186e-03
1.125481794588267803e-03
1.125134178437292576e-03
1.109370030462741852e-03
1.121246838010847569e-03
1.115222927182912827e-03
1.116396510042250156e-03
1.117439358495175838e-03
1.127368886955082417e-03
1.105885254219174385e-03
1.125971204601228237e-03
1.115336781367659569e-03
1.127611147239804268e-03
1.112460624426603317e-03
1.106931827962398529e-03
1.156145124696195126e-03
1.122642774134874344e-03
1.149071613326668739e-03
1.108398311771452427e-03
1.103473012335598469e-03
1.120658242143690586e-03
1.118633081205189228e-03
1.105330651625990868e-03
1.115767867304384708e-03
1.105565810576081276e-03
1.102354610338807106e-03
1.105540199205279350e-03
1.107193296775221825e-03
1.106528216041624546e-03
1.101074623875319958e-03
1.125505194067955017e-03
1.103443326428532600e-03
1.130822347477078438e-03
1.127290306612849236e-03
1.113127451390028000e-03
1.105907605960965157e-03
1.141042332164943218e-03
1.117210253141820431e-03
1.104359631426632404e-03
1.181849394924938679e-03
1.111604273319244385e-03
1.100134220905601978e-03
1.114840852096676826e-03
1.100506517104804516e-03
1.158097409643232822e-03
1.114625134505331516e-03
1.111843856051564217e-03
1.111905672587454319e-03
1.102079171687364578e-03
1.155597507022321224e-03
1.110521727241575718e-03
1.125651178881525993e-03
1.115812105126678944e-03
1.101622357964515686e-03
1.121962093748152256e-03
1.105535891838371754e-03
1.123459776863455772e-03
1.116429106332361698e-03
1.102064270526170731e-03
1.108603202737867832e-03
1.142630702815949917e-03
1.122385379858314991e-03
1.109612290747463703e-03
1.119498396292328835e-03
1.107294345274567604e-03
1.224437844939529896e-03
1.138556050136685371e-03
1.107661402784287930e-03
1.122211455367505550e-03
1.113798818551003933e-03
1.125131850130856037e-03
1.102824346162378788e-03
1.115590916015207767e-03
1.134813646785914898e-03
1.110587501898407936e-03
1.110836630687117577e-03
1.151718781329691410e-03
1.109897275455296040e-03
1.108762342482805252e-03
1.134934718720614910e-03
1.112825004383921623e-03
1.120726694352924824e-03
1.114615588448941708e-03
1.106136362068355083e-03
1.135842991061508656e-03
1.122931484133005142e-03
1.106812502257525921e-03
1.108663505874574184e-03
1.160762622021138668e-03
1.106203184463083744e-03
1.130575896240770817e-03
1.123479451052844524e-03
1.153173856437206268e-03
1.111682155169546604e-03
1.109062111936509609e-03
1.121310982853174210e-03
1.104164053685963154e-03
1.164721674285829067e-03
1.108162919990718365e-03
1.101965317502617836e-03
1.108614727854728699e-03
1.129980315454304218e-03
1.098105451092123985e-03
1.114110928028821945e-03
1.102422946132719517e-03
1.139087020419538021e-03
1.108702272176742554e-03
1.113969599828124046e-03
1.122822170145809650e-03
1.113128033466637135e-03
1.110452809371054173e-03
1.100413501262664795e-03
1.142320455983281136e-03
1.112303463742136955e-03
1.116932602599263191e-03
1.107719261199235916e-03
1.106436364352703094e-03
1.100686960853636265e-03
1.133655547164380550e-03
1.110438024625182152e-03
1.152568031102418900e-03
1.099004526622593403e-03
1.126698218286037445e-03
1.124067348428070545e-03
1.123307738453149796e-03
1.105644740164279938e-03
1.136923790909349918e-03
1.111135818064212799e-03
1.104510505683720112e-03
1.120102126151323318e-03
1.098745968192815781e-03
1.108596334233880043e-03
1.125153736211359501e-03
1.110066194087266922e-03
1.117164385505020618e-03
1.105147297494113445e-03
1.110250013880431652e-03
1.103556365706026554e-03
1.107477582991123199e-03
1.143165398389101028e-03
1.116299186833202839e-03
1.111033372581005096e-03
1.107467920519411564e-03
1.101032015867531300e-03
1.131890923716127872e-03
1.116808969527482986e-03
1.106459414586424828e-03
1.122762332670390606e-03
1.105485018342733383e-03
1.120971865020692348e-03
1.109638717025518417e-03
1.118915854021906853e-03
1.125561073422431946e-03
1.102064503356814384e-03
1.109217060729861259e-03
1.115650404244661331e-03
1.141733955591917038e-03
1.110014505684375763e-03
1.099395682103931904e-03
1.098583918064832687e-03
1.119058346375823021e-03
1.114921527914702892e-03
1.098989509046077728e-03
1.101160421967506409e-03
1.127478084526956081e-03
1.114762038923799992e-03
1.122915185987949371e-03
1.110427314415574074e-03
1.095446757972240448e-03
1.127910218201577663e-03
1.113052596338093281e-03
1.100452383980154991e-03
1.094533712603151798e-03
1.151982462033629417e-03
1.110885641537606716e-03
1.115515944547951221e-03
1.113266102038323879e-03
1.097898115403950214e-03
1.130019547417759895e-03
1.100292894989252090e-03
1.127190887928009033e-03
1.109899370931088924e-03
1.104776980355381966e-03
1.118269516155123711e-03
1.097951666451990604e-03
1.135031692683696747e-03
1.115898834541440010e-03
1.101054600439965725e-03
1.099606859497725964e-03
1.096683670766651630e-03
1.107763848267495632e-03
1.108301104977726936e-03
1.094902050681412220e-03
1.107242307625710964e-03
1.107914373278617859e-03
1.101253670640289783e-03
1.095387386158108711e-03
1.123919500969350338e-03
1.110456301830708981e-03
1.100312219932675362e-03
1.110005308873951435e-03
1.093533704988658428e-03
1.196320285089313984e-03
1.112954341806471348e-03
1.091888174414634705e-03
1.101688598282635212e-03
1.111819758079946041e-03
1.103492686524987221e-03
1.098619191907346249e-03
1.099234796129167080e-03
1.118290005251765251e-03
1.098262611776590347e-03
1.096582389436662197e-03
1.177566475234925747e-03
1.102284062653779984e-03
1.089559518732130527e-03
1.116154948249459267e-03
1.093308674171566963e-03
1.112539204768836498e-03
1.103611197322607040e-03
1.099389279261231422e-03
1.105167320929467678e-03
1.108521828427910805e-03
1.123311230912804604e-03
1.096879015676677227e-03
1.091895974241197109e-03
1.123801805078983307e-03
1.122368732467293739e-03
1.094188191927969456e-03
1.103702117688953876e-03
1.102158334106206894e-03
1.088659162633121014e-03
1.095823012292385101e-03
1.095702988095581532e-03
1.105015864595770836e-03
1.107319258153438568e-03
1.091564074158668518e-03
1.123125199228525162e-03
1.123581547290086746e-03
1.099790330044925213e-03
1.117664738558232784e-03
1.112726633436977863e-03
1.098852837458252907e-03
1.099871820770204067e-03
1.102690468542277813e-03
1.106971525587141514e-03
1.134458347223699093e-03
1.095546875149011612e-03
1.089274068363010883e-03
1.102291629649698734e-03
1.101284404285252094e-03
1.119145192205905914e-03
1.110743498429656029e-03
1.090678735636174679e-03
1.109153381548821926e-03
1.093481783755123615e-03
1.090263482183218002e-03
1.125937444157898426e-03
1.107799354940652847e-03
1.090385252609848976e-03
1.092154416255652905e-03
1.115610240958631039e-03
1.093128579668700695e-03
1.095857471227645874e-03
1.086911186575889587e-03
1.095836749300360680e-03
1.149175222963094711e-03
1.103160670027136803e-03
1.096651074476540089e-03
1.096845837309956551e-03
1.093349768780171871e-03
1.090999343432486057e-03
1.087150303646922112e-03
1.102789072319865227e-03
1.100023975595831871e-03
1.110970275476574898e-03
1.091982237994670868e-03
1.097159693017601967e-03
1.090954989194869995e-03
1.202844898216426373e-03
1.115695573389530182e-03
1.114109181798994541e-03
1.095534302294254303e-03
1.089546713046729565e-03
1.102690119296312332e-03
1.085722469724714756e-03
1.104520400986075401e-03
1.092674210667610168e-03
1.095465966500341892e-03
1.086073229089379311e-03
1.098061678931117058e-03
1.096762600354850292e-03
1.092654303647577763e-03
1.088725868612527847e-03
1.092146849259734154e-03
1.108449534513056278e-03
1.103562535718083382e-03
1.092649996280670166e-03
1.105081988498568535e-03
1.087771961465477943e-03
1.125534763559699059e-03
1.089115510694682598e-03
1.090091769583523273e-03
1.094776089303195477e-03
1.099307206459343433e-03
1.098026405088603497e-03
1.101544941775500774e-03
1.085224444977939129e-03
1.115523162297904491e-03
1.113334787078201771e-03
1.095119514502584934e-03
1.086300355382263660e-03
1.093151164241135120e-03
1.111448626033961773e-03
1.089956029318273067e-03
1.090429141186177731e-03
1.111436635255813599e-03
1.096140709705650806e-03
1.156547106802463531e-03
1.084694988094270229e-03
1.093227183446288109e-03
1.090574194677174091e-03
1.092437654733657837e-03
1.112290890887379646e-03
1.102150068618357182e-03
1.086564268916845322e-03
1.152248005382716656e-03
1.098668784834444523e-03
1.094088889658451080e-03
1.090631121769547462e-03
1.106339739635586739e-03
1.093019498512148857e-03
1.098207198083400726e-03
1.119714695960283279e-03
1.085726427845656872e-03
1.126418123021721840e-03
1.125718699768185616e-03
1.088327146135270596e-03
1.095550600439310074e-03
1.182423555292189121e-03
1.116530620492994785e-03
1.086587202735245228e-03
1.087726326659321785e-03
1.100051682442426682e-03
1.081727212294936180e-03
1.103729358874261379e-03
1.098893582820892334e-03
1.093711820431053638e-03
1.092481426894664764e-03
1.088845310732722282e-03
1.091110403649508953e-03
1.089064637199044228e-03
1.086731557734310627e-03
1.084753312170505524e-03
1.095945481210947037e-03
1.095198909752070904e-03
1.103789429180324078e-03
1.084331888705492020e-03
1.136200735345482826e-03
1.092594699002802372e-03
1.082372851669788361e-03
1.123334513977169991e-03
1.112923375330865383e-03
1.095700310543179512e-03
1.087698852643370628e-03
1.103301532566547394e-03
1.116982428357005119e-03
1.095379935577511787e-03
1.092212740331888199e-03
1.094765844754874706e-03
1.090520177967846394e-03
1.170740812085568905e-03
1.095096231438219547e-03
1.083180191926658154e-03
1.093444065190851688e-03
1.094746519811451435e-03
1.136132050305604935e-03
1.104455324821174145e-03
1.089212251827120781e-03
1.097525004297494888e-03
1.094054547138512135e-03
1.087512006051838398e-03
1.131037250161170959e-03
1.098087872378528118e-03
1.095666550099849701e-03
1.082847593352198601e-03
1.111922669224441051e-03
1.088277553208172321e-03
1.082883449271321297e-03
1.088515506125986576e-03
1.083206851035356522e-03
1.083119888789951801e-03
1.086037489585578442e-03
1.085488824173808098e-03
1.084984745830297470e-03
1.088248798623681068e-03
1.084398478269577026e-03
1.152615877799689770e-03
1.095848041586577892e-03
1.082541537471115589e-03
1.175293000414967537e-03
1.082222792319953442e-03
1.085489988327026367e-03
1.089118421077728271e-03
1.085820142179727554e-03
1.106076757423579693e-03
1.097886939533054829e-03
1.095071551389992237e-03
1.115639694035053253e-03
1.100497785955667496e-03
1.088198623619973660e-03
1.093493541702628136e-03
1.093499362468719482e-03
1.079272711649537086e-03
1.104660797864198685e-03
1.084838877432048321e-03
1.098232460208237171e-03
1.093083876185119152e-03
1.110805082134902477e-03
1.081672264263033867e-03
1.178454956971108913e-03
1.098486711271107197e-03
1.090298057533800602e-03
1.083685900084674358e-03
1.086938311345875263e-03
1.081991940736770630e-03
1.178580801934003830e-03
1.086009899154305458e-03
1.093290746212005615e-03
1.091548940166831017e-03
1.093383994884788990e-03
1.091735670343041420e-03
1.097176689654588699e-03
1.121525187045335770e-03
1.099079614505171776e-03
1.084542716853320599e-03
1.085338299162685871e-03
1.091936370357871056e-03
1.083149574697017670e-03
1.075621228665113449e-03
1.270648557692766190e-03
1.080882968381047249e-03
1.081055612303316593e-03
1.078090397641062737e-03
1.104659284465014935e-03
1.107533345930278301e-03
1.082188216969370842e-03
1.086320495232939720e-03
1.095905667170882225e-03
1.081359223462641239e-03
1.129252021200954914e-03
1.090047764591872692e-03
1.091150101274251938e-03
1.084420830011367798e-03
1.108561176806688309e-03
1.093077356927096844e-03
1.083163428120315075e-03
1.091458252631127834e-03
1.083741895854473114e-03
1.125929993577301502e-03
1.105870818719267845e-03
1.088377786800265312e-03
1.113933161832392216e-03
1.102374400943517685e-03
1.076137414202094078e-03
1.139844534918665886e-03
1.101922243833541870e-03
1.095342333428561687e-03
1.081048627384006977e-03
1.096270745620131493e-03
1.089719589799642563e-03
1.104781287722289562e-03
1.082168309949338436e-03
1.086691394448280334e-03
1.118524465709924698e-03
1.096735592000186443e-03
1.079197507351636887e-03
1.082010334357619286e-03
1.101622940041124821e-03
1.083641778677701950e-03
1.077950699254870415e-03
1.081091235391795635e-03
1.082257600501179695e-03
1.114580081775784492e-03
1.095196465030312538e-03
1.081303693354129791e-03
1.081584719941020012e-03
1.087335986085236073e-03
1.115825376473367214e-03
1.079509383998811245e-03
1.089888275600969791e-03
1.081805210560560226e-03
1.084953080862760544e-03
1.092123100534081459e-03
1.104042981751263142e-03
1.092294813133776188e-03
1.074638566933572292e-03
1.074567786417901516e-03
1.080252812243998051e-03
1.076873624697327614e-03
1.115503837354481220e-03
1.076675252988934517e-03
1.113718142732977867e-03
1.091465121135115623e-03
1.075855689123272896e-03
1.077405177056789398e-03
1.076483167707920074e-03
1.110250479541718960e-03
1.077659544534981251e-03
1.076923916116356850e-03
1.115707214921712875e-03
1.093618921004235744e-03
1.103145303204655647e-03
1.097621745429933071e-03
1.089393976144492626e-03
1.124004949815571308e-03
1.098924665711820126e-03
1.089228084310889244e-03
1.079877023585140705e-03
1.100604073144495487e-03
1.082582399249076843e-03
1.091941492632031441e-03
1.085314550437033176e-03
1.086180098354816437e-03
1.083846669644117355e-03
1.140696229413151741e-03
1.077844644896686077e-03
1.084963441826403141e-03
1.093448256142437458e-03
1.086572301574051380e-03
1.097219530493021011e-03
1.092308317311108112e-03
1.072913757525384426e-03
1.102775335311889648e-03
1.085433876141905785e-03
1.077139982953667641e-03
1.080911955796182156e-03
1.085582654923200607e-03
1.120534259825944901e-03
1.097672851756215096e-03
1.104119466617703438e-03
1.104966271668672562e-03
1.078943954780697823e-03
1.101711182855069637e-03
1.099414075724780560e-03
1.092027174308896065e-03
1.080298447050154209e-03
1.089107361622154713e-03
1.083402661606669426e-03
1.080739544704556465e-03
1.078785397112369537e-03
1.101168571040034294e-03
1.091233571060001850e-03
1.095380284823477268e-03
1.089129480533301830e-03
1.074762316420674324e-03
1.082136179320514202e-03
1.085784868337213993e-03
1.090191188268363476e-03
1.078089466318488121e-03
1.143666100688278675e-03
1.101120142266154289e-03
1.083526178263127804e-03
1.081558642908930779e-03
1.079188310541212559e-03
1.077961642295122147e-03
1.077625900506973267e-03
1.089559518732130527e-03
1.101156813092529774e-03
1.111739547923207283e-03
1.082926173694431782e-03
1.100614899769425392e-03
1.075484207831323147e-03
1.089769997633993626e-03
1.095979823730885983e-03
1.074954750947654247e-03
1.085300231352448463e-03
1.134872436523437500e-03
1.082187285646796227e-03
1.085784868337213993e-03
1.114118960686028004e-03
1.095463754609227180e-03
1.086021424271166325e-03
1.086700940504670143e-03
1.072394778020679951e-03
1.084997435100376606e-03
1.099539105780422688e-03
1.099509187042713165e-03
1.081021851859986782e-03
1.074435422196984291e-03
1.122253946959972382e-03
1.088427845388650894e-03
1.071581151336431503e-03
1.084354589693248272e-03
1.089973025955259800e-03
1.094053266569972038e-03
1.084562507458031178e-03
1.102740876376628876e-03
1.083106501027941704e-03
1.078642206266522408e-03
1.077112159691751003e-03
1.110105076804757118e-03
1.074199681170284748e-03
1.139675267040729523e-03
1.097482861950993538e-03
1.098525128327310085e-03
1.074345898814499378e-03
1.078826724551618099e-03
1.094926381483674049e-03
1.093383994884788990e-03
1.073358114808797836e-03
1.097788801416754723e-03
1.081860275007784367e-03
1.079337438568472862e-03
1.071514911018311977e-03
1.092246733605861664e-03
1.076074549928307533e-03
1.085797441191971302e-03
1.083572860807180405e-03
1.075564650818705559e-03
1.074929255992174149e-03
1.115413731895387173e-03
1.071839826181530952e-03
1.086339936591684818e-03
1.073925523087382317e-03
1.097981235943734646e-03
1.080958056263625622e-03
1.080067828297615051e-03
1.071964041329920292e-03
1.107187010347843170e-03
1.070849713869392872e-03
1.138231018558144569e-03
1.081447466276586056e-03
1.082182046957314014e-03
1.091022044420242310e-03
1.094173756428062916e-03
1.115674385800957680e-03
1.076638698577880859e-03
1.075012609362602234e-03
1.069690799340605736e-03
1.160040963441133499e-03
1.099662040360271931e-03
1.085757510736584663e-03
1.089683850295841694e-03
1.084482413716614246e-03
1.085967174731194973e-03
1.081464928574860096e-03
1.080101355910301208e-03
1.078734407201409340e-03
1.075275358743965626e-03
1.102141104638576508e-03
1.099981949664652348e-03
1.078238827176392078e-03
1.104478957131505013e-03
1.087018172256648540e-03
1.079337671399116516e-03
1.127627678215503693e-03
1.088506076484918594e-03
1.074927276931703091e-03
1.077689696103334427e-03
1.076110638678073883e-03
1.074319705367088318e-03
1.071423175744712353e-03
1.099663786590099335e-03
1.069566351361572742e-03
1.133939134888350964e-03
1.071181846782565117e-03
1.083134789951145649e-03
1.158368424512445927e-03
1.096275751478970051e-03
1.139978063292801380e-03
1.097427797503769398e-03
1.078013796359300613e-03
1.112432102672755718e-03
1.075876643881201744e-03
1.070665544830262661e-03
1.102261710911989212e-03
1.086559728719294071e-03
1.072407350875437260e-03
1.066577853634953499e-03
1.072492799721658230e-03
1.078305183909833431e-03
1.067385077476501465e-03
1.108976895920932293e-03
1.075197593308985233e-03
1.080489833839237690e-03
1.108194934204220772e-03
1.090208068490028381e-03
1.075697364285588264e-03
1.075583859346807003e-03
1.072288258001208305e-03
1.066989265382289886e-03
1.125346869230270386e-03
1.076249871402978897e-03
1.065622083842754364e-03
1.120443455874919891e-03
1.080408692359924316e-03
1.077769557014107704e-03
1.073233201168477535e-03
1.073344959877431393e-03
1.071900129318237305e-03
1.089989440515637398e-03
1.075687468983232975e-03
1.086578238755464554e-03
1.085607684217393398e-03
1.086077885702252388e-03
1.072137965820729733e-03
1.079066772945225239e-03
1.081430818885564804e-03
1.120424945838749409e-03
1.074705272912979126e-03
1.073168590664863586e-03
1.079373992979526520e-03
1.076327171176671982e-03
1.075257430784404278e-03
1.087608514353632927e-03
1.081786118447780609e-03
1.083874027244746685e-03
1.065976219251751900e-03
1.090174657292664051e-03
1.074990956112742424e-03
1.086004194803535938e-03
1.092521473765373230e-03
1.077129389159381390e-03
1.071254140697419643e-03
1.091123209334909916e-03
1.110030105337500572e-03
1.073737279511988163e-03
1.069147489033639431e-03
1.073507126420736313e-03
1.120054279454052448e-03
1.066612545400857925e-03
1.082897884771227837e-03
1.075878157280385494e-03
1.079748384654521942e-03
1.074086176231503487e-03
1.106162788346409798e-03
1.084109651856124401e-03
1.069165184162557125e-03
1.067754928953945637e-03
1.149248448200523853e-03
1.179658691398799419e-03
1.138859894126653671e-03
1.092660822905600071e-03
1.066412078216671944e-03
1.064672716893255711e-03
1.068076351657509804e-03
1.065874123014509678e-03
1.121907494962215424e-03
1.069007441401481628e-03
1.073551946319639683e-03
1.069561345502734184e-03
