1.802292652428150177e-02
3.356611588969826698e-03
2.220590598881244659e-03
2.012317301705479622e-03
1.972407335415482521e-03
1.952385297045111656e-03
1.936588203534483910e-03
1.923014409840106964e-03
1.910648657940328121e-03
1.899101422168314457e-03
1.886632875539362431e-03
1.876951777376234531e-03
1.868976978585124016e-03
1.862070639617741108e-03
1.855725422501564026e-03
1.849674154072999954e-03
1.843936275690793991e-03
1.838526921346783638e-03
1.833385555073618889e-03
1.828194712288677692e-03
1.821523183025419712e-03
1.815885072574019432e-03
1.811034395359456539e-03
1.806561020202934742e-03
1.802420010790228844e-03
1.798486686311662197e-03
1.794683979824185371e-03
1.790970331057906151e-03
1.787322806194424629e-03
1.783703919500112534e-03
1.780087244696915150e-03
1.776447985321283340e-03
1.772766117937862873e-03
1.768963993526995182e-03
1.765220193192362785e-03
1.761522958986461163e-03
1.757781603373587132e-03
1.753993215970695019e-03
1.750054536387324333e-03
1.745849149301648140e-03
1.741637010127305984e-03
1.737617305479943752e-03
1.733596785925328732e-03
1.729519222863018513e-03
1.725621754303574562e-03
1.721687614917755127e-03
1.718143583275377750e-03
1.714486046694219112e-03
1.711062970571219921e-03
1.707682036794722080e-03
1.704609603621065617e-03
1.701338100247085094e-03
1.697199419140815735e-03
1.693476806394755840e-03
1.689841388724744320e-03
1.686685951426625252e-03
1.683847047388553619e-03
1.681146910414099693e-03
1.677964581176638603e-03
1.675327774137258530e-03
1.672589802183210850e-03
1.669465214945375919e-03
1.666304538957774639e-03
1.663271686993539333e-03
1.660338952206075191e-03
1.657421817071735859e-03
1.654527615755796432e-03
1.651941682212054729e-03
1.648902660235762596e-03
1.646402641199529171e-03
1.643541152589023113e-03
1.640610862523317337e-03
1.638299087062478065e-03
1.635131076909601688e-03
1.632121624425053596e-03
1.629505655728280544e-03
1.626249984838068485e-03
1.623629126697778702e-03
1.620102673768997192e-03
1.617539790458977222e-03
1.615544897504150867e-03
1.609971164725720882e-03
1.606133184395730495e-03
1.603304990567266941e-03
1.600829418748617172e-03
1.598484232090413570e-03
1.595321577042341232e-03
1.592742861248552799e-03
1.590187894180417061e-03
1.587952603586018085e-03
1.584970275871455669e-03
1.582821249030530453e-03
1.578630530275404453e-03
1.577095594257116318e-03
1.573736080899834633e-03
1.571721746586263180e-03
1.568083651363849640e-03
1.562899095006287098e-03
1.559377182275056839e-03
1.556040137074887753e-03
1.552220084704458714e-03
1.549182808957993984e-03
1.546889659948647022e-03
1.543572172522544861e-03
1.540251541882753372e-03
1.536973868496716022e-03
1.536698080599308014e-03
1.533111790195107460e-03
1.528194756247103214e-03
1.527341082692146301e-03
1.524215331301093102e-03
1.520182588137686253e-03
1.520396908745169640e-03
1.514234463684260845e-03
1.512343529611825943e-03
1.508725923486053944e-03
1.506208558566868305e-03
1.503601553849875927e-03
1.501556020230054855e-03
1.501226215623319149e-03
1.496282173320651054e-03
1.493895542807877064e-03
1.491882954724133015e-03
1.488914946094155312e-03
1.490031252615153790e-03
1.484609092585742474e-03
1.485655666328966618e-03
1.484694425016641617e-03
1.476523117162287235e-03
1.480390201322734356e-03
1.472444157116115093e-03
1.474901568144559860e-03
1.466647838242352009e-03
1.464842353016138077e-03
1.471414696425199509e-03
1.461950829252600670e-03
1.468893256969749928e-03
1.455843215808272362e-03
1.456697820685803890e-03
1.450044452212750912e-03
1.450927346013486385e-03
1.445864676497876644e-03
1.441667438484728336e-03
1.446553738787770271e-03
1.442199805751442909e-03
1.442265114746987820e-03
1.443232642486691475e-03
1.430359669029712677e-03
1.429933938197791576e-03
1.432244316674768925e-03
1.433794503100216389e-03
1.421271590515971184e-03
1.441125990822911263e-03
1.423180103302001953e-03
1.413041609339416027e-03
1.438427832908928394e-03
1.414298545569181442e-03
1.405915943905711174e-03
1.434023492038249969e-03
1.407570554874837399e-03
1.398284686729311943e-03
1.396314357407391071e-03
1.395513303577899933e-03
1.402613590471446514e-03
1.395206665620207787e-03
1.395311322994530201e-03
1.396546373143792152e-03
1.389006734825670719e-03
1.399057568050920963e-03
1.382322167046368122e-03
1.413798891007900238e-03
1.382412738166749477e-03
1.377153792418539524e-03
1.370008569210767746e-03
1.399272354319691658e-03
1.367507036775350571e-03
1.366641023196280003e-03
1.374293235130608082e-03
1.369044883176684380e-03
1.364750089123845100e-03
1.366572920233011246e-03
1.359702902846038342e-03
1.351722632534801960e-03
1.355230109766125679e-03
1.358277513645589352e-03
1.354006933979690075e-03
1.360704423859715462e-03
1.340944436378777027e-03
1.338347676210105419e-03
1.339777489192783833e-03
1.336129498668015003e-03
1.332281390205025673e-03
1.329890801571309566e-03
1.327384728938341141e-03
1.325239310972392559e-03
1.324500073678791523e-03
1.330057624727487564e-03
1.328875543549656868e-03
1.319068484008312225e-03
1.326519181020557880e-03
1.319532748311758041e-03
1.321012619882822037e-03
1.316028414294123650e-03
1.314294757321476936e-03
1.305031590163707733e-03
1.308265840634703636e-03
1.313455519266426563e-03
1.315816421993076801e-03
1.312482869252562523e-03
1.320348470471799374e-03
1.308737904764711857e-03
1.311679370701313019e-03
1.319966861046850681e-03
1.291919266805052757e-03
1.301179523579776287e-03
1.296278904192149639e-03
1.284118276089429855e-03
1.333793392404913902e-03
1.285107922740280628e-03
1.281701028347015381e-03
1.304959296248853207e-03
1.282913610339164734e-03
1.295923022553324699e-03
1.273400732316076756e-03
1.286712009459733963e-03
1.271963701583445072e-03
1.274719834327697754e-03
1.271911780349910259e-03
1.260814839042723179e-03
1.263246638700366020e-03
1.264349091798067093e-03
1.256191753782331944e-03
1.254457165487110615e-03
1.263944199308753014e-03
1.251857145689427853e-03
1.250382629223167896e-03
1.252718619070947170e-03
1.247612759470939636e-03
1.284466125071048737e-03
1.246914849616587162e-03
1.244037179276347160e-03
1.280818134546279907e-03
1.239261357113718987e-03
1.237145974300801754e-03
1.242309343069791794e-03
1.234430470503866673e-03
1.240308978594839573e-03
1.247042091563344002e-03
1.244967919774353504e-03
1.244195387698709965e-03
1.246344996616244316e-03
1.245302031747996807e-03
1.238712808117270470e-03
1.238930388353765011e-03
1.239487668499350548e-03
1.225551939569413662e-03
1.220841775648295879e-03
1.223110710270702839e-03
1.216531964018940926e-03
1.212195260450243950e-03
1.215572352521121502e-03
1.270607579499483109e-03
1.211850438266992569e-03
1.213455805554986000e-03
1.207200810313224792e-03
1.240747980773448944e-03
1.214901567436754704e-03
1.208618516102433205e-03
1.201575272716581821e-03
1.237921533174812794e-03
1.196852885186672211e-03
1.203839317895472050e-03
1.193586969748139381e-03
1.193067757412791252e-03
1.207007793709635735e-03
1.198821235448122025e-03
1.187936053611338139e-03
1.212364411912858486e-03
1.191883464343845844e-03
1.226697349920868874e-03
1.189755043014883995e-03
1.198510522954165936e-03
1.180627034045755863e-03
1.260577933862805367e-03
1.191426301375031471e-03
1.180100371129810810e-03
1.179196755401790142e-03
1.206186600029468536e-03
1.171534880995750427e-03
1.179060316644608974e-03
1.169110066257417202e-03
1.209986745379865170e-03
1.171275158412754536e-03
1.166950911283493042e-03
1.162806758657097816e-03
1.164817484095692635e-03
1.197441830299794674e-03
1.172008574940264225e-03
1.161993131972849369e-03
1.201710198074579239e-03
1.154527300968766212e-03
1.157653168775141239e-03
1.193668227642774582e-03
1.159297185949981213e-03
1.148731797002255917e-03
1.166140311397612095e-03
1.168571063317358494e-03
1.156331971287727356e-03
1.171062933281064034e-03
1.145763671956956387e-03
1.164963934570550919e-03
1.159017789177596569e-03
1.146854134276509285e-03
1.136139850132167339e-03
1.163289998658001423e-03
1.153613789938390255e-03
1.137896906584501266e-03
1.162571832537651062e-03
1.129614422097802162e-03
1.128989737480878830e-03
1.181840198114514351e-03
1.127708354033529758e-03
1.129186013713479042e-03
1.131038647145032883e-03
1.125141396187245846e-03
1.122066518291831017e-03
1.189089263789355755e-03
1.119791180826723576e-03
1.121236244216561317e-03
1.139468979090452194e-03
1.121372217312455177e-03
1.117717358283698559e-03
1.120112719945609570e-03
1.130448305048048496e-03
1.122406218200922012e-03
1.116356230340898037e-03
1.137378974817693233e-03
1.116779400035738945e-03
1.128929085098206997e-03
1.114980783313512802e-03
1.118137850426137447e-03
1.125937793403863907e-03
1.126792514696717262e-03
1.112702302634716034e-03
1.118598156608641148e-03
1.103543792851269245e-03
1.127228955738246441e-03
1.098739681765437126e-03
1.097394619137048721e-03
1.142422086559236050e-03
1.113699749112129211e-03
1.115554478019475937e-03
1.103524933569133282e-03
1.091515528969466686e-03
1.183395972475409508e-03
1.096354448236525059e-03
1.094922074116766453e-03
1.101130037568509579e-03
1.089725177735090256e-03
1.086689298972487450e-03
1.093178289011120796e-03
1.144864945672452450e-03
1.091859070584177971e-03
1.082052127458155155e-03
1.109346281737089157e-03
1.087636919692158699e-03
1.102114678360521793e-03
1.078751636669039726e-03
1.169339404441416264e-03
1.092660473659634590e-03
1.076821121387183666e-03
1.089135766960680485e-03
1.091996906325221062e-03
1.081525348126888275e-03
1.086035161279141903e-03
1.078842906281352043e-03
1.076385262422263622e-03
1.080816728062927723e-03
1.066164695657789707e-03
1.150881173089146614e-03
1.080024638213217258e-03
1.063084346242249012e-03
1.078271074220538139e-03
1.069095567800104618e-03
1.060864306055009365e-03
1.122735557146370411e-03
1.064091455191373825e-03
1.061451854184269905e-03
1.057374756783246994e-03
1.159185427241027355e-03
1.054835622198879719e-03
1.055870787240564823e-03
1.076988526619970798e-03
1.071524806320667267e-03
1.051502185873687267e-03
1.090217730961740017e-03
1.064483891241252422e-03
1.051931292749941349e-03
1.048002741299569607e-03
1.270008273422718048e-03
1.046365709044039249e-03
1.049507642164826393e-03
1.045951037667691708e-03
1.045906217768788338e-03
1.050295308232307434e-03
1.064134761691093445e-03
1.055152621120214462e-03
1.045918092131614685e-03
1.064281095750629902e-03
1.063639647327363491e-03
1.040681847371160984e-03
1.057218527421355247e-03
1.051280763931572437e-03
1.039922935888171196e-03
1.149648451246321201e-03
1.048907637596130371e-03
1.037224661558866501e-03
1.034793676808476448e-03
1.100246794521808624e-03
1.043735654093325138e-03
1.035953871905803680e-03
1.070482423529028893e-03
1.041305833496153355e-03
1.033287728205323219e-03
1.069228863343596458e-03
1.055520842783153057e-03
1.038459129631519318e-03
1.025169971399009228e-03
1.060444978065788746e-03
1.027110032737255096e-03
1.065472140908241272e-03
1.039898605085909367e-03
1.023079385049641132e-03
1.111605204641819000e-03
1.021324074827134609e-03
1.020837808027863503e-03
1.050072372891008854e-03
1.025881501846015453e-03
1.040390343405306339e-03
1.033897162415087223e-03
1.018343493342399597e-03
1.068245852366089821e-03
1.038195448927581310e-03
1.015204819850623608e-03
1.092793885618448257e-03
1.013825531117618084e-03
1.021740259602665901e-03
1.013084547594189644e-03
1.013676286675035954e-03
1.023340853862464428e-03
1.023887889459729195e-03
1.012056018225848675e-03
1.010201754979789257e-03
1.097167143598198891e-03
1.010203501209616661e-03
1.011820975691080093e-03
1.048811711370944977e-03
1.034693210385739803e-03
1.016333117149770260e-03
1.024726429022848606e-03
1.008113613352179527e-03
1.044851029291749001e-03
1.012173364870250225e-03
1.009445753879845142e-03
1.027406076900660992e-03
1.001909025944769382e-03
1.027142512612044811e-03
1.022384385578334332e-03
1.009545405395328999e-03
1.009287429042160511e-03
1.011252403259277344e-03
1.006267499178647995e-03
1.000539865344762802e-03
1.046962686814367771e-03
1.020145369693636894e-03
9.996753651648759842e-04
1.098264241591095924e-03
9.990686085075139999e-04
9.971364634111523628e-04
1.014589332044124603e-03
1.016719732433557510e-03
1.002748147584497929e-03
1.009822241030633450e-03
9.925746126100420952e-04
1.017174101434648037e-03
9.919004514813423157e-04
1.124225673265755177e-03
1.011633081361651421e-03
9.918449213728308678e-04
1.011767308227717876e-03
9.939036099240183830e-04
9.972261032089591026e-04
9.884702740237116814e-04
1.100770081393420696e-03
9.916803101077675819e-04
9.960262104868888855e-04
9.940520394593477249e-04
9.859626879915595055e-04
1.020144089125096798e-03
1.007326296530663967e-03
9.829968912526965141e-04
1.024840166792273521e-03
1.000338001176714897e-03
9.867814369499683380e-04
1.055157277733087540e-03
9.947066428139805794e-04
9.864465100690722466e-04
9.817192330956459045e-04
9.864537278190255165e-04
9.961376199498772621e-04
9.885957697406411171e-04
9.966826764866709709e-04
1.008371822535991669e-03
9.870253270491957664e-04
9.756172075867652893e-04
1.036262488923966885e-03
9.768872987478971481e-04
9.745225543156266212e-04
9.742928086780011654e-04
9.750839089974761009e-04
1.007777173072099686e-03
9.903537575155496597e-04
9.755595820024609566e-04
9.769455064088106155e-04
1.001529279164969921e-03
9.755729697644710541e-04
9.752358892001211643e-04
1.005246071144938469e-03
9.998435853049159050e-04
9.693441097624599934e-04
9.758939268067479134e-04
1.012274180538952351e-03
9.752498590387403965e-04
9.728261502459645271e-04
9.692850871942937374e-04
9.707302669994533062e-04
9.735568892210721970e-04
1.017577480524778366e-03
9.915162809193134308e-04
9.636725881136953831e-04
1.043155789375305176e-03
9.793207282200455666e-04
9.728372097015380859e-04
9.663707460276782513e-04
9.614419541321694851e-04
9.710327140055596828e-04
9.611032437533140182e-04
9.936169954016804695e-04
9.916304843500256538e-04
9.653278975747525692e-04
9.826741879805922508e-04
9.719759691506624222e-04
9.619161137379705906e-04
9.937731083482503891e-04
9.912931127473711967e-04
9.657243499532341957e-04
9.651967557147145271e-04
9.704403346404433250e-04
9.778528474271297455e-04
9.694629698060452938e-04
9.543310152366757393e-04
1.010262290947139263e-03
9.597205789759755135e-04
9.600179619155824184e-04
9.596652816981077194e-04
9.745338466018438339e-04
9.840787388384342194e-04
9.569484391249716282e-04
9.852477815002202988e-04
9.653150336816906929e-04
9.861850412562489510e-04
9.566398221068084240e-04
9.487598435953259468e-04
9.526855428703129292e-04
9.681851952336728573e-04
9.537395089864730835e-04
9.756536455824971199e-04
9.712782339192926884e-04
9.500780724920332432e-04
1.007866347208619118e-03
9.717708453536033630e-04
9.477749699726700783e-04
1.017363392747938633e-03
9.609037078917026520e-04
9.498118888586759567e-04
9.466245537623763084e-04
1.132031204178929329e-03
9.648685227148234844e-04
9.445272153243422508e-04
9.403971489518880844e-04
1.016211812384426594e-03
9.578051394782960415e-04
9.436866384930908680e-04
9.643325465731322765e-04
9.619392221793532372e-04
9.499915759079158306e-04
9.450410725548863411e-04
1.007871236652135849e-03
9.380908450111746788e-04
9.365385049022734165e-04
9.959136368706822395e-04
9.564445936121046543e-04
9.418319677934050560e-04
9.423944284208118916e-04
9.384364821016788483e-04
9.334295173175632954e-04
1.020739087834954262e-03
9.521211613900959492e-04
9.395803208462893963e-04
9.340723045170307159e-04
9.547827648930251598e-04
9.504615445621311665e-04
9.342486155219376087e-04
9.453761740587651730e-04
9.642223012633621693e-04
9.398257243447005749e-04
9.286894346587359905e-04
9.931687964126467705e-04
9.341754484921693802e-04
9.369300678372383118e-04
9.301030659116804600e-04
9.755706414580345154e-04
9.478835854679346085e-04
9.318274096585810184e-04
9.670410654507577419e-04
9.403533767908811569e-04
9.326388826593756676e-04
9.611581335775554180e-04
9.486182243563234806e-04
9.403173462487757206e-04
9.398865513503551483e-04
9.331558831036090851e-04
9.306163410656154156e-04
9.794408688321709633e-04
9.271884919144213200e-04
9.230514406226575375e-04
9.857100667431950569e-04
9.252962772734463215e-04
9.239622741006314754e-04
9.206380345858633518e-04
9.594509610906243324e-04
9.587634704075753689e-04
9.181100758723914623e-04
9.446658659726381302e-04
9.219106286764144897e-04
9.812014177441596985e-04
9.460706496611237526e-04
9.283605613745748997e-04
9.337953524664044380e-04
9.323261911049485207e-04
9.251431329175829887e-04
9.200598578900098801e-04
1.053693355061113834e-03
9.322876576334238052e-04
9.165623341687023640e-04
9.144903160631656647e-04
9.763465495780110359e-04
9.593995055183768272e-04
9.174305014312267303e-04
9.134891442954540253e-04
9.127403027378022671e-04
9.410236962139606476e-04
9.261730010621249676e-04
9.168742108158767223e-04
9.483759640716016293e-04
9.186833049170672894e-04
9.260387159883975983e-04
9.208462433889508247e-04
9.151642443612217903e-04
9.599364129826426506e-04
9.297921787947416306e-04
9.099870221689343452e-04
9.177098982036113739e-04
9.834539378061890602e-04
9.158336324617266655e-04
9.084072662517428398e-04
9.097337606362998486e-04
1.049299607984721661e-03
9.121169568970799446e-04
9.130977559834718704e-04
9.081595926545560360e-04
1.006103120744228363e-03
9.115394204854965210e-04
9.104355704039335251e-04
1.001336495392024517e-03
9.079498122446238995e-04
9.093114640563726425e-04
9.172981954179704189e-04
9.499160805717110634e-04
9.025785257108509541e-04
9.028310305438935757e-04
9.026451152749359608e-04
9.426926262676715851e-04
9.036075207404792309e-04
9.029090870171785355e-04
9.045873302966356277e-04
9.148219833150506020e-04
9.014254319481551647e-04
9.068279177881777287e-04
9.291997412219643593e-04
8.993291412480175495e-04
9.049291256815195084e-04
9.251544834114611149e-04
9.181106579490005970e-04
9.046352352015674114e-04
9.080633171834051609e-04
8.980185957625508308e-04
8.967031026259064674e-04
9.430513018742203712e-04
9.227256523445248604e-04
8.989841444417834282e-04
9.421000140719115734e-04
9.216708131134510040e-04
8.964486769400537014e-04
8.954598451964557171e-04
9.565443033352494240e-04
9.097196161746978760e-04
8.930132607929408550e-04
9.736773208715021610e-04
9.025951148942112923e-04
8.942788699641823769e-04
9.122295887209475040e-04
9.043300524353981018e-04
9.125155047513544559e-04
9.105817298404872417e-04
9.022030862979590893e-04
8.949461043812334538e-04
9.510895470157265663e-04
9.025244507938623428e-04
8.913837955333292484e-04
9.432432125322520733e-04
9.010568610392510891e-04
8.957780664786696434e-04
9.631946450099349022e-04
8.983400184661149979e-04
9.112806292250752449e-04
9.096114663407206535e-04
8.974862867034971714e-04
9.048636420629918575e-04
8.904229616746306419e-04
9.403635049238801003e-04
8.990197675302624702e-04
8.897391962818801403e-04
9.290542220696806908e-04
8.993522496894001961e-04
8.856027270667254925e-04
1.001917873509228230e-03
8.833766914904117584e-04
8.838069625198841095e-04
8.848750730976462364e-04
9.178054751828312874e-04
8.816740009933710098e-04
8.980467682704329491e-04
8.929410832934081554e-04
8.889722521416842937e-04
8.840827504172921181e-04
9.748477605171501637e-04
8.822837844491004944e-04
8.784736273810267448e-04
8.972673094831407070e-04
9.334731730632483959e-04
8.824515971355140209e-04
8.791974978521466255e-04
9.151769336313009262e-04
8.868432487361133099e-04
8.875978528521955013e-04
9.383302531205117702e-04
9.011893998831510544e-04
8.805987308733165264e-04
8.927185554057359695e-04
9.219775092788040638e-04
8.724536746740341187e-04
8.744352962821722031e-04
9.168874239549040794e-04
9.062226745299994946e-04
8.714120485819876194e-04
8.805088000372052193e-04
9.379826369695365429e-04
8.947615278884768486e-04
8.817814523354172707e-04
8.903152192942798138e-04
8.761390345171093941e-04
8.718959870748221874e-04
9.539315942674875259e-04
8.750808774493634701e-04
8.768682018853724003e-04
9.312700130976736546e-04
8.860050002112984657e-04
8.696360164321959019e-04
9.666709811426699162e-04
8.879066444933414459e-04
8.649699739180505276e-04
8.824523538351058960e-04
9.023477323353290558e-04
8.780431235209107399e-04
8.772811852395534515e-04
8.715726435184478760e-04
8.656835416331887245e-04
8.659724262543022633e-04
8.633941179141402245e-04
8.671035757288336754e-04
8.622869499959051609e-04
9.136364678852260113e-04
8.963844738900661469e-04
8.608289645053446293e-04
8.754174923524260521e-04
8.913846686482429504e-04
8.619318832643330097e-04
8.641167660243809223e-04
9.260665392503142357e-04
8.712243870832026005e-04
8.597638807259500027e-04
8.567066979594528675e-04
8.628219366073608398e-04
8.588974014855921268e-04
8.610614459030330181e-04
8.716631564311683178e-04
8.561814320273697376e-04
8.871023892425000668e-04
8.537487592548131943e-04
8.502086275257170200e-04
8.511237683705985546e-04
8.572706719860434532e-04
8.600763976573944092e-04
8.465551072731614113e-04
9.106582147069275379e-04
8.646106580272316933e-04
8.444926934316754341e-04
8.776881149969995022e-04
8.722416823729872704e-04
8.539155824109911919e-04
8.475054637528955936e-04
8.905405993573367596e-04
8.677745354361832142e-04
8.496642694808542728e-04
8.528810576535761356e-04
8.439557859674096107e-04
8.406041888520121574e-04
8.398777572438120842e-04
8.914332138374447823e-04
8.536538807675242424e-04
8.424118859693408012e-04
8.907560259103775024e-04
8.610738441348075867e-04
8.502790005877614021e-04
8.612740202806890011e-04
8.415151387453079224e-04
8.908074232749640942e-04
8.722692145965993404e-04
8.500263211317360401e-04
8.528597536496818066e-04
8.385650580748915672e-04
8.969840710051357746e-04
8.664830820634961128e-04
8.375406032428145409e-04
8.576869731768965721e-04
8.482753764837980270e-04
8.356494945473968983e-04
8.295241859741508961e-04
8.297387976199388504e-04
8.547872421331703663e-04
8.322958019562065601e-04
8.419789955951273441e-04
8.395684999413788319e-04
8.277999004349112511e-04
8.822252857498824596e-04
8.260557078756392002e-04
8.387351990677416325e-04
8.475214708596467972e-04
8.522726711817085743e-04
8.425914566032588482e-04
8.364136447198688984e-04
8.856140193529427052e-04
8.368283743038773537e-04
8.360252249985933304e-04
8.283384377136826515e-04
8.774721063673496246e-04
8.217468275688588619e-04
8.230343810282647610e-04
8.568807388655841351e-04
8.615078986622393131e-04
8.253621053881943226e-04
8.430360467173159122e-04
8.218028815463185310e-04
8.802388911135494709e-04
8.402555249631404877e-04
8.186468039639294147e-04
8.172080852091312408e-04
9.144988725893199444e-04
8.356620674021542072e-04
8.179881842806935310e-04
8.149486384354531765e-04
9.602873469702899456e-04
8.236800204031169415e-04
8.210072992369532585e-04
8.501752745360136032e-04
8.272178238257765770e-04
8.389378199353814125e-04
8.344905800186097622e-04
8.148783235810697079e-04
9.235517354682087898e-04
8.188358042389154434e-04
8.127267356030642986e-04
8.486916194669902325e-04
8.098362595774233341e-04
8.510385523550212383e-04
8.418867946602404118e-04
8.339138003066182137e-04
8.104224107228219509e-04
8.224382181651890278e-04
8.090355549938976765e-04
8.832969469949603081e-04
8.202663157135248184e-04
8.122489671222865582e-04
8.695357246324419975e-04
8.081780979409813881e-04
8.061669068410992622e-04
8.051349432207643986e-04
8.849324076436460018e-04
8.272493141703307629e-04
8.069330942817032337e-04
8.060594554990530014e-04
8.417873177677392960e-04
8.027677540667355061e-04
8.372699376195669174e-04
8.377886842936277390e-04
8.243175107054412365e-04
8.014139020815491676e-04
9.059517760761082172e-04
8.236253634095191956e-04
8.171035442501306534e-04
8.089679758995771408e-04
8.347894181497395039e-04
8.448612061329185963e-04
8.003078401088714600e-04
8.561315480619668961e-04
8.245345670729875565e-04
7.983302348293364048e-04
9.100598981603980064e-04
8.068321039900183678e-04
7.976918132044374943e-04
8.554729283787310123e-04
8.067303569987416267e-04
7.966274279169738293e-04
9.101172327063977718e-04
8.109100162982940674e-04
8.063776767812669277e-04
7.999927038326859474e-04
8.327151299454271793e-04
7.974089821800589561e-04
8.593780221417546272e-04
8.147966000251471996e-04
8.055358775891363621e-04
8.313088910654187202e-04
7.942432421259582043e-04
9.540941100567579269e-04
8.100423729047179222e-04
7.976251654326915741e-04
8.433103212155401707e-04
8.132698130793869495e-04
7.964110118336975574e-04
7.917293114587664604e-04
8.934748475439846516e-04
7.926357793621718884e-04
7.931560976430773735e-04
8.993848459795117378e-04
7.928439881652593613e-04
7.868820684961974621e-04
8.867546566762030125e-04
7.978311623446643353e-04
8.166812476702034473e-04
7.871535490266978741e-04
8.759819902479648590e-04
8.027912117540836334e-04
7.851933478377759457e-04
1.031007501296699047e-03
8.083672146312892437e-04
7.869160617701709270e-04
7.826716173440217972e-04
7.862328202463686466e-04
8.849187870509922504e-04
7.992913015186786652e-04
7.817377918399870396e-04
8.244505734182894230e-04
8.183004101738333702e-04
8.012309554032981396e-04
7.830387912690639496e-04
8.598693530075252056e-04
8.046909933909773827e-04
7.817696896381676197e-04
9.389675105921924114e-04
8.001863025128841400e-04
7.840825128369033337e-04
8.318632026202976704e-04
8.113992516882717609e-04
7.879148470237851143e-04
7.825192296877503395e-04
8.185558253899216652e-04
7.995152263902127743e-04
7.886851090006530285e-04
7.838199380785226822e-04
8.314101723954081535e-04
7.977989735081791878e-04
7.751408265903592110e-04
8.244701311923563480e-04
7.956966292113065720e-04
7.826543878763914108e-04
7.738979184068739414e-04
9.891975205391645432e-04
7.966870325617492199e-04
7.737395353615283966e-04
7.726806798018515110e-04
7.768796058371663094e-04
8.464425918646156788e-04
7.749256910756230354e-04
7.719284621998667717e-04
8.608564967289566994e-04
7.731445366516709328e-04
8.020309032872319221e-04
7.700916030444204807e-04
8.472555200569331646e-04
7.926028338260948658e-04
7.729183416813611984e-04
7.753009558655321598e-04
7.853342103771865368e-04
8.007295546121895313e-04
7.687783800065517426e-04
9.590429835952818394e-04
7.913689478300511837e-04
7.763656903989613056e-04
8.092700736597180367e-04
7.729036151431500912e-04
7.772902026772499084e-04
8.345362730324268341e-04
8.015471394173800945e-04
7.705331663601100445e-04
7.781533058732748032e-04
7.842317572794854641e-04
7.859689649194478989e-04
8.096561068668961525e-04
7.858737953938543797e-04
7.688509649597108364e-04
8.569025085307657719e-04
7.821230683475732803e-04
7.797287544235587120e-04
7.631623884662985802e-04
9.516902500763535500e-04
7.872435962781310081e-04
7.682533469051122665e-04
7.612774497829377651e-04
7.691437494941055775e-04
7.811349933035671711e-04
7.674180669710040092e-04
7.630831678397953510e-04
7.693712832406163216e-04
8.329402771778404713e-04
7.934804307296872139e-04
7.605308201164007187e-04
7.672688225284218788e-04
7.576802163384854794e-04
7.946448167786002159e-04
7.599657983519136906e-04
8.032683399505913258e-04
7.748862262815237045e-04
7.570094312541186810e-04
8.641227614134550095e-04
7.608489831909537315e-04
7.929005660116672516e-04
7.559304940514266491e-04
9.303929982706904411e-04
7.735127583146095276e-04
7.669134647585451603e-04
7.599426899105310440e-04
7.553638424724340439e-04
7.556315977126359940e-04
8.120466955006122589e-04
7.887753308750689030e-04
7.663274300284683704e-04
7.531123701483011246e-04
8.414931944571435452e-04
7.920292555354535580e-04
8.005471900105476379e-04
7.683409494347870350e-04
7.584193954244256020e-04
7.865157094784080982e-04
7.522735977545380592e-04
7.639496470801532269e-04
8.632449898868799210e-04
7.671582279726862907e-04
7.550616282969713211e-04
7.832201081328094006e-04
7.723200833424925804e-04
7.575157214887440205e-04
7.538025383837521076e-04
8.367419941350817680e-04
7.775909034535288811e-04
7.682187715545296669e-04
7.508801063522696495e-04
8.463042904622852802e-04
7.765296031720936298e-04
7.746971677988767624e-04
7.625041762366890907e-04
7.520824437960982323e-04
7.829176029190421104e-04
7.491823052987456322e-04
7.549139554612338543e-04
7.613388006575405598e-04
7.561903330497443676e-04
7.688638288527727127e-04
7.702707080170512199e-04
7.522780215367674828e-04
8.509674808010458946e-04
7.454506703652441502e-04
7.789849187247455120e-04
7.473127334378659725e-04
7.454148144461214542e-04
8.424586849287152290e-04
7.560865487903356552e-04
7.417213637381792068e-04
7.655122317373752594e-04
7.465254748240113258e-04
7.542920066043734550e-04
8.066370501182973385e-04
7.421883638016879559e-04
7.461225031875073910e-04
8.284599171020090580e-04
7.459261105395853519e-04
7.843745988793671131e-04
7.473661098629236221e-04
7.584094419144093990e-04
7.910887361504137516e-04
7.538333302363753319e-04
7.486756658181548119e-04
7.749333162792026997e-04
7.713350350968539715e-04
7.493114098906517029e-04
7.627611048519611359e-04
7.488635019399225712e-04
7.452567224390804768e-04
7.388899102807044983e-04
7.634677458554506302e-04
7.540539372712373734e-04
7.985371630638837814e-04
7.472059805877506733e-04
7.591191097162663937e-04
7.392673869617283344e-04
7.534499163739383221e-04
7.441065390594303608e-04
7.409680983982980251e-04
8.094090153463184834e-04
7.545205298811197281e-04
7.374704000540077686e-04
7.414981955662369728e-04
7.449765107594430447e-04
7.352879038080573082e-04
8.524925797246396542e-04
7.340448210015892982e-04
7.312594098038971424e-04
7.921254145912826061e-04
7.620978285558521748e-04
7.366203353740274906e-04
8.063152781687676907e-04
7.540042861364781857e-04
7.438932079821825027e-04
7.554803742095828056e-04
7.669019396416842937e-04
7.440231856890022755e-04
7.325986516661942005e-04
8.344620582647621632e-04
7.407239754684269428e-04
7.281108410097658634e-04
7.674772059544920921e-04
7.353023975156247616e-04
7.796256686560809612e-04
7.394086569547653198e-04
7.279111887328326702e-04
7.265354506671428680e-04
8.131274953484535217e-04
7.643279386684298515e-04
7.449645199812948704e-04
7.383169140666723251e-04
7.688884506933391094e-04
7.366981590166687965e-04
7.265395834110677242e-04
7.279465207830071449e-04
7.914389134384691715e-04
7.393693085759878159e-04
7.250810740515589714e-04
7.273921510204672813e-04
7.905092788860201836e-04
7.495919126085937023e-04
7.240889826789498329e-04
7.515330798923969269e-04
7.781654130667448044e-04
7.249938789755105972e-04
7.213826756924390793e-04
7.857881719246506691e-04
7.618380477651953697e-04
7.288574706763029099e-04
7.207007147371768951e-04
9.226727997884154320e-04
7.331504602916538715e-04
7.344796904362738132e-04
7.199612446129322052e-04
8.296016603708267212e-04
7.231518393382430077e-04
7.204192224889993668e-04
7.653967477381229401e-04
7.753128884360194206e-04
7.374532287940382957e-04
7.166689028963446617e-04
7.235411903820931911e-04
8.614232647232711315e-04
7.216210360638797283e-04
7.192051853053271770e-04
7.214834913611412048e-04
7.664145086891949177e-04
7.542417151853442192e-04
7.147990982048213482e-04
8.366965921595692635e-04
7.314300164580345154e-04
7.473865989595651627e-04
7.288854685612022877e-04
7.621096447110176086e-04
7.345751510001718998e-04
7.465365342795848846e-04
7.222664426080882549e-04
7.883462822064757347e-04
7.167953299358487129e-04
7.144031114876270294e-04
7.768079522065818310e-04
7.168648298829793930e-04
7.174341590143740177e-04
8.052240009419620037e-04
7.372308755293488503e-04
7.101033697836101055e-04
9.088640217669308186e-04
7.292425143532454967e-04
7.186954026110470295e-04
7.330551161430776119e-04
7.111083832569420338e-04
7.107384735718369484e-04
7.445393712259829044e-04
7.658411050215363503e-04
7.131542661227285862e-04
7.177147781476378441e-04
7.134120096452534199e-04
7.098555797711014748e-04
7.499032653868198395e-04
7.541180239059031010e-04
7.231665658764541149e-04
7.114163017831742764e-04
7.437492022290825844e-04
7.262362050823867321e-04
7.093629101291298866e-04
7.896514725871384144e-04
7.319534779526293278e-04
7.066481630317866802e-04
8.425452979281544685e-04
7.202610140666365623e-04
7.085592369548976421e-04
7.095062755979597569e-04
7.771708769723773003e-04
7.323949830606579781e-04
7.150263991206884384e-04
7.707532495260238647e-04
7.201747503131628036e-04
7.377870497293770313e-04
7.146812276914715767e-04
8.074496872723102570e-04
7.275075768120586872e-04
7.335983100347220898e-04
7.094389293342828751e-04
7.064616074785590172e-04
7.057969924062490463e-04
7.990563171915709972e-04
7.455968298017978668e-04
7.045075180940330029e-04
6.998633034527301788e-04
7.759592845104634762e-04
7.361863390542566776e-04
7.236996316350996494e-04
7.163609261624515057e-04
7.491557043977081776e-04
7.021094206720590591e-04
7.211439078673720360e-04
7.103265961632132530e-04
6.987097440287470818e-04
7.424420327879488468e-04
7.477730396203696728e-04
6.987313972786068916e-04
7.292453665286302567e-04
7.098714704625308514e-04
7.466769311577081680e-04
7.334890542551875114e-04
7.078600465320050716e-04
7.698059780523180962e-04
7.169966120272874832e-04
7.169005111791193485e-04
7.018981268629431725e-04
6.992879789322614670e-04
7.005672669038176537e-04
7.115252083167433739e-04
6.999030592851340771e-04
7.020242628641426563e-04
7.548623252660036087e-04
7.034012814983725548e-04
7.258889381773769855e-04
7.299961871467530727e-04
7.024646038189530373e-04
7.052933797240257263e-04
7.636564550921320915e-04
7.114533218555152416e-04
7.024246151559054852e-04
8.032014593482017517e-04
7.151045138016343117e-04
6.931580137461423874e-04
9.237543563358485699e-04
7.264520390890538692e-04
6.940528983250260353e-04
7.157524814829230309e-04
6.912533426657319069e-04
7.155591156333684921e-04
7.158418302424252033e-04
6.916839629411697388e-04
6.993949646130204201e-04
6.941573228687047958e-04
8.822312811389565468e-04
7.227465976029634476e-04
6.907991482876241207e-04
7.066931575536727905e-04
7.020401535555720329e-04
7.407541270367801189e-04
6.912656244821846485e-04
8.250224054791033268e-04
6.968440720811486244e-04
6.975270807743072510e-04
6.932782707735896111e-04
7.174620404839515686e-04
6.905324407853186131e-04
6.906787748448550701e-04
6.995394360274076462e-04
6.914677796885371208e-04
6.987893139012157917e-04
6.963349878787994385e-04
7.716435939073562622e-04
7.177180959843099117e-04
6.946453358978033066e-04
7.427514065057039261e-04
6.867863703519105911e-04
7.279633427970111370e-04
6.909311050549149513e-04
6.931159878149628639e-04
7.672390784136950970e-04
6.981923361308872700e-04
6.883784662932157516e-04
7.406981894746422768e-04
6.917770369909703732e-04
7.154056802392005920e-04
7.018057513050734997e-04
6.837855908088386059e-04
6.845308234915137291e-04
7.194969221018254757e-04
7.389847305603325367e-04
6.822337745688855648e-04
6.967474473640322685e-04
7.444422808475792408e-04
7.075879839248955250e-04
6.940054590813815594e-04
7.097668712958693504e-04
6.991971167735755444e-04
6.866868934594094753e-04
7.107045967131853104e-04
7.339057046920061111e-04
6.879167631268501282e-04
6.995237781666219234e-04
6.914224359206855297e-04
7.067900733090937138e-04
7.022516801953315735e-04
7.307806517928838730e-04
6.888261414133012295e-04
7.280531572178006172e-04
6.802083807997405529e-04
7.060013595037162304e-04
6.872678641229867935e-04
7.315260590985417366e-04
6.957386503927409649e-04
6.860909052193164825e-04
8.004962583072483540e-04
6.951136165298521519e-04
6.988613167777657509e-04
7.136250496841967106e-04
6.937399739399552345e-04
7.815798744559288025e-04
6.989206885918974876e-04
6.820372655056416988e-04
7.122204406186938286e-04
6.873934762552380562e-04
6.924217450432479382e-04
6.870758952572941780e-04
7.445742376148700714e-04
6.780275725759565830e-04
6.758061936125159264e-04
7.180428365245461464e-04
6.973487907089293003e-04
6.751450127921998501e-04
7.902366342023015022e-04
6.872532540000975132e-04
6.891717202961444855e-04
6.946582579985260963e-04
7.146307034417986870e-04
6.780060357414186001e-04
7.774014957249164581e-04
6.841294816695153713e-04
6.748899468220770359e-04
7.631649496033787727e-04
7.100499933585524559e-04
6.810406339354813099e-04
7.018097676336765289e-04
6.870414363220334053e-04
6.751860491931438446e-04
7.599718519486486912e-04
6.803824217058718204e-04
6.910842494107782841e-04
6.778409588150680065e-04
6.720070960000157356e-04
7.559543591924011707e-04
6.951492396183311939e-04
6.964439526200294495e-04
7.002536440268158913e-04
6.877552950754761696e-04
7.547214045189321041e-04
7.250805501826107502e-04
6.922774482518434525e-04
6.768711027689278126e-04
6.808376056142151356e-04
6.873420788906514645e-04
6.708086002618074417e-04
8.109935442917048931e-04
6.748607847839593887e-04
6.865108152851462364e-04
6.935783894732594490e-04
6.794961518608033657e-04
6.757510709576308727e-04
7.054866873659193516e-04
6.917637074366211891e-04
6.769755855202674866e-04
6.663537933491170406e-04
7.234910735860466957e-04
6.978766177780926228e-04
6.852380465716123581e-04
7.010988774709403515e-04
6.700551020912826061e-04
8.656018762849271297e-04
6.713256589137017727e-04
6.716697243973612785e-04
6.697199423797428608e-04
7.444956572726368904e-04
6.699215737171471119e-04
6.794357323087751865e-04
7.242381689138710499e-04
6.993464776314795017e-04
6.683607934974133968e-04
6.877819541841745377e-04
7.480778731405735016e-04
6.780659896321594715e-04
6.717378273606300354e-04
7.248548790812492371e-04
6.724128033965826035e-04
7.576501811854541302e-04
6.888398202136158943e-04
6.808642065152525902e-04
7.209449540823698044e-04
7.014461443759500980e-04
6.666842382401227951e-04
7.385367061942815781e-04
6.877456908114254475e-04
6.659217760898172855e-04
7.702804286964237690e-04
6.852874648757278919e-04
6.678839563392102718e-04
6.655466859228909016e-04
6.768195889890193939e-04
6.799457478336989880e-04
6.729448214173316956e-04
6.996875745244324207e-04
6.893736426718533039e-04
6.925123743712902069e-04
6.960319005884230137e-04
6.619974737986922264e-04
6.640415522269904613e-04
6.863361340947449207e-04
6.701226229779422283e-04
6.650454597547650337e-04
7.338960422202944756e-04
6.763440906070172787e-04
6.668785936199128628e-04
6.800459814257919788e-04
6.731211324222385883e-04
6.730965687893331051e-04
7.228564936667680740e-04
6.935062119737267494e-04
6.580698536708950996e-04
7.619197713211178780e-04
6.698144134134054184e-04
6.949581438675522804e-04
7.002303027547895908e-04
6.744042620994150639e-04
6.819900590926408768e-04
6.944917258806526661e-04
6.665316759608685970e-04
7.654943037778139114e-04
6.762135308235883713e-04
6.844981107860803604e-04
6.574790459126234055e-04
7.426397060044109821e-04
6.866668700240552425e-04
6.718365475535392761e-04
7.601333200000226498e-04
6.916931015439331532e-04
6.823050207458436489e-04
6.579568726010620594e-04
7.162181427702307701e-04
6.717726937495172024e-04
6.606438546441495419e-04
6.705754785798490047e-04
6.723950500600039959e-04
6.681264494545757771e-04
6.649291608482599258e-04
6.641747313551604748e-04
7.041773642413318157e-04
6.656676414422690868e-04
6.595903541892766953e-04
6.646273541264235973e-04
6.676524644717574120e-04
6.668871501460671425e-04
6.611566059291362762e-04
7.006588857620954514e-04
6.915406556800007820e-04
6.649686838500201702e-04
6.893625250086188316e-04
6.904837209731340408e-04
6.561443442478775978e-04
7.204107823781669140e-04
6.762116099707782269e-04
6.572873680852353573e-04
8.233429980464279652e-04
6.510980310849845409e-04
6.546497461386024952e-04
6.712356116622686386e-04
6.513586849905550480e-04
6.538018933497369289e-04
7.230119081214070320e-04
6.884095491841435432e-04
6.668536225333809853e-04
6.755622453056275845e-04
6.686819833703339100e-04
6.642541848123073578e-04
6.616695900447666645e-04
6.516207940876483917e-04
6.484215846285223961e-04
7.212776690721511841e-04
6.622849614359438419e-04
6.854054518043994904e-04
6.490381783805787563e-04
6.862404989078640938e-04
6.671024020761251450e-04
7.177627412602305412e-04
6.537269800901412964e-04
7.134926272556185722e-04
6.512668333016335964e-04
7.533662137575447559e-04
6.484198383986949921e-04
6.722563994117081165e-04
6.970955873839557171e-04
6.712778122164309025e-04
6.504835910163819790e-04
7.777645951136946678e-04
6.643093656748533249e-04
6.587616517208516598e-04
6.836366956122219563e-04
6.624309462495148182e-04
6.486243219114840031e-04
6.926259375177323818e-04
7.029591361060738564e-04
6.513443659059703350e-04
6.683157989755272865e-04
6.683637038804590702e-04
6.561040063388645649e-04
6.773105706088244915e-04
6.475172122009098530e-04
8.257230510935187340e-04
6.644403911195695400e-04
6.486939964815974236e-04
6.528233643621206284e-04
7.308766944333910942e-04
6.811246857978403568e-04
6.422238075174391270e-04
7.491091964766383171e-04
6.675292970612645149e-04
6.546191871166229248e-04
6.434976239688694477e-04
7.794005796313285828e-04
6.639341590926051140e-04
6.592218414880335331e-04
6.731292814947664738e-04
6.441060686483979225e-04
8.021878893487155437e-04
6.757959490641951561e-04
6.479144212789833546e-04
6.442955927923321724e-04
8.507665479555726051e-04
6.562858470715582371e-04
6.490655941888689995e-04
6.423223530873656273e-04
7.803083281032741070e-04
6.445942563004791737e-04
6.483149481937289238e-04
7.220248226076364517e-04
6.873210659250617027e-04
6.663306849077343941e-04
6.515033310279250145e-04
6.586120580323040485e-04
6.534098647534847260e-04
6.486279307864606380e-04
6.898741121403872967e-04
6.581333000212907791e-04
6.474219844676554203e-04
6.960324244573712349e-04
6.499675801023840904e-04
6.525815115310251713e-04
6.490081432275474072e-04
6.764299469068646431e-04
6.628071423619985580e-04
6.405086605809628963e-04
7.974971667863428593e-04
6.394851370714604855e-04
6.399562116712331772e-04
6.449508946388959885e-04
6.482600001618266106e-04
6.516826688311994076e-04
6.538507295772433281e-04
6.680375663563609123e-04
6.449141073971986771e-04
8.756117313168942928e-04
6.757297669537365437e-04
6.357542588375508785e-04
6.534970016218721867e-04
6.622690125368535519e-04
6.446039187721908092e-04
7.216291269287467003e-04
6.768828607164323330e-04
6.508614169433712959e-04
6.713101756758987904e-04
6.408469052985310555e-04
6.440950091928243637e-04
6.720593082718551159e-04
6.707284483127295971e-04
6.381500279530882835e-04
6.331986514851450920e-04
6.754607893526554108e-04
6.581702036783099174e-04
6.332880584523081779e-04
7.586192805320024490e-04
6.340171676129102707e-04
6.519021117128431797e-04
6.787865422666072845e-04
6.437373231165111065e-04
6.411033682525157928e-04
6.582505884580314159e-04
6.416690885089337826e-04
6.469492800533771515e-04
6.448174244724214077e-04
7.033745641820132732e-04
6.454058457165956497e-04
6.869635544717311859e-04
6.615928723476827145e-04
6.311248871497809887e-04
6.845607422292232513e-04
7.009505643509328365e-04
6.461023003794252872e-04
6.316452054306864738e-04
7.612868794240057468e-04
6.447173655033111572e-04
6.698019569739699364e-04
6.330828764475882053e-04
7.747988565824925900e-04
6.424611783586442471e-04
6.341778789646923542e-04
6.837473483756184578e-04
6.561839836649596691e-04
6.328273448161780834e-04
7.152243633754551411e-04
6.524933851324021816e-04
6.397067918442189693e-04
6.284990231506526470e-04
6.940544699318706989e-04
6.694793701171875000e-04
6.327051669359207153e-04
6.445905310101807117e-04
6.834992091171443462e-04
6.467968341894447803e-04
6.295829080045223236e-04
6.344976718537509441e-04
7.239393889904022217e-04
6.643169326707720757e-04
6.363511784002184868e-04
6.493789842352271080e-04
6.369089242070913315e-04
6.321305991150438786e-04
6.345946458168327808e-04
6.590295815840363503e-04
6.360813858918845654e-04
6.731064640916883945e-04
6.460574222728610039e-04
6.405174499377608299e-04
6.809183978475630283e-04
6.267963326536118984e-04
7.343397010117769241e-04
6.445171893574297428e-04
6.271316669881343842e-04
7.069603889249265194e-04
6.355787045322358608e-04
6.470538210123777390e-04
6.650924333371222019e-04
6.315223290584981441e-04
7.417371962219476700e-04
6.522594485431909561e-04
6.359362741932272911e-04
6.463744794018566608e-04
6.266334094107151031e-04
6.963075138628482819e-04
6.375923403538763523e-04
6.345732253976166248e-04
6.877029081806540489e-04
6.516294088214635849e-04
6.246429402381181717e-04
7.273527444340288639e-04
6.599968764930963516e-04
6.232670857571065426e-04
8.444900158792734146e-04
6.366341840475797653e-04
6.363048451021313667e-04
6.258695502765476704e-04
7.648371392861008644e-04
6.421681027859449387e-04
6.439061253331601620e-04
6.756806978955864906e-04
6.262806127779185772e-04
7.442244677804410458e-04
6.323633133433759212e-04
6.212337175384163857e-04
6.916141137480735779e-04
6.539814057759940624e-04
6.245843833312392235e-04
7.010575500316917896e-04
6.254866602830588818e-04
6.256788037717342377e-04
7.060697535052895546e-04
6.457058480009436607e-04
6.383089930750429630e-04
6.311352481134235859e-04
6.613750010728836060e-04
6.242980598472058773e-04
6.293118349276483059e-04
6.920819869264960289e-04
6.322019617073237896e-04
6.571497651748359203e-04
6.308468873612582684e-04
6.304395501501858234e-04
6.359635153785347939e-04
6.744553684256970882e-04
6.241767550818622112e-04
6.407608743757009506e-04
6.247659912332892418e-04
6.624966044910252094e-04
6.208438426256179810e-04
6.470131920650601387e-04
6.263974937610328197e-04
6.235765758901834488e-04
7.167809526436030865e-04
6.496793357655405998e-04
6.194049492478370667e-04
6.580581539310514927e-04
6.425019237212836742e-04
6.229946739040315151e-04
6.661852821707725525e-04
6.520273745991289616e-04
6.204136298038065434e-04
6.781574338674545288e-04
6.153348949737846851e-04
6.303341942839324474e-04
6.553610437549650669e-04
6.186309037730097771e-04
6.404973682947456837e-04
6.519695161841809750e-04
6.299410597421228886e-04
6.189831765368580818e-04
7.036566385067999363e-04
6.430782959796488285e-04
6.337601225823163986e-04
6.271704332903027534e-04
6.531976396217942238e-04
6.130753317847847939e-04
6.134766736067831516e-04
6.385282613337039948e-04
6.237232591956853867e-04
6.172476569190621376e-04
6.118414457887411118e-04
7.116721826605498791e-04
6.547039374709129333e-04
6.152625428512692451e-04
6.617192993871867657e-04
6.299293600022792816e-04
6.094382260926067829e-04
6.207204423844814301e-04
6.971139810048043728e-04
6.178598268888890743e-04
6.098798476159572601e-04
6.969331298023462296e-04
6.273629842326045036e-04
6.362844142131507397e-04
6.416922551579773426e-04
6.077271536923944950e-04
6.795678054913878441e-04
6.489071529358625412e-04
6.230384460650384426e-04
6.062019383534789085e-04
6.418811972253024578e-04
6.161371129564940929e-04
6.078474107198417187e-04
6.395570817403495312e-04
6.232683081179857254e-04
6.699508521705865860e-04
6.040579755790531635e-04
6.048943614587187767e-04
6.157787283882498741e-04
6.259821821004152298e-04
6.067924550734460354e-04
6.031744997017085552e-04
7.345417398028075695e-04
6.092971889302134514e-04
6.227253470569849014e-04
6.162071949802339077e-04
6.098986486904323101e-04
6.161096389405429363e-04
6.358347018249332905e-04
6.390885100699961185e-04
6.039491272531449795e-04
7.145508425310254097e-04
6.406225147657096386e-04
6.277277716435492039e-04
6.215168978087604046e-04
6.089523085393011570e-04
6.573462160304188728e-04
6.202504155226051807e-04
6.010602228343486786e-04
6.471144151873886585e-04
6.104439380578696728e-04
6.345313740894198418e-04
6.222454831004142761e-04
6.070965901017189026e-04
5.980978021398186684e-04
6.737748044542968273e-04
6.358823156915605068e-04
6.024675094522535801e-04
7.025407394394278526e-04
6.396516691893339157e-04
6.246095290407538414e-04
6.038505234755575657e-04
7.125562988221645355e-04
6.380972918123006821e-04
6.258250796236097813e-04
6.022461457177996635e-04
5.973132210783660412e-04
7.886086241342127323e-04
6.579561159014701843e-04
5.998414708301424980e-04
5.957286921329796314e-04
6.955137359909713268e-04
6.395336822606623173e-04
5.952101782895624638e-04
7.217471720650792122e-04
5.959805566817522049e-04
6.083927582949399948e-04
6.194252637214958668e-04
6.102302577346563339e-04
6.502988399006426334e-04
6.115374271757900715e-04
5.956018576398491859e-04
6.977541488595306873e-04
6.142570055089890957e-04
5.969881894998252392e-04
6.447543855756521225e-04
5.992808146402239799e-04
6.245792028494179249e-04
6.697995704598724842e-04
6.081918836571276188e-04
5.966763128526508808e-04
6.676447810605168343e-04
6.078600999899208546e-04
6.007939227856695652e-04
6.225858815014362335e-04
5.933503271080553532e-04
7.898180047050118446e-04
6.207206170074641705e-04
6.056095007807016373e-04
5.922996206209063530e-04
7.520319777540862560e-04
5.991332582198083401e-04
6.247397977858781815e-04
6.040145526640117168e-04
6.028719944879412651e-04
6.011439254507422447e-04
5.962418508715927601e-04
7.077907212078571320e-04
6.337575032375752926e-04
6.137351156212389469e-04
6.018577842041850090e-04
5.969893536530435085e-04
5.921549163758754730e-04
6.241964292712509632e-04
6.050143856555223465e-04
6.002094014547765255e-04
6.157558527775108814e-04
5.998846609145402908e-04
6.009569042362272739e-04
6.665184628218412399e-04
6.065008928999304771e-04
6.244750693440437317e-04
6.303744157776236534e-04
5.909577012062072754e-04
6.751934415660798550e-04
6.136823212727904320e-04
6.021107546985149384e-04
6.668336573056876659e-04
6.040213629603385925e-04
5.951803177595138550e-04
6.041729939170181751e-04
6.541336770169436932e-04
5.945355514995753765e-04
5.961786373518407345e-04
6.476356065832078457e-04
5.916270310990512371e-04
5.949304322712123394e-04
5.899248062632977962e-04
6.496187415905296803e-04
5.889877211302518845e-04
6.379907717928290367e-04
5.923687713220715523e-04
6.261659436859190464e-04
5.981664289720356464e-04
5.859176744706928730e-04
6.715632625855505466e-04
6.289735902100801468e-04
5.900349351577460766e-04
6.426984909921884537e-04
5.982574657537043095e-04
6.007419433444738388e-04
5.928289610892534256e-04
6.042809109203517437e-04
6.160234333947300911e-04
6.161323981359601021e-04
6.023928872309625149e-04
6.142641650512814522e-04
5.842150421813130379e-04
6.358416285365819931e-04
6.247996934689581394e-04
5.823205574415624142e-04
6.537002627737820148e-04
5.998738342896103859e-04
5.889933090656995773e-04
6.185235106386244297e-04
5.884830025024712086e-04
7.277942495420575142e-04
6.080133607611060143e-04
6.187967373989522457e-04
5.881485994905233383e-04
6.590074626728892326e-04
5.987689946778118610e-04
5.816757911816239357e-04
6.298679509200155735e-04
6.363763823173940182e-04
5.804226966574788094e-04
6.182207143865525723e-04
5.936459638178348541e-04
5.973870283924043179e-04
6.593146827071905136e-04
6.205394747667014599e-04
5.824430263601243496e-04
6.683163228444755077e-04
5.811199080199003220e-04
7.066005491651594639e-04
5.939929978922009468e-04
5.873226909898221493e-04
6.154541624709963799e-04
6.260693771764636040e-04
6.032540113665163517e-04
5.866011488251388073e-04
6.149451946839690208e-04
6.357488455250859261e-04
5.764555535279214382e-04
7.436344167217612267e-04
5.815477925352752209e-04
5.994871025905013084e-04
6.308527081273496151e-04
5.783559172414243221e-04
6.799919647164642811e-04
6.236977060325443745e-04
5.978633998893201351e-04
6.014537648297846317e-04
5.796980694867670536e-04
6.027951021678745747e-04
6.060179439373314381e-04
5.910999025218188763e-04
5.878172814846038818e-04
6.044080946594476700e-04
5.914437351748347282e-04
5.909292958676815033e-04
5.826326669193804264e-04
6.988642853684723377e-04
6.071716779842972755e-04
5.904427380301058292e-04
5.807634443044662476e-04
5.838823853991925716e-04
5.879211821593344212e-04
5.951986531727015972e-04
6.136058364063501358e-04
6.088468944653868675e-04
6.087934016250073910e-04
5.924172583036124706e-04
6.033107056282460690e-04
5.945962038822472095e-04
5.771279684267938137e-04
6.950827664695680141e-04
5.895036738365888596e-04
5.998150445520877838e-04
5.757033941335976124e-04
5.797491176053881645e-04
5.937298410572111607e-04
6.294132326729595661e-04
5.887700826860964298e-04
6.032583187334239483e-04
5.888594314455986023e-04
5.724504007957875729e-04
8.527741883881390095e-04
6.184843950904905796e-04
5.774659803137183189e-04
5.891617620363831520e-04
5.776080070063471794e-04
6.392344948835670948e-04
5.746479728259146214e-04
6.276530912145972252e-04
6.205476820468902588e-04
5.743306828662753105e-04
7.799689774401485920e-04
5.801017396152019501e-04
5.765990354120731354e-04
5.901550175622105598e-04
5.881510442122817039e-04
6.477151764556765556e-04
5.730925477109849453e-04
5.745433154515922070e-04
6.119707250036299229e-04
6.146383238956332207e-04
5.959944683127105236e-04
5.945007433183491230e-04
6.658516940660774708e-04
6.007094052620232105e-04
5.916995578445494175e-04
6.585256196558475494e-04
6.140595069155097008e-04
5.913437926210463047e-04
5.722789210267364979e-04
5.970964557491242886e-04
5.919336108490824699e-04
6.176741444505751133e-04
5.916650407016277313e-04
5.982730654068291187e-04
6.086651701480150223e-04
5.702187190763652325e-04
6.512735271826386452e-04
5.850821034982800484e-04
5.971897044219076633e-04
6.372800562530755997e-04
6.134634022600948811e-04
6.015604012645781040e-04
5.706715164706110954e-04
6.028512143529951572e-04
6.176875322125852108e-04
5.724719958379864693e-04
5.992142250761389732e-04
5.683740600943565369e-04
5.829903529956936836e-04
6.319996318779885769e-04
5.763166118413209915e-04
5.897867376916110516e-04
5.748243420384824276e-04
6.330162286758422852e-04
5.645951023325324059e-04
7.160212262533605099e-04
5.716874729841947556e-04
5.805320688523352146e-04
6.152773858048021793e-04
5.876850918866693974e-04
5.663394695147871971e-04
6.746170111000537872e-04
5.960616399534046650e-04
5.675926804542541504e-04
6.024857284501194954e-04
5.659447633661329746e-04
6.999854231253266335e-04
5.962029099464416504e-04
6.175569724291563034e-04
5.618611467070877552e-04
7.110008737072348595e-04
5.694148130714893341e-04
5.756040336564183235e-04
5.874115740880370140e-04
5.720893968828022480e-04
5.939204129390418530e-04
6.454948452301323414e-04
5.620989832095801830e-04
5.806381814181804657e-04
5.972262006253004074e-04
5.988608463667333126e-04
5.932132480666041374e-04
5.624938639812171459e-04
6.601232453249394894e-04
5.850203451700508595e-04
5.963058792985975742e-04
5.826537380926311016e-04
5.627412465400993824e-04
6.021903827786445618e-04
5.655508139170706272e-04
6.387054454535245895e-04
5.782611551694571972e-04
6.033400422893464565e-04
6.049394141882658005e-04
5.634706467390060425e-04
6.747386069037020206e-04
5.630670348182320595e-04
5.608027568086981773e-04
6.151582929305732250e-04
6.140902405604720116e-04
5.649710074067115784e-04
5.662179319187998772e-04
5.647736252285540104e-04
5.855020135641098022e-04
5.608493811450898647e-04
6.919661536812782288e-04
5.717749590985476971e-04
5.736562306992709637e-04
5.764165543951094151e-04
5.899262032471597195e-04
5.963005824014544487e-04
5.702168564312160015e-04
6.655903416685760021e-04
5.644579068757593632e-04
5.736309103667736053e-04
6.260895752348005772e-04
5.952682113274931908e-04
5.573035450652241707e-04
6.834003725089132786e-04
5.953355575911700726e-04
5.658674053847789764e-04
5.586893530562520027e-04
5.886970320716500282e-04
5.763327935710549355e-04
5.934329819865524769e-04
5.687264492735266685e-04
5.586085608229041100e-04
6.802417337894439697e-04
5.888225859962403774e-04
5.584631580859422684e-04
5.888654850423336029e-04
5.575912073254585266e-04
7.222825079225003719e-04
5.773419397883117199e-04
5.707379896193742752e-04
5.827697459608316422e-04
5.931527703069150448e-04
5.843067774549126625e-04
5.681448383256793022e-04
6.327495793811976910e-04
5.864633130840957165e-04
5.861798999831080437e-04
6.245301337912678719e-04
5.703136557713150978e-04
5.639879964292049408e-04
6.010998622514307499e-04
6.260612281039357185e-04
5.610730731859803200e-04
5.712936981581151485e-04
6.330245523713529110e-04
6.220550276339054108e-04
5.994210951030254364e-04
5.547354812733829021e-04
7.387673831544816494e-04
5.597526323981583118e-04
5.621731397695839405e-04
5.675305728800594807e-04
5.693049752153456211e-04
5.916754598729312420e-04
5.772536969743669033e-04
5.613549728877842426e-04
7.240619743242859840e-04
5.630770465359091759e-04
5.585040198639035225e-04
5.753599107265472412e-04
5.919889663346111774e-04
5.897145601920783520e-04
5.571546498686075211e-04
7.449555560015141964e-04
5.746899987570941448e-04
5.746388924308121204e-04
5.648803780786693096e-04
6.181200151331722736e-04
6.224191747605800629e-04
5.715425359085202217e-04
5.524446605704724789e-04
7.635725778527557850e-04
5.966614698991179466e-04
5.609852378256618977e-04
5.831512971781194210e-04
5.544224404729902744e-04
6.331077311187982559e-04
5.823700921609997749e-04
5.539158592000603676e-04
6.964086205698549747e-04
5.725052906200289726e-04
5.526233580894768238e-04
5.734207225032150745e-04
5.701353074982762337e-04
5.929864710196852684e-04
5.921981064602732658e-04
5.757100880146026611e-04
5.812658928334712982e-04
6.089523085393011570e-04
5.529547343030571938e-04
5.618458380922675133e-04
5.885249702259898186e-04
5.613563116639852524e-04
5.799799109809100628e-04
5.596599658019840717e-04
5.511392955668270588e-04
8.986104512587189674e-04
5.911146290600299835e-04
5.654658307321369648e-04
5.659690941683948040e-04
5.690714460797607899e-04
5.897561204619705677e-04
5.677932640537619591e-04
5.572482477873563766e-04
5.514214863069355488e-04
5.777655751444399357e-04
6.178781040944159031e-04
5.537865217775106430e-04
5.831505404785275459e-04
5.543601582758128643e-04
6.461443845182657242e-04
5.934352520853281021e-04
5.482072010636329651e-04
5.828062421642243862e-04
5.577129195444285870e-04
5.901059485040605068e-04
6.085720960982143879e-04
5.536288954317569733e-04
5.756210885010659695e-04
5.628044600598514080e-04
6.289381999522447586e-04
6.136392476037144661e-04
5.993097438476979733e-04
5.553552764467895031e-04
6.355377845466136932e-04
5.730738630518317223e-04
5.941669223830103874e-04
5.616242997348308563e-04
5.463382112793624401e-04
5.650414386764168739e-04
6.550914840772747993e-04
5.504920845851302147e-04
5.527969915419816971e-04
6.195569876581430435e-04
5.613887333311140537e-04
6.116596050560474396e-04
5.563967279158532619e-04
7.081145886331796646e-04
5.573452799580991268e-04
5.524863954633474350e-04
5.612716195173561573e-04
5.835696356371045113e-04
5.607239436358213425e-04
5.985355237498879433e-04
5.794323515146970749e-04
5.692312261089682579e-04
5.582041339948773384e-04
5.484131397679448128e-04
6.724951672367751598e-04
5.472090560942888260e-04
5.491891643032431602e-04
6.102286279201507568e-04
5.559612181968986988e-04
5.937586538493633270e-04
5.713707068935036659e-04
5.852012545801699162e-04
5.730544799007475376e-04
5.496329977177083492e-04
5.479071405716240406e-04
5.746741662733256817e-04
5.543163279071450233e-04
7.246971945278346539e-04
5.667274235747754574e-04
5.476172082126140594e-04
6.474890396930277348e-04
5.745554808527231216e-04
5.807002889923751354e-04
5.718878819607198238e-04
6.350601906888186932e-04
5.604496691375970840e-04
5.664326599799096584e-04
5.431017489172518253e-04
5.483166314661502838e-04
5.506697343662381172e-04
5.492167547345161438e-04
5.522173014469444752e-04
5.779888015240430832e-04
5.816073389723896980e-04
5.714310100302100182e-04
5.592957604676485062e-04
6.003393791615962982e-04
5.620341398753225803e-04
5.709682591259479523e-04
5.879550590179860592e-04
5.545097519643604755e-04
5.866927676834166050e-04
5.797573248855769634e-04
5.600256845355033875e-04
5.590231739915907383e-04
5.466365255415439606e-04
6.530648097395896912e-04
5.516229430213570595e-04
5.447074072435498238e-04
5.581096047535538673e-04
5.549973575398325920e-04
5.558502161875367165e-04
5.472566699609160423e-04
5.717002204619348049e-04
5.722950445488095284e-04
5.688066594302654266e-04
5.698972963728010654e-04
5.437997751869261265e-04
6.443927413783967495e-04
5.824627587571740150e-04
5.875104106962680817e-04
5.886022699996829033e-04
5.551012582145631313e-04
5.419086664915084839e-04
6.045550107955932617e-04
5.981546128168702126e-04
5.538393743336200714e-04
5.818072822876274586e-04
5.608829087577760220e-04
5.563630256801843643e-04
5.756262689828872681e-04
6.040227017365396023e-04
5.789758288301527500e-04
5.552337388508021832e-04
5.722361383959650993e-04
5.536001408472657204e-04
5.762124201282858849e-04
5.640495219267904758e-04
6.026835180819034576e-04
5.394487525336444378e-04
6.937255384400486946e-04
5.491317715495824814e-04
5.483214044943451881e-04
5.503089632838964462e-04
5.517677636817097664e-04
6.175708840601146221e-04
5.618789582513272762e-04
5.507681635208427906e-04
5.503727588802576065e-04
5.829744040966033936e-04
6.013910169713199139e-04
5.484261782839894295e-04
6.080779712647199631e-04
5.622747703455388546e-04
5.823451792821288109e-04
5.689888494089245796e-04
5.750267882831394672e-04
5.719669279642403126e-04
5.487931193783879280e-04
5.606621853075921535e-04
5.906681180931627750e-04
5.383505485951900482e-04
5.626829806715250015e-04
5.646089557558298111e-04
5.606192280538380146e-04
5.700735491700470448e-04
5.488602328114211559e-04
5.612278473563492298e-04
5.761322681792080402e-04
5.582833546213805676e-04
5.594726535491645336e-04
5.374230095185339451e-04
7.895176531746983528e-04
5.823300452902913094e-04
5.431508761830627918e-04
5.407826392911374569e-04
5.362994852475821972e-04
5.723199574276804924e-04
5.711620906367897987e-04
5.339882918633520603e-04
5.793790915049612522e-04
5.748862167820334435e-04
5.541758146136999130e-04
5.674822605215013027e-04
5.375292384997010231e-04
6.288802251219749451e-04
5.898575764149427414e-04
5.684670177288353443e-04
5.376163171604275703e-04
5.793208838440477848e-04
5.660561146214604378e-04
5.514788208529353142e-04
5.987035110592842102e-04
5.540773272514343262e-04
5.365951219573616982e-04
5.360320792533457279e-04
5.334913148544728756e-04
8.085755980573594570e-04
6.050968077033758163e-04
5.352896987460553646e-04
5.406448035500943661e-04
6.003863527439534664e-04
5.335340974852442741e-04
7.555246702395379543e-04
5.432299221865832806e-04
5.481577827595174313e-04
5.513709038496017456e-04
5.374581087380647659e-04
5.925436853431165218e-04
5.391568411141633987e-04
6.621611537411808968e-04
5.503137363120913506e-04
5.403195973485708237e-04
6.318559171631932259e-04
5.816319608129560947e-04
5.559981218539178371e-04
5.598025163635611534e-04
5.748096155002713203e-04
5.509060574695467949e-04
5.541172577068209648e-04
6.358028040267527103e-04
5.351112340576946735e-04
5.332272266969084740e-04
6.086960202082991600e-04
5.471287877298891544e-04
6.326182046905159950e-04
5.804265383630990982e-04
5.638438742607831955e-04
5.375354667194187641e-04
6.722162361256778240e-04
5.473190103657543659e-04
5.465488065965473652e-04
5.471920594573020935e-04
5.452562472783029079e-04
5.580153083428740501e-04
5.431149620562791824e-04
5.877226940356194973e-04
5.699128960259258747e-04
5.553846131078898907e-04
5.746804527007043362e-04
5.432792240753769875e-04
5.957519169896841049e-04
5.516482051461935043e-04
5.845435080118477345e-04
5.488481256179511547e-04
5.854836199432611465e-04
5.908943130634725094e-04
5.460051470436155796e-04
5.670900573022663593e-04
5.347572150640189648e-04
5.294795846566557884e-04
6.085778004489839077e-04
5.883742705918848515e-04
5.344403325580060482e-04
5.855596391484141350e-04
5.315062589943408966e-04
6.453916430473327637e-04
5.659158341586589813e-04
5.554283852688968182e-04
5.469715688377618790e-04
5.520205013453960419e-04
5.663193296641111374e-04
5.362174124456942081e-04
5.273225251585245132e-04
6.381442653946578503e-04
5.735954036936163902e-04
5.388500867411494255e-04
5.261364858597517014e-04
6.665698019787669182e-04
5.407230346463620663e-04
5.287405801936984062e-04
5.761367501690983772e-04
5.315439775586128235e-04
5.656110006384551525e-04
5.376172484830021858e-04
5.459221429191529751e-04
6.052142125554382801e-04
5.386535776779055595e-04
5.847720312885940075e-04
5.349618149921298027e-04
6.379485130310058594e-04
5.492882337421178818e-04
5.266534280963242054e-04
5.556130199693143368e-04
5.469601019285619259e-04
5.303772632032632828e-04
6.489704828709363937e-04
5.291624111123383045e-04
5.496765952557325363e-04
5.469795432873070240e-04
5.259786266833543777e-04
5.303911748342216015e-04
6.123936618678271770e-04
5.659416201524436474e-04
5.328485858626663685e-04
5.972929648123681545e-04
5.507068708539009094e-04
5.250959075056016445e-04
5.705561488866806030e-04
5.549326888285577297e-04
5.393695901148021221e-04
5.564810708165168762e-04
5.401957314461469650e-04
5.498178070411086082e-04
5.569658242166042328e-04
5.494509823620319366e-04
5.253365379758179188e-04
7.185466820374131203e-04
5.331640131771564484e-04
5.321935750544071198e-04
5.351287545636296272e-04
5.875460337847471237e-04
5.392726743593811989e-04
5.320482887327671051e-04
5.234126001596450806e-04
6.888114730827510357e-04
5.592618836089968681e-04
5.246021901257336140e-04
5.247866502031683922e-04
7.921889773570001125e-04
5.663597257807850838e-04
5.248849047347903252e-04
5.353633896447718143e-04
5.330573185347020626e-04
5.574486567638814449e-04
5.629822262562811375e-04
5.418612854555249214e-04
5.629147635772824287e-04
5.575336399488151073e-04
5.449537420645356178e-04
5.640876479446887970e-04
5.313651054166257381e-04
5.833540926687419415e-04
5.839816294610500336e-04
5.424545961432158947e-04
5.300069460645318031e-04
5.364868557080626488e-04
5.353933665901422501e-04
5.454651545733213425e-04
5.422659451141953468e-04
5.436011124402284622e-04
5.284664221107959747e-04
5.529315094463527203e-04
6.029238575138151646e-04
5.240785540081560612e-04
5.522700957953929901e-04
5.305771483108401299e-04
5.260109901428222656e-04
5.480016698129475117e-04
5.298248142935335636e-04
5.715821753256022930e-04
5.429808516055345535e-04
5.823537940159440041e-04
5.463220295496284962e-04
5.219838349148631096e-04
5.407282733358442783e-04
5.234077107161283493e-04
6.570953992195427418e-04
5.217145080678164959e-04
5.339793860912322998e-04
5.408130818977952003e-04
5.282843485474586487e-04
5.778437480330467224e-04
5.228977533988654613e-04
5.729792173951864243e-04
5.237684817984700203e-04
6.546257645823061466e-04
5.258420715108513832e-04
5.273874267004430294e-04
5.294515285640954971e-04
5.888767191208899021e-04
5.475892685353755951e-04
5.411526653915643692e-04
5.163606256246566772e-04
5.266673397272825241e-04
5.893241614103317261e-04
5.504011642187833786e-04
5.238109151832759380e-04
7.101902738213539124e-04
5.204671178944408894e-04
5.187034257687628269e-04
5.866382853128015995e-04
5.466511356644332409e-04
5.337832262739539146e-04
6.123259663581848145e-04
5.491694901138544083e-04
5.154875689186155796e-04
5.371566512621939182e-04
6.299649830907583237e-04
5.266658263280987740e-04
5.183877074159681797e-04
5.174771067686378956e-04
6.642740336246788502e-04
5.307789542712271214e-04
5.472982302308082581e-04
5.422659451141953468e-04
5.335732130333781242e-04
5.206809146329760551e-04
6.611002027057111263e-04
5.209972150623798370e-04
5.329571431502699852e-04
5.949697224423289299e-04
5.263329367153346539e-04
5.839301738888025284e-04
5.487097078002989292e-04
5.567708285525441170e-04
5.621160380542278290e-04
5.514741060324013233e-04
5.409451550804078579e-04
5.595570546574890614e-04
5.351384170353412628e-04
5.185372428968548775e-04
5.194477271288633347e-04
5.479102255776524544e-04
5.420494126155972481e-04
5.452304030768573284e-04
5.398591747507452965e-04
5.203495966270565987e-04
6.514118285849690437e-04
5.281809717416763306e-04
5.476522492244839668e-04
5.301738856360316277e-04
5.507680471055209637e-04
5.129346391186118126e-04
7.028733380138874054e-04
5.365877295844256878e-04
5.283672944642603397e-04
5.265788640826940536e-04
6.028113421052694321e-04
5.429690354503691196e-04
5.379380891099572182e-04
5.156429251655936241e-04
5.294887814670801163e-04
5.446448340080678463e-04
5.746068200096487999e-04
5.470199394039809704e-04
5.489483010023832321e-04
5.340157658793032169e-04
5.649893428198993206e-04
5.816681659780442715e-04
5.375207983888685703e-04
5.457456572912633419e-04
5.477310041896998882e-04
5.236610304564237595e-04
5.615006666630506516e-04
5.425408016890287399e-04
5.994040402583777905e-04
5.261774058453738689e-04
5.300386110320687294e-04
5.136455874890089035e-04
5.282113561406731606e-04
5.281546618789434433e-04
5.188432405702769756e-04
5.615015397779643536e-04
5.294585134834051132e-04
5.567421903833746910e-04
5.187714705243706703e-04
5.296886083669960499e-04
5.472142947837710381e-04
5.157646373845636845e-04
5.199859151616692543e-04
6.114761927165091038e-04
5.531187052838504314e-04
5.199141451157629490e-04
6.565706571564078331e-04
5.216303979977965355e-04
5.133430822752416134e-04
5.262266495265066624e-04
5.684467614628374577e-04
5.219379090704023838e-04
5.458269151858985424e-04
5.288805696181952953e-04
5.835798801854252815e-04
5.136320833116769791e-04
5.867335130460560322e-04
5.596897681243717670e-04
5.100733251310884953e-04
6.474587135016918182e-04
5.327670951373875141e-04
5.093673826195299625e-04
5.839746445417404175e-04
5.136813852004706860e-04
5.976408720016479492e-04
5.504814325831830502e-04
5.082064308226108551e-04
6.991382688283920288e-04
5.157595733180642128e-04
5.132023943588137627e-04
6.083114421926438808e-04
5.683441413566470146e-04
5.266114603728055954e-04
5.391241284087300301e-04
5.387467099353671074e-04
5.154749378561973572e-04
5.568551132455468178e-04
5.304379155859351158e-04
5.348261329345405102e-04
5.154109094291925430e-04
8.346748072654008865e-04
5.547868786379694939e-04
5.068691680207848549e-04
5.251464317552745342e-04
5.692772683687508106e-04
5.347476690076291561e-04
5.121688009239733219e-04
5.664463969878852367e-04
5.259155295789241791e-04
5.526189925149083138e-04
5.099960253573954105e-04
5.833677714690566063e-04
5.214940756559371948e-04
5.089957267045974731e-04
5.059207906015217304e-04
6.017108098603785038e-04
5.356702604331076145e-04
5.107653560116887093e-04
5.156942061148583889e-04
6.363211432471871376e-04
5.119930137880146503e-04
5.059150280430912971e-04
5.130392382852733135e-04
5.109622143208980560e-04
5.103871226310729980e-04
5.495059303939342499e-04
5.443175905384123325e-04
5.296891904436051846e-04
6.087167421355843544e-04
5.370564176701009274e-04
5.483427667059004307e-04
5.072733620181679726e-04
6.018187268637120724e-04
5.344687378965318203e-04
5.454869242385029793e-04
5.141568253748118877e-04
5.513628129847347736e-04
5.459602107293903828e-04
5.112860235385596752e-04
6.116533186286687851e-04
5.291310953907668591e-04
5.350416759029030800e-04
5.112886428833007812e-04
5.587072228081524372e-04
5.133344675414264202e-04
6.840766873210668564e-04
5.190039519220590591e-04
5.157680134288966656e-04
5.244035855866968632e-04
5.541496211662888527e-04
5.126566975377500057e-04
5.140868597663938999e-04
5.116626853123307228e-04
5.065067671239376068e-04
5.352315492928028107e-04
5.279918550513684750e-04
5.366110708564519882e-04
5.126697360537946224e-04
6.579517503269016743e-04
5.083976429887115955e-04
5.072240019217133522e-04
5.620534066110849380e-04
5.214741686359047890e-04
6.001266883686184883e-04
5.593330133706331253e-04
5.163385067135095596e-04
5.083907162770628929e-04
5.131240468472242355e-04
5.419200751930475235e-04
5.315718590281903744e-04
5.109205958433449268e-04
5.199764855206012726e-04
6.276876083575189114e-04
5.155692924745380878e-04
5.126763717271387577e-04
5.576587282121181488e-04
5.123912706039845943e-04
6.125120562501251698e-04
5.610651569440960884e-04
5.140822613611817360e-04
7.039743941277265549e-04
5.279445322230458260e-04
5.142982117831707001e-04
5.333650624379515648e-04
5.090603954158723354e-04
5.192749667912721634e-04
5.246688961051404476e-04
5.218675942160189152e-04
5.616680718958377838e-04
5.239220336079597473e-04
5.038322415202856064e-04
5.031025502830743790e-04
5.460391985252499580e-04
5.600634030997753143e-04
5.141220754012465477e-04
5.004831473343074322e-04
5.697518936358392239e-04
5.093498039059340954e-04
6.104005151428282261e-04
5.326240207068622112e-04
5.298115429468452930e-04
5.834649200551211834e-04
5.131316138431429863e-04
5.049498286098241806e-04
5.465510184876620770e-04
5.340732750482857227e-04
5.141259171068668365e-04
5.808080313727259636e-04
5.206633359193801880e-04
5.083199357613921165e-04
5.535232485271990299e-04
5.444082198664546013e-04
5.263132625259459019e-04
5.212248652242124081e-04
5.169174983166158199e-04
5.526651511900126934e-04
5.315780872479081154e-04
5.187652423046529293e-04
5.369234713725745678e-04
5.205161287449300289e-04
5.163660971447825432e-04
6.040027365088462830e-04
5.121761932969093323e-04
5.051197949796915054e-04
5.051698535680770874e-04
5.577644915319979191e-04
5.816089687868952751e-04
5.082570132799446583e-04
5.658920854330062866e-04
5.050624022260308266e-04
5.209349328652024269e-04
5.669480306096374989e-04
5.590206710621714592e-04
5.094156367704272270e-04
5.115229287184774876e-04
5.131129873916506767e-04
5.268574459478259087e-04
5.047699087299406528e-04
5.761652719229459763e-04
5.499190883710980415e-04
5.059830727986991405e-04
5.545048043131828308e-04
5.413901526480913162e-04
5.425013368949294090e-04
5.661101895384490490e-04
5.635418929159641266e-04
5.436674691736698151e-04
5.077216192148625851e-04
5.900689866393804550e-04
4.999409429728984833e-04
5.367691628634929657e-04
5.065465811640024185e-04
4.996369825676083565e-04
5.787250120192766190e-04
5.283639766275882721e-04
4.960175137966871262e-04
6.718923687003552914e-04
5.398867069743573666e-04
5.191342788748443127e-04
5.304031656123697758e-04
5.673729465343058109e-04
5.242466577328741550e-04
5.424115806818008423e-04
5.359792266972362995e-04
4.957176279276609421e-04
6.284518167376518250e-04
4.967657150700688362e-04
5.259065655991435051e-04
5.623128963634371758e-04
5.418592481873929501e-04
5.210938397794961929e-04
5.043318378739058971e-04
5.768348346464335918e-04
5.081876879557967186e-04
5.095134838484227657e-04
5.863797850906848907e-04
5.034453351981937885e-04
4.955100594088435173e-04
6.403416628018021584e-04
4.977444768883287907e-04
5.014674970880150795e-04
5.044921417720615864e-04
5.161109147593379021e-04
5.005171406082808971e-04
5.776540492661297321e-04
5.424671689979732037e-04
5.083908326923847198e-04
5.141275469213724136e-04
5.429608281701803207e-04
5.149157368578016758e-04
5.147504853084683418e-04
5.413201870396733284e-04
5.186778143979609013e-04
6.106655928306281567e-04
5.224350024946033955e-04
4.938207566738128662e-04
5.583235761150717735e-04
5.666132783517241478e-04
5.004215054214000702e-04
4.949124413542449474e-04
5.137285334058105946e-04
5.053289351053535938e-04
5.107007455080747604e-04
5.882525583729147911e-04
5.284854560159146786e-04
5.359672941267490387e-04
5.107335746288299561e-04
4.978774231858551502e-04
6.539255846291780472e-04
5.098843830637633801e-04
5.070867482572793961e-04
5.427422584034502506e-04
5.402644164860248566e-04
5.483920103870332241e-04
5.465683643706142902e-04
5.628693033941090107e-04
5.275780567899346352e-04
5.147346528246998787e-04
4.986096755601465702e-04
4.985987907275557518e-04
5.914131761528551579e-04
5.184701876714825630e-04
5.371320876292884350e-04
5.645296187140047550e-04
4.902836517430841923e-04
7.077670306898653507e-04
5.254326388239860535e-04
4.976719501428306103e-04
5.797461490146815777e-04
5.284310318529605865e-04
5.042428383603692055e-04
5.132390651851892471e-04
5.007715662941336632e-04
5.792350857518613338e-04
5.076494999229907990e-04
5.361488438211381435e-04
5.128479679115116596e-04
4.993953625671565533e-04
5.000827368348836899e-04
6.364535656757652760e-04
5.225967033766210079e-04
5.120596033520996571e-04
6.178797339089214802e-04
5.082303541712462902e-04
5.144474562257528305e-04
5.555633106268942356e-04
5.050033796578645706e-04
5.309794214554131031e-04
4.992904723621904850e-04
5.367452395148575306e-04
5.450599710457026958e-04
4.994384362362325191e-04
4.897619364783167839e-04
5.040599498897790909e-04
5.574448732659220695e-04
4.915369790978729725e-04
7.147243595682084560e-04
5.503247375600039959e-04
4.928169073536992073e-04
5.170814110897481441e-04
5.043693236075341702e-04
5.319744814187288284e-04
4.925570101477205753e-04
5.665907519869506359e-04
5.120572168380022049e-04
5.013694753870368004e-04
4.918912891298532486e-04
6.486274069175124168e-04
