3.893634770065546036e-03
2.700075041502714157e-03
2.392788417637348175e-03
2.262334106490015984e-03
2.177926478907465935e-03
2.119428478181362152e-03
2.077255863696336746e-03
2.048861933872103691e-03
2.028360031545162201e-03
2.008410869166254997e-03
1.989481039345264435e-03
1.973413862287998199e-03
1.962017267942428589e-03
1.952460617758333683e-03
1.944474759511649609e-03
1.939101959578692913e-03
1.935454900376498699e-03
1.932645915076136589e-03
1.930403523147106171e-03
1.928521436639130116e-03
1.926851226016879082e-03
1.925287418998777866e-03
1.923775067552924156e-03
1.922296709381043911e-03
1.920884242281317711e-03
1.919564208947122097e-03
1.918251393362879753e-03
1.916871173307299614e-03
1.915407367050647736e-03
1.913775224238634109e-03
1.911975792609155178e-03
1.910172402858734131e-03
1.908533042296767235e-03
1.907064812257885933e-03
1.905703335069119930e-03
1.904376549646258354e-03
1.903090626001358032e-03
1.901861745864152908e-03
1.900698058307170868e-03
1.899601076729595661e-03
1.898565096780657768e-03
1.897572306916117668e-03
1.896622823551297188e-03
1.895698718726634979e-03
1.894789049401879311e-03
1.893891138024628162e-03
1.893001841381192207e-03
1.892115920782089233e-03
1.891234889626502991e-03
1.890349201858043671e-03
1.889448729343712330e-03
1.888472121208906174e-03
1.887272228486835957e-03
1.885953824967145920e-03
1.884745317511260509e-03
1.883584191091358662e-03
1.882415381260216236e-03
1.881219446659088135e-03
1.879989984445273876e-03
1.878729555755853653e-03
1.877473434433341026e-03
1.876291935332119465e-03
1.875201938673853874e-03
1.874180976301431656e-03
1.873197150416672230e-03
1.872240449301898479e-03
1.871300861239433289e-03
1.870376523584127426e-03
1.869455678388476372e-03
1.868522958829998970e-03
1.867568353191018105e-03
1.866591046564280987e-03
1.865579513832926750e-03
1.864530728198587894e-03
1.863442594185471535e-03
1.862310688011348248e-03
1.861157128587365150e-03
1.860046293586492538e-03
1.858986564911901951e-03
1.857960829511284828e-03
1.856954535469412804e-03
1.855963142588734627e-03
1.854994916357100010e-03
1.854040892794728279e-03
1.853113179095089436e-03
1.852190122008323669e-03
1.851269160397350788e-03
1.850351691246032715e-03
1.849434804171323776e-03
1.848513726145029068e-03
1.847575302235782146e-03
1.846634666435420513e-03
1.845700084231793880e-03
1.844771089963614941e-03
1.843833131715655327e-03
1.842888537794351578e-03
1.841942314058542252e-03
1.840990036725997925e-03
1.840034849010407925e-03
1.839076168835163116e-03
1.838105730712413788e-03
1.837135409004986286e-03
1.836184295825660229e-03
1.835237490013241768e-03
1.834283000789582729e-03
1.833350514061748981e-03
1.832420821301639080e-03
1.831481116823852062e-03
1.830541994422674179e-03
1.829607877880334854e-03
1.828675623983144760e-03
1.827743835747241974e-03
1.826811581850051880e-03
1.825878629460930824e-03
1.824941253289580345e-03
1.823997125029563904e-03
1.823042286559939384e-03
1.822076737880706787e-03
1.821084413677453995e-03
1.819881959818303585e-03
1.817971700802445412e-03
1.816118601709604263e-03
1.814556890167295933e-03
1.813280396163463593e-03
1.812132075428962708e-03
1.811082009226083755e-03
1.809959532693028450e-03
1.808805624023079872e-03
1.808049739338457584e-03
1.806746469810605049e-03
1.808193163014948368e-03
1.805475214496254921e-03
1.804446568712592125e-03
1.803967868909239769e-03
1.801623846404254436e-03
1.801037113182246685e-03
1.804455532692372799e-03
1.800760626792907715e-03
1.798598445020616055e-03
1.797519973479211330e-03
1.801610109396278858e-03
1.796405762434005737e-03
1.793928910046815872e-03
1.795467105694115162e-03
1.796258147805929184e-03
1.792757771909236908e-03
1.790666952729225159e-03
1.789628178812563419e-03
1.788928173482418060e-03
1.805112580768764019e-03
1.788658672012388706e-03
1.787087065167725086e-03
1.786381704732775688e-03
1.798966550268232822e-03
1.787620713002979755e-03
1.783796236850321293e-03
1.785177970305085182e-03
1.794926822185516357e-03
1.783087500371038914e-03
1.780943595804274082e-03
1.780161983333528042e-03
1.791435526683926582e-03
1.782220439054071903e-03
1.778928679414093494e-03
1.777501194737851620e-03
1.779510406777262688e-03
1.790379872545599937e-03
1.777102239429950714e-03
1.775037730112671852e-03
1.774185104295611382e-03
1.780516584403812885e-03
1.782366889528930187e-03
1.773318625055253506e-03
1.771989394910633564e-03
1.771634095348417759e-03
1.770686823874711990e-03
1.770946430042386055e-03
1.769204041920602322e-03
1.768686575815081596e-03
1.770572038367390633e-03
1.767288777045905590e-03
1.768796355463564396e-03
1.766135334037244320e-03
1.794643700122833252e-03
1.767506008036434650e-03
1.765024382621049881e-03
1.764356973581016064e-03
1.763599575497210026e-03
1.791454618796706200e-03
1.765262917615473270e-03
1.761974650435149670e-03
1.761070918291807175e-03
1.772888470441102982e-03
1.761999796144664288e-03
1.759330742061138153e-03
1.758691505528986454e-03
1.759858685545623302e-03
1.759366132318973541e-03
1.756315934471786022e-03
1.756740501150488853e-03
1.755390549078583717e-03
1.756225712597370148e-03
1.753941876813769341e-03
1.756363431923091412e-03
1.757192192599177361e-03
1.752948737703263760e-03
1.758274855092167854e-03
1.751635107211768627e-03
1.751717296428978443e-03
1.750612165778875351e-03
1.813173061236739159e-03
1.749781193211674690e-03
1.750195981003344059e-03
1.748823327943682671e-03
1.748278038576245308e-03
1.747717265971004963e-03
1.747175003401935101e-03
1.746853929944336414e-03
1.767530338838696480e-03
1.749255694448947906e-03
1.746147056110203266e-03
1.744670444168150425e-03
1.760546467266976833e-03
1.743653439916670322e-03
1.742621534503996372e-03
1.741396263241767883e-03
1.741031999699771404e-03
1.757648424245417118e-03
1.745494431816041470e-03
1.739218831062316895e-03
1.738920225761830807e-03
1.735228113830089569e-03
1.736224279738962650e-03
1.733303768560290337e-03
1.732199103571474552e-03
1.745517482049763203e-03
1.732293982058763504e-03
1.730705611407756805e-03
1.729910611175000668e-03
1.733358134515583515e-03
1.735918223857879639e-03
1.728100934997200966e-03
1.728044706396758556e-03
1.728531438857316971e-03
1.740058069117367268e-03
1.729986513964831829e-03
1.726081478409469128e-03
1.726663555018603802e-03
1.733480836264789104e-03
1.726575777865946293e-03
1.725051435641944408e-03
1.732871634885668755e-03
1.723723951727151871e-03
1.728100585751235485e-03
1.724080182611942291e-03
1.736812177114188671e-03
1.722701010294258595e-03
1.721720793284475803e-03
1.727902214042842388e-03
1.721080392599105835e-03
1.719552208669483662e-03
1.727561582811176777e-03
1.719312858767807484e-03
1.718303654342889786e-03
1.717430655844509602e-03
1.824679551646113396e-03
1.723581808619201183e-03
1.717416336759924889e-03
1.715624937787652016e-03
1.715166261419653893e-03
1.714688027277588844e-03
1.714295707643032074e-03
1.715532620437443256e-03
1.728565897792577744e-03
1.713195233605802059e-03
1.715573482215404510e-03
1.723696826957166195e-03
1.712396973744034767e-03
1.725635142065584660e-03
1.715103047899901867e-03
1.712198834866285324e-03
1.736686681397259235e-03
1.709709875285625458e-03
1.709063304588198662e-03
1.713220030069351196e-03
1.718400511890649796e-03
1.708149327896535397e-03
1.708027208223938942e-03
1.707070157863199711e-03
1.752474112436175346e-03
1.710776821710169315e-03
1.706141862086951733e-03
1.705748727545142174e-03
1.705130329355597496e-03
1.752646174281835556e-03
1.709197997115552425e-03
1.704150694422423840e-03
1.703839050605893135e-03
1.704259775578975677e-03
1.719736843369901180e-03
1.703964429907500744e-03
1.702705398201942444e-03
1.710034906864166260e-03
1.701267203316092491e-03
1.703611691482365131e-03
1.707665622234344482e-03
1.703775138594210148e-03
1.700843335129320621e-03
1.699090586043894291e-03
1.727871480397880077e-03
1.698950887657701969e-03
1.698130159638822079e-03
1.697970321401953697e-03
1.710826298221945763e-03
1.699966029264032841e-03
1.696373685263097286e-03
1.695555401965975761e-03
1.731759984977543354e-03
1.699781394563615322e-03
1.694064121693372726e-03
1.693906728178262711e-03
1.704349881038069725e-03
1.704946509562432766e-03
1.693028025329113007e-03
1.692377030849456787e-03
1.704594353213906288e-03
1.695836195722222328e-03
1.691551879048347473e-03
1.713174395263195038e-03
1.695787417702376842e-03
1.692723017185926437e-03
1.701239380054175854e-03
1.690659439191222191e-03
1.706343959085643291e-03
1.690030796453356743e-03
1.692965277470648289e-03
1.693584374152123928e-03
1.693648286163806915e-03
1.687294687144458294e-03
1.687373733147978783e-03
1.692619989626109600e-03
1.696718973107635975e-03
1.685982453636825085e-03
1.685912604443728924e-03
1.691699610091745853e-03
1.685043098405003548e-03
1.685629016719758511e-03
1.685190945863723755e-03
1.685957540757954121e-03
1.684827380813658237e-03
1.683574402704834938e-03
1.683465205132961273e-03
1.683580223470926285e-03
1.714016078040003777e-03
1.683258567936718464e-03
1.681996276602149010e-03
1.688427641056478024e-03
1.681939233094453812e-03
1.681802561506628990e-03
1.687689917162060738e-03
1.681360066868364811e-03
1.686179311946034431e-03
1.685107359662652016e-03
1.680458779446780682e-03
1.705770497210323811e-03
1.683864160440862179e-03
1.679424662142992020e-03
1.678765867836773396e-03
1.692943158559501171e-03
1.686174189671874046e-03
1.680038752965629101e-03
1.677649677731096745e-03
1.694748993031680584e-03
1.677995664067566395e-03
1.679218257777392864e-03
1.676743268035352230e-03
1.676532672718167305e-03
1.676241867244243622e-03
1.682354719378054142e-03
1.675669685937464237e-03
1.677704625762999058e-03
1.679283916018903255e-03
1.676908228546380997e-03
1.676640822552144527e-03
1.675265841186046600e-03
1.681863912381231785e-03
1.677112188190221786e-03
1.676137675531208515e-03
1.674668863415718079e-03
1.703863730654120445e-03
1.675613224506378174e-03
1.673508435487747192e-03
1.673384103924036026e-03
1.685172668658196926e-03
1.673509716056287289e-03
1.673004124313592911e-03
1.672215061262249947e-03
1.674027065746486187e-03
1.673865248449146748e-03
1.673977589234709740e-03
1.671637292020022869e-03
1.687166979536414146e-03
1.674302620813250542e-03
1.670732977800071239e-03
1.689576311036944389e-03
1.675986801274120808e-03
1.671485253609716892e-03
1.669429941102862358e-03
1.670519937761127949e-03
1.693596830591559410e-03
1.668822835199534893e-03
1.668724929913878441e-03
1.670278841629624367e-03
1.669382443651556969e-03
1.669962657615542412e-03
1.667859614826738834e-03
1.667794771492481232e-03
1.667969860136508942e-03
1.711962861008942127e-03
1.669912831857800484e-03
1.667349250055849552e-03
1.667298260144889355e-03
1.683381968177855015e-03
1.675195642746984959e-03
1.666229567490518093e-03
1.667747041210532188e-03
1.686863484792411327e-03
1.668642391450703144e-03
1.667593489401042461e-03
1.678974484093487263e-03
1.665778341703116894e-03
1.668473356403410435e-03
1.672334969043731689e-03
1.669106655754148960e-03
1.665700692683458328e-03
1.696582417935132980e-03
1.664709765464067459e-03
1.664409064687788486e-03
1.663832808844745159e-03
1.704847323708236217e-03
1.667780685238540173e-03
1.662508118897676468e-03
1.662740134634077549e-03
1.680356333963572979e-03
1.670673373155295849e-03
1.661701127886772156e-03
1.663593226112425327e-03
1.680010231211781502e-03
1.666862634010612965e-03
1.660868409089744091e-03
1.664652023464441299e-03
1.690664445050060749e-03
1.661529880948364735e-03
1.660630339756608009e-03
1.659878063946962357e-03
1.659577712416648865e-03
1.661792164668440819e-03
1.666185678914189339e-03
1.660281559452414513e-03
1.665349118411540985e-03
1.660488895140588284e-03
1.660704729147255421e-03
1.658757682889699936e-03
1.696342835202813148e-03
1.657691900618374348e-03
1.658275141380727291e-03
1.659344648942351341e-03
1.674042432568967342e-03
1.659317407757043839e-03
1.661909976974129677e-03
1.660491572692990303e-03
1.660332782194018364e-03
1.656030188314616680e-03
1.658978988416492939e-03
1.656192005611956120e-03
1.678715460002422333e-03
1.661634771153330803e-03
1.657540677115321159e-03
1.667571021243929863e-03
1.659834641031920910e-03
1.658337539993226528e-03
1.655879896134138107e-03
1.655387692153453827e-03
1.655694330111145973e-03
1.653841114602982998e-03
1.653874409385025501e-03
1.679375651292502880e-03
1.659334171563386917e-03
1.653634593822062016e-03
1.654717954806983471e-03
1.657485729083418846e-03
1.654662308283150196e-03
1.652875682339072227e-03
1.666003139689564705e-03
1.654012827202677727e-03
1.652118284255266190e-03
1.655065687373280525e-03
1.668350188992917538e-03
1.654069870710372925e-03
1.650638179853558540e-03
1.650387304835021496e-03
1.654086052440106869e-03
1.650456921197474003e-03
1.651480677537620068e-03
1.649539568461477757e-03
1.657158252783119678e-03
1.670462428592145443e-03
1.651438535191118717e-03
1.649208599701523781e-03
1.648732693865895271e-03
1.651158439926803112e-03
1.651510596275329590e-03
1.649298472329974174e-03
1.647677738219499588e-03
1.660563983023166656e-03
1.662169583141803741e-03
1.648773206397891045e-03
1.647672383114695549e-03
1.647122902795672417e-03
1.691118348389863968e-03
1.649260870181024075e-03
1.647056546062231064e-03
1.647579018026590347e-03
1.664612558670341969e-03
1.650967402383685112e-03
1.646479358896613121e-03
1.671548816375434399e-03
1.651904080063104630e-03
1.662802882492542267e-03
1.646865042857825756e-03
1.642620423808693886e-03
1.663631759583950043e-03
1.642090035602450371e-03
1.641277689486742020e-03
1.656451728194952011e-03
1.643997966311872005e-03
1.641407725401222706e-03
1.652060076594352722e-03
1.655170577578246593e-03
1.640135538764297962e-03
1.639829599298536777e-03
1.648712903261184692e-03
1.639526570215821266e-03
1.640862668864428997e-03
1.642830204218626022e-03
1.642941264435648918e-03
1.639468362554907799e-03
1.638192683458328247e-03
1.642144401557743549e-03
1.639102119952440262e-03
1.637548441067337990e-03
1.650006044656038284e-03
1.638260437175631523e-03
1.645894953981041908e-03
1.637264736928045750e-03
1.668595825321972370e-03
1.637957291677594185e-03
1.637254259549081326e-03
1.640418777242302895e-03
1.637747511267662048e-03
1.638896879740059376e-03
1.634889515116810799e-03
1.704869791865348816e-03
1.650205580517649651e-03
1.634105457924306393e-03
1.633845153264701366e-03
1.633654697798192501e-03
1.633867272175848484e-03
1.657758257351815701e-03
1.641169888898730278e-03
1.635780441574752331e-03
1.643818570300936699e-03
1.632514875382184982e-03
1.650274847634136677e-03
1.643615309149026871e-03
1.632498111575841904e-03
1.631715334951877594e-03
1.640116097405552864e-03
1.640364760532975197e-03
1.633772393688559532e-03
1.633201609365642071e-03
1.645949087105691433e-03
1.635454478673636913e-03
1.633665990084409714e-03
1.633398816920816898e-03
1.630197861231863499e-03
1.634026295505464077e-03
1.631262595765292645e-03
1.643226947635412216e-03
1.630026148632168770e-03
1.647172844968736172e-03
1.637196633964776993e-03
1.629179343581199646e-03
1.628861995413899422e-03
1.733147422783076763e-03
1.631174585781991482e-03
1.629375852644443512e-03
1.628221827559173107e-03
1.628074212931096554e-03
1.627867808565497398e-03
1.630348968319594860e-03
1.632647705264389515e-03
1.629183185286819935e-03
1.633767271414399147e-03
1.627064426429569721e-03
1.629590173251926899e-03
1.626787474378943443e-03
1.704946509562432766e-03
1.639590831473469734e-03
1.627926598303020000e-03
1.626271754503250122e-03
1.626079902052879333e-03
1.634700573049485683e-03
1.625706208869814873e-03
1.638383488170802593e-03
1.625393284484744072e-03
1.646537682972848415e-03
1.633137813769280910e-03
1.627678400836884975e-03
1.625502365641295910e-03
1.626627286896109581e-03
1.634028740227222443e-03
1.625940320082008839e-03
1.632848172448575497e-03
1.625236123800277710e-03
1.626948360353708267e-03
1.627441379241645336e-03
1.623722375370562077e-03
1.624540309421718121e-03
1.623744494281709194e-03
1.650877529755234718e-03
1.631921390071511269e-03
1.624887576326727867e-03
1.623609452508389950e-03
1.638984424062073231e-03
1.626885961741209030e-03
1.624743454158306122e-03
1.625001314096152782e-03
1.631063409149646759e-03
1.625864999368786812e-03
1.625586301088333130e-03
1.622842974029481411e-03
1.621823408640921116e-03
1.627814490348100662e-03
1.628561876714229584e-03
1.622390700504183769e-03
1.669510034844279289e-03
1.621567294932901859e-03
1.622798852622509003e-03
1.621118164621293545e-03
1.651868806220591068e-03
1.625056029297411442e-03
1.621211995370686054e-03
1.620457856915891171e-03
1.643905183300375938e-03
1.629914855584502220e-03
1.621710602194070816e-03
1.619633054360747337e-03
1.637130277231335640e-03
1.619812683202326298e-03
1.622222829610109329e-03
1.619729329831898212e-03
1.619148999452590942e-03
1.618910930119454861e-03
1.634455053135752678e-03
1.628915197215974331e-03
1.620830153115093708e-03
1.618437585420906544e-03
1.675607636570930481e-03
1.622053445316851139e-03
1.618082169443368912e-03
1.618026290088891983e-03
1.621959265321493149e-03
1.624452183023095131e-03
1.623441698029637337e-03
1.617760281078517437e-03
1.617504050955176353e-03
1.629865611903369427e-03
1.620852388441562653e-03
1.617950387299060822e-03
1.631464576348662376e-03
1.621495583094656467e-03
1.617563189938664436e-03
1.628659549169242382e-03
1.616692868992686272e-03
1.627485617063939571e-03
1.616405090317130089e-03
1.616098918020725250e-03
1.759633189067244530e-03
1.623142161406576633e-03
1.616359339095652103e-03
1.615900779142975807e-03
1.615616725757718086e-03
1.615464338101446629e-03
1.615435234270989895e-03
1.619725022464990616e-03
1.619543763808906078e-03
1.617942005395889282e-03
1.615230925381183624e-03
1.671398524194955826e-03
1.615530694834887981e-03
1.614705659449100494e-03
1.614714972674846649e-03
1.614802749827504158e-03
1.621367176994681358e-03
1.614227308891713619e-03
1.616274239495396614e-03
1.614032662473618984e-03
1.614586217328906059e-03
1.620850292965769768e-03
1.615989836864173412e-03
1.614672946743667126e-03
1.613725791685283184e-03
1.613410771824419498e-03
1.613566535525023937e-03
1.617809059098362923e-03
1.622011885046958923e-03
1.613846514374017715e-03
1.613070257008075714e-03
1.616780064068734646e-03
1.641133800148963928e-03
1.615336164832115173e-03
1.612637075595557690e-03
1.612643012776970863e-03
1.612345105968415737e-03
1.615416142158210278e-03
1.613162923604249954e-03
1.612723455764353275e-03
1.612120773643255234e-03
1.611907500773668289e-03
1.613548607565462589e-03
1.626800862140953541e-03
1.614489359781146049e-03
1.612523570656776428e-03
1.611933461390435696e-03
1.616219640709459782e-03
1.612371648661792278e-03
1.613825559616088867e-03
1.611102838069200516e-03
1.612070016562938690e-03
1.656815642490983009e-03
1.610855455510318279e-03
1.611688523553311825e-03
1.610785606317222118e-03
1.610522856935858727e-03
1.673620194196701050e-03
1.630773302167654037e-03
1.613183529116213322e-03
1.610297942534089088e-03
1.610175706446170807e-03
1.610029954463243484e-03
1.609951374121010303e-03
1.612650696188211441e-03
1.635990920476615429e-03
1.615067594684660435e-03
1.609579427167773247e-03
1.609616796486079693e-03
1.615011133253574371e-03
1.645886572077870369e-03
1.609498518519103527e-03
1.609397120773792267e-03
1.609070575796067715e-03
1.609124010428786278e-03
1.610198989510536194e-03
1.648851321078836918e-03
1.612256164662539959e-03
1.609199913218617439e-03
1.608676509931683540e-03
1.608586986549198627e-03
1.620699651539325714e-03
1.620658440515398979e-03
1.608401420526206493e-03
1.608221558853983879e-03
1.608189544640481472e-03
1.607993617653846741e-03
1.622896525077521801e-03
1.623197691515088081e-03
1.608261023648083210e-03
1.607957063242793083e-03
1.607577665708959103e-03
1.607590005733072758e-03
1.691526034846901894e-03
1.619832939468324184e-03
1.607606420293450356e-03
1.607292681001126766e-03
1.607097918167710304e-03
1.607100246474146843e-03
1.675683888606727123e-03
1.614827662706375122e-03
1.608133665286004543e-03
1.606677542440593243e-03
1.606656936928629875e-03
1.612087828107178211e-03
1.631235238164663315e-03
1.610252191312611103e-03
1.606830512173473835e-03
1.606393605470657349e-03
1.606490695849061012e-03
1.672828104346990585e-03
1.613216707482933998e-03
1.606993959285318851e-03
1.605798490345478058e-03
1.606091973371803761e-03
1.655847183428704739e-03
1.605868921615183353e-03
1.605684286914765835e-03
1.605481258593499660e-03
1.607538782991468906e-03
1.619820599444210529e-03
1.610273262485861778e-03
1.605147845111787319e-03
1.605654833838343620e-03
1.644753268919885159e-03
1.604986493475735188e-03
1.604889635927975178e-03
1.605080324225127697e-03
1.604648889042437077e-03
1.637588837184011936e-03
1.604643999598920345e-03
1.604793942533433437e-03
1.604367396794259548e-03
1.604346209205687046e-03
1.607134821824729443e-03
1.606553792953491211e-03
1.604118151590228081e-03
1.604565419256687164e-03
1.604834338650107384e-03
1.635990338400006294e-03
1.610790262930095196e-03
1.603667042218148708e-03
1.604114542715251446e-03
1.653555198572576046e-03
1.605767058208584785e-03
1.604050397872924805e-03
1.603324082680046558e-03
1.603515585884451866e-03
1.627048826776444912e-03
1.613365951925516129e-03
1.603100216016173363e-03
1.603015698492527008e-03
1.607897691428661346e-03
1.634902204386889935e-03
1.604416640475392342e-03
1.602855394594371319e-03
1.602616044692695141e-03
1.602950273081660271e-03
1.638973015360534191e-03
1.607397804036736488e-03
1.602265168912708759e-03
1.608165679499506950e-03
1.602941891178488731e-03
1.604141201823949814e-03
1.602143398486077785e-03
1.605520723387598991e-03
1.619967631995677948e-03
1.606288482435047626e-03
1.602316042408347130e-03
1.601609517820179462e-03
1.602405100129544735e-03
1.622973359189927578e-03
1.602074829861521721e-03
1.601798343472182751e-03
1.610738690942525864e-03
1.607735757716000080e-03
1.605390920303761959e-03
1.601285301148891449e-03
1.610812381841242313e-03
1.628234866075217724e-03
1.604847260750830173e-03
1.601003226824104786e-03
1.600707066245377064e-03
1.609219121746718884e-03
1.615690183825790882e-03
1.600582851096987724e-03
1.600419986061751842e-03
1.609203638508915901e-03
1.606849255040287971e-03
1.602177624590694904e-03
1.600458286702632904e-03
1.651552505791187286e-03
1.600060961209237576e-03
1.601262949407100677e-03
1.601341646164655685e-03
1.618371577933430672e-03
1.603852026164531708e-03
1.599790295585989952e-03
1.603493699803948402e-03
1.633837120607495308e-03
1.602011849172413349e-03
1.599611947312951088e-03
1.599513343535363674e-03
1.599334180355072021e-03
1.617369474843144417e-03
1.611613086424767971e-03
1.602958305738866329e-03
1.599085517227649689e-03
1.619026530534029007e-03
1.603514072485268116e-03
1.599121605977416039e-03
1.598745235241949558e-03
1.598752103745937347e-03
1.601148513145744801e-03
1.622963813133537769e-03
1.600907649844884872e-03
1.599691575393080711e-03
1.600628020241856575e-03
1.602080883458256721e-03
1.602583215571939945e-03
1.598224625922739506e-03
1.599315204657614231e-03
1.633636071346700191e-03
1.604791963472962379e-03
1.599537208676338196e-03
1.600021496415138245e-03
1.634088461287319660e-03
1.598151400685310364e-03
1.598462113179266453e-03
1.598134520463645458e-03
1.658200053498148918e-03
1.604561577551066875e-03
1.597409951500594616e-03
1.597292954102158546e-03
1.615431508980691433e-03
1.608919817954301834e-03
1.598835107870399952e-03
1.598311937414109707e-03
1.632372033782303333e-03
1.598235801793634892e-03
1.598321134224534035e-03
1.597460010088980198e-03
1.658816705457866192e-03
1.603849348612129688e-03
1.596734742633998394e-03
1.596674323081970215e-03
1.596532179974019527e-03
1.703664311207830906e-03
1.598140108399093151e-03
1.597841270267963409e-03
1.596360933035612106e-03
1.596216112375259399e-03
1.596196903847157955e-03
1.607931102626025677e-03
1.617007423192262650e-03
1.599492621608078480e-03
1.595833222381770611e-03
1.597927766852080822e-03
1.617399160750210285e-03
1.600976684130728245e-03
1.596185960806906223e-03
1.626290846616029739e-03
1.597127295099198818e-03
1.596481655724346638e-03
1.595482928678393364e-03
1.595887821167707443e-03
1.630186801776289940e-03
1.602630945853888988e-03
1.595179550349712372e-03
1.602089032530784607e-03
1.595039037056267262e-03
1.596908085048198700e-03
1.596245681867003441e-03
1.604389166459441185e-03
1.597086782567203045e-03
1.595653360709547997e-03
1.594815636053681374e-03
1.621571136638522148e-03
1.603196724317967892e-03
1.596902147866785526e-03
1.609536702744662762e-03
1.596214482560753822e-03
1.597760594449937344e-03
1.594819361343979836e-03
1.627861754968762398e-03
1.594639616087079048e-03
1.594069297425448895e-03
1.594332628883421421e-03
1.594236353412270546e-03
1.595056848600506783e-03
1.594774192199110985e-03
1.597014022991061211e-03
1.594041357748210430e-03
1.593856373801827431e-03
1.593996421433985233e-03
1.628483762033283710e-03
1.601380878128111362e-03
1.594143570400774479e-03
1.607286743819713593e-03
1.596425543539226055e-03
1.593359163962304592e-03
1.619285903871059418e-03
1.604178920388221741e-03
1.600606134161353111e-03
1.593255321495234966e-03
1.641862094402313232e-03
1.593275927007198334e-03
1.595192588865756989e-03
1.594280940480530262e-03
1.610015053302049637e-03
1.598244532942771912e-03
1.593387918546795845e-03
1.635331893339753151e-03
1.592593151144683361e-03
1.592982327565550804e-03
1.592604210600256920e-03
1.592995366081595421e-03
1.606810488738119602e-03
1.610292005352675915e-03
1.595457782968878746e-03
1.592173473909497261e-03
1.594295375980436802e-03
1.606928766705095768e-03
1.599985407665371895e-03
1.591910840943455696e-03
1.632448867894709110e-03
1.594479312188923359e-03
1.593476627022027969e-03
1.592208049260079861e-03
1.615320215933024883e-03
1.600284711457788944e-03
1.593703054822981358e-03
1.602978911250829697e-03
1.594881759956479073e-03
1.595674082636833191e-03
1.591872540302574635e-03
1.591916778124868870e-03
1.593502936884760857e-03
1.603428856469690800e-03
1.603376585990190506e-03
1.591776381246745586e-03
1.596605638042092323e-03
1.591881387867033482e-03
1.602517673745751381e-03
1.593492692336440086e-03
1.599748502485454082e-03
1.591904670931398869e-03
1.597878173924982548e-03
1.595431473106145859e-03
1.604715362191200256e-03
1.594051718711853027e-03
1.590466941706836224e-03
1.615399145521223545e-03
1.603535260073840618e-03
1.590919448062777519e-03
1.592352404259145260e-03
1.617739442735910416e-03
1.600000308826565742e-03
1.592915272340178490e-03
1.600092276930809021e-03
1.591873704455792904e-03
1.602722099050879478e-03
1.606187433935701847e-03
1.589809544384479523e-03
1.589718973264098167e-03
1.602214179001748562e-03
1.595189445652067661e-03
1.591681386344134808e-03
1.598465838469564915e-03
1.592151704244315624e-03
1.590596395544707775e-03
1.590311527252197266e-03
1.591682201251387596e-03
1.589592662639915943e-03
1.589270774275064468e-03
1.589406747370958328e-03
1.640161848627030849e-03
1.590003143064677715e-03
1.590640866197645664e-03
1.589309424161911011e-03
1.599706476554274559e-03
1.613009255379438400e-03
1.592420740053057671e-03
1.589038292877376080e-03
1.588883693329989910e-03
1.592129585333168507e-03
1.588835846632719040e-03
1.591914915479719639e-03
1.589268213137984276e-03
1.605868339538574219e-03
1.594610977917909622e-03
1.591531094163656235e-03
1.601104275323450565e-03
1.597394817508757114e-03
1.591413863934576511e-03
1.588482293300330639e-03
1.640712493099272251e-03
1.588516402989625931e-03
1.589554827660322189e-03
1.588840037584304810e-03
1.613313681446015835e-03
1.598807633854448795e-03
1.589274150319397449e-03
1.611812971532344818e-03
1.595621113665401936e-03
1.594805042259395123e-03
1.591521897353231907e-03
1.596762682311236858e-03
1.589777180925011635e-03
1.589935505762696266e-03
1.588805112987756729e-03
1.649814192205667496e-03
1.590199419297277927e-03
1.588342362083494663e-03
1.590196043252944946e-03
1.604870893061161041e-03
1.590739004313945770e-03
1.596190035343170166e-03
1.596459536813199520e-03
1.587058417499065399e-03
1.638827146962285042e-03
1.587433624081313610e-03
1.587691600434482098e-03
1.587051199749112129e-03
1.587622798979282379e-03
1.645512296818196774e-03
1.595649286173284054e-03
1.587254460901021957e-03
1.587272039614617825e-03
1.589743769727647305e-03
1.595210051164031029e-03
1.587554346770048141e-03
1.595230773091316223e-03
1.586559577845036983e-03
1.586600788868963718e-03
1.591292093507945538e-03
1.589613617397844791e-03
1.588926883414387703e-03
1.588343409821391106e-03
1.603071577847003937e-03
1.588446553796529770e-03
1.597339985892176628e-03
1.593883149325847626e-03
1.585859688930213451e-03
1.587927225045859814e-03
1.587095670402050018e-03
1.598474918864667416e-03
1.593914581462740898e-03
1.585995429195463657e-03
1.587566919624805450e-03
1.607941812835633755e-03
1.592591986991465092e-03
1.584972953423857689e-03
1.585275284014642239e-03
1.584670273587107658e-03
1.597494119778275490e-03
1.584607991389930248e-03
1.584302983246743679e-03
1.584266428835690022e-03
1.584208686836063862e-03
1.584287500008940697e-03
1.599088893271982670e-03
1.588428043760359287e-03
1.584993326105177402e-03
1.583449426107108593e-03
1.583217061124742031e-03
1.583947567269206047e-03
1.637074281461536884e-03
1.589827355928719044e-03
1.582894823513925076e-03
1.582947676070034504e-03
1.589323626831173897e-03
1.596388989128172398e-03
1.582542317919433117e-03
1.582738594152033329e-03
1.591577660292387009e-03
1.582874450832605362e-03
1.613698783330619335e-03
1.583116827532649040e-03
1.582473283633589745e-03
1.598618924617767334e-03
1.586272032000124454e-03
1.586619531735777855e-03
1.594679080881178379e-03
1.584723824635148048e-03
1.584292040206491947e-03
1.585195539519190788e-03
1.590655883774161339e-03
1.582301454618573189e-03
1.581847085617482662e-03
1.583068282343447208e-03
1.600626390427350998e-03
1.585111371241509914e-03
1.582978060469031334e-03
1.597731374204158783e-03
1.584185985848307610e-03
1.586642349138855934e-03
1.590255880728363991e-03
1.583222532644867897e-03
1.586181693710386753e-03
1.581011689268052578e-03
1.616332796402275562e-03
1.585312187671661377e-03
1.581460703164339066e-03
1.587901264429092407e-03
1.582492026500403881e-03
1.592978020198643208e-03
1.580009236931800842e-03
1.595431938767433167e-03
1.581037882715463638e-03
1.593973836861550808e-03
1.589003484696149826e-03
1.580282929353415966e-03
1.596836140379309654e-03
1.588028506375849247e-03
1.583374338224530220e-03
1.583928242325782776e-03
1.579392584972083569e-03
1.703536137938499451e-03
1.582259661518037319e-03
1.579700969159603119e-03
1.579181291162967682e-03
1.579449977725744247e-03
1.579025760293006897e-03
1.589556690305471420e-03
1.592737040482461452e-03
1.579877454787492752e-03
1.580121810548007488e-03
1.590679050423204899e-03
1.583708450198173523e-03
1.580582582391798496e-03
1.587136648595333099e-03
1.580527983605861664e-03
1.581181888468563557e-03
1.584998448379337788e-03
1.583079807460308075e-03
1.579583273269236088e-03
1.623490825295448303e-03
1.580208423547446728e-03
1.578950788825750351e-03
1.583110890351235867e-03
1.579749514348804951e-03
1.579420175403356552e-03
1.581295742653310299e-03
1.595090026967227459e-03
1.582899363711476326e-03
1.578567549586296082e-03
1.598200178705155849e-03
1.585595076903700829e-03
1.580980606377124786e-03
1.603683573193848133e-03
1.590201864019036293e-03
1.580800046212971210e-03
1.587981358170509338e-03
1.585331861861050129e-03
1.577968127094209194e-03
1.636855304241180420e-03
1.582607044838368893e-03
1.578175229951739311e-03
1.580413198098540306e-03
1.585266436450183392e-03
1.583612989634275436e-03
1.577554270625114441e-03
1.578469760715961456e-03
1.580571988597512245e-03
1.593827502802014351e-03
1.584152807481586933e-03
1.578085939399898052e-03
1.597211346961557865e-03
1.585176563821732998e-03
1.576744369231164455e-03
1.613738248124718666e-03
1.579952077008783817e-03
1.580146024934947491e-03
1.577664981596171856e-03
1.587354461662471294e-03
1.576393493451178074e-03
1.612944761291146278e-03
1.577300252392888069e-03
1.579106319695711136e-03
1.576143084093928337e-03
1.578302006237208843e-03
1.594165922142565250e-03
1.583915087394416332e-03
1.577531569637358189e-03
1.595301204361021519e-03
1.583204371854662895e-03
1.576307229697704315e-03
1.606056932359933853e-03
1.586287631653249264e-03
1.583505538292229176e-03
1.576209091581404209e-03
1.580703305080533028e-03
1.602426287718117237e-03
1.579765230417251587e-03
1.575886853970587254e-03
1.577389077283442020e-03
1.592859392985701561e-03
1.576905022375285625e-03
1.589127350598573685e-03
1.585140707902610302e-03
1.575078582391142845e-03
1.618404290638864040e-03
1.575570786371827126e-03
1.578018884174525738e-03
1.576385577209293842e-03
1.585590303875505924e-03
1.575292320922017097e-03
1.604861463420093060e-03
1.586717437021434307e-03
1.582387369126081467e-03
1.574878697283565998e-03
1.626353594474494457e-03
1.574586844071745872e-03
1.574509544298052788e-03
1.589109422639012337e-03
1.574609894305467606e-03
1.598232542164623737e-03
1.579040545038878918e-03
1.575542613863945007e-03
1.597371301613748074e-03
1.574448775500059128e-03
1.579231582581996918e-03
1.576006412506103516e-03
1.574984984472393990e-03
1.575946691446006298e-03
1.574033289216458797e-03
1.605913159437477589e-03
1.580934855155646801e-03
1.584879355505108833e-03
1.573708723299205303e-03
1.602331176400184631e-03
1.582841505296528339e-03
1.579201896674931049e-03
1.574266003444790840e-03
1.589749124832451344e-03
1.576656475663185120e-03
1.576321548782289028e-03
1.582805416546761990e-03
1.574820489622652531e-03
1.576923183165490627e-03
1.573246205225586891e-03
1.578581985086202621e-03
1.576535752974450588e-03
1.577262300997972488e-03
1.574550871737301350e-03
1.575000700540840626e-03
1.573124318383634090e-03
1.633767271414399147e-03
1.591086504049599171e-03
1.574122929014265537e-03
1.572817796841263771e-03
1.573386020027101040e-03
1.574686379171907902e-03
1.584697631187736988e-03
1.574499299749732018e-03
1.577257877215743065e-03
1.596246147528290749e-03
1.574842026457190514e-03
1.575139816850423813e-03
1.573367975652217865e-03
1.572411856614053249e-03
1.595408422872424126e-03
1.598302274942398071e-03
1.576762530021369457e-03
1.573225948959589005e-03
1.572223380208015442e-03
1.572097768075764179e-03
1.572168082930147648e-03
1.572027336806058884e-03
1.573594869114458561e-03
1.593934372067451477e-03
1.590190338902175426e-03
1.573535962961614132e-03
1.571807079017162323e-03
1.571891712956130505e-03
1.571750734001398087e-03
1.572338398545980453e-03
1.582924276590347290e-03
1.572164474055171013e-03
1.573960529640316963e-03
1.572218257933855057e-03
1.571935834363102913e-03
1.618624781258404255e-03
1.571696833707392216e-03
1.572627457790076733e-03
1.571952248923480511e-03
1.610998646356165409e-03
1.577907474711537361e-03
1.572097535245120525e-03
1.571858068928122520e-03
1.612087595276534557e-03
1.571782748214900494e-03
1.575688482262194157e-03
1.584159093908965588e-03
1.571011147461831570e-03
1.586040016263723373e-03
1.579064759425818920e-03
1.578036812134087086e-03
1.580516807734966278e-03
1.573964487761259079e-03
1.570741180330514908e-03
1.572649693116545677e-03
1.572261331602931023e-03
1.586604514159262180e-03
1.580713782459497452e-03
1.572821056470274925e-03
1.581337302923202515e-03
1.570952241308987141e-03
1.603344338946044445e-03
1.572688808664679527e-03
1.574102556332945824e-03
1.570765860378742218e-03
1.584445359185338020e-03
1.570163061842322350e-03
1.602533506229519844e-03
1.577461371198296547e-03
1.571176922880113125e-03
1.600924646481871605e-03
1.574557973071932793e-03
1.581951859407126904e-03
1.569877611473202705e-03
1.597462571226060390e-03
1.580632990226149559e-03
1.569997752085328102e-03
1.619842834770679474e-03
1.571718603372573853e-03
1.574339810758829117e-03
1.577697112224996090e-03
1.573560060933232307e-03
1.579361152835190296e-03
1.573710120283067226e-03
1.570951193571090698e-03
1.574454479850828648e-03
1.569710671901702881e-03
1.642112736590206623e-03
1.575620379298925400e-03
1.569748739711940289e-03
1.570246880874037743e-03
1.569232088513672352e-03
1.569492858834564686e-03
1.619458314962685108e-03
1.593295484781265259e-03
1.570891588926315308e-03
1.571147469803690910e-03
1.569125568494200706e-03
1.568864565342664719e-03
1.568907988257706165e-03
1.569007290527224541e-03
1.594409346580505371e-03
1.574652502313256264e-03
1.569904736243188381e-03
1.568606705404818058e-03
1.573744229972362518e-03
1.578458119183778763e-03
1.571779372170567513e-03
1.594944391399621964e-03
1.581119140610098839e-03
1.570888329297304153e-03
1.587431645020842552e-03
1.571202068589627743e-03
1.570611493661999702e-03
1.583779114298522472e-03
1.571992994286119938e-03
1.569143263623118401e-03
1.574994879774749279e-03
1.578976982273161411e-03
1.571770058944821358e-03
1.592815387994050980e-03
1.576233305968344212e-03
1.568388892337679863e-03
1.599714625626802444e-03
1.579551259055733681e-03
1.570052700117230415e-03
1.583143603056669235e-03
1.568466192111372948e-03
1.609930535778403282e-03
1.571588800288736820e-03
1.570056076161563396e-03
1.567862695083022118e-03
1.567976316437125206e-03
1.569451764225959778e-03
1.569395535625517368e-03
1.568020787090063095e-03
1.567643368616700172e-03
1.567541272379457951e-03
1.567345461808145046e-03
1.567354309372603893e-03
1.567615312524139881e-03
1.655626692809164524e-03
1.590460422448813915e-03
1.570160500705242157e-03
1.568324165418744087e-03
1.567616942338645458e-03
1.567638362757861614e-03
1.575415721163153648e-03
1.572608365677297115e-03
1.572546316310763359e-03
1.571934903040528297e-03
1.569127081893384457e-03
1.571295317262411118e-03
1.567730796523392200e-03
1.591379172168672085e-03
1.579083735123276711e-03
1.568865031003952026e-03
1.586869708262383938e-03
1.570678316056728363e-03
1.573628163896501064e-03
1.567183528095483780e-03
1.580891432240605354e-03
1.575164846144616604e-03
1.570312888361513615e-03
1.572433626279234886e-03
1.570040476508438587e-03
1.568300416693091393e-03
1.568468404002487659e-03
1.573586137965321541e-03
1.567429048009216785e-03
1.578654046170413494e-03
1.566535676829516888e-03
1.586479134857654572e-03
1.571227796375751495e-03
1.566285383887588978e-03
1.587939797900617123e-03
1.574288588017225266e-03
1.566238817758858204e-03
1.598542206920683384e-03
1.575495349243283272e-03
1.566401682794094086e-03
1.594859990291297436e-03
1.568024395965039730e-03
1.574876252561807632e-03
1.566771068610250950e-03
1.566864433698356152e-03
1.566512626595795155e-03
1.566354651004076004e-03
1.566083054058253765e-03
1.565662096254527569e-03
1.568297157064080238e-03
1.570695312693715096e-03
1.565620652399957180e-03
1.565427402965724468e-03
1.569489948451519012e-03
1.578856492415070534e-03
1.565499347634613514e-03
1.600070390850305557e-03
1.575507107190787792e-03
1.569556887261569500e-03
1.568284817039966583e-03
1.569746760651469231e-03
1.581091666594147682e-03
1.565140439197421074e-03
1.569922431372106075e-03
1.588792772963643074e-03
1.570837688632309437e-03
1.566785620525479317e-03
1.567933941259980202e-03
1.571733038872480392e-03
1.578256138600409031e-03
1.565315178595483303e-03
1.580755342729389668e-03
1.585666788741946220e-03
1.565050333738327026e-03
1.567261409945785999e-03
1.578404568135738373e-03
1.565252314321696758e-03
1.600120100192725658e-03
1.575678354129195213e-03
1.567672356031835079e-03
1.575873349793255329e-03
1.570222433656454086e-03
1.566117047332227230e-03
1.573467743583023548e-03
1.567930332385003567e-03
1.565003884024918079e-03
1.564338454045355320e-03
1.576867187395691872e-03
1.565239275805652142e-03
1.586046186275780201e-03
1.567001338116824627e-03
1.571827335283160210e-03
1.566827530041337013e-03
1.583764911629259586e-03
1.569519052281975746e-03
1.564216916449368000e-03
1.585339661687612534e-03
1.577345072291791439e-03
1.566669670864939690e-03
1.576623646542429924e-03
1.567283179610967636e-03
1.583854784257709980e-03
1.573663321323692799e-03
1.563829486258327961e-03
1.588121172972023487e-03
1.574412453919649124e-03
1.563913887366652489e-03
1.564071979373693466e-03
1.654373481869697571e-03
1.576527021825313568e-03
1.563619473017752171e-03
1.564460108056664467e-03
1.573851448483765125e-03
1.566731603816151619e-03
1.578112482093274593e-03
1.574293826706707478e-03
1.563318772241473198e-03
1.582569559104740620e-03
1.573242014274001122e-03
1.563426339998841286e-03
1.592883840203285217e-03
1.574677298776805401e-03
1.563508994877338409e-03
1.597540220245718956e-03
1.576407579705119133e-03
1.571844448335468769e-03
1.564778503961861134e-03
1.592469168826937675e-03
1.574399531818926334e-03
1.563487341627478600e-03
1.595168025232851505e-03
1.571557717397809029e-03
1.568900886923074722e-03
1.563766389153897762e-03
1.588162500411272049e-03
1.569932210259139538e-03
1.563185825943946838e-03
1.569267013110220432e-03
1.577087910845875740e-03
1.564417267218232155e-03
1.567211351357400417e-03
1.565704122185707092e-03
1.582998200319707394e-03
1.564213773235678673e-03
1.565955462865531445e-03
1.579524134285748005e-03
1.562351244501769543e-03
1.609089667908847332e-03
1.566480612382292747e-03
1.562851481139659882e-03
1.563149271532893181e-03
1.603199169039726257e-03
1.567585510201752186e-03
1.562771969474852085e-03
1.575901871547102928e-03
1.587539445608854294e-03
1.562379184179008007e-03
1.562231802381575108e-03
1.562042161822319031e-03
1.568428007885813713e-03
1.588641898706555367e-03
1.565597834996879101e-03
1.564418547786772251e-03
1.566313090734183788e-03
1.568646519444882870e-03
1.575825619511306286e-03
1.562025630846619606e-03
1.571624539792537689e-03
1.584639307111501694e-03
1.561775919981300831e-03
1.564983511343598366e-03
1.570920692756772041e-03
1.566139515489339828e-03
1.580585842020809650e-03
1.565394224599003792e-03
1.562368124723434448e-03
1.577685703523457050e-03
1.561509910970926285e-03
1.598065602593123913e-03
1.566462335176765919e-03
1.562650431878864765e-03
1.586041995324194431e-03
1.574326422996819019e-03
1.562313409522175789e-03
1.582746859639883041e-03
1.573112211190164089e-03
1.561721670441329479e-03
1.588344573974609375e-03
1.566361170262098312e-03
1.571793807670474052e-03
1.563212019391357899e-03
1.590544008649885654e-03
1.571188215166330338e-03
1.561286742798984051e-03
1.596493530087172985e-03
1.573233399540185928e-03
1.563162775710225105e-03
1.584955141879618168e-03
1.563755562528967857e-03
1.563372439704835415e-03
1.581539283506572247e-03
1.562674646265804768e-03
1.563942758366465569e-03
1.578382682055234909e-03
1.564722624607384205e-03
1.561073353514075279e-03
1.560884295031428337e-03
1.658088294789195061e-03
1.576730632223188877e-03
1.562256948091089725e-03
1.561717363074421883e-03
1.562071964144706726e-03
1.575845526531338692e-03
1.560284523293375969e-03
1.596977701410651207e-03
1.567120547406375408e-03
1.560449600219726562e-03
1.565281767398118973e-03
1.570918946526944637e-03
1.562387566082179546e-03
1.581427757628262043e-03
1.570153632201254368e-03
1.561730867251753807e-03
1.579511794261634350e-03
1.560927368700504303e-03
1.565957791171967983e-03
1.570224878378212452e-03
1.561135868541896343e-03
1.560919336043298244e-03
1.561858691275119781e-03
1.560378819704055786e-03
1.563764177262783051e-03
1.561602344736456871e-03
1.572091830894351006e-03
1.565797370858490467e-03
1.561934011988341808e-03
1.581197488121688366e-03
1.561439014039933681e-03
1.564851962029933929e-03
1.577269984409213066e-03
1.559620257467031479e-03
1.575753442011773586e-03
1.573038403876125813e-03
1.559664146043360233e-03
1.597498427145183086e-03
1.570221967995166779e-03
1.569787156768143177e-03
1.561200479045510292e-03
1.572940615005791187e-03
1.574583351612091064e-03
1.559306634590029716e-03
1.602697186172008514e-03
1.566771999932825565e-03
1.568135223351418972e-03
1.561961718834936619e-03
1.569096930325031281e-03
1.573735615238547325e-03
1.559481956064701080e-03
1.597963157109916210e-03
1.566749415360391140e-03
1.569746877066791058e-03
1.560024335049092770e-03
1.581286429427564144e-03
1.569769112393260002e-03
1.558813848532736301e-03
1.599486102350056171e-03
1.560406642965972424e-03
1.566124963574111462e-03
1.565781421959400177e-03
1.559379394166171551e-03
1.576969865709543228e-03
1.558609772473573685e-03
1.599907292984426022e-03
1.560147735290229321e-03
1.563129248097538948e-03
1.570049789734184742e-03
1.558826654218137264e-03
1.586763537488877773e-03
1.570634311065077782e-03
1.560197328217327595e-03
1.564045785926282406e-03
1.566115766763687134e-03
1.559971366077661514e-03
1.558220596052706242e-03
1.580235431902110577e-03
1.558987656608223915e-03
1.565229147672653198e-03
1.574031426571309566e-03
1.558297779411077499e-03
1.593759283423423767e-03
1.564193167723715305e-03
1.568342559039592743e-03
1.558205229230225086e-03
1.577320625074207783e-03
1.571611501276493073e-03
1.566253020428121090e-03
1.559721771627664566e-03
1.566598308272659779e-03
1.574599766172468662e-03
1.557836309075355530e-03
1.580041251145303249e-03
1.569274812936782837e-03
1.558310468681156635e-03
1.590374391525983810e-03
1.569760031998157501e-03
1.557999174110591412e-03
1.571320695802569389e-03
1.572072040289640427e-03
1.557710696943104267e-03
1.592528889887034893e-03
1.568353269249200821e-03
1.557451207190752029e-03
1.591223059222102165e-03
1.568655716255307198e-03
1.559383119456470013e-03
1.566314022056758404e-03
1.572161912918090820e-03
1.558422460220754147e-03
1.580327050760388374e-03
1.567640807479619980e-03
1.558646210469305515e-03
1.567988772876560688e-03
1.565092592500150204e-03
1.560741569846868515e-03
1.560200704261660576e-03
1.564139849506318569e-03
1.563718426041305065e-03
1.557565410621464252e-03
1.567221595905721188e-03
1.560055883601307869e-03
1.560505246743559837e-03
1.560334698297083378e-03
1.560345175676047802e-03
1.557265059091150761e-03
1.557290204800665379e-03
1.559587195515632629e-03
1.557999989017844200e-03
1.557664014399051666e-03
1.561996527016162872e-03
1.571873202919960022e-03
1.557046896778047085e-03
1.593702123500406742e-03
1.567217055708169937e-03
1.563223195262253284e-03
1.558903139084577560e-03
1.579537871293723583e-03
1.562271034345030785e-03
1.557924668304622173e-03
1.584704965353012085e-03
1.565976534038782120e-03
1.557804993353784084e-03
1.587426871992647648e-03
1.565905171446502209e-03
1.557163661345839500e-03
1.585938967764377594e-03
1.567206811159849167e-03
1.557790907099843025e-03
1.580760930664837360e-03
1.567762228660285473e-03
1.557894516736268997e-03
1.580641488544642925e-03
1.567950821481645107e-03
1.556490431539714336e-03
1.590316882357001305e-03
1.560954260639846325e-03
1.556500559672713280e-03
1.570926397107541561e-03
1.559079042635858059e-03
1.564522157423198223e-03
1.555716269649565220e-03
1.565619953908026218e-03
1.560437027364969254e-03
1.557528041303157806e-03
1.562797930091619492e-03
1.562116201967000961e-03
1.556020462885499001e-03
1.560605247505009174e-03
1.561675453558564186e-03
1.555442344397306442e-03
1.556469476781785488e-03
1.564264413900673389e-03
1.556873903609812260e-03
1.555350725539028645e-03
1.571761327795684338e-03
1.556329429149627686e-03
1.571740722283720970e-03
1.560083008371293545e-03
1.561447279527783394e-03
1.555441529490053654e-03
1.562009914778172970e-03
1.563847414217889309e-03
1.555263646878302097e-03
1.564126112498342991e-03
1.558399409987032413e-03
1.558348769322037697e-03
1.559257274493575096e-03
1.566393650136888027e-03
1.554917893372476101e-03
1.563918427564203739e-03
1.560187083669006824e-03
1.556027913466095924e-03
1.562918885610997677e-03
1.562455901876091957e-03
1.556559349410235882e-03
1.572526292875409126e-03
1.554801478050649166e-03
1.598485279828310013e-03
1.563573954626917839e-03
1.561093609780073166e-03
1.561496639624238014e-03
1.558345393277704716e-03
1.559970085509121418e-03
1.555193914100527763e-03
1.559373573400080204e-03
1.555619761347770691e-03
1.576994778588414192e-03
1.556372386403381824e-03
1.562070799991488457e-03
1.569547574035823345e-03
1.555235125124454498e-03
1.588373095728456974e-03
1.564540900290012360e-03
1.555634895339608192e-03
1.578188850544393063e-03
1.566108781844377518e-03
1.556535484269261360e-03
1.576915266923606396e-03
1.564453705213963985e-03
1.556806848384439945e-03
1.580366631969809532e-03
1.560876145958900452e-03
1.557032577693462372e-03
1.575970556586980820e-03
1.557254581712186337e-03
1.557998242788016796e-03
1.573317334987223148e-03
1.554997637867927551e-03
1.562303164973855019e-03
1.559047261252999306e-03
1.555263996124267578e-03
1.557828160002827644e-03
1.558776595629751682e-03
1.553939422592520714e-03
1.555070863105356693e-03
1.564379315823316574e-03
1.554920803755521774e-03
1.555451890453696251e-03
1.575832488015294075e-03
1.554500660859048367e-03
1.564790145494043827e-03
1.554471207782626152e-03
1.564048114232718945e-03
1.554718124680221081e-03
1.566992606967687607e-03
1.553513924591243267e-03
1.572254346683621407e-03
1.562735298648476601e-03
1.554638496600091457e-03
1.560885808430612087e-03
1.565514365211129189e-03
1.553317182697355747e-03
1.568900421261787415e-03
1.555137801915407181e-03
1.566520892083644867e-03
1.560839242301881313e-03
1.561915734782814980e-03
1.554399263113737106e-03
1.564191072247922421e-03
1.556169125251471996e-03
1.553397276438772678e-03
1.578711322508752346e-03
1.555846887640655041e-03
1.558663090690970421e-03
1.562966499477624893e-03
1.553243957459926605e-03
1.557400333695113659e-03
1.569294254295527935e-03
1.552958856336772442e-03
1.579952426254749298e-03
1.565626240335404873e-03
1.557710580527782440e-03
1.557651441544294357e-03
1.570961554534733295e-03
1.553133595734834671e-03
1.593217370100319386e-03
1.561971381306648254e-03
1.554247108288109303e-03
1.562384190037846565e-03
1.566552091389894485e-03
1.555014052428305149e-03
1.573292189277708530e-03
1.559774507768452168e-03
1.553891110233962536e-03
1.567611587233841419e-03
1.556739443913102150e-03
1.553482725284993649e-03
1.577539369463920593e-03
1.555064343847334385e-03
1.557834446430206299e-03
1.557461917400360107e-03
1.552446512505412102e-03
1.554218120872974396e-03
1.571381115354597569e-03
1.552338129840791225e-03
1.579502830281853676e-03
1.559065422043204308e-03
1.555131049826741219e-03
1.576063456013798714e-03
1.553719397634267807e-03
1.560327131301164627e-03
1.558212679810822010e-03
1.552218804135918617e-03
1.557008014060556889e-03
1.567566068843007088e-03
1.552653266116976738e-03
1.585927326232194901e-03
1.562129124067723751e-03
1.554614165797829628e-03
1.566519844345748425e-03
1.553063862957060337e-03
1.558525022119283676e-03
1.555353985168039799e-03
1.564795733429491520e-03
1.551935099996626377e-03
1.579198520630598068e-03
1.555238384753465652e-03
1.556103816255927086e-03
1.570062013342976570e-03
1.552065834403038025e-03
1.562947290949523449e-03
1.557929790578782558e-03
1.552191446535289288e-03
1.561332377605140209e-03
1.560095930472016335e-03
1.553551410324871540e-03
1.561164972372353077e-03
1.553121954202651978e-03
1.552512752823531628e-03
1.574401394464075565e-03
1.551511697471141815e-03
1.587574370205402374e-03
1.561165088787674904e-03
1.556194503791630268e-03
1.556457486003637314e-03
1.558685558848083019e-03
1.551587716676294804e-03
1.555576920509338379e-03
1.568468869663774967e-03
1.551689580082893372e-03
1.585343503393232822e-03
1.560668111778795719e-03
1.555205904878675938e-03
1.562379999086260796e-03
1.554167829453945160e-03
1.552453148178756237e-03
1.554050366394221783e-03
1.567147206515073776e-03
1.551131368614733219e-03
1.575601869262754917e-03
1.555687631480395794e-03
1.553668756969273090e-03
1.569446292705833912e-03
1.552852336317300797e-03
1.556471572257578373e-03
1.568226027302443981e-03
1.550978515297174454e-03
1.585992635227739811e-03
1.560942386277019978e-03
1.553681329824030399e-03
1.560742384754121304e-03
1.553519978187978268e-03
1.551397494040429592e-03
1.551882829517126083e-03
1.569607877172529697e-03
1.550869666971266270e-03
1.582950353622436523e-03
1.560995471663773060e-03
1.554051646962761879e-03
1.562739140354096889e-03
1.551564782857894897e-03
1.558385090902447701e-03
1.552200876176357269e-03
1.566598191857337952e-03
1.550714951008558273e-03
1.584126031957566738e-03
1.560010714456439018e-03
1.553412061184644699e-03
1.564188860356807709e-03
1.553224865347146988e-03
1.552358269691467285e-03
1.556428964249789715e-03
1.562980585731565952e-03
1.550644985400140285e-03
1.576044596731662750e-03
1.558197662234306335e-03
1.552232308313250542e-03
1.565630896948277950e-03
1.550520770251750946e-03
1.571655389852821827e-03
1.551161985844373703e-03
1.565108308568596840e-03
1.550807501189410686e-03
1.580529846251010895e-03
1.559747033752501011e-03
1.552511705085635185e-03
1.574184978380799294e-03
1.555720111355185509e-03
1.552906935103237629e-03
1.567780156619846821e-03
1.551983412355184555e-03
1.554517890326678753e-03
1.568726496770977974e-03
1.549987122416496277e-03
1.583013916388154030e-03
1.559374621137976646e-03
1.552685047499835491e-03
1.566028338856995106e-03
1.552760601043701172e-03
1.552507979795336723e-03
1.560606295242905617e-03
1.556501374579966068e-03
1.551900990307331085e-03
1.568479929119348526e-03
1.550086191855370998e-03
1.579144271090626717e-03
1.559990691021084785e-03
1.553365262225270271e-03
1.563678728416562080e-03
1.550858141854405403e-03
1.556347822770476341e-03
1.552254543639719486e-03
1.565321465022861958e-03
1.549655105918645859e-03
1.578402938321232796e-03
1.559574855491518974e-03
1.550884218886494637e-03
1.566272461786866188e-03
1.551566412672400475e-03
1.553137088194489479e-03
1.557402894832193851e-03
1.559210708364844322e-03
1.550369197502732277e-03
1.568721025250852108e-03
1.553611829876899719e-03
1.551309600472450256e-03
1.571660628542304039e-03
1.549580832943320274e-03
1.574763096868991852e-03
1.559398719109594822e-03
1.554614398628473282e-03
1.553364098072052002e-03
1.558815478347241879e-03
1.549821929074823856e-03
1.551982597447931767e-03
1.569214742630720139e-03
1.549257198348641396e-03
1.583114732056856155e-03
1.559405471198260784e-03
1.552773988805711269e-03
1.556806149892508984e-03
1.553179463371634483e-03
1.549355336464941502e-03
1.552068511955440044e-03
1.567245693877339363e-03
1.549108419567346573e-03
1.581932301633059978e-03
1.558726653456687927e-03
1.552070491015911102e-03
1.563185127452015877e-03
1.552409841679036617e-03
1.550453482195734978e-03
1.554756308905780315e-03
1.562184421345591545e-03
1.549153355881571770e-03
1.578205963596701622e-03
1.555819879285991192e-03
1.551304827444255352e-03
1.567088300362229347e-03
1.550052547827363014e-03
1.557435374706983566e-03
1.556971692480146885e-03
1.557762268930673599e-03
1.549661974422633648e-03
1.567147206515073776e-03
1.553480746224522591e-03
1.549946609884500504e-03
1.567679108120501041e-03
1.549238688312470913e-03
1.562397577799856663e-03
1.553864101879298687e-03
1.561276614665985107e-03
1.548763364553451538e-03
1.579258823767304420e-03
1.557253417558968067e-03
1.550842425785958767e-03
1.562526449561119080e-03
1.552853966131806374e-03
1.549168489873409271e-03
1.556653412990272045e-03
1.560183474794030190e-03
1.548916683532297611e-03
1.575019909068942070e-03
1.554172602482140064e-03
1.551255583763122559e-03
1.565080252476036549e-03
1.550776301883161068e-03
1.552840578369796276e-03
1.556378556415438652e-03
1.558032119646668434e-03
1.548874308355152607e-03
1.563908881507813931e-03
1.552746398374438286e-03
1.549132633954286575e-03
1.568210893310606480e-03
1.548827625811100006e-03
1.560057862661778927e-03
1.554627902805805206e-03
1.560038770548999310e-03
1.548754284158349037e-03
1.578158116899430752e-03
1.554613700136542320e-03
1.551446272060275078e-03
1.565009588375687599e-03
1.550180953927338123e-03
1.552530215121805668e-03
1.555303111672401428e-03
1.559411990456283092e-03
1.548350439406931400e-03
1.576367532834410667e-03
1.556542003527283669e-03
1.549981883727014065e-03
1.560565200634300709e-03
1.551519497297704220e-03
1.548372092656791210e-03
1.552803209051489830e-03
1.563028199598193169e-03
1.547946943901479244e-03
1.581462100148200989e-03
1.557134324684739113e-03
1.551029272377490997e-03
1.558562507852911949e-03
1.554940594360232353e-03
1.547622261568903923e-03
1.553577603772282600e-03
1.563495257869362831e-03
1.547719934023916721e-03
1.581743126735091209e-03
1.557322451844811440e-03
1.550380256958305836e-03
1.557825948111712933e-03
1.552767702378332615e-03
1.547487569041550159e-03
1.550478278659284115e-03
1.566480845212936401e-03
1.547512831166386604e-03
1.577429822646081448e-03
1.558583229780197144e-03
1.549706561490893364e-03
1.561167533509433270e-03
1.547441584989428520e-03
1.572006964124739170e-03
1.547318999655544758e-03
1.552739297039806843e-03
1.559883239679038525e-03
1.549056731164455414e-03
1.571477623656392097e-03
1.552946516312658787e-03
1.549000036902725697e-03
1.570146996527910233e-03
1.548756379634141922e-03
1.553056878037750721e-03
1.563011319376528263e-03
1.547102350741624832e-03
1.567163388244807720e-03
1.548223430290818214e-03
1.554112648591399193e-03
1.555960508994758129e-03
1.557317329570651054e-03
1.547866966575384140e-03
1.575334463268518448e-03
1.551566296257078648e-03
1.550073619000613689e-03
1.568958978168666363e-03
1.547265448607504368e-03
1.564893289469182491e-03
1.558400224894285202e-03
1.552419271320104599e-03
1.551367691718041897e-03
1.565094105899333954e-03
1.547785359434783459e-03
1.554010901600122452e-03
1.561390934512019157e-03
1.546804560348391533e-03
1.579248579218983650e-03
1.556329894810914993e-03
1.549092121422290802e-03
1.558106043376028538e-03
1.556411618366837502e-03
1.546664978377521038e-03
1.557871815748512745e-03
1.556067611090838909e-03
1.547226333059370518e-03
1.571076689288020134e-03
1.551629160530865192e-03
1.548867090605199337e-03
1.566618913784623146e-03
1.548821455799043179e-03
1.549627981148660183e-03
1.558875665068626404e-03
1.553292036987841129e-03
1.548648346215486526e-03
1.567609026096761227e-03
1.548589440062642097e-03
1.550910295918583870e-03
1.565268612466752529e-03
1.546812942251563072e-03
1.566164777614176273e-03
1.559733180329203606e-03
1.549176755361258984e-03
1.556620816700160503e-03
1.556213130243122578e-03
1.546410843729972839e-03
1.553462119773030281e-03
1.560621196404099464e-03
1.546460087411105633e-03
1.577096991240978241e-03
1.554443500936031342e-03
1.548551721498370171e-03
1.564305508509278297e-03
1.550330431200563908e-03
1.547062885947525501e-03
1.561234821565449238e-03
1.550726708956062794e-03
1.550179789774119854e-03
1.556309289298951626e-03
1.546898274682462215e-03
1.548608765006065369e-03
1.565694110468029976e-03
1.547439140267670155e-03
1.553756999783217907e-03
1.560989418067038059e-03
1.549814129248261452e-03
1.552920439280569553e-03
1.560066710226237774e-03
1.546293264254927635e-03
1.552668749354779720e-03
1.561623299494385719e-03
1.545940409414470196e-03
1.577339367941021919e-03
1.555243390612304211e-03
1.548283966258168221e-03
1.560841337777674198e-03
1.552031142637133598e-03
1.545809325762093067e-03
1.555870985612273216e-03
1.555287744849920273e-03
1.546974526718258858e-03
1.573658315464854240e-03
1.549897948279976845e-03
1.548892701976001263e-03
1.567210303619503975e-03
1.546343904919922352e-03
1.557797077111899853e-03
1.558385905809700489e-03
1.549509819597005844e-03
1.554546761326491833e-03
1.556336879730224609e-03
1.545983948744833469e-03
1.549866981804370880e-03
1.564200036227703094e-03
1.545781851746141911e-03
1.569904969073832035e-03
1.556975999847054482e-03
1.549324369989335537e-03
1.555687515065073967e-03
1.555663882754743099e-03
1.545547624118626118e-03
1.552030909806489944e-03
1.560165197588503361e-03
1.545509672723710537e-03
1.578027848154306412e-03
1.553511829115450382e-03
1.548984437249600887e-03
1.559017575345933437e-03
1.553055015392601490e-03
1.545340288430452347e-03
1.561461016535758972e-03
1.548054628074169159e-03
1.551757566630840302e-03
1.562090474180877209e-03
1.545681850984692574e-03
1.566805876791477203e-03
1.555352588184177876e-03
1.546355662867426872e-03
1.571694388985633850e-03
1.548378844745457172e-03
1.548622618429362774e-03
1.565039157867431641e-03
1.546653686091303825e-03
1.550383865833282471e-03
1.563738449476659298e-03
1.544961472973227501e-03
1.583752222359180450e-03
1.555701368488371372e-03
1.549394452013075352e-03
1.547151012346148491e-03
1.569369225762784481e-03
1.547860447317361832e-03
1.548336702398955822e-03
1.567644882015883923e-03
1.544876955449581146e-03
1.570791238918900490e-03
1.555944443680346012e-03
1.551057910546660423e-03
1.547128660604357719e-03
1.569708460010588169e-03
1.547242864035069942e-03
1.548922853544354439e-03
1.565634622238576412e-03
1.544696511700749397e-03
1.582558616064488888e-03
1.554163289256393909e-03
1.552620087750256062e-03
1.545663457363843918e-03
1.572424429468810558e-03
1.548502827063202858e-03
1.547667663544416428e-03
1.567778526805341244e-03
1.544894417747855186e-03
1.557829673402011395e-03
1.559735974296927452e-03
1.545327482745051384e-03
1.561142504215240479e-03
1.553258392959833145e-03
1.544458325952291489e-03
1.561542856507003307e-03
1.550465356558561325e-03
1.544993603602051735e-03
1.566648599691689014e-03
1.545875216834247112e-03
1.548632746562361717e-03
1.558330259285867214e-03
1.552525442093610764e-03
1.545407925732433796e-03
1.573599642142653465e-03
1.550499815493822098e-03
1.546171144582331181e-03
1.564066624268889427e-03
1.547597581520676613e-03
1.545246341265738010e-03
1.553647569380700588e-03
1.557676703669130802e-03
1.545034232549369335e-03
1.567382365465164185e-03
1.554721267893910408e-03
1.545221079140901566e-03
1.563742989674210548e-03
1.546175684779882431e-03
1.545543782413005829e-03
1.547074411064386368e-03
1.563429948873817921e-03
1.545278122648596764e-03
1.553662121295928955e-03
1.560886972583830357e-03
1.544805010780692101e-03
1.559448544867336750e-03
1.559661584906280041e-03
1.544996164739131927e-03
1.557648065499961376e-03
1.555635826662182808e-03
1.543933409266173840e-03
1.570574124343693256e-03
1.550372457131743431e-03
1.545091392472386360e-03
1.568535808473825455e-03
1.545251929201185703e-03
1.547678490169346333e-03
1.556565403006970882e-03
1.553122769109904766e-03
1.544679515063762665e-03
1.572924898937344551e-03
1.551888650283217430e-03
1.545227598398923874e-03
1.563639612868428230e-03
1.546445419080555439e-03
1.544468686915934086e-03
1.547526801005005836e-03
1.562488032504916191e-03
1.544862170703709126e-03
1.553596463054418564e-03
1.560246921144425869e-03
1.545085338875651360e-03
1.555384485982358456e-03
1.559211872518062592e-03
1.543868565931916237e-03
1.569908810779452324e-03
1.555279712192714214e-03
1.546315150335431099e-03
1.553643960505723953e-03
1.556968200020492077e-03
1.543889055028557777e-03
1.550278626382350922e-03
1.561063574627041817e-03
1.543467864394187927e-03
1.584153156727552414e-03
1.554699847474694252e-03
1.551533467136323452e-03
1.548856147564947605e-03
1.549158594571053982e-03
1.564007485285401344e-03
1.543615246191620827e-03
1.569694723002612591e-03
1.551067107357084751e-03
1.553424051962792873e-03
1.543796272017061710e-03
1.574522932060062885e-03
1.553420559503138065e-03
1.545595820061862469e-03
1.554413349367678165e-03
1.549182459712028503e-03
1.543819904327392578e-03
1.543661463074386120e-03
1.565291313454508781e-03
1.543923281133174896e-03
1.553216134198009968e-03
1.552071189507842064e-03
1.554832444526255131e-03
1.543528516776859760e-03
1.576562877744436264e-03
1.556766917929053307e-03
1.545806298963725567e-03
1.547276275232434273e-03
1.553831039927899837e-03
1.546944025903940201e-03
1.543642953038215637e-03
1.559807453304529190e-03
1.547463005408644676e-03
1.543342019431293011e-03
1.551603432744741440e-03
1.556130358949303627e-03
1.543192076496779919e-03
1.579601434059441090e-03
1.555273309350013733e-03
1.546020037494599819e-03
1.546351588331162930e-03
1.545010949485003948e-03
1.542957033962011337e-03
1.546195824630558491e-03
1.544535858556628227e-03
1.557037932798266411e-03
1.549855340272188187e-03
1.542866230010986328e-03
1.556513481773436069e-03
1.549563487060368061e-03
1.542900572530925274e-03
1.561160897836089134e-03
1.545313280075788498e-03
1.545156235806643963e-03
1.554285176098346710e-03
1.551632769405841827e-03
1.542885322123765945e-03
1.573357498273253441e-03
1.552660367451608181e-03
1.544685917906463146e-03
1.554072485305368900e-03
1.547441817820072174e-03
1.542738755233585835e-03
1.544196275062859058e-03
1.563848694786429405e-03
1.542657846584916115e-03
1.575096044689416885e-03
1.549698761664330959e-03
1.551710418425500393e-03
1.542789512313902378e-03
1.568530802614986897e-03
1.552717993035912514e-03
1.543143647722899914e-03
1.557739451527595520e-03
1.551425666548311710e-03
1.542447251267731190e-03
1.552325789816677570e-03
1.551909255795180798e-03
1.542561105452477932e-03
1.547182211652398109e-03
1.559294527396559715e-03
1.543733640573918819e-03
1.547024236060678959e-03
1.559723867103457451e-03
1.543861231766641140e-03
1.546709681861102581e-03
1.561208977364003658e-03
1.543772988952696323e-03
1.547985477373003960e-03
1.557084266096353531e-03
1.544541562907397747e-03
1.544355181977152824e-03
1.565770711749792099e-03
1.543899648822844028e-03
1.548054511658847332e-03
1.559928525239229202e-03
1.542635145597159863e-03
1.566350692883133888e-03
1.551948604173958302e-03
1.549218315631151199e-03
1.543278107419610023e-03
1.569970045238733292e-03
1.550188520923256874e-03
1.544076716527342796e-03
1.560115953907370567e-03
1.551066059619188309e-03
1.542095094919204712e-03
1.548996660858392715e-03
1.556691364385187626e-03
1.542852027341723442e-03
1.548275584354996681e-03
1.557537238113582134e-03
1.542887301184237003e-03
1.549203414469957352e-03
1.555964117869734764e-03
1.542910002171993256e-03
1.547637162730097771e-03
1.558738993480801582e-03
1.541867270134389400e-03
1.577765215188264847e-03
1.552761183120310307e-03
1.546448445878922939e-03
1.544668339192867279e-03
1.556542003527283669e-03
1.546492800116539001e-03
1.542787533253431320e-03
1.559662283398211002e-03
1.542700221762061119e-03
1.551244640722870827e-03
1.543443300761282444e-03
1.558230374939739704e-03
1.541751669719815254e-03
1.583560951985418797e-03
1.551434863358736038e-03
1.545146689750254154e-03
1.543976715765893459e-03
1.565665821544826031e-03
1.547339255921542645e-03
1.543338410556316376e-03
1.566889695823192596e-03
1.547520165331661701e-03
1.542720128782093525e-03
1.563173020258545876e-03
1.549520413391292095e-03
1.542438287287950516e-03
1.557352370582520962e-03
1.544236089102923870e-03
1.542798825539648533e-03
1.543948659673333168e-03
1.558404183015227318e-03
1.541930134408175945e-03
1.571815577335655689e-03
1.550789806060492992e-03
1.547615625895559788e-03
1.542901038192212582e-03
1.567041967064142227e-03
1.547182793729007244e-03
1.543364836834371090e-03
1.568398321978747845e-03
1.546726562082767487e-03
1.543702208437025547e-03
1.565815880894660950e-03
1.546728308312594891e-03
1.543446443974971771e-03
1.565477112308144569e-03
1.546442974358797073e-03
1.542505808174610138e-03
1.565243466757237911e-03
1.547480351291596889e-03
1.542395795695483685e-03
1.565467449836432934e-03
1.548532396554946899e-03
1.541902311146259308e-03
1.542717218399047852e-03
1.541468431241810322e-03
1.545012579299509525e-03
1.543856225907802582e-03
1.550762914121150970e-03
1.545437728054821491e-03
1.554215443320572376e-03
1.543091377243399620e-03
1.543220598250627518e-03
1.542168785817921162e-03
1.543301390483975410e-03
1.560447504743933678e-03
1.540999975986778736e-03
1.592811779119074345e-03
1.545719918794929981e-03
1.545178121887147427e-03
1.549624605104327202e-03
1.542562269605696201e-03
1.573616173118352890e-03
1.552168512716889381e-03
1.541837700642645359e-03
1.559755066409707069e-03
1.553744426928460598e-03
1.541456673294305801e-03
1.578700612299144268e-03
1.550212036818265915e-03
1.540937228128314018e-03
1.594788511283695698e-03
1.544353552162647247e-03
1.547830528579652309e-03
1.547547057271003723e-03
1.542351325042545795e-03
1.546597806736826897e-03
1.547787222079932690e-03
1.546345534734427929e-03
1.543086254969239235e-03
1.547335414215922356e-03
1.552496687509119511e-03
1.542620244435966015e-03
1.540860976092517376e-03
1.562404446303844452e-03
1.547907129861414433e-03
1.540899276733398438e-03
1.566752092912793159e-03
1.550512504763901234e-03
1.541107310913503170e-03
1.577586866915225983e-03
1.550988294184207916e-03
1.540671917609870434e-03
1.579019706696271896e-03
1.550821354612708092e-03
1.549046137370169163e-03
1.543906866572797298e-03
1.547362888231873512e-03
1.554107526317238808e-03
1.542633632197976112e-03
1.541235833428800106e-03
1.566648483276367188e-03
1.547337509691715240e-03
1.541294972412288189e-03
1.549063366837799549e-03
1.555733615532517433e-03
1.543629565276205540e-03
1.547052874229848385e-03
1.542335143312811852e-03
1.566163613460958004e-03
1.547514111734926701e-03
1.540885656140744686e-03
1.568935578688979149e-03
1.551886321976780891e-03
1.543098012916743755e-03
1.544217229820787907e-03
1.559905009344220161e-03
1.545784180052578449e-03
1.540558179840445518e-03
1.569286221638321877e-03
1.550109591335058212e-03
1.540846773423254490e-03
1.575243193656206131e-03
1.551140798255801201e-03
1.541244797408580780e-03
1.558016519993543625e-03
1.554237329401075840e-03
1.540983677841722965e-03
1.564896083436906338e-03
1.545951818116009235e-03
1.540894503705203533e-03
1.552824280224740505e-03
1.541289151646196842e-03
1.550724147818982601e-03
1.539882039651274681e-03
1.552279456518590450e-03
1.545270322822034359e-03
1.539919059723615646e-03
1.541686011478304863e-03
1.558970659971237183e-03
1.542193000204861164e-03
1.541865640319883823e-03
1.556804869323968887e-03
1.548905740492045879e-03
1.542473561130464077e-03
1.544760656543076038e-03
1.554215559735894203e-03
1.544037950225174427e-03
1.539639197289943695e-03
1.558824325911700726e-03
1.547830761410295963e-03
1.539604156278073788e-03
1.546886749565601349e-03
1.543280319310724735e-03
1.539614167995750904e-03
1.540140132419764996e-03
1.545470440760254860e-03
1.552836620248854160e-03
1.540076569654047489e-03
1.543486607261002064e-03
1.544909668155014515e-03
1.541131408885121346e-03
1.546412240713834763e-03
1.539643504656851292e-03
1.574027934111654758e-03
1.551417168229818344e-03
1.539288670755922794e-03
1.585727441124618053e-03
1.545599778182804585e-03
1.548982225358486176e-03
1.540739554911851883e-03
1.569157117046415806e-03
1.552183646708726883e-03
1.539724646136164665e-03
1.572612207382917404e-03
1.544831437058746815e-03
1.549288514070212841e-03
1.539113000035285950e-03
1.568563980981707573e-03
1.551393419504165649e-03
1.539364922791719437e-03
1.584002049639821053e-03
1.547415391542017460e-03
1.548248110339045525e-03
1.542701153084635735e-03
1.544674392789602280e-03
1.553746522404253483e-03
1.539229298941791058e-03
1.567261992022395134e-03
1.538904383778572083e-03
1.543945632874965668e-03
1.550805987790226936e-03
1.539075397886335850e-03
1.542823156341910362e-03
1.543713966384530067e-03
1.540596596896648407e-03
1.544602564536035061e-03
1.539489720016717911e-03
1.567374914884567261e-03
1.548289787024259567e-03
1.539540826342999935e-03
1.576689654029905796e-03
1.550429267808794975e-03
1.545937266200780869e-03
1.543042715638875961e-03
1.557974726893007755e-03
1.542917918413877487e-03
1.540833269245922565e-03
1.539291581138968468e-03
1.545679173432290554e-03
1.544246682897210121e-03
1.538572250865399837e-03
1.547410502098500729e-03
1.541510107927024364e-03
1.549721928313374519e-03
1.555628492496907711e-03
1.539613120257854462e-03
1.543194754049181938e-03
1.538634882308542728e-03
1.560448552481830120e-03
1.548291882500052452e-03
1.540406141430139542e-03
1.545409322716295719e-03
1.541145611554384232e-03
1.565322629176080227e-03
1.545922947116196156e-03
1.539847580716013908e-03
1.568077830597758293e-03
1.547985710203647614e-03
1.539401360787451267e-03
1.563304103910923004e-03
1.549429376609623432e-03
1.538192038424313068e-03
1.565077691338956356e-03
1.552063506096601486e-03
1.538227195851504803e-03
1.588597078807651997e-03
1.542384270578622818e-03
1.538129523396492004e-03
1.548620639368891716e-03
1.540531869977712631e-03
1.574077643454074860e-03
1.549963606521487236e-03
1.540209748782217503e-03
1.548716449178755283e-03
1.553626265376806259e-03
1.537885167635977268e-03
1.581520307809114456e-03
1.542779733426868916e-03
1.546975341625511646e-03
1.540761906653642654e-03
1.568843377754092216e-03
1.548792584799230099e-03
1.537826145067811012e-03
1.578904688358306885e-03
1.548416214063763618e-03
1.546721439808607101e-03
1.540035824291408062e-03
1.554621034301817417e-03
1.554428599774837494e-03
1.537687727250158787e-03
1.574358437210321426e-03
1.543127233162522316e-03
1.546624931506812572e-03
1.537806121632456779e-03
1.567414030432701111e-03
1.550240791402757168e-03
1.537801697850227356e-03
1.581868738867342472e-03
1.544507918879389763e-03
1.543669262900948524e-03
1.544132712297141552e-03
1.543098594993352890e-03
1.538853044621646404e-03
1.537635340355336666e-03
1.545887789689004421e-03
1.537827891297638416e-03
1.546786283142864704e-03
1.540678087621927261e-03
1.541948178783059120e-03
1.538456417620182037e-03
1.548619591630995274e-03
1.537298900075256824e-03
1.540982164442539215e-03
1.543078804388642311e-03
1.538873300887644291e-03
1.543247140944004059e-03
1.538223819807171822e-03
1.558770891278982162e-03
1.546043553389608860e-03
1.537502859719097614e-03
1.565270707942545414e-03
1.549207605421543121e-03
1.542351674288511276e-03
1.538594835437834263e-03
1.564877107739448547e-03
1.547710387967526913e-03
1.538122654892504215e-03
1.556893927045166492e-03
1.543951919302344322e-03
1.537075033411383629e-03
1.557780080474913120e-03
1.542544923722743988e-03
1.537207746878266335e-03
1.555208466015756130e-03
1.538647105917334557e-03
1.542086713016033173e-03
1.538840006105601788e-03
1.545229461044073105e-03
1.536781666800379753e-03
1.536306343041360378e-03
1.562667428515851498e-03
1.544516766443848610e-03
1.536092837341129780e-03
1.556163886561989784e-03
1.555817783810198307e-03
1.536897965706884861e-03
1.541163539513945580e-03
1.543493592180311680e-03
1.541862031444907188e-03
1.558080432005226612e-03
1.539493328891694546e-03
1.539553632028400898e-03
1.540818135254085064e-03
1.540763536468148232e-03
1.541481702588498592e-03
1.543229212984442711e-03
1.538581098429858685e-03
1.560198375955224037e-03
1.545822829939424992e-03
1.536432188004255295e-03
1.560556585900485516e-03
1.554183196276426315e-03
1.534927403554320335e-03
1.538316253572702408e-03
1.542781363241374493e-03
1.534646959044039249e-03
1.609163591638207436e-03
1.537664211355149746e-03
1.534377108328044415e-03
1.534913433715701103e-03
1.542693818919360638e-03
1.536511001177132130e-03
1.561661483719944954e-03
1.540645956993103027e-03
1.536615076474845409e-03
1.534742536023259163e-03
1.541278325021266937e-03
1.537517528049647808e-03
1.533620059490203857e-03
1.535011804662644863e-03
1.547527033835649490e-03
1.533567905426025391e-03
1.533724251203238964e-03
1.628515427000820637e-03
1.547908294014632702e-03
1.538132433779537678e-03
1.536729861982166767e-03
1.534503535367548466e-03
1.533260801807045937e-03
1.535607851110398769e-03
1.536438008770346642e-03
1.542774843983352184e-03
1.534246490336954594e-03
1.547787920571863651e-03
1.538583426736295223e-03
1.535060815513134003e-03
1.541036530397832394e-03
1.541803241707384586e-03
1.534423558041453362e-03
1.548268948681652546e-03
1.533056609332561493e-03
1.557981246151030064e-03
1.532416092231869698e-03
1.534658716991543770e-03
1.549453940242528915e-03
1.533910515718162060e-03
1.536570372991263866e-03
1.540052588097751141e-03
1.536921598017215729e-03
1.538142911158502102e-03
1.536746858619153500e-03
1.535845571197569370e-03
1.554384711198508739e-03
1.537519972771406174e-03
1.532317837700247765e-03
1.564758829772472382e-03
1.544908504001796246e-03
1.539111719466745853e-03
1.535459537990391254e-03
