2.921524690464138985e-03
2.139021642506122589e-03
1.899438444525003433e-03
1.845693564973771572e-03
1.828055945225059986e-03
1.814755727536976337e-03
1.803323742933571339e-03
1.793029368855059147e-03
1.784214400686323643e-03
1.776691526174545288e-03
1.769676106050610542e-03
1.762499799951910973e-03
1.755461795255541801e-03
1.748627866618335247e-03
1.742514548823237419e-03
1.736370380967855453e-03
1.729970448650419712e-03
1.724068541079759598e-03
1.718623097985982895e-03
1.713298377580940723e-03
1.707884715870022774e-03
1.702407025732100010e-03
1.696902094408869743e-03
1.691323006525635719e-03
1.685893046669661999e-03
1.680585788562893867e-03
1.675481791608035564e-03
1.670510042458772659e-03
1.665591378696262836e-03
1.660617766901850700e-03
1.655578962527215481e-03
1.650503836572170258e-03
1.645556185394525528e-03
1.640517031773924828e-03
1.635552733205258846e-03
1.630631159059703350e-03
1.625509466975927353e-03
1.620336668565869331e-03
1.615167944692075253e-03
1.609910163097083569e-03
1.604659599252045155e-03
1.599301351234316826e-03
1.593887340277433395e-03
1.588542945683002472e-03
1.583400531671941280e-03
1.584763405844569206e-03
1.575003610923886299e-03
1.757545047439634800e-03
1.589297782629728317e-03
1.564254867844283581e-03
1.567968633025884628e-03
1.567646278999745846e-03
1.546371262520551682e-03
1.545159728266298771e-03
1.537863630801439285e-03
1.549531705677509308e-03
1.683243899606168270e-03
1.526005216874182224e-03
1.523302285932004452e-03
1.538397511467337608e-03
1.572131295688450336e-03
1.515184761956334114e-03
1.512721180915832520e-03
1.728739123791456223e-03
1.534436363726854324e-03
1.510564936324954033e-03
1.685848343186080456e-03
1.489289570599794388e-03
1.498867757618427277e-03
1.484029693529009819e-03
1.543364138342440128e-03
1.505268854089081287e-03
1.472685486078262329e-03
1.468737958930432796e-03
1.464926055632531643e-03
1.748039736412465572e-03
1.541867270134389400e-03
1.463241176679730415e-03
1.452298136427998543e-03
1.563668600283563137e-03
1.461178879253566265e-03
1.454238430596888065e-03
1.458144513890147209e-03
1.496281009167432785e-03
1.455110497772693634e-03
1.433190074749290943e-03
1.617332804016768932e-03
1.475561526603996754e-03
1.423770794644951820e-03
1.416901010088622570e-03
1.489452086389064789e-03
1.487215748056769371e-03
1.427451032213866711e-03
1.420013257302343845e-03
1.485057757236063480e-03
1.423640875145792961e-03
1.395762781612575054e-03
2.123030135408043861e-03
1.439275220036506653e-03
1.388565404340624809e-03
1.385174924507737160e-03
1.381951384246349335e-03
1.416132086887955666e-03
1.381191890686750412e-03
1.376248081214725971e-03
1.377113512717187405e-03
1.369527424685657024e-03
1.369841513223946095e-03
1.732857082970440388e-03
1.385993789881467819e-03
1.369753619655966759e-03
1.367083750665187836e-03
1.430466072633862495e-03
1.387494383379817009e-03
1.356369233690202236e-03
1.403816160745918751e-03
1.372063416056334972e-03
1.365731935948133469e-03
1.343426061794161797e-03
1.339672133326530457e-03
1.643984927795827389e-03
1.338418922387063503e-03
1.347123645246028900e-03
1.366168726235628128e-03
1.412791782058775425e-03
1.321965479291975498e-03
1.321617863141000271e-03
1.606183941476047039e-03
1.430394477210938931e-03
1.316450419835746288e-03
1.314086141064763069e-03
1.314764842391014099e-03
1.568722072988748550e-03
1.351606799289584160e-03
1.310624647885560989e-03
1.307349419221282005e-03
1.492232433520257473e-03
1.298949355259537697e-03
1.301027834415435791e-03
1.291037769988179207e-03
1.291749067604541779e-03
1.736613572575151920e-03
1.340798917226493359e-03
1.290755462832748890e-03
1.280124532058835030e-03
1.831185305491089821e-03
1.331437379121780396e-03
1.274269889108836651e-03
1.275728573091328144e-03
1.269943779334425926e-03
2.015166915953159332e-03
1.278453506529331207e-03
1.276881550438702106e-03
1.265001134015619755e-03
1.262429752387106419e-03
1.575427479110658169e-03
1.258730306290090084e-03
1.270992797799408436e-03
1.294689020141959190e-03
1.280065160244703293e-03
1.276666065678000450e-03
1.268209773115813732e-03
1.248345943167805672e-03
1.259045326150953770e-03
1.247873180545866489e-03
1.358874258585274220e-03
1.245840336196124554e-03
1.238686381839215755e-03
1.239141100086271763e-03
1.234667608514428139e-03
1.514463801868259907e-03
1.239779987372457981e-03
1.229900517500936985e-03
1.229399233125150204e-03
1.336168497800827026e-03
1.311588101089000702e-03
1.238094642758369446e-03
1.218157238326966763e-03
2.325088717043399811e-03
1.355643733404576778e-03
1.219994621351361275e-03
1.215270720422267914e-03
1.211054972372949123e-03
1.208957983180880547e-03
1.207635039463639259e-03
1.672493293881416321e-03
1.278074574656784534e-03
1.207686145789921284e-03
1.200741156935691833e-03
1.494080177508294582e-03
1.261673518456518650e-03
1.213282579556107521e-03
1.196810510009527206e-03
1.203773776069283485e-03
1.195850200019776821e-03
1.202660962007939816e-03
1.192880328744649887e-03
1.211175695061683655e-03
1.203334191814064980e-03
1.199539983645081520e-03
1.215082709677517414e-03
1.266198349185287952e-03
1.184406806714832783e-03
1.319610048085451126e-03
1.255427720025181770e-03
1.177217811346054077e-03
1.280904398299753666e-03
1.266084029339253902e-03
1.181849744170904160e-03
1.204449101351201534e-03
1.334347994998097420e-03
1.199147664010524750e-03
1.166272326372563839e-03
1.199218328110873699e-03
1.305183046497404575e-03
1.181618310511112213e-03
1.173215219751000404e-03
1.379185239784419537e-03
1.210527028888463974e-03
1.191925373859703541e-03
1.208456815220415592e-03
1.178819569759070873e-03
1.174172735773026943e-03
1.170887961052358150e-03
1.163975102826952934e-03
1.171196927316486835e-03
1.329584047198295593e-03
1.211442402563989162e-03
1.143328496254980564e-03
1.823776168748736382e-03
1.155266305431723595e-03
1.137163257226347923e-03
1.139687723480165005e-03
1.141614862717688084e-03
1.258533680811524391e-03
1.160685205832123756e-03
1.130280434153974056e-03
1.210786635056138039e-03
1.168168964795768261e-03
1.132770557887852192e-03
1.360376481898128986e-03
1.126865856349468231e-03
1.187298912554979324e-03
1.150283263996243477e-03
1.276047434657812119e-03
1.163893146440386772e-03
1.138906343840062618e-03
1.121762557886540890e-03
1.456374884583055973e-03
1.162113272584974766e-03
1.130670192651450634e-03
1.170518458820879459e-03
1.260161167010664940e-03
1.124642905779182911e-03
1.115594292059540749e-03
1.327965757809579372e-03
1.162637490779161453e-03
1.152360928244888783e-03
1.116188010200858116e-03
1.216148608364164829e-03
1.108598313294351101e-03
1.276226947084069252e-03
1.141755492426455021e-03
1.117566367611289024e-03
1.247980631887912750e-03
1.164594665169715881e-03
1.105493865907192230e-03
1.276923227123916149e-03
1.108885393477976322e-03
1.090331468731164932e-03
1.400635577738285065e-03
1.163274515420198441e-03
1.107757212594151497e-03
1.087001524865627289e-03
1.165485009551048279e-03
1.149265444837510586e-03
1.110739889554679394e-03
1.196411671116948128e-03
1.155283651314675808e-03
1.100458321161568165e-03
1.081953290849924088e-03
1.145920483395457268e-03
1.081512426026165485e-03
1.094522420316934586e-03
1.074876752682030201e-03
1.075173378922045231e-03
1.105446252040565014e-03
1.077892608009278774e-03
1.088396296836435795e-03
1.181579194962978363e-03
1.070911763235926628e-03
1.319300616160035133e-03
1.067415229044854641e-03
1.072269165888428688e-03
1.457153470255434513e-03
1.110457582399249077e-03
1.062193419784307480e-03
1.061020302586257458e-03
1.068498240783810616e-03
1.428512390702962875e-03
1.103720278479158878e-03
1.058856956660747528e-03
1.056813052855432034e-03
1.055844128131866455e-03
1.124540693126618862e-03
1.186632784083485603e-03
1.052245264872908592e-03
1.062440685927867889e-03
1.408567535690963268e-03
1.049612765200436115e-03
1.055954140610992908e-03
1.185356522910296917e-03
1.077727414667606354e-03
1.081046648323535919e-03
1.119848457165062428e-03
1.198709127493202686e-03
1.066277851350605488e-03
1.053496729582548141e-03
1.202794606797397137e-03
1.116507919505238533e-03
1.066972035914659500e-03
1.115009305067360401e-03
1.084492891095578671e-03
1.039484399370849133e-03
1.223786617629230022e-03
1.095156301744282246e-03
1.043231226503849030e-03
1.031625666655600071e-03
1.039314433000981808e-03
1.329621998593211174e-03
1.048034639097750187e-03
1.036666799336671829e-03
1.257107127457857132e-03
1.086488831788301468e-03
1.049251528456807137e-03
1.028984901495277882e-03
1.062785158865153790e-03
1.041571726091206074e-03
1.163675915449857712e-03
1.024389290250837803e-03
1.125219278037548065e-03
1.035684254020452499e-03
1.048712059855461121e-03
1.150660333223640919e-03
1.117268693633377552e-03
1.026585348881781101e-03
1.014077221043407917e-03
1.379697816446423531e-03
1.050426508300006390e-03
1.011215150356292725e-03
1.010080566629767418e-03
1.163535634987056255e-03
1.068145385943353176e-03
1.031843363307416439e-03
1.017987378872931004e-03
1.282271347008645535e-03
1.023863442242145538e-03
1.060013426467776299e-03
1.073850318789482117e-03
1.003233133815228939e-03
1.940754242241382599e-03
1.051043858751654625e-03
1.004389603622257710e-03
9.997817687690258026e-04
9.979449678212404251e-04
1.024047960527241230e-03
1.009416650049388409e-03
1.012973720207810402e-03
1.004646997898817062e-03
1.117296051234006882e-03
1.084388466551899910e-03
1.018054783344268799e-03
1.003886340185999870e-03
1.187528949230909348e-03
1.066667726263403893e-03
1.028235303238034248e-03
1.106592826545238495e-03
9.879453573375940323e-04
1.499570673331618309e-03
1.053463900461792946e-03
9.848582558333873749e-04
9.976696455851197243e-04
1.314587309025228024e-03
9.825775632634758949e-04
9.814674267545342445e-04
1.138973631896078587e-03
1.000754069536924362e-03
9.848868940025568008e-04
9.792831260710954666e-04
1.045470591634511948e-03
1.024321420118212700e-03
1.009435742162168026e-03
9.852042421698570251e-04
1.258659176528453827e-03
1.000270247459411621e-03
9.824075968936085701e-04
9.717865032143890858e-04
1.378878718242049217e-03
1.083935378119349480e-03
9.902423480525612831e-04
9.693162865005433559e-04
9.776615770533680916e-04
1.291287713684141636e-03
9.924852056428790092e-04
9.795641526579856873e-04
1.139266416430473328e-03
1.022087293677031994e-03
9.641245706006884575e-04
9.854015661403536797e-04
1.146399066783487797e-03
9.648147388361394405e-04
9.624279919080436230e-04
9.619733318686485291e-04
9.597789612598717213e-04
9.596161544322967529e-04
1.021773437969386578e-03
1.056571374647319317e-03
9.606588864699006081e-04
9.752592886798083782e-04
1.246691448614001274e-03
9.794282959774136543e-04
9.883239399641752243e-04
1.126753166317939758e-03
9.948471561074256897e-04
9.973805863410234451e-04
1.114830025471746922e-03
1.002488890662789345e-03
9.496512939222157001e-04
9.483398171141743660e-04
1.546767540276050568e-03
1.090925536118447781e-03
9.489431395195424557e-04
9.483821340836584568e-04
9.457094711251556873e-04
9.446716867387294769e-04
9.436851250939071178e-04
9.443383896723389626e-04
1.027160789817571640e-03
1.035070628859102726e-03
9.549542446620762348e-04
9.740309324115514755e-04
9.716697386465966702e-04
9.460651199333369732e-04
9.956361027434468269e-04
9.944118792191147804e-04
1.021035015583038330e-03
9.480514563620090485e-04
9.348185267299413681e-04
1.199765130877494812e-03
9.353195200674235821e-04
9.414195083081722260e-04
9.337571682408452034e-04
9.315305505879223347e-04
2.000981243327260017e-03
1.053913147188723087e-03
9.481109445914626122e-04
9.295535855926573277e-04
9.286791319027543068e-04
9.279817459173500538e-04
9.824075968936085701e-04
1.002125092782080173e-03
9.335983195342123508e-04
9.436543332412838936e-04
1.202662591822445393e-03
9.632383007556200027e-04
9.645738173276185989e-04
1.044224714860320091e-03
9.381329291500151157e-04
1.034019398503005505e-03
9.579694597050547600e-04
9.333457564935088158e-04
1.183393876999616623e-03
9.608503314666450024e-04
9.597323951311409473e-04
9.530964889563620090e-04
9.240311337634921074e-04
9.752048063091933727e-04
1.106985495425760746e-03
9.464312461204826832e-04
9.154212893918156624e-04
9.376399684697389603e-04
9.324352140538394451e-04
9.514295379631221294e-04
9.296865318901836872e-04
1.098753768019378185e-03
9.882909944280982018e-04
9.430243517272174358e-04
1.052470528520643711e-03
9.243367821909487247e-04
1.053402666002511978e-03
9.407894103787839413e-04
9.950257372111082077e-04
9.386030142195522785e-04
9.087134967558085918e-04
1.376728643663227558e-03
9.833924705162644386e-04
9.084140765480697155e-04
9.044354083016514778e-04
9.027492487803101540e-04
9.237994672730565071e-04
9.492854587733745575e-04
9.214007295668125153e-04
9.022966260090470314e-04
9.097437723539769650e-04
1.285193255171179771e-03
9.035620605573058128e-04
9.058257564902305603e-04
1.031504943966865540e-03
9.481287561357021332e-04
9.005967876873910427e-04
1.289434381760656834e-03
8.950267801992595196e-04
9.016070980578660965e-04
9.818277321755886078e-04
9.170324192382395267e-04
9.000758873298764229e-04
1.129997312091290951e-03
9.515087003819644451e-04
9.034594404511153698e-04
1.110188546590507030e-03
9.403808508068323135e-04
8.998427074402570724e-04
8.886490832082927227e-04
1.900602714158594608e-03
9.355558431707322598e-04
8.910775650292634964e-04
8.859858498908579350e-04
8.857767097651958466e-04
8.896673098206520081e-04
1.349840895272791386e-03
9.272417519241571426e-04
8.940277039073407650e-04
8.940477273426949978e-04
1.032360480166971684e-03
9.181884815916419029e-04
8.809888386167585850e-04
9.210858261212706566e-04
8.811420411802828312e-04
9.065735503099858761e-04
8.864759001880884171e-04
1.414291677065193653e-03
9.454148821532726288e-04
8.763713412918150425e-04
8.848243742249906063e-04
1.291557797230780125e-03
8.791951695457100868e-04
8.925265283323824406e-04
8.764493977651000023e-04
1.608364866115152836e-03
9.221914224326610565e-04
8.770801359787583351e-04
8.722917409613728523e-04
8.873689221218228340e-04
9.863873710855841637e-04
9.169286349788308144e-04
8.862160611897706985e-04
9.597913594916462898e-04
9.714971529319882393e-04
8.801437215879559517e-04
9.050628286786377430e-04
9.103494230657815933e-04
8.657927974127233028e-04
9.990985272452235222e-04
9.169956902042031288e-04
8.694271673448383808e-04
1.247784472070634365e-03
8.633622201159596443e-04
8.643535547889769077e-04
1.033541513606905937e-03
9.528022492304444313e-04
8.924881694838404655e-04
8.963582804426550865e-04
8.691182592883706093e-04
8.763684891164302826e-04
8.647206122986972332e-04
8.641012245789170265e-04
8.645226480439305305e-04
9.045547922141849995e-04
8.595391991548240185e-04
8.564247982576489449e-04
8.556732209399342537e-04
8.621179149486124516e-04
8.774835150688886642e-04
9.072737302631139755e-04
8.637650171294808388e-04
8.551072678528726101e-04
8.524463628418743610e-04
1.176914898678660393e-03
1.068838988430798054e-03
8.766391547396779060e-04
8.536849636584520340e-04
8.514276123605668545e-04
8.505559526383876801e-04
9.175336454063653946e-04
9.519251761958003044e-04
8.515565423294901848e-04
8.608026546426117420e-04
1.108876778744161129e-03
8.894942002370953560e-04
8.485099533572793007e-04
8.995740790851414204e-04
8.623449248261749744e-04
8.553296793252229691e-04
8.600223227404057980e-04
9.559249738231301308e-04
8.854915504343807697e-04
8.488563471473753452e-04
8.423557737842202187e-04
8.592786616645753384e-04
9.272134630009531975e-04
8.857755456119775772e-04
8.587078773416578770e-04
9.431881480850279331e-04
9.251190931536257267e-04
8.678165031597018242e-04
8.382522501051425934e-04
8.746234816499054432e-04
8.493617642670869827e-04
8.849356672726571560e-04
8.444385603070259094e-04
8.370180148631334305e-04
8.362194057554006577e-04
8.356081671081483364e-04
8.383996901102364063e-04
1.257245545275509357e-03
8.373363525606691837e-04
8.498888928443193436e-04
8.453165064565837383e-04
1.141485758125782013e-03
8.904003188945353031e-04
8.335775346495211124e-04
8.632182725705206394e-04
8.529791375622153282e-04
8.570136851631104946e-04
8.298762841150164604e-04
8.991056238301098347e-04
8.924154099076986313e-04
8.712779963389039040e-04
8.299013134092092514e-04
8.295224979519844055e-04
8.284040377475321293e-04
9.884898317977786064e-04
9.291893802583217621e-04
8.386471308767795563e-04
8.263856871053576469e-04
1.132328528910875320e-03
8.269956451840698719e-04
8.401098311878740788e-04
8.312321733683347702e-04
9.231207659468054771e-04
9.834035299718379974e-04
8.413352770730853081e-04
8.311588317155838013e-04
9.352776105515658855e-04
9.055736591108143330e-04
8.509792969562113285e-04
8.276887820102274418e-04
1.263202866539359093e-03
8.441935060545802116e-04
8.313874131999909878e-04
8.237428264692425728e-04
8.812192827463150024e-04
9.805132867768406868e-04
8.312416030094027519e-04
8.270791731774806976e-04
8.521680720150470734e-04
8.203798206523060799e-04
8.421284728683531284e-04
8.279668400064110756e-04
9.244616376236081123e-04
9.578174212947487831e-04
8.170774090103805065e-04
8.138666162267327309e-04
8.536470122635364532e-04
1.115146675147116184e-03
8.142910082824528217e-04
8.131286595016717911e-04
8.139797137118875980e-04
8.131331996992230415e-04
1.431278418749570847e-03
9.071191307157278061e-04
8.235896821133792400e-04
8.155681425705552101e-04
8.294935105368494987e-04
8.191910455934703350e-04
8.221160969696938992e-04
8.103562868200242519e-04
8.580497815273702145e-04
8.130851783789694309e-04
8.084574365057051182e-04
9.468585485592484474e-04
8.314618607982993126e-04
8.300814661197364330e-04
1.079062465578317642e-03
8.618847350589931011e-04
8.093477808870375156e-04
8.469212334603071213e-04
8.873073384165763855e-04
8.046486764214932919e-04
8.087047608569264412e-04
8.804417448118329048e-04
8.197866263799369335e-04
8.168359636329114437e-04
9.227328118868172169e-04
8.029216551221907139e-04
9.979854803532361984e-04
8.520064875483512878e-04
8.225261699408292770e-04
1.169234979897737503e-03
8.004409610293805599e-04
7.990401936694979668e-04
9.019612916745245457e-04
9.640694479458034039e-04
8.262813207693397999e-04
8.045436698012053967e-04
7.980313966982066631e-04
1.729183713905513287e-03
8.020087843760848045e-04
8.098646067082881927e-04
7.966036791913211346e-04
7.958303322084248066e-04
8.367189439013600349e-04
8.278165478259325027e-04
8.038741070777177811e-04
7.970560109242796898e-04
7.933632587082684040e-04
2.074709162116050720e-03
9.023159509524703026e-04
8.016561041586101055e-04
7.946566329337656498e-04
7.921735523268580437e-04
7.914940360933542252e-04
7.965275435708463192e-04
1.220114529132843018e-03
8.558029076084494591e-04
7.897628820501267910e-04
8.004386909306049347e-04
1.176755875349044800e-03
7.891465211287140846e-04
7.888896507211029530e-04
9.344586869701743126e-04
8.811083389446139336e-04
8.165445178747177124e-04
8.061883854679763317e-04
8.491362095810472965e-04
8.177869603969156742e-04
7.854676223360002041e-04
8.347578113898634911e-04
7.855358999222517014e-04
8.076198282651603222e-04
8.094085496850311756e-04
1.037328271195292473e-03
7.834979332983493805e-04
8.015345083549618721e-04
1.039486145600676537e-03
8.443960687145590782e-04
7.853806018829345703e-04
8.379575447179377079e-04
8.340312051586806774e-04
7.994685438461601734e-04
8.021384128369390965e-04
1.033318927511572838e-03
8.426180575042963028e-04
7.958477945066988468e-04
9.387790341861546040e-04
8.155166287906467915e-04
7.907830877229571342e-04
1.000459189526736736e-03
8.492773049511015415e-04
7.982777315191924572e-04
9.466623887419700623e-04
7.781126187182962894e-04
8.469201857224106789e-04
8.075574878603219986e-04
8.620867738500237465e-04
8.361829677596688271e-04
8.078452083282172680e-04
7.743759197182953358e-04
9.632167639210820198e-04
9.170715347863733768e-04
7.766566122882068157e-04
7.793575059622526169e-04
7.735838880762457848e-04
7.726423791609704494e-04
8.148134802468121052e-04
7.847090018913149834e-04
8.029052405618131161e-04
7.950385916046798229e-04
9.866985492408275604e-04
8.308182586915791035e-04
7.759189466014504433e-04
1.415871200151741505e-03
8.451320463791489601e-04
7.833530544303357601e-04
7.743143360130488873e-04
8.459494565613567829e-04
8.496388909406960011e-04
7.881246856413781643e-04
7.934182067401707172e-04
8.956848760135471821e-04
7.663966971449553967e-04
8.290504920296370983e-04
8.214114932343363762e-04
8.291394915431737900e-04
7.873516879044473171e-04
7.963351090438663960e-04
7.689946796745061874e-04
1.410535536706447601e-03
8.554675732739269733e-04
7.729457574896514416e-04
7.687326869927346706e-04
8.665044442750513554e-04
8.236287976615130901e-04
7.918998599052429199e-04
8.174612885341048241e-04
7.864772342145442963e-04
7.778854342177510262e-04
7.600220851600170135e-04
9.947199141606688499e-04
1.018056995235383511e-03
7.624038262292742729e-04
7.603584090247750282e-04
7.599656819365918636e-04
7.587241707369685173e-04
7.580587407574057579e-04
7.589289452880620956e-04
9.859943529590964317e-04
8.278895984403789043e-04
7.564268889836966991e-04
8.113060030154883862e-04
7.748542120680212975e-04
7.857220480218529701e-04
7.688969490118324757e-04
7.575992494821548462e-04
7.845088839530944824e-04
7.549694855697453022e-04
7.544275722466409206e-04
8.333385339938104153e-04
8.462785626761615276e-04
7.681355345994234085e-04
7.831987459212541580e-04
8.816335466690361500e-04
7.740348810330033302e-04
7.786304922774434090e-04
7.759348955005407333e-04
7.508076960220932961e-04
7.583783008158206940e-04
7.625306607224047184e-04
1.020274241454899311e-03
8.052441407926380634e-04
7.565828855149447918e-04
7.561268284916877747e-04
9.619687916710972786e-04
7.546681445091962814e-04
7.578502409160137177e-04
7.535089389421045780e-04
9.333361522294580936e-04
8.429123554378747940e-04
7.581100217066705227e-04
7.662369753234088421e-04
7.485473179258406162e-04
7.517127087339758873e-04
7.488957489840686321e-04
7.689922931604087353e-04
8.737333118915557861e-04
7.612389163114130497e-04
7.426891825161874294e-04
8.973451331257820129e-04
7.676584064029157162e-04
7.458142354153096676e-04
7.436683517880737782e-04
7.460732012987136841e-04
9.489571093581616879e-04
8.250638493336737156e-04
7.399814203381538391e-04
7.881136843934655190e-04
7.870279951021075249e-04
7.741372101008892059e-04
7.565495907329022884e-04
7.406346267089247704e-04
7.533286116085946560e-04
7.388666272163391113e-04
7.396577857434749603e-04
8.217084687203168869e-04
9.313306654803454876e-04
7.693910156376659870e-04
7.375999703072011471e-04
7.586564170196652412e-04
7.906563114374876022e-04
7.765355403535068035e-04
7.522937376052141190e-04
9.694023174233734608e-04
7.964370306581258774e-04
7.332396344281733036e-04
1.196517492644488811e-03
8.850263548083603382e-04
7.407554076053202152e-04
7.351553649641573429e-04
7.326482445932924747e-04
7.472079014405608177e-04
7.427879609167575836e-04
7.317424751818180084e-04
7.416813750751316547e-04
7.312160450965166092e-04
1.243438571691513062e-03
7.765670306980609894e-04
7.289627683348953724e-04
7.283327286131680012e-04
8.194881374947726727e-04
8.933035423979163170e-04
7.399081951007246971e-04
7.341314340010285378e-04
8.829472353681921959e-04
8.012080215848982334e-04
7.516437326557934284e-04
9.022121084854006767e-04
7.621570257470011711e-04
8.455592906102538109e-04
7.525943801738321781e-04
8.081807172857224941e-04
7.337236893363296986e-04
7.398865418508648872e-04
1.110723474994301796e-03
7.274182862602174282e-04
7.270714850164949894e-04
8.064423454925417900e-04
7.252833456732332706e-04
7.231313502416014671e-04
8.334011654369533062e-04
8.753889123909175396e-04
7.474832236766815186e-04
7.204689900390803814e-04
7.426050724461674690e-04
8.386545232497155666e-04
7.498198538087308407e-04
7.246166933327913284e-04
1.058048917911946774e-03
7.420705514959990978e-04
7.199820247478783131e-04
7.771746022626757622e-04
8.439595694653689861e-04
7.205787696875631809e-04
7.213934441097080708e-04
8.106151362881064415e-04
7.696796674281358719e-04
7.482225191779434681e-04
7.377412403002381325e-04
9.019608260132372379e-04
7.541021332144737244e-04
7.313023670576512814e-04
8.873239275999367237e-04
7.624196005053818226e-04
7.164671551436185837e-04
9.018731652759015560e-04
7.154977647587656975e-04
7.371213869191706181e-04
7.140358793549239635e-04
7.127805147320032120e-04
7.830850663594901562e-04
8.100364357233047485e-04
7.156747160479426384e-04
7.230369374155998230e-04
9.189456468448042870e-04
7.970933802425861359e-04
7.109334692358970642e-04
7.400712929666042328e-04
9.045070619322359562e-04
7.335311966016888618e-04
7.544119725935161114e-04
7.212640484794974327e-04
7.399215828627347946e-04
7.331474334932863712e-04
9.337904630228877068e-04
7.650704937987029552e-04
7.104192627593874931e-04
1.468849135562777519e-03
7.712492952123284340e-04
7.168615702539682388e-04
7.057646289467811584e-04
7.275483803823590279e-04
8.382232626900076866e-04
7.240407867357134819e-04
7.045179954729974270e-04
7.464212249033153057e-04
1.015124842524528503e-03
7.257118704728782177e-04
7.111525046639144421e-04
7.030437700450420380e-04
7.088630227372050285e-04
9.950610110536217690e-04
7.523098029196262360e-04
7.194271893240511417e-04
7.454092847183346748e-04
8.068726165220141411e-04
7.085186080075800419e-04
7.117348723113536835e-04
7.170697208493947983e-04
8.730090921744704247e-04
7.520591607317328453e-04
7.161526591517031193e-04
7.196121150627732277e-04
7.067908300086855888e-04
7.038000621832907200e-04
7.051961729303002357e-04
7.113075116649270058e-04
1.045873621478676796e-03
7.227635942399501801e-04
7.128277793526649475e-04
8.189441286958754063e-04
7.137315697036683559e-04
7.113895262591540813e-04
8.436344214715063572e-04
8.091436466202139854e-04
7.249304326251149178e-04
7.007092353887856007e-04
6.982212071307003498e-04
1.178109901957213879e-03
6.950790993869304657e-04
6.939577870070934296e-04
6.963497726246714592e-04
7.086584810167551041e-04
9.124811040237545967e-04
7.273190421983599663e-04
7.065116660669445992e-04
8.837176137603819370e-04
7.469782140105962753e-04
6.941683823242783546e-04
9.200567146763205528e-04
6.973374402150511742e-04
7.108749123290181160e-04
6.903418106958270073e-04
6.908802897669374943e-04
7.727867923676967621e-04
8.725246298126876354e-04
7.135401247069239616e-04
6.995461299084126949e-04
7.172339828684926033e-04
6.924607441760599613e-04
7.218597456812858582e-04
7.002552738413214684e-04
7.620159885846078396e-04
8.129316847771406174e-04
6.872473168186843395e-04
6.889890646561980247e-04
7.056531030684709549e-04
8.837911300361156464e-04
7.188312592916190624e-04
6.906651542522013187e-04
6.850613281130790710e-04
7.073885644786059856e-04
8.177110576070845127e-04
6.888053030706942081e-04
7.032656576484441757e-04
1.014059525914490223e-03
7.168428273871541023e-04
7.007229723967611790e-04
7.439414039254188538e-04
8.225851925089955330e-04
6.867475458420813084e-04
6.871885270811617374e-04
7.915605674497783184e-04
7.238261750899255276e-04
6.925317575223743916e-04
8.997533586807549000e-04
7.434185245074331760e-04
6.953965057618916035e-04
1.146709895692765713e-03
6.877132109366357327e-04
6.997674936428666115e-04
6.837481050752103329e-04
1.315448782406747341e-03
7.652933127246797085e-04
6.846447940915822983e-04
6.791975465603172779e-04
8.609624928794801235e-04
7.816375582478940487e-04
6.795984809286892414e-04
7.322946912609040737e-04
6.888443604111671448e-04
6.879286374896764755e-04
6.846805335953831673e-04
6.843535229563713074e-04
7.410172256641089916e-04
6.870772922411561012e-04
6.757563678547739983e-04
6.845084717497229576e-04
1.016478170640766621e-03
6.774706416763365269e-04
6.742008263245224953e-04
8.456901414319872856e-04
7.831510156393051147e-04
6.791868945583701134e-04
6.768914172425866127e-04
9.408887708559632301e-04
6.903430330567061901e-04
6.953338161110877991e-04
6.853468948975205421e-04
8.046249276958405972e-04
7.455825689248740673e-04
6.988290697336196899e-04
7.975159678608179092e-04
6.712444010190665722e-04
9.891235968098044395e-04
7.096287445165216923e-04
6.858836277388036251e-04
7.062031654641032219e-04
7.685577729716897011e-04
6.842589937150478363e-04
6.788274040445685387e-04
6.699574296362698078e-04
1.276383525691926479e-03
7.508620037697255611e-04
6.719647208228707314e-04
6.690536974929273129e-04
7.858135504648089409e-04
7.438097964040935040e-04
7.005429361015558243e-04
7.089182618074119091e-04
7.129186997190117836e-04
6.656559999100863934e-04
7.905780803412199020e-04
6.804118165746331215e-04
7.024966762401163578e-04
7.850688998587429523e-04
7.610999746248126030e-04
6.924851331859827042e-04
6.636859616264700890e-04
1.089795259758830070e-03
8.675861172378063202e-04
6.707941065542399883e-04
6.667486741207540035e-04
6.626650574617087841e-04
6.643623346462845802e-04
8.553790976293385029e-04
7.602160330861806870e-04
6.614286685362458229e-04
6.987609667703509331e-04
7.965936092659831047e-04
7.247971952892839909e-04
6.828379700891673565e-04
8.487846353091299534e-04
7.012836285866796970e-04
6.776785012334585190e-04
8.239595335908234119e-04
6.896226550452411175e-04
7.138188229873776436e-04
7.422477938234806061e-04
6.737287621945142746e-04
6.674245814792811871e-04
8.176283445209264755e-04
6.797644891776144505e-04
7.550104055553674698e-04
6.583018694072961807e-04
1.146208494901657104e-03
8.117794059216976166e-04
6.614815793000161648e-04
6.585213704966008663e-04
6.559829344041645527e-04
6.576052983291447163e-04
1.320572802796959877e-03
6.867958582006394863e-04
6.634792080149054527e-04
6.543583003804087639e-04
6.760275573469698429e-04
6.841048016212880611e-04
6.999840261414647102e-04
6.754978676326572895e-04
7.723339949734508991e-04
6.813131622038781643e-04
6.526535144075751305e-04
8.246109937317669392e-04
7.118735229596495628e-04
6.688234861940145493e-04
6.515431450679898262e-04
6.833333172835409641e-04
6.592510035261511803e-04
6.900008884258568287e-04
6.573569844476878643e-04
1.045777113176882267e-03
6.515020504593849182e-04
6.496859714388847351e-04
7.849860121496021748e-04
7.648441824130713940e-04
6.648439448326826096e-04
6.753472844138741493e-04
6.887876079417765141e-04
6.866700714454054832e-04
6.550602847710251808e-04
1.016439171507954597e-03
6.580229382961988449e-04
6.514494889415800571e-04
6.599980988539755344e-04
6.781189003959298134e-04
7.078239577822387218e-04
6.571673438884317875e-04
6.474595866166055202e-04
6.475295522250235081e-04
1.326251192949712276e-03
7.414519204758107662e-04
6.592925637960433960e-04
6.512076361104846001e-04
6.820594426244497299e-04
6.543105700984597206e-04
6.737677613273262978e-04
6.622684304602444172e-04
7.622608100064098835e-04
7.446347153745591640e-04
6.713600014336407185e-04
6.459542782977223396e-04
1.287612365558743477e-03
7.047600811347365379e-04
6.580516928806900978e-04
6.472397362813353539e-04
6.596293533220887184e-04
6.457261624746024609e-04
6.427191547118127346e-04
6.520603201352059841e-04
6.404715240933001041e-04
6.629360141232609749e-04
1.082938513718545437e-03
7.030182168819010258e-04
6.406777538359165192e-04
6.400353158824145794e-04
6.401444552466273308e-04
6.430307985283434391e-04
1.071136095561087132e-03
6.398957339115440845e-04
6.546485237777233124e-04
6.459757569245994091e-04
1.204522326588630676e-03
7.034878362901508808e-04
6.396848475560545921e-04
6.489309016615152359e-04
9.616485331207513809e-04
6.708682631142437458e-04
6.407966138795018196e-04
6.716122734360396862e-04
7.116266060620546341e-04
6.394812953658401966e-04
6.453522946685552597e-04
6.474948022514581680e-04
9.492659592069685459e-04
6.948569207452237606e-04
6.437257979996502399e-04
6.465810583904385567e-04
7.860668702051043510e-04
6.787475431337952614e-04
6.338951061479747295e-04
6.713272887282073498e-04
6.957924342714250088e-04
6.361039122566580772e-04
7.458563777618110180e-04
6.830053171142935753e-04
6.488772341981530190e-04
8.119751582853496075e-04
6.692330352962017059e-04
7.179453386925160885e-04
6.318775122053921223e-04
1.450977404601871967e-03
7.152447942644357681e-04
6.321194814518094063e-04
6.314555066637694836e-04
6.310243625193834305e-04
6.528399535454809666e-04
6.369996117427945137e-04
6.303146365098655224e-04
6.390394992195069790e-04
6.334114004857838154e-04
1.237377524375915527e-03
7.077387999743223190e-04
6.295111379586160183e-04
6.283216062001883984e-04
6.762625416740775108e-04
8.376971236430108547e-04
6.645311950705945492e-04
6.287946598604321480e-04
6.397519609890878201e-04
9.788724128156900406e-04
6.271018646657466888e-04
6.304185953922569752e-04
6.271336460486054420e-04
1.607773592695593834e-03
7.508152048103511333e-04
6.339052342809736729e-04
6.287405849434435368e-04
6.254355539567768574e-04
6.265675765462219715e-04
7.104536052793264389e-04
7.164992857724428177e-04
6.458731368184089661e-04
6.472047534771263599e-04
7.686844910494983196e-04
6.245968397706747055e-04
6.636631442233920097e-04
8.093894575722515583e-04
6.796214147470891476e-04
6.770202890038490295e-04
6.334626232273876667e-04
7.412832346744835377e-04
6.274566985666751862e-04
6.232382729649543762e-04
6.218192283995449543e-04
6.586673553101718426e-04
6.657322519458830357e-04
6.237341440282762051e-04
6.213972810655832291e-04
7.044555386528372765e-04
6.643459782935678959e-04
6.494536064565181732e-04
6.612771539948880672e-04
6.926933419890701771e-04
6.239712820388376713e-04
7.253985386341810226e-04
6.702885730192065239e-04
6.419994169846177101e-04
7.412687409669160843e-04
6.186586106196045876e-04
9.667003178037703037e-04
6.330721662379801273e-04
6.254327017813920975e-04
6.520944298245012760e-04
7.430840050801634789e-04
6.244955584406852722e-04
7.067381520755589008e-04
6.422295118682086468e-04
6.253844476304948330e-04
8.110910421237349510e-04
6.636659963987767696e-04
6.475767004303634167e-04
8.980109705589711666e-04
6.736682262271642685e-04
6.506580393761396408e-04
7.044055964797735214e-04
6.328896270133554935e-04
6.450295331887900829e-04
6.688694702461361885e-04
6.201564101502299309e-04
6.239733193069696426e-04
6.139829056337475777e-04
1.012474182061851025e-03
7.034513400867581367e-04
6.384326843544840813e-04
6.140168407000601292e-04
6.131505360826849937e-04
6.719745579175651073e-04
8.401279337704181671e-04
6.505660712718963623e-04
6.121172918938100338e-04
6.229751161299645901e-04
9.885637555271387100e-04
6.169416010379791260e-04
6.133065326139330864e-04
6.543224444612860680e-04
7.904671947471797466e-04
6.431951187551021576e-04
6.128401146270334721e-04
6.251892191357910633e-04
9.077447466552257538e-04
6.101528415456414223e-04
6.261675735004246235e-04
7.918068440631031990e-04
7.175191421993076801e-04
6.088213995099067688e-04
6.462556193582713604e-04
7.580943638458848000e-04
6.701801321469247341e-04
6.400403799489140511e-04
7.143595721572637558e-04
6.193158333189785480e-04
6.144584040157496929e-04
8.534377557225525379e-04
6.279915105551481247e-04
6.258047651499509811e-04
6.100899772718548775e-04
6.098233279772102833e-04
9.871167130768299103e-04
6.156263989396393299e-04
6.085091736167669296e-04
6.087177316658198833e-04
6.071369280107319355e-04
1.127245835959911346e-03
6.405679741874337196e-04
6.108065717853605747e-04
6.179268821142613888e-04
8.337338222190737724e-04
6.865921313874423504e-04
6.406015018001198769e-04
7.393311825580894947e-04
6.088824011385440826e-04
1.017251983284950256e-03
6.186862592585384846e-04
6.174815353006124496e-04
6.865929462946951389e-04
6.034597172401845455e-04
6.641676882281899452e-04
6.597925676032900810e-04
6.054912810213863850e-04
6.045760237611830235e-04
7.354659610427916050e-04
6.092378171160817146e-04
7.484039524570107460e-04
6.149783730506896973e-04
8.541862480342388153e-04
6.021781009621918201e-04
6.394258816726505756e-04
7.813083357177674770e-04
6.349096656776964664e-04
7.009713444858789444e-04
6.243512034416198730e-04
6.498875445686280727e-04
6.390774506144225597e-04
6.083898479118943214e-04
9.013133822008967400e-04
6.453371606767177582e-04
6.443695747293531895e-04
7.048143306747078896e-04
6.264650146476924419e-04
6.343084387481212616e-04
6.275886553339660168e-04
5.969021585769951344e-04
7.912804139778017998e-04
6.085061468183994293e-04
5.971280043013393879e-04
6.025468464940786362e-04
6.004832102917134762e-04
9.757719817571341991e-04
6.051383097656071186e-04
5.963150761090219021e-04
6.765543948858976364e-04
7.160794339142739773e-04
6.006657495163381100e-04
6.171486456878483295e-04
8.172530797310173512e-04
6.601457716897130013e-04
5.969230551272630692e-04
9.575359872542321682e-04
6.235247128643095493e-04
6.001238944008946419e-04
5.986460018903017044e-04
5.927136517129838467e-04
6.164268706925213337e-04
1.019281568005681038e-03
6.493125692941248417e-04
5.944170407019555569e-04
5.928814061917364597e-04
5.918572423979640007e-04
5.994255188852548599e-04
8.950345800258219242e-04
6.204308592714369297e-04
6.036013946868479252e-04
7.161985267885029316e-04
5.988777847960591316e-04
6.958939484320580959e-04
5.905947182327508926e-04
7.483210647478699684e-04
6.235844339244067669e-04
6.123367347754538059e-04
5.907146260142326355e-04
5.899185198359191418e-04
5.893232300877571106e-04
8.165026665665209293e-04
6.547389784827828407e-04
5.963504663668572903e-04
5.927746533416211605e-04
9.085357305593788624e-04
5.995333776809275150e-04
6.096867145970463753e-04
5.882179830223321915e-04
9.194830781780183315e-04
5.938187241554260254e-04
6.102584884501993656e-04
5.887580919079482555e-04
9.566036169417202473e-04
5.980894202366471291e-04
5.859521916136145592e-04
6.905685295350849628e-04
6.011406658217310905e-04
5.997049738653004169e-04
6.597039173357188702e-04
7.848296081647276878e-04
6.134831346571445465e-04
5.942145944572985172e-04
5.868059233762323856e-04
1.246421597898006439e-03
6.700293743051588535e-04
5.956821260042488575e-04
5.887643783353269100e-04
6.989131798036396503e-04
6.416406249627470970e-04
5.971292848698794842e-04
7.645649602636694908e-04
6.359502440318465233e-04
6.276468047872185707e-04
5.961834103800356388e-04
5.864935810677707195e-04
5.818007630296051502e-04
5.935188964940607548e-04
5.816798075102269650e-04
9.395384695380926132e-04
5.816086777485907078e-04
5.991230136714875698e-04
5.926114972680807114e-04
8.069650502875447273e-04
6.559322355315089226e-04
5.896489601582288742e-04
8.496291702613234520e-04
5.792705342173576355e-04
6.021549343131482601e-04
8.068773895502090454e-04
6.591710844077169895e-04
6.041455781087279320e-04
7.223039865493774414e-04
6.462345481850206852e-04
6.027946365065872669e-04
7.875482551753520966e-04
5.800800863653421402e-04
5.923639400862157345e-04
8.656624704599380493e-04
6.352819036692380905e-04
5.915806395933032036e-04
5.815076874569058418e-04
8.447539294138550758e-04
5.811680457554757595e-04
5.761463544331490993e-04
5.772094009444117546e-04
6.038604769855737686e-04
6.065017660148441792e-04
5.992155638523399830e-04
5.800036014989018440e-04
8.582585141994059086e-04
5.835188203491270542e-04
5.957336979918181896e-04
5.825373227708041668e-04
6.555864820256829262e-04
6.805868470109999180e-04
5.922341370023787022e-04
6.072477553971111774e-04
7.009793771430850029e-04
6.495585548691451550e-04
6.004711613059043884e-04
8.487190934829413891e-04
6.417638505809009075e-04
6.070308736525475979e-04
6.833442603237926960e-04
5.811659502796828747e-04
6.119363824836909771e-04
6.704669212922453880e-04
6.331113399937748909e-04
6.043878383934497833e-04
6.137019954621791840e-04
6.461634766310453415e-04
5.946817691437900066e-04
5.815338809043169022e-04
6.093225092627108097e-04
5.706072552129626274e-04
5.796499899588525295e-04
5.765067762695252895e-04
7.908071274869143963e-04
6.609377451241016388e-04
5.838504293933510780e-04
5.787826376035809517e-04
7.143028778955340385e-04
5.938354297541081905e-04
5.750592099502682686e-04
5.687060183845460415e-04
7.124337716959416866e-04
6.004102178849279881e-04
5.686992080882191658e-04
5.720321787521243095e-04
5.713315913453698158e-04
8.024552953429520130e-04
6.447781343013048172e-04
5.687184166163206100e-04
6.258721114136278629e-04
5.667046643793582916e-04
5.668286466971039772e-04
7.111259619705379009e-04
6.825226009823381901e-04
5.858981749042868614e-04
5.788617418147623539e-04
6.928181974217295647e-04
6.211707950569689274e-04
5.779194761998951435e-04
5.677216104231774807e-04
1.236719428561627865e-03
5.882760742679238319e-04
5.728697869926691055e-04
5.637534195557236671e-04
5.867908475920557976e-04
6.247115088626742363e-04
5.885475547984242439e-04
5.630257655866444111e-04
6.471430533565580845e-04
7.225591689348220825e-04
5.657923757098615170e-04
5.687624798156321049e-04
5.663126357831060886e-04
6.803111173212528229e-04
6.919305888004601002e-04
5.720763001590967178e-04
5.963761941529810429e-04
6.824394804425537586e-04
6.219330243766307831e-04
5.725919618271291256e-04
8.977058460004627705e-04
6.287597352638840675e-04
5.640934105031192303e-04
5.841062520630657673e-04
6.781855481676757336e-04
5.610171356238424778e-04
6.093960837461054325e-04
6.822096765972673893e-04
5.607979255728423595e-04
1.159244100563228130e-03
6.322585977613925934e-04
5.595445982180535793e-04
5.643223412334918976e-04
7.474340964108705521e-04
6.637697806581854820e-04
5.580314900726079941e-04
5.802339292131364346e-04
8.235874120146036148e-04
6.018658750690519810e-04
5.892461631447076797e-04
5.860720411874353886e-04
5.611759261228144169e-04
6.213972810655832291e-04
6.123005878180265427e-04
6.012942176312208176e-04
5.794305470772087574e-04
5.949120386503636837e-04
5.782496882602572441e-04
7.681836723349988461e-04
6.230262806639075279e-04
5.636716377921402454e-04
1.119798631407320499e-03
6.124463980086147785e-04
5.614963592961430550e-04
5.704195355065166950e-04
8.670316310599446297e-04
5.843974649906158447e-04
6.054472178220748901e-04
6.459033465944230556e-04
5.675802822224795818e-04
6.453472888097167015e-04
6.078802980482578278e-04
5.607444909401237965e-04
5.610554362647235394e-04
7.257505203597247601e-04
5.729977274313569069e-04
5.627219215966761112e-04
5.527953035198152065e-04
8.228449732996523380e-04
5.773006123490631580e-04
5.732640856876969337e-04
5.572306690737605095e-04
8.704466745257377625e-04
5.956561653874814510e-04
5.775696481578052044e-04
6.426659529097378254e-04
6.070851231925189495e-04
5.808605928905308247e-04
5.863349069841206074e-04
6.834003143012523651e-04
5.549897323362529278e-04
6.349085015244781971e-04
5.496694357134401798e-04
6.096748984418809414e-04
5.872211186215281487e-04
5.622372264042496681e-04
5.866525461897253990e-04
5.491448100656270981e-04
8.766572573222219944e-04
5.496816593222320080e-04
5.634333356283605099e-04
5.522553110495209694e-04
5.638763541355729103e-04
5.562592996284365654e-04
5.560318822972476482e-04
5.545518943108618259e-04
5.562932929024100304e-04
8.555495878681540489e-04
5.986412288621068001e-04
5.798776401206851006e-04
6.187598337419331074e-04
5.737924366258084774e-04
5.731898127123713493e-04
5.819379584863781929e-04
6.819812115281820297e-04
5.633021355606615543e-04
5.905771977268159389e-04
5.610642256215214729e-04
5.844484549015760422e-04
5.633151158690452576e-04
8.050180040299892426e-04
5.811122246086597443e-04
5.802061641588807106e-04
5.612644017674028873e-04
5.567662883549928665e-04
5.785047542303800583e-04
7.622545235790312290e-04
6.073056138120591640e-04
5.556483520194888115e-04
1.059759641066193581e-03
5.916710360907018185e-04
5.558529519475996494e-04
5.560797289945185184e-04
8.039886015467345715e-04
5.599702126346528530e-04
5.453469930216670036e-04
7.858246681280434132e-04
6.217121845111250877e-04
5.794688477180898190e-04
6.623780936934053898e-04
5.410793237388134003e-04
8.610106306150555611e-04
5.664948257617652416e-04
5.487499292939901352e-04
5.534993833862245083e-04
9.547123918309807777e-04
5.407189601100981236e-04
5.424314294941723347e-04
6.686425185762345791e-04
5.727177485823631287e-04
5.402588867582380772e-04
6.542050978168845177e-04
6.740560056641697884e-04
5.597083945758640766e-04
5.395930493250489235e-04
5.496689700521528721e-04
9.181373170576989651e-04
5.385502008721232414e-04
5.381527007557451725e-04
6.569619290530681610e-04
6.811451748944818974e-04
5.386662087403237820e-04
5.538197583518922329e-04
7.902167853899300098e-04
6.182002252899110317e-04
5.663026822730898857e-04
5.769716808572411537e-04
5.408676224760711193e-04
5.806342232972383499e-04
5.589321954175829887e-04
7.426257943734526634e-04
5.926155135966837406e-04
5.685542710125446320e-04
7.306785555556416512e-04
6.322241388261318207e-04
5.729848053306341171e-04
5.919105606153607368e-04
5.472220946103334427e-04
5.365925608202815056e-04
6.567465025000274181e-04
6.436283001676201820e-04
5.631862441077828407e-04
5.439331871457397938e-04
7.734337705187499523e-04
5.977239343337714672e-04
5.418154760263860226e-04
5.419913213700056076e-04
7.460248889401555061e-04
5.858106305822730064e-04
5.330725689418613911e-04
5.586551269516348839e-04
7.247888133861124516e-04
5.685828509740531445e-04
5.560411373153328896e-04
5.381923401728272438e-04
5.782558582723140717e-04
5.538390832953155041e-04
6.097692530602216721e-04
5.533637595362961292e-04
5.481923581101000309e-04
6.225105025805532932e-04
5.502309068106114864e-04
6.170136039145290852e-04
7.279751589521765709e-04
5.560759454965591431e-04
5.393251776695251465e-04
5.484604625962674618e-04
6.050422089174389839e-04
5.846048006787896156e-04
5.505723529495298862e-04
6.095921271480619907e-04
5.372845917008817196e-04
5.286451196298003197e-04
7.513753953389823437e-04
6.210319115780293941e-04
5.500319530256092548e-04
5.294912843964993954e-04
1.305575948208570480e-03
5.588524509221315384e-04
5.329151754267513752e-04
5.273930146358907223e-04
5.420260131359100342e-04
7.571620517410337925e-04
5.267879460006952286e-04
5.626236670650541782e-04
6.844895542599260807e-04
5.717386957257986069e-04
5.303097423166036606e-04
6.185394013300538063e-04
6.885837647132575512e-04
5.334574379958212376e-04
5.333019071258604527e-04
5.277027958072721958e-04
8.056382648646831512e-04
5.911267944611608982e-04
5.478742532432079315e-04
5.348355043679475784e-04
5.985730094835162163e-04
5.356480833142995834e-04
5.337852635420858860e-04
5.237697623670101166e-04
6.329377065412700176e-04
6.307764560915529728e-04
5.280226469039916992e-04
5.298959440551698208e-04
5.227447836659848690e-04
7.281159050762653351e-04
5.920109688304364681e-04
5.436576902866363525e-04
5.271894042380154133e-04
7.758655119687318802e-04
5.984467570669949055e-04
5.524940206669270992e-04
6.231897277757525444e-04
5.981007707305252552e-04
5.423255497589707375e-04
8.269172394648194313e-04
5.222216714173555374e-04
5.246054497547447681e-04
5.633328109979629517e-04
7.576249772682785988e-04
5.635936395265161991e-04
5.205586785450577736e-04
5.238548037596046925e-04
7.956263143569231033e-04
5.750313866883516312e-04
5.193405668251216412e-04
5.709443939849734306e-04
5.826799315400421619e-04
6.227334961295127869e-04
5.186294438317418098e-04
7.668728358112275600e-04
6.017547566443681717e-04
5.605820915661752224e-04
6.103130290284752846e-04
5.273534916341304779e-04
7.034123991616070271e-04
6.085552740842103958e-04
5.521330749616026878e-04
6.281174719333648682e-04
5.204300978220999241e-04
7.510606083087623119e-04
5.187026108615100384e-04
5.203755572438240051e-04
5.215036217123270035e-04
5.194813711568713188e-04
8.853835752233862877e-04
5.323349614627659321e-04
5.172953242436051369e-04
5.854804185219109058e-04
6.062916363589465618e-04
5.390910664573311806e-04
5.495071527548134327e-04
6.622071960009634495e-04
5.693590501323342323e-04
5.336468457244336605e-04
6.146605592221021652e-04
5.235963617451488972e-04
6.635687896050512791e-04
6.094750133343040943e-04
5.389873986132442951e-04
5.148577038198709488e-04
5.264556966722011566e-04
6.088506197556853294e-04
5.671934923157095909e-04
5.277579184621572495e-04
5.251390975899994373e-04
5.867339787073433399e-04
5.469674943014979362e-04
5.114056402817368507e-04
5.472880438901484013e-04
5.781855434179306030e-04
5.225083441473543644e-04
5.861229728907346725e-04
5.726993549615144730e-04
5.519989645108580589e-04
5.101071437820792198e-04
8.514178916811943054e-04
5.564495804719626904e-04
5.296611925587058067e-04
5.103355506435036659e-04
5.140542634762823582e-04
7.791864918544888496e-04
5.817337078042328358e-04
5.225777276791632175e-04
5.146833136677742004e-04
7.029360858723521233e-04
5.154821556061506271e-04
5.202531465329229832e-04
5.135918618179857731e-04
7.210145704448223114e-04
5.994773819111287594e-04
5.438681691884994507e-04
6.261716480366885662e-04
5.084904842078685760e-04
5.494208890013396740e-04
8.017711224965751171e-04
5.171984666958451271e-04
5.100254784338176250e-04
5.078659160062670708e-04
5.064272554591298103e-04
8.217386202886700630e-04
5.178686114959418774e-04
5.289374385029077530e-04
5.096853128634393215e-04
8.354393066838383675e-04
5.489700124599039555e-04
5.285994266159832478e-04
5.423714756034314632e-04
5.321153439581394196e-04
5.289728869684040546e-04
5.159604479558765888e-04
5.917173111811280251e-04
6.092868861742317677e-04
5.313665024004876614e-04
5.335683817975223064e-04
6.096877041272819042e-04
5.501777632161974907e-04
5.090491031296551228e-04
8.745601517148315907e-04
5.453435587696731091e-04
5.134275997988879681e-04
5.043495912104845047e-04
7.231449708342552185e-04
6.027170456945896149e-04
5.241568433120846748e-04
5.008737789466977119e-04
7.737220730632543564e-04
6.972949486225843430e-04
5.018351366743445396e-04
5.026090657338500023e-04
5.009020096622407436e-04
5.016163922846317291e-04
6.482527824118733406e-04
6.080442108213901520e-04
5.368563579395413399e-04
5.067246383987367153e-04
8.883014670573174953e-04
5.720459157600998878e-04
5.028757150284945965e-04
5.297640454955399036e-04
5.832074093632400036e-04
5.270577385090291500e-04
5.072207422927021980e-04
5.691569531336426735e-04
5.034148343838751316e-04
5.103540024720132351e-04
5.004720878787338734e-04
8.292656857520341873e-04
5.386585835367441177e-04
5.018207593820989132e-04
5.468875169754028320e-04
5.363926175050437450e-04
5.388846038840711117e-04
5.128894699737429619e-04
7.085669203661382198e-04
5.263650673441588879e-04
5.524175358004868031e-04
4.965349799022078514e-04
4.953271127305924892e-04
6.806866149418056011e-04
5.627342034131288528e-04
4.946790286339819431e-04
8.457897929474711418e-04
4.996872157789766788e-04
5.187453934922814369e-04
5.067152087576687336e-04
7.359163137152791023e-04
5.699435132555663586e-04
4.942519590258598328e-04
5.054008215665817261e-04
9.420485002920031548e-04
5.227405345067381859e-04
5.010070744901895523e-04
4.937894409522414207e-04
4.925166722387075424e-04
4.975693300366401672e-04
8.828839054331183434e-04
5.221382016316056252e-04
5.069740000180900097e-04
5.818704375997185707e-04
4.929126007482409477e-04
6.712351460009813309e-04
5.266285734251141548e-04
5.514184013009071350e-04
5.411718157120049000e-04
4.915364552289247513e-04
5.132865044288337231e-04
5.217752768658101559e-04
6.953018018975853920e-04
5.650353268720209599e-04
5.069168983027338982e-04
8.841087110340595245e-04
4.962629172950983047e-04
4.908465198241174221e-04
5.609436775557696819e-04
6.309531745500862598e-04
4.902016953565180302e-04
4.928492708131670952e-04
5.067187012173235416e-04
5.909697501920163631e-04
5.322305369190871716e-04
4.872900899499654770e-04
4.866012313868850470e-04
5.021541728638112545e-04
5.116455140523612499e-04
4.980470403097569942e-04
4.936482291668653488e-04
4.920631763525307178e-04
7.685871096327900887e-04
5.629643565043807030e-04
5.348236300051212311e-04
5.602024612016975880e-04
5.480967229232192039e-04
5.833941977471113205e-04
4.868960240855813026e-04
1.068874611519277096e-03
5.637657013721764088e-04
4.919461207464337349e-04
4.850706318393349648e-04
6.481013842858374119e-04
5.958632682450115681e-04
5.233421106822788715e-04
4.865191003773361444e-04
1.128973206505179405e-03
5.688754608854651451e-04
4.823673225473612547e-04
4.828349919989705086e-04
4.849169636145234108e-04
7.238156395033001900e-04
5.217139841988682747e-04
4.911435535177588463e-04
4.826884251087903976e-04
4.890176933258771896e-04
7.844617357477545738e-04
5.299713811837136745e-04
5.420141387730836868e-04
5.084492731839418411e-04
5.927682504989206791e-04
5.587319028563797474e-04
5.200534942559897900e-04
5.273483111523091793e-04
5.672315601259469986e-04
5.744805093854665756e-04
4.792078980244696140e-04
6.738898809999227524e-04
5.277691525407135487e-04
5.145174800418317318e-04
5.791021976619958878e-04
5.746877286583185196e-04
5.155443795956671238e-04
4.907994880340993404e-04
7.049656705930829048e-04
4.852410056628286839e-04
4.782589385285973549e-04
5.043066339567303658e-04
6.890494260005652905e-04
5.239982274360954762e-04
4.774859407916665077e-04
4.758420691359788179e-04
4.871077544521540403e-04
4.861144407186657190e-04
5.078308167867362499e-04
4.754749243147671223e-04
4.748790524899959564e-04
5.135268438607454300e-04
5.318462499417364597e-04
4.900115891359746456e-04
4.814613203052431345e-04
4.905292298644781113e-04
4.810350365005433559e-04
4.762105818372219801e-04
4.861296911258250475e-04
4.769714141730219126e-04
8.693887502886354923e-04
4.814131243620067835e-04
4.732714151032269001e-04
5.747232353314757347e-04
5.341882351785898209e-04
5.043523851782083511e-04
5.263366620056331158e-04
5.872714100405573845e-04
4.907745169475674629e-04
5.574203096330165863e-04
5.113356746733188629e-04
4.787390644196420908e-04
7.511856383644044399e-04
5.475637735798954964e-04
5.027483566664159298e-04
5.583917372860014439e-04
5.089625483378767967e-04
4.762468743138015270e-04
7.081468938849866390e-04
4.865772207267582417e-04
4.818500019609928131e-04
4.756869748234748840e-04
7.285616593435406685e-04
5.516774253919720650e-04
5.130291683599352837e-04
5.491800839081406593e-04
4.795322893187403679e-04
6.168104009702801704e-04
5.234434502199292183e-04
4.683711449615657330e-04
5.002414691261947155e-04
5.444264388643205166e-04
4.804764757864177227e-04
5.536722019314765930e-04
5.000708624720573425e-04
4.810960672330111265e-04
6.119980826042592525e-04
4.769045626744627953e-04
6.766963051632046700e-04
5.145907052792608738e-04
4.842280759476125240e-04
5.315365269780158997e-04
5.209328373894095421e-04
4.873727739322930574e-04
5.701953778043389320e-04
4.795799613930284977e-04
4.756173002533614635e-04
4.664142034016549587e-04
1.099600805900990963e-03
5.398776847869157791e-04
4.768550861626863480e-04
4.665147280320525169e-04
4.648944595828652382e-04
5.039711832068860531e-04
4.662151623051613569e-04
4.778832662850618362e-04
5.093789077363908291e-04
5.997332627885043621e-04
4.970806185156106949e-04
5.081969429738819599e-04
4.765177145600318909e-04
5.321782082319259644e-04
5.126358591951429844e-04
4.999648663215339184e-04
4.635459335986524820e-04
9.109346428886055946e-04
5.141447181813418865e-04
4.656278470065444708e-04
4.661633865907788277e-04
4.772450192831456661e-04
6.270793965086340904e-04
4.862890637014061213e-04
4.626715090125799179e-04
7.330635562539100647e-04
5.400301888585090637e-04
4.944619140587747097e-04
5.076681845821440220e-04
4.619777610059827566e-04
4.819609457626938820e-04
4.886753740720450878e-04
7.142977556213736534e-04
5.345644312910735607e-04
4.655412631109356880e-04
8.733124705031514168e-04
5.031737964600324631e-04
4.773561959154903889e-04
4.958326462656259537e-04
5.120538407936692238e-04
4.600191023200750351e-04
5.794441676698625088e-04
4.668113251682370901e-04
5.244082421995699406e-04
4.707764019258320332e-04
7.251388160511851311e-04
5.155950202606618404e-04
4.575882339850068092e-04
4.867662210017442703e-04
5.418631481006741524e-04
4.572014731820672750e-04
5.486014997586607933e-04
4.627823655027896166e-04
6.563625065609812737e-04
5.456823273561894894e-04
4.880326159764081240e-04
5.823380197398364544e-04
4.680292622651904821e-04
6.320706452243030071e-04
4.807767691090703011e-04
4.574702179525047541e-04
7.263715961016714573e-04
5.339816561900079250e-04
4.964499385096132755e-04
5.565420724451541901e-04
4.640475090127438307e-04
4.546808195300400257e-04
1.305722631514072418e-03
5.990795907564461231e-04
4.640295810531824827e-04
4.566766147036105394e-04
4.530463193077594042e-04
4.535008338280022144e-04
5.336544127203524113e-04
5.595847615040838718e-04
4.751293163280934095e-04
4.770584055222570896e-04
6.147502572275698185e-04
4.881288332398980856e-04
4.603963170666247606e-04
6.312340847216546535e-04
4.895048914477229118e-04
4.537884960882365704e-04
4.606308939401060343e-04
8.446577121503651142e-04
4.559163353405892849e-04
4.546412965282797813e-04
4.566580755636096001e-04
4.933727905154228210e-04
4.752576351165771484e-04
4.503855016082525253e-04
4.501737130340188742e-04
5.060317926108837128e-04
4.619714163709431887e-04
4.685735621023923159e-04
5.140851135365664959e-04
5.218607839196920395e-04
4.525417753029614687e-04
9.198363986797630787e-04
4.711723304353654385e-04
4.621927218977361917e-04
4.533186438493430614e-04
5.021740798838436604e-04
4.935920587740838528e-04
4.882110515609383583e-04
4.568582808133214712e-04
8.031227043829858303e-04
4.479509370867162943e-04
4.491885483730584383e-04
4.624649009201675653e-04
5.110256606712937355e-04
4.841610207222402096e-04
4.467621620278805494e-04
4.467371909413486719e-04
4.600159591063857079e-04
4.713111848104745150e-04
4.626825102604925632e-04
4.505643737502396107e-04
4.555666819214820862e-04
7.249599439091980457e-04
5.191540694795548916e-04
4.742781457025557756e-04
5.552288494072854519e-04
5.100065027363598347e-04
4.549440345726907253e-04
8.111772476695477962e-04
5.036356742493808270e-04
4.587244766298681498e-04
4.435611481312662363e-04
6.175864837132394314e-04
5.106977187097072601e-04
4.563576076179742813e-04
4.442714562173932791e-04
4.439067852217704058e-04
4.428197862580418587e-04
5.462194094434380531e-04
6.117472657933831215e-04
4.549702571239322424e-04
4.460616037249565125e-04
6.024590111337602139e-04
5.063639255240559578e-04
4.444139485713094473e-04
8.051588083617389202e-04
4.705158935394138098e-04
4.574596241582185030e-04
4.736011032946407795e-04
4.798186128027737141e-04
4.512082377914339304e-04
4.422888159751892090e-04
4.724274622276425362e-04
4.821438633371144533e-04
4.515664477366954088e-04
4.416760348249226809e-04
4.560319357551634312e-04
4.497870686464011669e-04
4.416476003825664520e-04
4.526055126916617155e-04
4.393525887280702591e-04
7.477501640096306801e-04
4.453425353858619928e-04
4.496870387811213732e-04
4.388377128634601831e-04
4.627297166734933853e-04
4.462708311621099710e-04
4.833875573240220547e-04
4.577531653922051191e-04
6.400285637937486172e-04
4.929927526973187923e-04
4.720134020317345858e-04
4.746104241348803043e-04
5.299382028169929981e-04
4.387521184980869293e-04
4.424634389579296112e-04
4.835186409763991833e-04
4.526449192781001329e-04
4.411933769006282091e-04
5.319789052009582520e-04
5.164575413800776005e-04
4.724847676698118448e-04
4.449681728146970272e-04
9.026451152749359608e-04
4.940638900734484196e-04
4.531684389803558588e-04
4.360746825113892555e-04
1.063180156052112579e-03
5.461761611513793468e-04
4.478352493606507778e-04
4.386950458865612745e-04
4.343455075286328793e-04
6.753909401595592499e-04
4.541371308732777834e-04
4.524143005255609751e-04
4.341834865044802427e-04
4.346908826846629381e-04
4.928340204060077667e-04
5.715381703339517117e-04
4.339644219726324081e-04
4.330085648689419031e-04
5.387968849390745163e-04
5.623951437883079052e-04
4.521766677498817444e-04
4.569902666844427586e-04
5.395501502789556980e-04
4.329082439653575420e-04
5.073076463304460049e-04
4.834208812098950148e-04
4.570818855427205563e-04
4.369189264252781868e-04
4.494787717703729868e-04
4.313660028856247663e-04
4.868791438639163971e-04
4.335490521043539047e-04
4.317472339607775211e-04
5.889976164326071739e-04
4.754754772875458002e-04
4.374900599941611290e-04
4.947472480125725269e-04
6.781846168451011181e-04
4.613294440787285566e-04
4.305596230551600456e-04
4.314191755838692188e-04
6.550810649059712887e-04
4.954194300808012486e-04
4.498482448980212212e-04
4.344363114796578884e-04
6.766021833755075932e-04
5.215069395489990711e-04
4.661866114474833012e-04
5.443166592158377171e-04
4.315526748541742563e-04
4.278632113710045815e-04
1.946247066371142864e-03
6.036411505192518234e-04
4.468978149816393852e-04
4.277626867406070232e-04
4.271768557373434305e-04
4.270084318704903126e-04
4.282029985915869474e-04
5.977363325655460358e-04
5.406603449955582619e-04
4.564767295960336924e-04
4.397071606945246458e-04
6.589614204131066799e-04
4.812219995073974133e-04
4.361089959274977446e-04
4.252720391377806664e-04
4.702879814431071281e-04
5.082056159153580666e-04
4.558781511150300503e-04
4.270597419235855341e-04
4.249425837770104408e-04
4.244394076522439718e-04
4.269296186976134777e-04
8.881094981916248798e-04
4.324181354604661465e-04
4.349936498329043388e-04
4.458685871213674545e-04
6.060423911549150944e-04
4.257296095602214336e-04
4.706376930698752403e-04
5.730984848923981190e-04
4.346622736193239689e-04
6.918819271959364414e-04
4.313187964726239443e-04
4.722631420008838177e-04
5.586654297076165676e-04
4.254577506799250841e-04
9.082288597710430622e-04
4.478614719118922949e-04
4.384530475363135338e-04
4.235801461618393660e-04
9.911969536915421486e-04
4.988165455870330334e-04
4.236829699948430061e-04
4.240440612193197012e-04
4.672323120757937431e-04
4.268880875315517187e-04
4.302694287616759539e-04
4.839284229092299938e-04
4.819856549147516489e-04
4.691356443800032139e-04
4.315074766054749489e-04
4.519420035649091005e-04
4.202504933346062899e-04
4.622498527169227600e-04
7.353604887612164021e-04
4.596362996380776167e-04
4.275993851479142904e-04
4.200543335173279047e-04
4.188246966805309057e-04
4.370932583697140217e-04
4.311997327022254467e-04
4.272492369636893272e-04
4.261844442225992680e-04
4.182669508736580610e-04
5.206559435464441776e-04
5.202378379181027412e-04
4.257561522535979748e-04
4.228875041007995605e-04
4.183199198450893164e-04
7.316088303923606873e-04
4.255431995261460543e-04
4.334980912972241640e-04
4.207781748846173286e-04
4.208176396787166595e-04
7.877278840169310570e-04
4.251081263646483421e-04
4.265124734956771135e-04
4.169763415120542049e-04
4.332732059992849827e-04
4.666680179070681334e-04
4.698365228250622749e-04
4.338703001849353313e-04
5.152294761501252651e-04
4.532830207608640194e-04
4.283896414563059807e-04
5.410864250734448433e-04
4.155120695941150188e-04
7.427292875945568085e-04
4.738938296213746071e-04
4.525296972133219242e-04
4.907765542156994343e-04
4.154675407335162163e-04
4.174436908215284348e-04
4.933652235195040703e-04
5.952107021585106850e-04
4.197570669930428267e-04
4.173663910478353500e-04
5.152951925992965698e-04
4.575197235681116581e-04
4.296173574402928352e-04
5.322252982296049595e-04
4.131643217988312244e-04
6.605859380215406418e-04
5.016782670281827450e-04
4.478708724491298199e-04
5.380763905122876167e-04
4.139557713642716408e-04
6.045754998922348022e-04
4.539945512078702450e-04
4.630276525858789682e-04
5.174487014301121235e-04
4.291149380151182413e-04
4.138911026529967785e-04
4.627364978659898043e-04
6.157729658298194408e-04
4.480320785660296679e-04
4.139243974350392818e-04
4.233395447954535484e-04
7.505746907554566860e-04
4.405005311127752066e-04
4.442054778337478638e-04
5.850424640811979771e-04
4.365064378362149000e-04
4.756529815495014191e-04
4.904645029455423355e-04
4.140446544624865055e-04
4.806042416021227837e-04
4.486070538405328989e-04
5.332978325895965099e-04
4.329887742642313242e-04
4.551789024844765663e-04
4.126584390178322792e-04
4.281992733012884855e-04
4.280181892681866884e-04
7.611397304572165012e-04
4.458714392967522144e-04
4.402224440127611160e-04
5.190151277929544449e-04
4.284107999410480261e-04
4.085423424839973450e-04
5.326214013621211052e-04
5.703727947548031807e-04
4.193036584183573723e-04
4.127612628508359194e-04
5.227335495874285698e-04
4.624860594049096107e-04
4.227914323564618826e-04
5.333580775186419487e-04
4.068021080456674099e-04
6.171463173814117908e-04
4.728140775114297867e-04
4.065082466695457697e-04
7.061644573695957661e-04
4.104522522538900375e-04
4.145186394453048706e-04
4.054993914905935526e-04
4.325769841670989990e-04
4.272564838174730539e-04
4.539134970400482416e-04
4.213460197206586599e-04
5.277973250485956669e-04
4.440317570697516203e-04
4.068788548465818167e-04
6.678010104224085808e-04
4.793562402483075857e-04
4.365618224255740643e-04
5.320124910213053226e-04
4.045971727464348078e-04
6.184151861816644669e-04
4.141685494687408209e-04
4.063131345901638269e-04
4.093392344657331705e-04
4.039654741063714027e-04
6.752246990799903870e-04
4.338686412665992975e-04
4.225208540447056293e-04
4.108334833290427923e-04
5.765347741544246674e-04
4.901997162960469723e-04
4.314989491831511259e-04
5.225630593486130238e-04
4.022717475891113281e-04
6.268198485486209393e-04
4.701586731243878603e-04
4.044107336085289717e-04
4.193286877125501633e-04
7.596546784043312073e-04
4.066771361976861954e-04
4.065899702254682779e-04
4.011148412246257067e-04
4.011091077700257301e-04
4.063291416969150305e-04
7.463477086275815964e-04
4.049480194225907326e-04
4.052525910083204508e-04
4.003921931143850088e-04
4.059913626406341791e-04
7.846775115467607975e-04
4.530225705821067095e-04
4.054880992043763399e-04
3.997129679191857576e-04
4.974491894245147705e-04
5.807523848488926888e-04
4.267811309546232224e-04
4.116335767321288586e-04
4.075300239492207766e-04
8.317425381392240524e-04
4.694245290011167526e-04
4.048505797982215881e-04
4.139782686252146959e-04
7.085228571668267250e-04
4.002975765615701675e-04
4.028458497487008572e-04
3.997579915449023247e-04
1.040840637870132923e-03
4.561642417684197426e-04
4.122257232666015625e-04
3.998649481218308210e-04
3.976607404183596373e-04
3.995924780610948801e-04
1.087724813260138035e-03
4.896799218840897083e-04
4.143953265156596899e-04
4.019851621706038713e-04
4.056158941239118576e-04
6.724855047650635242e-04
4.585220594890415668e-04
3.971028781961649656e-04
4.178180533926934004e-04
5.933131906203925610e-04
3.995982115156948566e-04
4.127404536120593548e-04
6.678393110632896423e-04
4.638256796170026064e-04
4.155661445111036301e-04
4.092887393198907375e-04
5.015389178879559040e-04
4.225962620694190264e-04
3.983588248956948519e-04
4.010103002656251192e-04
8.337808540090918541e-04
3.981614136137068272e-04
4.028956755064427853e-04
4.055508470628410578e-04
8.221094030886888504e-04
3.962930059060454369e-04
3.941078903153538704e-04
4.870638658758252859e-04
4.915819154120981693e-04
4.187048762105405331e-04
3.957006265409290791e-04
9.742302936501801014e-04
4.579265951178967953e-04
3.933050902560353279e-04
3.924945776816457510e-04
4.259480338077992201e-04
4.760998999699950218e-04
3.961835172958672047e-04
4.011923156213015318e-04
3.984287614002823830e-04
9.223977685905992985e-04
4.484129894990473986e-04
4.030718118883669376e-04
4.049943818245083094e-04
7.288969354704022408e-04
3.996424202341586351e-04
4.212313506286591291e-04
6.043682806193828583e-04
4.431997076608240604e-04
4.119587247259914875e-04
5.576680996455252171e-04
5.210571107454597950e-04
3.938574518542736769e-04
4.275418759789317846e-04
5.118602421134710312e-04
4.519189824350178242e-04
3.965984797105193138e-04
9.890886722132563591e-04
4.855268343817442656e-04
3.935786080546677113e-04
3.900283772964030504e-04
4.808378580491989851e-04
5.095665692351758480e-04
3.962609334848821163e-04
4.072726005688309669e-04
6.588800461031496525e-04
4.642246058210730553e-04
4.173060879111289978e-04
5.582541343756020069e-04
4.613577621057629585e-04
4.175652866251766682e-04
6.646048277616500854e-04
4.636982339434325695e-04
4.045359091833233833e-04
6.517609581351280212e-04
4.344415501691401005e-04
3.958485613111406565e-04
7.700921851210296154e-04
4.580683598760515451e-04
3.930313978344202042e-04
3.983156057074666023e-04
7.572567556053400040e-04
3.976975276600569487e-04
3.881397715304046869e-04
5.142467562109231949e-04
4.677019023802131414e-04
4.031301359646022320e-04
4.960265359841287136e-04
3.898328286595642567e-04
4.529572033789008856e-04
4.552188620436936617e-04
4.077994381077587605e-04
4.610379983205348253e-04
4.348159709479659796e-04
5.197479040361940861e-04
4.377878212835639715e-04
4.383929481264203787e-04
4.616023506969213486e-04
3.906344354618340731e-04
4.844052309636026621e-04
3.928700461983680725e-04
4.207030578982084990e-04
6.272872560657560825e-04
4.319798026699572802e-04
3.846399195026606321e-04
3.832643851637840271e-04
4.074155585840344429e-04
4.616965306922793388e-04
4.032661672681570053e-04
3.871299559250473976e-04
3.908416547346860170e-04
6.299991509877145290e-04
4.797007422894239426e-04
4.176042566541582346e-04
4.066409019287675619e-04
4.654376534745097160e-04
4.201642877887934446e-04
3.919222508557140827e-04
6.206400576047599316e-04
4.570659948512911797e-04
3.921226016245782375e-04
7.021581404842436314e-04
4.355646087788045406e-04
4.088185087312012911e-04
6.018815911374986172e-04
4.508946440182626247e-04
4.038446350023150444e-04
7.404806674458086491e-04
3.913904947694391012e-04
4.024595546070486307e-04
5.138730630278587341e-04
5.000734236091375351e-04
4.020974447485059500e-04
3.816796815954148769e-04
1.123775029554963112e-03
4.874107253272086382e-04
3.933465050067752600e-04
3.840271965600550175e-04
3.892347740475088358e-04
6.702287937514483929e-04
4.327317001298069954e-04
3.836610703729093075e-04
3.874640387948602438e-04
7.469335105270147324e-04
4.433788999449461699e-04
3.868589701596647501e-04
3.894203982781618834e-04
7.626563892699778080e-04
3.844929742626845837e-04
3.785392909776419401e-04
4.898172919638454914e-04
4.727077903226017952e-04
4.102377861272543669e-04
3.773759235627949238e-04
4.749358049593865871e-04
4.071798757649958134e-04
4.208025929983705282e-04
3.783129213843494654e-04
3.780084371101111174e-04
3.777087258640676737e-04
4.029719857499003410e-04
3.826155152637511492e-04
4.144807753618806601e-04
3.887461498379707336e-04
4.299234424252063036e-04
4.110393347218632698e-04
4.051371361128985882e-04
3.856464754790067673e-04
7.367429207079112530e-04
3.904952318407595158e-04
3.851100336760282516e-04
3.844015009235590696e-04
4.396068106871098280e-04
4.190409672446548939e-04
3.826371103059500456e-04
3.767294401768594980e-04
3.754812642000615597e-04
8.319070329889655113e-04
4.143845580983906984e-04
3.764699213206768036e-04
3.782375715672969818e-04
3.797641547862440348e-04
8.854676852934062481e-04
4.104896797798573971e-04
3.878622082993388176e-04
3.738378873094916344e-04
4.203677526675164700e-04
5.580113502219319344e-04
4.276346007827669382e-04
3.746698494069278240e-04
3.743138222489506006e-04
3.738012746907770634e-04
3.757290833164006472e-04
9.681185474619269371e-04
4.629583272617310286e-04
3.732177719939500093e-04
3.751131007447838783e-04
4.347715876065194607e-04
5.636622081510722637e-04
3.891251981258392334e-04
3.798671241383999586e-04
3.841987345367670059e-04
6.136962911114096642e-04
4.339376755524426699e-04
3.731021715793758631e-04
3.897835267707705498e-04
6.347844027914106846e-04
3.848400083370506763e-04
3.715728526003658772e-04
5.603303434327244759e-04
4.694689705502241850e-04
3.827853070106357336e-04
3.710295422933995724e-04
4.825480864383280277e-04
5.323402583599090576e-04
3.967825323343276978e-04
3.718858642969280481e-04
3.771614865399897099e-04
8.321019704453647137e-04
4.333089746069163084e-04
3.787002351600676775e-04
3.836646792478859425e-04
6.834639934822916985e-04
3.765171859413385391e-04
3.704151022247970104e-04
5.392002640292048454e-04
4.668456967920064926e-04
3.860959550365805626e-04
3.771189658436924219e-04
6.660553626716136932e-04
3.985494258813560009e-04
3.747155715245753527e-04
3.691883175633847713e-04
4.946679691784083843e-04
5.206122295930981636e-04
3.959468449465930462e-04
3.726356953848153353e-04
3.893310786224901676e-04
3.787627210840582848e-04
3.869078645948320627e-04
3.693883481901139021e-04
3.844941093120723963e-04
3.888531646225601435e-04
3.917020221706479788e-04
3.677935164887458086e-04
3.972314880229532719e-04
4.102312086615711451e-04
3.821693826466798782e-04
4.115446936339139938e-04
4.109624715056270361e-04
3.799774858634918928e-04
4.034182347822934389e-04
3.788158937823027372e-04
4.037390172015875578e-04
3.851373621728271246e-04
5.476065562106668949e-04
4.527943383436650038e-04
3.794719232246279716e-04
6.257449276745319366e-04
4.318245919421315193e-04
3.690986486617475748e-04
1.000473042950034142e-03
4.454438167158514261e-04
3.659550566226243973e-04
3.672320162877440453e-04
4.297775158192962408e-04
5.607673083432018757e-04
3.998882311861962080e-04
3.715580096468329430e-04
3.707777941599488258e-04
8.304866496473550797e-04
4.052780568599700928e-04
3.811984497588127851e-04
3.706423740368336439e-04
8.128293557092547417e-04
3.818763070739805698e-04
3.777499077841639519e-04
4.060090868733823299e-04
3.857320116367191076e-04
3.669788420666009188e-04
4.484830715227872133e-04
4.081350634805858135e-04
3.878422721754759550e-04
4.335769626777619123e-04
3.956105210818350315e-04
4.509789287112653255e-04
3.817586111836135387e-04
4.319962463341653347e-04
4.402569320518523455e-04
3.790272749029099941e-04
3.836149699054658413e-04
6.533832638524472713e-04
3.912330139428377151e-04
4.040610801894217730e-04
4.603567940648645163e-04
4.268983611837029457e-04
4.189107858110219240e-04
4.200875118840485811e-04
4.148104635532945395e-04
4.172914486844092607e-04
3.662657109089195728e-04
3.706853021867573261e-04
4.289711941964924335e-04
3.956020227633416653e-04
4.586072755046188831e-04
3.636920882854610682e-04
5.287016974762082100e-04
4.153456538915634155e-04
3.611380525398999453e-04
5.417861393652856350e-04
4.265317402314394712e-04
3.831834183074533939e-04
3.608307160902768373e-04
3.847065381705760956e-04
4.178371455054730177e-04
4.097759956493973732e-04
3.778526152018457651e-04
4.890168784186244011e-04
3.979940665885806084e-04
3.599569317884743214e-04
5.357277696020901203e-04
4.489667771849781275e-04
3.769452450796961784e-04
3.622537187766283751e-04
5.944280419498682022e-04
4.596316139213740826e-04
3.694894548971205950e-04
3.768838942050933838e-04
4.590797179844230413e-04
4.068196576554328203e-04
3.675663319882005453e-04
3.601540811359882355e-04
1.222516177222132683e-03
4.199388495180755854e-04
3.604948869906365871e-04
3.615419846028089523e-04
3.597208706196397543e-04
5.134571692906320095e-04
4.793438420165330172e-04
3.610590356402099133e-04
3.609310660976916552e-04
4.628546594176441431e-04
5.071100895293056965e-04
3.836231189779937267e-04
3.628202248364686966e-04
3.620378847699612379e-04
9.204700472764670849e-04
3.752042539417743683e-04
3.606229147408157587e-04
3.573251597117632627e-04
3.653430030681192875e-04
6.551634869538247585e-04
4.145988496020436287e-04
3.584339865483343601e-04
3.609764389693737030e-04
7.470920099876821041e-04
3.660591610241681337e-04
3.726476279553025961e-04
3.635787288658320904e-04
7.364185876213014126e-04
3.647631965577602386e-04
3.560197947081178427e-04
4.330877272877842188e-04
4.343258333392441273e-04
3.824917366728186607e-04
3.707681025844067335e-04
6.351487245410680771e-04
3.595271846279501915e-04
3.715335624292492867e-04
6.556379375979304314e-04
4.228313337080180645e-04
3.808078181464225054e-04
3.889992949552834034e-04
3.624915843829512596e-04
3.902196767739951611e-04
3.709504962898790836e-04
5.537656834349036217e-04
4.204395809210836887e-04
3.559971810318529606e-04
5.772164440713822842e-04
4.016681632492691278e-04
3.719117084983736277e-04
3.558050957508385181e-04
3.570252738427370787e-04
9.551515104249119759e-04
3.705240087583661079e-04
3.580157645046710968e-04
3.542483609635382891e-04
3.530471585690975189e-04
3.868559724651277065e-04
5.825175903737545013e-04
3.771336923819035292e-04
3.623584052547812462e-04
3.537266165949404240e-04
3.530267567839473486e-04
3.534435818437486887e-04
3.887018247041851282e-04
3.706773568410426378e-04
3.885125333908945322e-04
3.648153215181082487e-04
6.808605976402759552e-04
3.850142529699951410e-04
3.862004086840897799e-04
5.312780267558991909e-04
3.898530849255621433e-04
4.463024088181555271e-04
3.652451559901237488e-04
5.396584165282547474e-04
4.113678005523979664e-04
3.558265452738851309e-04
3.746395523194223642e-04
4.124438273720443249e-04
3.825872845482081175e-04
