4.183680284768342972e-03
2.180897397920489311e-03
1.926677883602678776e-03
1.864146790467202663e-03
1.844951999373733997e-03
1.831799629144370556e-03
1.820849021896719933e-03
1.810605521313846111e-03
1.801120466552674770e-03
1.793174888007342815e-03
1.785785192623734474e-03
1.778577337972819805e-03
1.770755741745233536e-03
1.763951499015092850e-03
1.757029094733297825e-03
1.749842544086277485e-03
1.742999185808002949e-03
1.736405538395047188e-03
1.729826326481997967e-03
1.723291701637208462e-03
1.716749859042465687e-03
1.710219192318618298e-03
1.703937072306871414e-03
1.697533414699137211e-03
1.690907985903322697e-03
1.684726332314312458e-03
1.678655156865715981e-03
1.672677579335868359e-03
1.666676718741655350e-03
1.660660142078995705e-03
1.654255669564008713e-03
1.648010569624602795e-03
1.641842070966959000e-03
1.635848428122699261e-03
1.629536738619208336e-03
1.623526331968605518e-03
1.617055851966142654e-03
1.611669897101819515e-03
1.605350640602409840e-03
1.599030103534460068e-03
1.593512133695185184e-03
1.588062383234500885e-03
1.582648372277617455e-03
1.575654721818864346e-03
1.572678913362324238e-03
1.566745806485414505e-03
1.559062628075480461e-03
1.555611146613955498e-03
1.552504603751003742e-03
1.549065462313592434e-03
1.549422042444348335e-03
1.537785166874527931e-03
1.550347660668194294e-03
1.524369348771870136e-03
1.520892954431474209e-03
1.583518343977630138e-03
1.511968788690865040e-03
1.512588001787662506e-03
1.529258326627314091e-03
1.519175828434526920e-03
1.499539357610046864e-03
1.582518336363136768e-03
1.535797608084976673e-03
1.492853858508169651e-03
1.483571715652942657e-03
1.665623858571052551e-03
1.510012894868850708e-03
1.470655435696244240e-03
1.573540386743843555e-03
1.484362524934113026e-03
1.483264262787997723e-03
1.572392764501273632e-03
1.475603086873888969e-03
1.463416498154401779e-03
1.648974139243364334e-03
1.476237783208489418e-03
1.444967580027878284e-03
1.474268850870430470e-03
1.440673833712935448e-03
1.440033549442887306e-03
1.618816750124096870e-03
1.476570847444236279e-03
1.437831786461174488e-03
1.433584140613675117e-03
1.588071929290890694e-03
1.422191737219691277e-03
1.429809606634080410e-03
1.679879380390048027e-03
1.453715725801885128e-03
1.413821242749691010e-03
1.471685478463768959e-03
1.460599014535546303e-03
1.430779462680220604e-03
1.437816652469336987e-03
1.456960686482489109e-03
1.470257295295596123e-03
1.414767000824213028e-03
1.407755655236542225e-03
1.485788263380527496e-03
1.391922472976148129e-03
1.472866977564990520e-03
1.404884620569646358e-03
1.396490959450602531e-03
1.450578565709292889e-03
1.383726135827600956e-03
1.394854742102324963e-03
1.405812334269285202e-03
1.380332279950380325e-03
1.377854379825294018e-03
1.567842438817024231e-03
1.371522666886448860e-03
1.367270015180110931e-03
1.584308454766869545e-03
1.414715661667287350e-03
1.373381353914737701e-03
1.363923074677586555e-03
1.390061108395457268e-03
1.471782568842172623e-03
1.359746907837688923e-03
1.357662375085055828e-03
1.351685379631817341e-03
1.724359113723039627e-03
1.379705965518951416e-03
1.353318337351083755e-03
1.345738768577575684e-03
1.345170894637703896e-03
1.554330927319824696e-03
1.352895866148173809e-03
1.346214441582560539e-03
1.344543416053056717e-03
1.380797824822366238e-03
1.361133530735969543e-03
1.349287224002182484e-03
1.433397410437464714e-03
1.381432753987610340e-03
1.328162499703466892e-03
1.830950495786964893e-03
1.323843025602400303e-03
1.329617574810981750e-03
1.319261500611901283e-03
1.327781588770449162e-03
1.370999380014836788e-03
1.343317329883575439e-03
1.330059603787958622e-03
1.400192850269377232e-03
1.348509918898344040e-03
1.312647480517625809e-03
1.319702831096947193e-03
1.341427559964358807e-03
1.308122184127569199e-03
1.302213408052921295e-03
1.339243608526885509e-03
1.415732782334089279e-03
1.312053529545664787e-03
1.306219841353595257e-03
1.436993363313376904e-03
1.344530028291046619e-03
1.322612632066011429e-03
1.342031173408031464e-03
1.358188921585679054e-03
1.339793321676552296e-03
1.310136634856462479e-03
1.349383266642689705e-03
1.285148668102920055e-03
1.345641328953206539e-03
1.314670662395656109e-03
1.286140177398920059e-03
1.279255026020109653e-03
1.313438988290727139e-03
1.400039996951818466e-03
1.294527784921228886e-03
1.277449424378573895e-03
1.316902344115078449e-03
1.373161794617772102e-03
1.284748082980513573e-03
1.266292878426611423e-03
1.290551386773586273e-03
1.419185195118188858e-03
1.274723792448639870e-03
1.263368525542318821e-03
1.261824043467640877e-03
1.480652950704097748e-03
1.274557085707783699e-03
1.262500649318099022e-03
1.252964138984680176e-03
1.715379068627953529e-03
1.274305046536028385e-03
1.250861561857163906e-03
1.247396925464272499e-03
1.327497651800513268e-03
1.326238387264311314e-03
1.248119166120886803e-03
1.305387704633176327e-03
1.313905697315931320e-03
1.260213670320808887e-03
1.237726653926074505e-03
1.758351107127964497e-03
1.300966250710189342e-03
1.252026413567364216e-03
1.233817194588482380e-03
1.232113339938223362e-03
1.230568392202258110e-03
1.247023115865886211e-03
1.249613473191857338e-03
1.235089614056050777e-03
1.231862814165651798e-03
1.349708531051874161e-03
1.226517721079289913e-03
1.224522944539785385e-03
1.220885314978659153e-03
1.338729867711663246e-03
1.270909910090267658e-03
1.220360398292541504e-03
1.243128906935453415e-03
1.241776393726468086e-03
1.214144052937626839e-03
1.326006138697266579e-03
1.254451926797628403e-03
1.213320181705057621e-03
1.271219924092292786e-03
1.231622300110757351e-03
1.213635783642530441e-03
1.206420129165053368e-03
1.206100452691316605e-03
1.208520145155489445e-03
1.357270870357751846e-03
1.239097677171230316e-03
1.214746851474046707e-03
1.246104016900062561e-03
1.307134632952511311e-03
1.198304351419210434e-03
1.197156147100031376e-03
1.278988085687160492e-03
1.206043642014265060e-03
1.215162221342325211e-03
1.196108991280198097e-03
1.193473930470645428e-03
1.317046466283500195e-03
1.254593487828969955e-03
1.205021282657980919e-03
1.199784805066883564e-03
1.287763356231153011e-03
1.216125208884477615e-03
1.184141729027032852e-03
1.183557440526783466e-03
1.465977868065237999e-03
1.224761945195496082e-03
1.181589905172586441e-03
1.180487801320850849e-03
1.338358619250357151e-03
1.230819150805473328e-03
1.204581116326153278e-03
1.237240387126803398e-03
1.199213205836713314e-03
1.175937824882566929e-03
1.348452293314039707e-03
1.200871774926781654e-03
1.223869039677083492e-03
1.169177237898111343e-03
1.210500136949121952e-03
1.166510512121021748e-03
1.800861908122897148e-03
1.237896038219332695e-03
1.163861830718815327e-03
1.162565429694950581e-03
1.161703024990856647e-03
1.195576391182839870e-03
1.181786064989864826e-03
1.184392254799604416e-03
1.160505809821188450e-03
1.596562564373016357e-03
1.191983697935938835e-03
1.164760789833962917e-03
1.158156082965433598e-03
1.216607051901519299e-03
1.261563273146748543e-03
1.156255486421287060e-03
1.150127733126282692e-03
1.393861486576497555e-03
1.158995437435805798e-03
1.150053925812244415e-03
1.149244257248938084e-03
1.244508544914424419e-03
1.187965157441794872e-03
1.159833162091672421e-03
1.146098831668496132e-03
1.153385150246322155e-03
1.240819576196372509e-03
1.175800338387489319e-03
1.143079367466270924e-03
1.139086904004216194e-03
1.363686402328312397e-03
1.138348714448511600e-03
1.152324606664478779e-03
1.137054292485117912e-03
1.463356660678982735e-03
1.178573002107441425e-03
1.137267448939383030e-03
1.132101635448634624e-03
1.500008394941687584e-03
1.220945967361330986e-03
1.130367512814700603e-03
1.131018158048391342e-03
1.132787438109517097e-03
1.340048271231353283e-03
1.126289600506424904e-03
1.127689378336071968e-03
1.157970633357763290e-03
1.220633508637547493e-03
1.139816129580140114e-03
1.124474103562533855e-03
1.123041496612131596e-03
1.162457396276295185e-03
1.163550885394215584e-03
1.146093243733048439e-03
1.117469742894172668e-03
1.677413471043109894e-03
1.129212789237499237e-03
1.115033170208334923e-03
1.117605366744101048e-03
1.115590101107954979e-03
1.434185891412198544e-03
1.158938393928110600e-03
1.113496720790863037e-03
1.113895792514085770e-03
1.464457134716212749e-03
1.146306749433279037e-03
1.114943064749240875e-03
1.129842363297939301e-03
1.116457744501531124e-03
1.110277138650417328e-03
1.152397133409976959e-03
1.160433632321655750e-03
1.133843557909131050e-03
1.185576547868549824e-03
1.113060279749333858e-03
1.182358362711966038e-03
1.167841488495469093e-03
1.128405216149985790e-03
1.124267582781612873e-03
1.114429091103374958e-03
1.111158751882612705e-03
1.102900481782853603e-03
1.436597551219165325e-03
1.121569192036986351e-03
1.097786240279674530e-03
1.109383301809430122e-03
1.218290533870458603e-03
1.118906657211482525e-03
1.132596516981720924e-03
1.140421023592352867e-03
1.114319195039570332e-03
1.108253258280456066e-03
1.090418780222535133e-03
1.118604093790054321e-03
1.106569310650229454e-03
1.185713219456374645e-03
1.148207462392747402e-03
1.084380317479372025e-03
1.500808633863925934e-03
1.171206822618842125e-03
1.092571765184402466e-03
1.079077483154833317e-03
1.095454674214124680e-03
1.138009829446673393e-03
1.077699474990367889e-03
1.107148942537605762e-03
1.215558266267180443e-03
1.122530666179955006e-03
1.081587863154709339e-03
1.257377676665782928e-03
1.074766856618225574e-03
1.071183127351105213e-03
1.073907595127820969e-03
1.117318752221763134e-03
1.087144133634865284e-03
1.083938637748360634e-03
1.123261288739740849e-03
1.097553176805377007e-03
1.080702524632215500e-03
1.213523792102932930e-03
1.096288440749049187e-03
1.070612226612865925e-03
1.066982746124267578e-03
1.144889974966645241e-03
1.153874211013317108e-03
1.072575105354189873e-03
1.094521023333072662e-03
1.066814060322940350e-03
1.082254108041524887e-03
1.065236050635576248e-03
1.441503642126917839e-03
1.109482953324913979e-03
1.056100940331816673e-03
1.069069257937371731e-03
1.233186107128858566e-03
1.058797235600650311e-03
1.092455117031931877e-03
1.141146873123943806e-03
1.052790088579058647e-03
1.447587506845593452e-03
1.104263123124837875e-03
1.056947279721498489e-03
1.050117891281843185e-03
1.337981782853603363e-03
1.048319158144295216e-03
1.060533919371664524e-03
1.052420237101614475e-03
1.283471123315393925e-03
1.087126322090625763e-03
1.045611221343278885e-03
1.060387352481484413e-03
1.157972845248878002e-03
1.042518415488302708e-03
1.078596455045044422e-03
1.156564452685415745e-03
1.059985370375216007e-03
1.104764058254659176e-03
1.107607269659638405e-03
1.042355550453066826e-03
1.154479221440851688e-03
1.059166737832129002e-03
1.058307476341724396e-03
1.039604772813618183e-03
1.035987050272524357e-03
1.036770408973097801e-03
1.307841972447931767e-03
1.035186112858355045e-03
1.033341279253363609e-03
1.035068300552666187e-03
1.063365489244461060e-03
1.034070271998643875e-03
1.053647021763026714e-03
1.032602740451693535e-03
1.418967265635728836e-03
1.117828884162008762e-03
1.043077092617750168e-03
1.027518184855580330e-03
1.041762763634324074e-03
1.127103110775351524e-03
1.031952793709933758e-03
1.028969301842153072e-03
1.171148614957928658e-03
1.026331214234232903e-03
1.029882696457207203e-03
1.024531666189432144e-03
1.030667684972286224e-03
1.266573439352214336e-03
1.021079951897263527e-03
1.021686010062694550e-03
1.062330789864063263e-03
1.171515788882970810e-03
1.019269693642854691e-03
1.019417191855609417e-03
1.017978996969759464e-03
1.040300121530890465e-03
1.177937607280910015e-03
1.047679921612143517e-03
1.016642781905829906e-03
1.015107263810932636e-03
1.170023926533758640e-03
1.015071058645844460e-03
1.015882240608334541e-03
1.016470836475491524e-03
1.016043010167777538e-03
1.271001994609832764e-03
1.052332692779600620e-03
1.017090515233576298e-03
1.017547911033034325e-03
1.017586328089237213e-03
1.009865198284387589e-03
1.013255328871309757e-03
1.017784234136343002e-03
1.217426732182502747e-03
1.030424260534346104e-03
1.051882863976061344e-03
1.025531790219247341e-03
1.108322991058230400e-03
1.068676123395562172e-03
1.028053229674696922e-03
1.087279175408184528e-03
1.002071308903396130e-03
1.343914424069225788e-03
1.111363526433706284e-03
1.010278472676873207e-03
1.003706944175064564e-03
1.002748613245785236e-03
1.203114516101777554e-03
1.042911899276077747e-03
1.015960238873958588e-03
1.032150583341717720e-03
1.116553321480751038e-03
1.003914861939847469e-03
1.003994722850620747e-03
1.038515823893249035e-03
1.014538807794451714e-03
1.019834540784358978e-03
9.994598804041743279e-04
1.413698890246450901e-03
1.053691259585320950e-03
9.943109471350908279e-04
9.916503913700580597e-04
1.062570838257670403e-03
1.027697697281837463e-03
9.991513798013329506e-04
9.896011324599385262e-04
9.891288354992866516e-04
1.041980693116784096e-03
1.128733740188181400e-03
1.000580377876758575e-03
9.958369191735982895e-04
1.071681850589811802e-03
1.015483867377042770e-03
9.852746734395623207e-04
1.255285576917231083e-03
9.873041417449712753e-04
9.940689196810126305e-04
9.956468129530549049e-04
1.157079241238534451e-03
1.003474346362054348e-03
9.895059047266840935e-04
1.143686589784920216e-03
1.038754358887672424e-03
9.803720749914646149e-04
1.002062577754259109e-03
1.097645843401551247e-03
9.906188352033495903e-04
9.852475486695766449e-04
9.794104844331741333e-04
9.776385268196463585e-04
9.803069988265633583e-04
1.245097955688834190e-03
9.762361296452581882e-04
9.752253536134958267e-04
1.149302232079207897e-03
1.038052490912377834e-03
9.850176284089684486e-04
9.808244649320840836e-04
9.757587104104459286e-04
9.934131521731615067e-04
9.718667715787887573e-04
9.713828912936151028e-04
9.858144912868738174e-04
1.163252396509051323e-03
9.914854308590292931e-04
9.752351325005292892e-04
9.703942923806607723e-04
9.884308092296123505e-04
1.002645352855324745e-03
9.683140669949352741e-04
9.684257092885673046e-04
1.052683219313621521e-03
9.968859376385807991e-04
9.655616595409810543e-04
1.236627693288028240e-03
9.716733475215733051e-04
9.659188799560070038e-04
1.043088268488645554e-03
9.679459617473185062e-04
1.009970786981284618e-03
9.817192330956459045e-04
9.737039217725396156e-04
9.628375992178916931e-04
9.642139193601906300e-04
1.013383502140641212e-03
9.631029679439961910e-04
9.591481648385524750e-04
1.138062216341495514e-03
1.023137243464589119e-03
9.781402768567204475e-04
9.787303861230611801e-04
9.947937214747071266e-04
9.574194555170834064e-04
9.639858035370707512e-04
9.776450460776686668e-04
9.671552688814699650e-04
9.819350671023130417e-04
9.549848036840558052e-04
1.342730480246245861e-03
9.876609547063708305e-04
9.557328885421156883e-04
9.650069987401366234e-04
1.178630627691745758e-03
9.790849871933460236e-04
9.909146465361118317e-04
1.025906763970851898e-03
9.526231442578136921e-04
1.450947485864162445e-03
1.036307075992226601e-03
9.594685980118811131e-04
9.488305076956748962e-04
9.634246816858649254e-04
1.064857700839638710e-03
9.477273561060428619e-04
9.664046810939908028e-04
1.158110564574599266e-03
9.947492508217692375e-04
9.738630033098161221e-04
1.026584650389850140e-03
9.725043782964348793e-04
9.468896896578371525e-04
1.164004323072731495e-03
9.823559084907174110e-04
9.853870142251253128e-04
9.876179974526166916e-04
9.718215442262589931e-04
9.885324398055672646e-04
9.441824513487517834e-04
9.405773598700761795e-04
9.965081699192523956e-04
1.093732658773660660e-03
9.647954721003770828e-04
9.410679340362548828e-04
9.520696476101875305e-04
9.429689380340278149e-04
9.525577188469469547e-04
9.368669125251471996e-04
9.982608025893568993e-04
1.005426747724413872e-03
9.582050261087715626e-04
9.552660631015896797e-04
9.675971814431250095e-04
9.501199238002300262e-04
9.352304041385650635e-04
1.034271903336048126e-03
9.353799396194517612e-04
9.589034016244113445e-04
9.370179031975567341e-04
9.328639716841280460e-04
9.339587995782494545e-04
1.267016516067087650e-03
9.517908911220729351e-04
9.405491873621940613e-04
9.362422861158847809e-04
1.075527281500399113e-03
1.002394943498075008e-03
9.598064934834837914e-04
1.004735822789371014e-03
9.277021163143217564e-04
1.079681329429149628e-03
9.793029166758060455e-04
9.264028049074113369e-04
1.029175589792430401e-03
9.368095197714865208e-04
9.447215707041323185e-04
9.261510567739605904e-04
9.251750889234244823e-04
9.300537058152258396e-04
1.224562758579850197e-03
9.254596661776304245e-04
9.272531024180352688e-04
1.050519407726824284e-03
9.637227049097418785e-04
9.227374684996902943e-04
9.310422465205192566e-04
1.298930845223367214e-03
9.717538487166166306e-04
9.224788518622517586e-04
9.210646385326981544e-04
9.198764455504715443e-04
9.189278353005647659e-04
1.048897975124418736e-03
9.594965958967804909e-04
9.282778482884168625e-04
9.174899896606802940e-04
9.564747451804578304e-04
9.220229694619774818e-04
9.400913841091096401e-04
9.215862955898046494e-04
1.369097502902150154e-03
9.773016208782792091e-04
9.168485412374138832e-04
9.146464872173964977e-04
1.051911734975874424e-03
9.820004925131797791e-04
9.305337443947792053e-04
9.193738806061446667e-04
1.133056939579546452e-03
9.584003128111362457e-04
9.423987939953804016e-04
1.009968225844204426e-03
9.250291623175144196e-04
9.413197403773665428e-04
9.711710736155509949e-04
1.024369383230805397e-03
9.104012278839945793e-04
9.092902764678001404e-04
1.016080495901405811e-03
9.947884827852249146e-04
9.282474056817591190e-04
9.098016307689249516e-04
9.201794164255261421e-04
9.096519206650555134e-04
9.090909734368324280e-04
9.145038202404975891e-04
9.141851915046572685e-04
1.162299537099897861e-03
9.060164447873830795e-04
9.051591623574495316e-04
1.022516866214573383e-03
9.772344492375850677e-04
9.240297367796301842e-04
9.066287893801927567e-04
9.031550143845379353e-04
1.253194292075932026e-03
9.814739460125565529e-04
9.068171493709087372e-04
9.060447337105870247e-04
9.023661259561777115e-04
9.014799143187701702e-04
9.045419283211231232e-04
1.077891211025416851e-03
9.658798808231949806e-04
9.297440992668271065e-04
9.677732014097273350e-04
9.027810883708298206e-04
9.045869810506701469e-04
9.218422928825020790e-04
1.128938398323953152e-03
9.099581511691212654e-04
9.002859587781131268e-04
8.971068309620022774e-04
9.201468201354146004e-04
8.986701723188161850e-04
9.215677855536341667e-04
9.109664824791252613e-04
1.031716703437268734e-03
9.696276392787694931e-04
9.248443529941141605e-04
9.555709548294544220e-04
8.950720657594501972e-04
9.290798916481435299e-04
9.267991990782320499e-04
9.557188022881746292e-04
8.933242643252015114e-04
8.974135271273553371e-04
9.490592638030648232e-04
9.088260703720152378e-04
9.087237413041293621e-04
9.438483975827693939e-04
9.255463373847305775e-04
9.730912861414253712e-04
9.074426488950848579e-04
8.897483348846435547e-04
1.097273081541061401e-03
9.039794676937162876e-04
9.048219653777778149e-04
8.969776099547743797e-04
1.028975471854209900e-03
9.728317963890731335e-04
8.936100057326257229e-04
9.298347285948693752e-04
8.966827881522476673e-04
9.142248891294002533e-04
8.860758389346301556e-04
1.054325606673955917e-03
9.707668796181678772e-04
8.891704492270946503e-04
8.856338099576532841e-04
8.858529618009924889e-04
8.844580152072012424e-04
1.129111042246222496e-03
8.851724560372531414e-04
8.919485844671726227e-04
8.857171633280813694e-04
8.991050417535007000e-04
9.813506621867418289e-04
9.220684878528118134e-04
8.876590291038155556e-04
8.845054544508457184e-04
9.594256407581269741e-04
9.552199044264853001e-04
9.013256058096885681e-04
8.926169248297810555e-04
9.563787025399506092e-04
9.171108249574899673e-04
8.828313439153134823e-04
8.959419210441410542e-04
8.844526018947362900e-04
8.788657141849398613e-04
8.866294519975781441e-04
8.778379415161907673e-04
1.146487309597432613e-03
9.800109546631574631e-04
8.868898148648440838e-04
8.789316634647548199e-04
8.764219237491488457e-04
8.760604541748762131e-04
1.542441081255674362e-03
9.200994973070919514e-04
8.769417763687670231e-04
8.754649898037314415e-04
8.760308846831321716e-04
9.531520772725343704e-04
9.889899520203471184e-04
8.737214957363903522e-04
8.769371779635548592e-04
9.882588637992739677e-04
9.436780819669365883e-04
8.850350859574973583e-04
8.727082749828696251e-04
8.924918947741389275e-04
9.313375339843332767e-04
8.863160037435591221e-04
8.710740949027240276e-04
8.960862760432064533e-04
1.147089526057243347e-03
9.061546297743916512e-04
8.730020490474998951e-04
8.708901004865765572e-04
8.707116940058767796e-04
9.129687095992267132e-04
8.924472494982182980e-04
8.973508374765515327e-04
8.757636533118784428e-04
1.125669456087052822e-03
8.859510999172925949e-04
8.785245590843260288e-04
9.635161841288208961e-04
8.798648486845195293e-04
8.846020209603011608e-04
9.447698248550295830e-04
1.012069056741893291e-03
8.886727155186235905e-04
8.708703098818659782e-04
8.654344128444790840e-04
1.597182592377066612e-03
8.747464162297546864e-04
8.727987296879291534e-04
8.641256135888397694e-04
8.634212426841259003e-04
8.962928550317883492e-04
9.385059238411486149e-04
8.633551187813282013e-04
8.669403032399713993e-04
9.212596924044191837e-04
8.667987422086298466e-04
8.632409735582768917e-04
1.020944211632013321e-03
9.189696866087615490e-04
8.637367864139378071e-04
1.240384648554027081e-03
8.790176361799240112e-04
8.730033878237009048e-04
8.596349507570266724e-04
1.365238684229552746e-03
9.723360999487340450e-04
8.600968867540359497e-04
8.601289591751992702e-04
8.592748199589550495e-04
8.888209122233092785e-04
9.092744439840316772e-04
8.580561261624097824e-04
8.587056654505431652e-04
9.419278940185904503e-04
8.895111968740820885e-04
8.658502483740448952e-04
1.004978781566023827e-03
8.943252614699304104e-04
8.954114746302366257e-04
8.947973255999386311e-04
9.187151445075869560e-04
8.555774693377315998e-04
8.545860182493925095e-04
9.529050439596176147e-04
9.434152161702513695e-04
8.705359068699181080e-04
8.697672747075557709e-04
8.953479700721800327e-04
8.898174273781478405e-04
8.688594680279493332e-04
9.413845837116241455e-04
8.825464174151420593e-04
8.580607245676219463e-04
1.026974641717970371e-03
9.091211250051856041e-04
8.510430925525724888e-04
8.573798113502562046e-04
1.314906869083642960e-03
9.078751318156719208e-04
8.594165556132793427e-04
8.502227719873189926e-04
8.497581002302467823e-04
8.495975052937865257e-04
8.582725422456860542e-04
1.071686856448650360e-03
8.584056631661951542e-04
8.799497154541313648e-04
9.758354863151907921e-04
8.673649281263351440e-04
9.170426055788993835e-04
8.474058704450726509e-04
1.333990832790732384e-03
9.664579411037266254e-04
8.553270017728209496e-04
8.487533195875585079e-04
8.466922445222735405e-04
8.468067971989512444e-04
1.180222141556441784e-03
8.457660442218184471e-04
8.609247743152081966e-04
8.444647537544369698e-04
1.074150670319795609e-03
8.794187451712787151e-04
8.657352300360798836e-04
8.457061485387384892e-04
8.434603223577141762e-04
9.266918059438467026e-04
9.395489469170570374e-04
8.501019328832626343e-04
8.725327206775546074e-04
9.422142757102847099e-04
8.931901538744568825e-04
8.537890971638262272e-04
1.006533158943057060e-03
8.837651694193482399e-04
8.413705509155988693e-04
8.757048635743558407e-04
8.616229752078652382e-04
8.400341612286865711e-04
9.399175178259611130e-04
8.501427364535629749e-04
8.825870463624596596e-04
8.941604173742234707e-04
8.576522814109921455e-04
8.672640542499721050e-04
8.394314791075885296e-04
1.261946512386202812e-03
9.290359448641538620e-04
8.553973748348653316e-04
8.375056786462664604e-04
8.430669549852609634e-04
1.100845867767930031e-03
8.623109315522015095e-04
8.401696686632931232e-04
8.668357622809708118e-04
9.199385531246662140e-04
8.428659057244658470e-04
8.439422235824167728e-04
8.378736092709004879e-04
1.330633182078599930e-03
9.026820771396160126e-04
8.400465012528002262e-04
8.353650919161736965e-04
9.806461166590452194e-04
9.179641492664813995e-04
8.458623779006302357e-04
8.461240795440971851e-04
8.684354834258556366e-04
8.504074648953974247e-04
8.339151972904801369e-04
8.606506162323057652e-04
9.080696036107838154e-04
8.376573096029460430e-04
9.114824351854622364e-04
8.484493009746074677e-04
8.315410232171416283e-04
1.044021104462444782e-03
8.885219576768577099e-04
8.425874402746558189e-04
8.299626060761511326e-04
1.245490275323390961e-03
9.275390184484422207e-04
8.446311694569885731e-04
8.323190268129110336e-04
8.296205196529626846e-04
8.291924023069441319e-04
8.343449444510042667e-04
1.080863410606980324e-03
8.598173153586685658e-04
8.525685989297926426e-04
9.124948410317301750e-04
8.675886201672255993e-04
8.472776389680802822e-04
8.976161479949951172e-04
8.383008535020053387e-04
8.978625992313027382e-04
9.740116074681282043e-04
8.431127062067389488e-04
8.343574590981006622e-04
8.660942548885941505e-04
8.272590348497033119e-04
8.531901403330266476e-04
8.250291575677692890e-04
9.185319649986922741e-04
8.344823727384209633e-04
8.550754282623529434e-04
8.285628864541649818e-04
8.236577850766479969e-04
8.315202430821955204e-04
1.072365557774901390e-03
8.511561318300664425e-04
8.569648489356040955e-04
9.370908373966813087e-04
8.269738755188882351e-04
1.057631685398519039e-03
8.426486747339367867e-04
8.619127329438924789e-04
9.108394151553511620e-04
8.282277849502861500e-04
1.031441264785826206e-03
8.674140553921461105e-04
8.212911197915673256e-04
8.510964107699692249e-04
8.626154740341007710e-04
8.207395439967513084e-04
9.089935920201241970e-04
8.261672919616103172e-04
8.488500607199966908e-04
9.066833299584686756e-04
9.033088572323322296e-04
8.347179391421377659e-04
8.424787083640694618e-04
8.945653680711984634e-04
8.186855120584368706e-04
8.513253997080028057e-04
9.679034119471907616e-04
8.646937203593552113e-04
8.561772992834448814e-04
8.851996972225606441e-04
8.761769277043640614e-04
8.382812957279384136e-04
8.378442726098001003e-04
9.465194307267665863e-04
8.219474693760275841e-04
8.795419707894325256e-04
8.171577355824410915e-04
8.760429336689412594e-04
8.409337024204432964e-04
1.003323937766253948e-03
8.142864098772406578e-04
8.257864974439144135e-04
9.983578929677605629e-04
8.734611328691244125e-04
8.228399092331528664e-04
8.130662026815116405e-04
8.206170750781893730e-04
1.096985768526792526e-03
8.374141762033104897e-04
8.140784921124577522e-04
8.122190483845770359e-04
8.123813313432037830e-04
8.133499650284647942e-04
9.941885946318507195e-04
8.825323893688619137e-04
8.134506060741841793e-04
8.581865113228559494e-04
8.108441834338009357e-04
8.165543549694120884e-04
8.889746386557817459e-04
8.112800423987209797e-04
9.577771998010575771e-04
8.608510834164917469e-04
8.117664256133139133e-04
1.165768597275018692e-03
8.102794527076184750e-04
8.204950136132538319e-04
8.268773672170937061e-04
9.593816357664763927e-04
8.280387846753001213e-04
8.133218507282435894e-04
1.014432869851589203e-03
8.668115478940308094e-04
8.374890894629061222e-04
9.287263383157551289e-04
8.201330201700329781e-04
9.831587085500359535e-04
8.169093052856624126e-04
8.594718528911471367e-04
8.222137112170457840e-04
8.785527897998690605e-04
8.185816695913672447e-04
9.275279589928686619e-04
8.846858981996774673e-04
8.187827770598232746e-04
8.049427997320890427e-04
8.218956063501536846e-04
9.666865807957947254e-04
8.076169760897755623e-04
8.051022305153310299e-04
8.217201102524995804e-04
1.102711888961493969e-03
8.042802801355719566e-04
8.080243715085089207e-04
8.025693823583424091e-04
8.041557157412171364e-04
8.905053837224841118e-04
9.026548359543085098e-04
8.062730776146054268e-04
8.245243807323276997e-04
9.912189561873674393e-04
8.511709747835993767e-04
8.021082612685859203e-04
1.377340522594749928e-03
8.682853658683598042e-04
8.124358137138187885e-04
8.016735082492232323e-04
8.008532458916306496e-04
1.389307319186627865e-03
8.414724143221974373e-04
8.053134661167860031e-04
7.989815203472971916e-04
8.216437418013811111e-04
8.824942633509635925e-04
7.983333198353648186e-04
8.457784424535930157e-04
8.657988510094583035e-04
8.321168716065585613e-04
7.979627698659896851e-04
8.256412111222743988e-04
7.983282557688653469e-04
1.230699010193347931e-03
8.284514187835156918e-04
7.987837307155132294e-04
8.030423778109252453e-04
9.616414899937808514e-04
8.742869249545037746e-04
7.959514041431248188e-04
8.164426544681191444e-04
1.000853721052408218e-03
8.197011775337159634e-04
8.413614123128354549e-04
8.000679081305861473e-04
8.031965116970241070e-04
8.182527380995452404e-04
9.173376020044088364e-04
8.285354124382138252e-04
7.943221717141568661e-04
7.932264124974608421e-04
8.281263289973139763e-04
9.982835035771131516e-04
8.224682533182203770e-04
7.973597384989261627e-04
7.933009765110909939e-04
9.429172496311366558e-04
8.753156289458274841e-04
8.037204388529062271e-04
8.115890086628496647e-04
7.930611027404665947e-04
8.134414674714207649e-04
7.930704741738736629e-04
8.108355104923248291e-04
8.136762189678847790e-04
7.915765163488686085e-04
7.995825726538896561e-04
7.893897127360105515e-04
8.037583902478218079e-04
1.198321464471518993e-03
8.426902350038290024e-04
7.937375921756029129e-04
7.901309872977435589e-04
7.885840022936463356e-04
7.888729451224207878e-04
9.007948683574795723e-04
8.573871455155313015e-04
8.139224955812096596e-04
8.231830433942377567e-04
8.066786685958504677e-04
7.890880224294960499e-04
8.512053173035383224e-04
8.042812114581465721e-04
8.784504607319831848e-04
8.557224064134061337e-04
8.111713104881346226e-04
7.854842115193605423e-04
9.326772415079176426e-04
8.925384026952087879e-04
7.882557110860943794e-04
7.900159107521176338e-04
7.854389841668307781e-04
7.845486397854983807e-04
8.069893810898065567e-04
8.364982204511761665e-04
7.872738642618060112e-04
8.104129810817539692e-04
9.719564113765954971e-04
8.331516291946172714e-04
7.827894878573715687e-04
1.124937669374048710e-03
9.250711300410330296e-04
7.834599236957728863e-04
7.822888437658548355e-04
7.828197558410465717e-04
7.891756831668317318e-04
1.066881115548312664e-03
7.818523445166647434e-04
7.818628218956291676e-04
8.304185466840863228e-04
9.782057022675871849e-04
8.085031295195221901e-04
7.824121275916695595e-04
7.801576284691691399e-04
9.122567716985940933e-04
8.466056897304952145e-04
7.937532500363886356e-04
7.789804367348551750e-04
8.055564831010997295e-04
8.213660912588238716e-04
7.811439572833478451e-04
8.132297080010175705e-04
9.128528181463479996e-04
8.320081396959722042e-04
8.113212534226477146e-04
9.382722782902419567e-04
8.394973701797425747e-04
7.930611027404665947e-04
9.591104462742805481e-04
8.213926339522004128e-04
7.774708792567253113e-04
1.395310624502599239e-03
8.284926880151033401e-04
7.816853467375040054e-04
7.759562577120959759e-04
7.880975608713924885e-04
9.965413482859730721e-04
7.748500793240964413e-04
7.787478971295058727e-04
8.373611490242183208e-04
9.545113425701856613e-04
7.896779570728540421e-04
7.791746174916625023e-04
7.745866314508020878e-04
9.858832927420735359e-04
8.264194475486874580e-04
7.731550140306353569e-04
8.144361199811100960e-04
8.159259450621902943e-04
8.172357338480651379e-04
7.990211015567183495e-04
7.894674199633300304e-04
8.056104416027665138e-04
7.888300460763275623e-04
9.280561353079974651e-04
8.135087555274367332e-04
7.786967325955629349e-04
1.020834664814174175e-03
7.722960435785353184e-04
7.747620111331343651e-04
7.698333356529474258e-04
8.190634544007480145e-04
7.883223588578402996e-04
7.963462849147617817e-04
7.718714768998324871e-04
1.228480599820613861e-03
8.245025528594851494e-04
7.684767479076981544e-04
7.736135157756507397e-04
9.929576190188527107e-04
8.088112808763980865e-04
7.734058890491724014e-04
7.755514816381037235e-04
1.131775439716875553e-03
7.686030003242194653e-04
7.795945857651531696e-04
7.796862628310918808e-04
9.818099206313490868e-04
8.026937139220535755e-04
7.799466256983578205e-04
7.889943663030862808e-04
7.682941504754126072e-04
7.892240537330508232e-04
7.686286116950213909e-04
7.685531163588166237e-04
9.292759932577610016e-04
7.952154846861958504e-04
7.742007146589457989e-04
7.641593692824244499e-04
7.710257777944207191e-04
1.018738024868071079e-03
7.991354214027523994e-04
7.866705418564379215e-04
9.009052300825715065e-04
8.176828268915414810e-04
7.734718383289873600e-04
9.849665220826864243e-04
7.962409872561693192e-04
7.979433285072445869e-04
7.958906935527920723e-04
7.654097280465066433e-04
8.424295228905975819e-04
8.249348611570894718e-04
7.844963110983371735e-04
7.658728864043951035e-04
1.113729784265160561e-03
8.149946224875748158e-04
7.631666958332061768e-04
7.604775018990039825e-04
8.671979885548353195e-04
8.390088914893567562e-04
7.625223370268940926e-04
7.646061712875962257e-04
7.606034050695598125e-04
1.027382793836295605e-03
7.833843701519072056e-04
7.591670728288590908e-04
8.112921495921909809e-04
7.625790312886238098e-04
7.705314201302826405e-04
7.576706120744347572e-04
1.771776005625724792e-03
8.280715555883944035e-04
7.586367428302764893e-04
7.595157949253916740e-04
7.564852130599319935e-04
7.567755528725683689e-04
7.947515114210546017e-04
7.591841276735067368e-04
7.832804694771766663e-04
7.560140220448374748e-04
1.209254958666861057e-03
8.038233499974012375e-04
7.563014514744281769e-04
7.569003500975668430e-04
8.329189149662852287e-04
7.799142622388899326e-04
7.646967424079775810e-04
8.739115437492728233e-04
7.623716373927891254e-04
8.914136560633778572e-04
7.816521683707833290e-04
8.469794993288815022e-04
8.011212339624762535e-04
7.748983916826546192e-04
8.140302379615604877e-04
7.864274666644632816e-04
9.440218564122915268e-04
7.997330394573509693e-04
7.517754565924406052e-04
1.397931482642889023e-03
8.417323115281760693e-04
7.520784856751561165e-04
7.532824529334902763e-04
7.536765187978744507e-04
8.499490795657038689e-04
8.254123385995626450e-04
7.728929049335420132e-04
7.493932498618960381e-04
1.089429017156362534e-03
9.140012552961707115e-04
7.520164363086223602e-04
7.515843026340007782e-04
7.488401024602353573e-04
7.524975226260721684e-04
9.323270642198622227e-04
8.178308489732444286e-04
7.746652117930352688e-04
8.211571257561445236e-04
7.518063066527247429e-04
7.475746097043156624e-04
8.810031577013432980e-04
8.478655363433063030e-04
7.621395052410662174e-04
7.529050926677882671e-04
9.126191725954413414e-04
8.133018272928893566e-04
7.682590512558817863e-04
8.863650145940482616e-04
7.793691474944353104e-04
8.187929634004831314e-04
7.835034048184752464e-04
7.491117576137185097e-04
7.527046254836022854e-04
7.897635223343968391e-04
8.269919198937714100e-04
8.046560105867683887e-04
7.611874025315046310e-04
8.391938172280788422e-04
7.886683451943099499e-04
7.640530238859355450e-04
8.226509671658277512e-04
7.451187702827155590e-04
8.784167002886533737e-04
7.765838527120649815e-04
7.466322858817875385e-04
8.233182597905397415e-04
8.448129519820213318e-04
7.462108624167740345e-04
7.417005836032330990e-04
7.422944181598722935e-04
7.756038685329258442e-04
7.494612364098429680e-04
7.527468260377645493e-04
7.565306732431054115e-04
1.042691874317824841e-03
7.419318426400423050e-04
7.404856733046472073e-04
8.063883287832140923e-04
9.095296845771372318e-04
7.656401721760630608e-04
7.410751422867178917e-04
7.571704918518662453e-04
8.289777324534952641e-04
7.568750879727303982e-04
7.393560954369604588e-04
1.024991041049361229e-03
7.489912677556276321e-04
7.518823258578777313e-04
7.372585823759436607e-04
8.863086695782840252e-04
7.400652975775301456e-04
7.553767645731568336e-04
7.380532333627343178e-04
7.375105633400380611e-04
7.881634519435465336e-04
7.419969188049435616e-04
7.547809509560465813e-04
7.587739382870495319e-04
9.285026462748646736e-04
7.371517713181674480e-04
7.641253760084509850e-04
9.148578392341732979e-04
7.862103520892560482e-04
7.396453293040394783e-04
1.155737321823835373e-03
7.804998895153403282e-04
7.390864193439483643e-04
7.391661638393998146e-04
7.473465520888566971e-04
8.770401473157107830e-04
7.712714141234755516e-04
7.453933358192443848e-04
7.493996527045965195e-04
7.493320154026150703e-04
7.442221394740045071e-04
7.363107288256287575e-04
7.482804940082132816e-04
9.391044150106608868e-04
7.354517583735287189e-04
7.315046968869864941e-04
8.115453529171645641e-04
9.734138147905468941e-04
7.335009286180138588e-04
7.311707595363259315e-04
7.304548053070902824e-04
7.604338461533188820e-04
7.373972912319004536e-04
7.578379590995609760e-04
7.316802511923015118e-04
1.120587810873985291e-03
7.361464668065309525e-04
7.427267846651375294e-04
7.414863212034106255e-04
9.715082123875617981e-04
7.327055209316313267e-04
7.465991075150668621e-04
8.981320424936711788e-04
8.100992999970912933e-04
7.356578134931623936e-04
7.567908614873886108e-04
7.281941361725330353e-04
7.545897387899458408e-04
7.381805335171520710e-04
7.894458831287920475e-04
8.419250370934605598e-04
7.271097274497151375e-04
7.272399379871785641e-04
8.471405017189681530e-04
8.164903265424072742e-04
7.409115787595510483e-04
7.425403455272316933e-04
7.844741339795291424e-04
7.631666958332061768e-04
7.317237323150038719e-04
7.245223969221115112e-04
1.391613506712019444e-03
7.687205797992646694e-04
7.440543849952518940e-04
7.242930005304515362e-04
7.242994615808129311e-04
7.244311855174601078e-04
7.603701669722795486e-04
7.244053413160145283e-04
7.529484573751688004e-04
7.299369899556040764e-04
1.056395121850073338e-03
7.244267035275697708e-04
7.284703315235674381e-04
8.171622175723314285e-04
7.382816984318196774e-04
7.218630053102970123e-04
8.801802177913486958e-04
7.766479393467307091e-04
7.368841324932873249e-04
7.210120093077421188e-04
7.487675757147371769e-04
7.291804067790508270e-04
7.528534624725580215e-04
7.330054068006575108e-04
9.495870326645672321e-04
7.669327314943075180e-04
7.496390026062726974e-04
8.033484918996691704e-04
7.354090921580791473e-04
7.618870586156845093e-04
7.488318951800465584e-04
7.354540866799652576e-04
7.278205011971294880e-04
7.976957713253796101e-04
8.594554965384304523e-04
7.249726331792771816e-04
7.227917667478322983e-04
8.288706303574144840e-04
7.774321129545569420e-04
7.407151279039680958e-04
7.841967162676155567e-04
7.188836461864411831e-04
7.506095571443438530e-04
7.416849257424473763e-04
7.445818046107888222e-04
7.194835343398153782e-04
7.232057396322488785e-04
7.212175405584275723e-04
1.085536205209791660e-03
7.216066587716341019e-04
7.285327883437275887e-04
7.337752031162381172e-04
8.293535211123526096e-04
7.488000555895268917e-04
7.291322108358144760e-04
8.156188996508717537e-04
7.517533958889544010e-04
7.245899178087711334e-04
8.748693508096039295e-04
7.542484672740101814e-04
7.325006299652159214e-04
9.441900183446705341e-04
7.601642282679677010e-04
7.170873577706515789e-04
7.210901239886879921e-04
1.108305295929312706e-03
7.177025545388460159e-04
7.280408754013478756e-04
7.170033059082925320e-04
1.110734418034553528e-03
7.368104415945708752e-04
7.241818238981068134e-04
7.149694138206541538e-04
1.174815348349511623e-03
7.735322578810155392e-04
7.116881897673010826e-04
7.106192642822861671e-04
7.308470667339861393e-04
9.706814307719469070e-04
7.184601854532957077e-04
7.098060450516641140e-04
7.112089660950005054e-04
7.092582527548074722e-04
8.691659895703196526e-04
7.363345939666032791e-04
7.109884754754602909e-04
7.127932622097432613e-04
7.110665319487452507e-04
1.116075552999973297e-03
7.213141070678830147e-04
7.148089935071766376e-04
7.169684395194053650e-04
9.023377206176519394e-04
7.817936711944639683e-04
7.146481075324118137e-04
7.382474723272025585e-04
7.143091643229126930e-04
7.273919181898236275e-04
7.131155580282211304e-04
7.199172978289425373e-04
7.192087359726428986e-04
7.369454833678901196e-04
7.076984038576483727e-04
7.071627187542617321e-04
7.531517767347395420e-04
7.286717300303280354e-04
7.335246191360056400e-04
7.213389035314321518e-04
9.178942418657243252e-04
7.237449754029512405e-04
7.525153341703116894e-04
7.396290311589837074e-04
7.800160092301666737e-04
7.170268218033015728e-04
7.315263501368463039e-04
9.531603427603840828e-04
7.210256881080567837e-04
7.061012438498437405e-04
7.027912070043385029e-04
7.147528231143951416e-04
9.150847909040749073e-04
7.279434939846396446e-04
7.144105038605630398e-04
8.011778700165450573e-04
7.189968600869178772e-04
7.040263153612613678e-04
7.237385725602507591e-04
9.559238096699118614e-04
7.144665578380227089e-04
7.016620365902781487e-04
7.019400363788008690e-04
7.020483026280999184e-04
1.054729451425373554e-03
7.039877236820757389e-04
7.079520728439092636e-04
7.040470372885465622e-04
7.423606584779918194e-04
8.342021028511226177e-04
7.131985039450228214e-04
7.067823316901922226e-04
6.988761597312986851e-04
1.054248888976871967e-03
8.042209665291011333e-04
7.139930385164916515e-04
7.022168138064444065e-04
6.994835566729307175e-04
7.183985435403883457e-04
7.014949806034564972e-04
7.244063308462500572e-04
7.005500374361872673e-04
7.061144569888710976e-04
7.295939722098410130e-04
6.976061849854886532e-04
7.025938830338418484e-04
7.012396818026900291e-04
8.076368831098079681e-04
8.078663377091288567e-04
6.982555496506392956e-04
7.204283028841018677e-04
8.716477896086871624e-04
7.525599794462323189e-04
7.017090683802962303e-04
1.205754582770168781e-03
7.554073235951364040e-04
6.953297415748238564e-04
6.944906199350953102e-04
7.626092410646378994e-04
8.458858355879783630e-04
7.036426104605197906e-04
7.008079555816948414e-04
7.618692470714449883e-04
7.020623306743800640e-04
6.953187985345721245e-04
8.711541886441409588e-04
7.496636244468390942e-04
6.930732051841914654e-04
1.067456672899425030e-03
7.118609501048922539e-04
6.926893838681280613e-04
6.928349030204117298e-04
7.552477181889116764e-04
7.135330815799534321e-04
7.141511887311935425e-04
7.242780411615967751e-04
8.187918574549257755e-04
7.296602125279605389e-04
6.908264476805925369e-04
8.157680276781320572e-04
8.415701449848711491e-04
7.116689230315387249e-04
6.914590485394001007e-04
6.903755711391568184e-04
6.901847664266824722e-04
6.924347253516316414e-04
8.607726776972413063e-04
7.731470395810902119e-04
7.092158193700015545e-04
6.916883285157382488e-04
1.288961037062108517e-03
7.142893737182021141e-04
6.926445057615637779e-04
6.894139223732054234e-04
7.038155454210937023e-04
8.758237818256020546e-04
6.882038433104753494e-04
7.107349229045212269e-04
8.746724925003945827e-04
7.536393823102116585e-04
7.058965275064110756e-04
8.504676516167819500e-04
7.347298087552189827e-04
6.871153600513935089e-04
1.138521707616746426e-03
8.343034423887729645e-04
6.869632634334266186e-04
6.862495793029665947e-04
6.861350848339498043e-04
7.002679631114006042e-04
8.541044080629944801e-04
6.859482382424175739e-04
6.998877506703138351e-04
8.792663575150072575e-04
7.628009770996868610e-04
6.872441153973340988e-04
7.334809051826596260e-04
6.872271187603473663e-04
6.845546886324882507e-04
8.128806948661804199e-04
7.632897468283772469e-04
7.116373162716627121e-04
7.025764207355678082e-04
7.865041261538863182e-04
7.241788553074002266e-04
6.978301680646836758e-04
7.318266434594988823e-04
6.951820687390863895e-04
7.136279018595814705e-04
6.870867800898849964e-04
1.077765133231878281e-03
6.945809000171720982e-04
6.970656104385852814e-04
6.854925886727869511e-04
1.215099357068538666e-03
7.524043321609497070e-04
6.843385053798556328e-04
6.814841181039810181e-04
8.085512090474367142e-04
7.816443685442209244e-04
6.892380188219249249e-04
7.116725901141762733e-04
7.151791360229253769e-04
6.797717651352286339e-04
7.630913169123232365e-04
6.800472037866711617e-04
8.146428735926747322e-04
6.964494241401553154e-04
7.625122088938951492e-04
6.799534894526004791e-04
9.732866310514509678e-04
7.781580206938087940e-04
6.939571467228233814e-04
6.816720706410706043e-04
6.784531869925558567e-04
6.805968005210161209e-04
1.138644875027239323e-03
7.399435853585600853e-04
6.829465855844318867e-04
6.776414811611175537e-04
8.512403001077473164e-04
7.618834497407078743e-04
6.764006684534251690e-04
7.038815529085695744e-04
8.383254753425717354e-04
7.254728116095066071e-04
6.786572048440575600e-04
1.321711344644427299e-03
7.567379507236182690e-04
6.883891182951629162e-04
6.749558961018919945e-04
6.880232831463217735e-04
9.163823560811579227e-04
6.751911714673042297e-04
6.851915968582034111e-04
7.890620036050677299e-04
8.024160051718354225e-04
6.835011881776154041e-04
6.766521255485713482e-04
8.401987142860889435e-04
7.553393370471894741e-04
6.984408828429877758e-04
6.950341048650443554e-04
6.983407074585556984e-04
7.088883430697023869e-04
6.798764807172119617e-04
6.727961590513586998e-04
1.519205980002880096e-03
6.762926932424306870e-04
6.840967689640820026e-04
6.726160645484924316e-04
6.720819510519504547e-04
7.041273638606071472e-04
6.776664522476494312e-04
6.881938898004591465e-04
6.779780378565192223e-04
1.007809420116245747e-03
6.708513246849179268e-04
6.853450322523713112e-04
6.807147874496877193e-04
8.838214562274515629e-04
7.340398733504116535e-04
6.978181190788745880e-04
7.950948202051222324e-04
7.090112194418907166e-04
7.179771200753748417e-04
7.410629186779260635e-04
6.847840850241482258e-04
6.775328656658530235e-04
6.896912236697971821e-04
7.238604594022035599e-04
6.736923241987824440e-04
6.686196429654955864e-04
6.689772708341479301e-04
8.719895849935710430e-04
7.155525381676852703e-04
6.846324540674686432e-04
6.737399962730705738e-04
8.900221437215805054e-04
7.282975129783153534e-04
6.989634130150079727e-04
7.777753635309636593e-04
6.891860975883901119e-04
7.537662750110030174e-04
6.660064682364463806e-04
7.335693226195871830e-04
6.795449880883097649e-04
7.706175674684345722e-04
6.802636198699474335e-04
6.730706663802266121e-04
6.982946069911122322e-04
9.301333921030163765e-04
6.770182517357170582e-04
6.670341244898736477e-04
6.637764163315296173e-04
6.806845776736736298e-04
7.602874538861215115e-04
6.896613049320876598e-04
6.705857813358306885e-04
8.920716936700046062e-04
7.213192875497043133e-04
6.939607555978000164e-04
7.799625163897871971e-04
7.081328076310455799e-04
7.078979979269206524e-04
7.357600843533873558e-04
6.625564419664442539e-04
7.181645487435162067e-04
7.115650223568081856e-04
6.960351602174341679e-04
6.778526585549116135e-04
6.740098469890654087e-04
6.653394666500389576e-04
7.348129292950034142e-04
6.696267519146203995e-04
6.625437526963651180e-04
6.607796531170606613e-04
7.555925985798239708e-04
7.785859634168446064e-04
6.600521155633032322e-04
6.668468122370541096e-04
8.331241551786661148e-04
7.387948571704328060e-04
6.713515613228082657e-04
6.609813426621258259e-04
9.064471814781427383e-04
7.048872648738324642e-04
6.585529190488159657e-04
7.008396787568926811e-04
6.923944456502795219e-04
6.729667657054960728e-04
6.743433768860995770e-04
6.682145176455378532e-04
6.702744285576045513e-04
6.585267838090658188e-04
6.583750946447253227e-04
6.786584272049367428e-04
7.804025080986320972e-04
6.983969360589981079e-04
6.602681824006140232e-04
6.585887749679386616e-04
7.242350257001817226e-04
6.998382159508764744e-04
6.831965292803943157e-04
6.585286464542150497e-04
1.166769186966121197e-03
7.175508071668446064e-04
6.552470149472355843e-04
6.550237885676324368e-04
6.581342895515263081e-04
7.087397389113903046e-04
7.221527048386633396e-04
6.549293175339698792e-04
6.541165639646351337e-04
6.540080066770315170e-04
6.655842298641800880e-04
8.608186617493629456e-04
6.733774207532405853e-04
6.614537560380995274e-04
7.979583460837602615e-04
6.977511802688241005e-04
6.530996761284768581e-04
9.609147673472762108e-04
6.549878744408488274e-04
6.685529369860887527e-04
6.620318163186311722e-04
8.053514175117015839e-04
7.296129479072988033e-04
6.790267070755362511e-04
6.936863646842539310e-04
6.622732616961002350e-04
6.622034125030040741e-04
6.688435096293687820e-04
9.717653156258165836e-04
6.593512371182441711e-04
6.520773749798536301e-04
6.977415177971124649e-04
8.033838821575045586e-04
6.699902587570250034e-04
6.548796663992106915e-04
6.584588554687798023e-04
9.594016009941697121e-04
6.762593984603881836e-04
6.628956762142479420e-04
6.682922248728573322e-04
7.091801380738615990e-04
6.884843460284173489e-04
6.532102706842124462e-04
6.614685989916324615e-04
6.912757526151835918e-04
6.578647880814969540e-04
6.563230417668819427e-04
6.481201853603124619e-04
9.134605061262845993e-04
6.486228085123002529e-04
6.491756648756563663e-04
6.495885900221765041e-04
6.688630674034357071e-04
7.638758979737758636e-04
6.562874186784029007e-04
6.469868239946663380e-04
6.707155262120068073e-04
9.668910643085837364e-04
6.473726825788617134e-04
6.500308518297970295e-04
6.460914737544953823e-04
6.473569665104150772e-04
7.553028408437967300e-04
7.617191877216100693e-04
6.453819805756211281e-04
6.538255838677287102e-04
8.547533070668578148e-04
7.029703119769692421e-04
6.513990228995680809e-04
6.464337930083274841e-04
8.412909228354692459e-04
6.517571164295077324e-04
6.442390149459242821e-04
6.485686171799898148e-04
6.435399991460144520e-04
8.249467355199158192e-04
6.489428924396634102e-04
6.454598042182624340e-04
6.464401958510279655e-04
6.483082543127238750e-04
8.560817223042249680e-04
7.129268487915396690e-04
6.485668127425014973e-04
6.719788070768117905e-04
6.438018754124641418e-04
6.676312186755239964e-04
6.501973257400095463e-04
6.582339410670101643e-04
6.478711729869246483e-04
6.505966302938759327e-04
6.439233548007905483e-04
6.446967017836868763e-04
7.294454844668507576e-04
7.841127226129174232e-04
6.473593530245125294e-04
6.440712022595107555e-04
7.584762643091380596e-04
7.076406036503612995e-04
6.649458664469420910e-04
6.851638900116086006e-04
6.628728588111698627e-04
6.397399702109396458e-04
7.348655490204691887e-04
6.512168911285698414e-04
6.407265318557620049e-04
7.072606822475790977e-04
8.339027408510446548e-04
6.594832520931959152e-04
6.430104840546846390e-04
6.391427596099674702e-04
8.253172854892909527e-04
7.106912089511752129e-04
6.479313015006482601e-04
6.377974641509354115e-04
8.385881083086133003e-04
6.739241653122007847e-04
6.565781659446656704e-04
6.408570334315299988e-04
6.392242503352463245e-04
1.208624453283846378e-03
6.376422243192791939e-04
6.390570197254419327e-04
6.383876898325979710e-04
6.393006769940257072e-04
8.827472338452935219e-04
6.824888987466692924e-04
6.360920961014926434e-04
6.753004854544997215e-04
6.985309300944209099e-04
6.609848351217806339e-04
6.395446835085749626e-04
9.324933635070919991e-04
6.377722602337598801e-04
6.355011719278991222e-04
6.373333744704723358e-04
6.352029740810394287e-04
1.036311965435743332e-03
6.661280640400946140e-04
6.357536767609417439e-04
6.383676663972437382e-04
6.504663615487515926e-04
7.661851705051958561e-04
6.626975955441594124e-04
6.446493789553642273e-04
7.762843742966651917e-04
6.709982990287244320e-04
6.335238576866686344e-04
6.818803376518189907e-04
8.602050365880131721e-04
6.379134720191359520e-04
6.345018628053367138e-04
6.336783408187329769e-04
6.319250096566975117e-04
8.606000919826328754e-04
6.359975668601691723e-04
6.333679193630814552e-04
6.342501146718859673e-04
6.407324108295142651e-04
9.906562045216560364e-04
6.476330454461276531e-04
6.445280159823596478e-04
6.555781001225113869e-04
7.030377164483070374e-04
6.572936545126140118e-04
6.372766220010817051e-04
8.718493045307695866e-04
6.906081107445061207e-04
6.610606797039508820e-04
7.432085112668573856e-04
6.326914299279451370e-04
7.737671257928013802e-04
6.502089090645313263e-04
7.436820887960493565e-04
6.428147898986935616e-04
8.401740924455225468e-04
6.337454542517662048e-04
6.283378461375832558e-04
7.864594226703047752e-04
7.175690261647105217e-04
6.478585419245064259e-04
6.359781837090849876e-04
7.165467832237482071e-04
6.927946815267205238e-04
6.539847236126661301e-04
6.282736430875957012e-04
1.247773529030382633e-03
7.256297976709902287e-04
6.431707297451794147e-04
6.268665310926735401e-04
6.381271523423492908e-04
9.283598628826439381e-04
6.266731652431190014e-04
6.260440568439662457e-04
7.528348360210657120e-04
7.467484101653099060e-04
6.271412712521851063e-04
6.262640818022191525e-04
6.265231641009449959e-04
1.106760231778025627e-03
7.087126723490655422e-04
6.382223218679428101e-04
6.268781726248562336e-04
6.250733276829123497e-04
6.250874139368534088e-04
6.676941411569714546e-04
6.450208602473139763e-04
6.513620610348880291e-04
6.438819109462201595e-04
8.161685545928776264e-04
6.807603640481829643e-04
6.257306085899472237e-04
8.394994656555354595e-04
6.441255682148039341e-04
6.484698969870805740e-04
6.259483634494245052e-04
6.246402626857161522e-04
6.611578864976763725e-04
6.264385883696377277e-04
6.542320479638874531e-04
6.382194114848971367e-04
8.505303412675857544e-04
6.697075441479682922e-04
6.493668188340961933e-04
6.954217096790671349e-04
6.225803517736494541e-04
6.555977161042392254e-04
8.002017857506871223e-04
6.747188162989914417e-04
6.355651421472430229e-04
1.040586503222584724e-03
6.419460987672209740e-04
6.359148537740111351e-04
6.232415908016264439e-04
1.178444013930857182e-03
6.964571657590568066e-04
6.261811358854174614e-04
6.234503234736621380e-04
7.085730321705341339e-04
6.835587555542588234e-04
6.467002676799893379e-04
6.193187437020242214e-04
6.766726146452128887e-04
6.365397130139172077e-04
6.281509995460510254e-04
6.257557542994618416e-04
6.201787036843597889e-04
6.188719416968524456e-04
6.190701969899237156e-04
8.692723931744694710e-04
6.394387455657124519e-04
6.376533419825136662e-04
6.270597805269062519e-04
8.138502016663551331e-04
6.870467332191765308e-04
6.424369639717042446e-04
7.712729857303202152e-04
6.690944428555667400e-04
6.587559473700821400e-04
7.113071042113006115e-04
6.749704480171203613e-04
6.444305181503295898e-04
6.211132858879864216e-04
1.231230678968131542e-03
7.047270773909986019e-04
6.298746448010206223e-04
6.195813766680657864e-04
6.159077747724950314e-04
1.091206679120659828e-03
7.674006046727299690e-04
6.161500350572168827e-04
6.155163864605128765e-04
6.157766329124569893e-04
6.219665519893169403e-04
9.946455247700214386e-04
6.325574941001832485e-04
6.298933876678347588e-04
6.236292538233101368e-04
9.624225203879177570e-04
6.720869569107890129e-04
6.142242345958948135e-04
6.270751473493874073e-04
9.265620028600096703e-04
6.256186170503497124e-04
6.194783491082489491e-04
6.140425102785229683e-04
1.627761754207313061e-03
6.877927808091044426e-04
6.139671895653009415e-04
6.138972239568829536e-04
6.133292918093502522e-04
6.134033319540321827e-04
7.102607632987201214e-04
7.375756977126002312e-04
6.124327774159610271e-04
6.180785130709409714e-04
7.523723179474473000e-04
7.184389978647232056e-04
6.326922448351979256e-04
6.204395322129130363e-04
7.006236701272428036e-04
6.556920707225799561e-04
6.355367950163781643e-04
6.479361327365040779e-04
6.894549005664885044e-04
6.141655612736940384e-04
6.898066494613885880e-04
6.152974674478173256e-04
6.112093687988817692e-04
7.342210737988352776e-04
7.356341229751706123e-04
6.299988017417490482e-04
6.184648373164236546e-04
6.708079017698764801e-04
6.478168652392923832e-04
6.382845458574593067e-04
6.204358069226145744e-04
9.095335844904184341e-04
6.191239808686077595e-04
6.152910063974559307e-04
7.406101794913411140e-04
6.619653431698679924e-04
6.190168205648660660e-04
8.379657519981265068e-04
6.657777121290564537e-04
6.259278161451220512e-04
7.987724966369569302e-04
6.101845065131783485e-04
6.098424782976508141e-04
6.076456047594547272e-04
1.966705080121755600e-03
7.570995367132127285e-04
6.252577295526862144e-04
6.097888108342885971e-04
6.075896089896559715e-04
6.067978683859109879e-04
6.067091599106788635e-04
6.490615778602659702e-04
6.745615974068641663e-04
6.083594053052365780e-04
6.059490260668098927e-04
6.800170522183179855e-04
7.000541081652045250e-04
6.142855272628366947e-04
6.211167783476412296e-04
8.497546659782528877e-04
6.665274268016219139e-04
6.293865153566002846e-04
6.675043841823935509e-04
6.480932934209704399e-04
6.316607468761503696e-04
6.194496527314186096e-04
8.634747355245053768e-04
6.044462788850069046e-04
6.079067825339734554e-04
6.044296314939856529e-04
1.769051654264330864e-03
7.356650894507765770e-04
6.220167852006852627e-04
6.040422013029456139e-04
6.035940023139119148e-04
6.031356751918792725e-04
6.049645598977804184e-04
1.035384717397391796e-03
6.170093547552824020e-04
6.123805069364607334e-04
6.127408123575150967e-04
8.323249639943242073e-04
6.706241983920335770e-04
6.164473597891628742e-04
6.020030123181641102e-04
1.354645472019910812e-03
6.328784511424601078e-04
6.239005597308278084e-04
6.025599432177841663e-04
6.022036541253328323e-04
6.013975944370031357e-04
6.532052648253738880e-04
7.034346926957368851e-04
6.011176155880093575e-04
6.011536461301147938e-04
6.930399104021489620e-04
6.907401257194578648e-04
6.185592501424252987e-04
6.201331270858645439e-04
7.434472790919244289e-04
6.092459079809486866e-04
5.996738327667117119e-04
7.358313887380063534e-04
6.733835907652974129e-04
6.110902759246528149e-04
6.018123240210115910e-04
6.022842135280370712e-04
1.000598655082285404e-03
6.171091808937489986e-04
5.997652770020067692e-04
5.989399505779147148e-04
6.539230234920978546e-04
6.636368343606591225e-04
6.117879529483616352e-04
6.092731491662561893e-04
7.384261116385459900e-04
7.130385492928326130e-04
5.991686484776437283e-04
5.985509487800300121e-04
6.118630990386009216e-04
8.949503535404801369e-04
5.988033371977508068e-04
6.051054806448519230e-04
5.975274834781885147e-04
5.969756166450679302e-04
6.184487137943506241e-04
6.019779830239713192e-04
6.237269844859838486e-04
5.976727697998285294e-04
6.224310491234064102e-04
6.091035320423543453e-04
5.995843675918877125e-04
5.994609673507511616e-04
6.127557717263698578e-04
7.706790929660201073e-04
6.337772356346249580e-04
6.087764631956815720e-04
6.280707311816513538e-04
6.009059725329279900e-04
6.170106935314834118e-04
5.980348214507102966e-04
6.001175497658550739e-04
7.116512279026210308e-04
6.376267992891371250e-04
6.044590845704078674e-04
5.940114497207105160e-04
5.960923735983669758e-04
8.065393194556236267e-04
6.309811724349856377e-04
6.147794192656874657e-04
6.008094642311334610e-04
6.381876301020383835e-04
6.800911505706608295e-04
5.931748310104012489e-04
5.955052911303937435e-04
6.527124787680804729e-04
6.123819039203226566e-04
6.194344605319201946e-04
5.926914163865149021e-04
6.739272503182291985e-04
5.998031701892614365e-04
6.170347332954406738e-04
5.925016012042760849e-04
5.918379756622016430e-04
5.915249348618090153e-04
5.978918052278459072e-04
8.193395333364605904e-04
6.119519821368157864e-04
6.022741436026990414e-04
5.965003510937094688e-04
7.051355787552893162e-04
7.061167270876467228e-04
5.948500474914908409e-04
6.122231134213507175e-04
8.125581662170588970e-04
6.141759222373366356e-04
6.293894839473068714e-04
6.410563364624977112e-04
6.056744605302810669e-04
6.179810734465718269e-04
6.215614848770201206e-04
5.895536742173135281e-04
5.966607714071869850e-04
5.896099610254168510e-04
9.113426203839480877e-04
6.770756444893777370e-04
6.102197221480309963e-04
5.924213328398764133e-04
5.897753289900720119e-04
5.992488586343824863e-04
6.688977009616792202e-04
6.004916504025459290e-04
5.974714877083897591e-04
5.909932078793644905e-04
8.691397379152476788e-04
6.124323117546737194e-04
5.970716592855751514e-04
5.878769443370401859e-04
6.816335953772068024e-04
6.289854645729064941e-04
6.118862074799835682e-04
5.912700435146689415e-04
5.869983579032123089e-04
5.892099579796195030e-04
1.050324877724051476e-03
6.116268923506140709e-04
5.926114390604197979e-04
5.943037103861570358e-04
7.987936842255294323e-04
6.562405615113675594e-04
5.862125544808804989e-04
6.029165233485400677e-04
8.877416257746517658e-04
5.861499812453985214e-04
5.867843283340334892e-04
6.102840998210012913e-04
7.833669660612940788e-04
6.251556333154439926e-04
5.920598050579428673e-04
5.855425843037664890e-04
5.839600344188511372e-04
7.995417690835893154e-04
7.638015085831284523e-04
5.909200408495962620e-04
5.887401639483869076e-04
5.844138795509934425e-04
5.838625947944819927e-04
5.939496913924813271e-04
7.822979241609573364e-04
6.342905689962208271e-04
5.873795016668736935e-04
6.003825110383331776e-04
6.578277098014950752e-04
6.270445301197469234e-04
5.931946798227727413e-04
5.848619039170444012e-04
1.291903085075318813e-03
5.850208108313381672e-04
5.850225570611655712e-04
5.828407593071460724e-04
5.833126488141715527e-04
6.882751476950943470e-04
7.276301621459424496e-04
5.964993033558130264e-04
5.887940060347318649e-04
6.369318580254912376e-04
6.204197998158633709e-04
6.094743148423731327e-04
5.966516328044235706e-04
8.354801684617996216e-04
6.002629525028169155e-04
6.181567441672086716e-04
7.037786999717354774e-04
6.354994839057326317e-04
6.157073657959699631e-04
6.126993102952837944e-04
6.124275969341397285e-04
5.827389541082084179e-04
5.820202641189098358e-04
6.143208011053502560e-04
5.839826189912855625e-04
6.080124876461923122e-04
5.807086126878857613e-04
9.558013407513499260e-04
5.805965047329664230e-04
5.933190113864839077e-04
5.877844523638486862e-04
7.984971744008362293e-04
6.504176999442279339e-04
5.850135930813848972e-04
6.061148596927523613e-04
5.788260023109614849e-04
6.092745461501181126e-04
5.851981695741415024e-04
5.814643227495253086e-04
8.996161050163209438e-04
6.097997538745403290e-04
5.889036692678928375e-04
5.769761628471314907e-04
5.767327384091913700e-04
6.033811368979513645e-04
7.564839906990528107e-04
6.187499966472387314e-04
5.809954600408673286e-04
5.786948022432625294e-04
6.286283605732023716e-04
6.239245994947850704e-04
5.995047395117580891e-04
5.937553942203521729e-04
8.035104838199913502e-04
6.375004886649549007e-04
5.865129060111939907e-04
8.688556263223290443e-04
5.801014485768973827e-04
5.760355852544307709e-04
7.228846661746501923e-04
6.787548190914094448e-04
5.863211699761450291e-04
5.978113040328025818e-04
6.201774231158196926e-04
6.052837125025689602e-04
5.805304390378296375e-04
8.461106917820870876e-04
6.235477630980312824e-04
5.914490320719778538e-04
5.845989217050373554e-04
6.108439993113279343e-04
5.804061656817793846e-04
5.734338774345815182e-04
5.729008698835968971e-04
6.065808120183646679e-04
5.933526554144918919e-04
5.884114070795476437e-04
5.740795750170946121e-04
5.932179628871381283e-04
6.075691198930144310e-04
5.827206186950206757e-04
5.754875019192695618e-04
5.774205201305449009e-04
7.924533565528690815e-04
6.352456985041499138e-04
5.730818375013768673e-04
5.843105027452111244e-04
9.291720925830304623e-04
5.714464350603520870e-04
5.714108701795339584e-04
6.736170616932213306e-04
6.409158813767135143e-04
5.984723684377968311e-04
5.821468075737357140e-04
9.298208169639110565e-04
6.282688118517398834e-04
5.719191394746303558e-04
5.866724532097578049e-04
7.971834857016801834e-04
5.698045715689659119e-04
5.750357522629201412e-04
5.907760933041572571e-04
7.942477823235094547e-04
5.988312768749892712e-04
5.728751420974731445e-04
5.689681856893002987e-04
5.731346900574862957e-04
1.018323702737689018e-03
5.869636661373078823e-04
5.823327810503542423e-04
5.780849023722112179e-04
8.864038973115384579e-04
5.707835080102086067e-04
5.692275590263307095e-04
7.232194184325635433e-04
6.532961269840598106e-04
5.955638480372726917e-04
6.022215820848941803e-04
5.754356971010565758e-04
5.977370892651379108e-04
5.698087043128907681e-04
9.530675597488880157e-04
5.670215468853712082e-04
5.808225250802934170e-04
5.666522192768752575e-04
8.220581803470849991e-04
6.020647124387323856e-04
5.906995502300560474e-04
5.678387242369353771e-04
5.666710203513503075e-04
6.195993046276271343e-04
6.009981734678149223e-04
5.944501608610153198e-04
5.809928989037871361e-04
7.782178581692278385e-04
5.701366462744772434e-04
6.025349721312522888e-04
7.091801962815225124e-04
6.128837703727185726e-04
6.056577549315989017e-04
6.341980188153684139e-04
5.897980299778282642e-04
5.861829849891364574e-04
5.921505508013069630e-04
7.136021158657968044e-04
5.631293752230703831e-04
5.907377344556152821e-04
7.932826993055641651e-04
6.240202928893268108e-04
5.768324481323361397e-04
7.792007527314126492e-04
5.734443548135459423e-04
5.635952693410217762e-04
7.878560572862625122e-04
6.325464346446096897e-04
5.642313044518232346e-04
6.147076492197811604e-04
5.642171599902212620e-04
5.775570753030478954e-04
5.985058378428220749e-04
6.852189544588327408e-04
6.013391539454460144e-04
5.605308106169104576e-04
5.986302858218550682e-04
5.741805071011185646e-04
5.896000657230615616e-04
5.642946343868970871e-04
5.610490916296839714e-04
5.602000746876001358e-04
5.598539137281477451e-04
5.612430395558476448e-04
8.112516370601952076e-04
6.010883953422307968e-04
5.649162922054529190e-04
5.669014644809067249e-04
9.703712421469390392e-04
5.620265146717429161e-04
5.756760947406291962e-04
5.642115138471126556e-04
9.827963076531887054e-04
5.774544551968574524e-04
5.734363221563398838e-04
5.577768897637724876e-04
5.872037145309150219e-04
7.816543220542371273e-04
5.829545552842319012e-04
5.661403411068022251e-04
5.583255551755428314e-04
5.574278766289353371e-04
5.570634966716170311e-04
5.833786563016474247e-04
5.655359127558767796e-04
5.696205771528184414e-04
5.565376486629247665e-04
6.185937672853469849e-04
6.016462575644254684e-04
5.853896727785468102e-04
5.678743473254144192e-04
7.976752822287380695e-04
5.673107225447893143e-04
5.581479636020958424e-04
7.752261590212583542e-04
6.298415828496217728e-04
5.763541557826101780e-04
5.679423338733613491e-04
5.947498138993978500e-04
5.568212363868951797e-04
5.639541195705533028e-04
5.606624763458967209e-04
8.103334112092852592e-04
6.100572645664215088e-04
5.657633300870656967e-04
5.532615468837320805e-04
7.440123590640723705e-04
8.423537947237491608e-04
5.907454178668558598e-04
5.575785762630403042e-04
5.536544485948979855e-04
5.523192230612039566e-04
5.525574088096618652e-04
5.869449232704937458e-04
5.524538573808968067e-04
5.831658490933477879e-04
5.536925164051353931e-04
9.963471675291657448e-04
5.634173285216093063e-04
5.652591935358941555e-04
5.634053959511220455e-04
8.214504923671483994e-04
5.622014286927878857e-04
5.838096258230507374e-04
7.199430256150662899e-04
5.871589528396725655e-04
6.159769836813211441e-04
5.727451061829924583e-04
6.457843701355159283e-04
5.926814628764986992e-04
5.640443414449691772e-04
5.919035756960511208e-04
5.740115302614867687e-04
5.704463110305368900e-04
5.605894839391112328e-04
6.589861004613339901e-04
6.751245236955583096e-04
5.482331034727394581e-04
5.590025684796273708e-04
8.365827379748225212e-04
5.808901041746139526e-04
5.475850193761289120e-04
6.035343976691365242e-04
5.489369505085051060e-04
5.498148966580629349e-04
6.329712341539561749e-04
7.087168633006513119e-04
5.574870738200843334e-04
5.529038025997579098e-04
6.358122918754816055e-04
5.888842279091477394e-04
5.669400561600923538e-04
6.197927868925035000e-04
5.484520224854350090e-04
6.260055233724415302e-04
5.601030425168573856e-04
7.530041621066629887e-04
5.977454129606485367e-04
5.665018688887357712e-04
5.543541046790778637e-04
6.717019714415073395e-04
6.242159870453178883e-04
5.721842753700911999e-04
5.666295182891190052e-04
6.053497199900448322e-04
5.871034227311611176e-04
5.573730450123548508e-04
5.921073025092482567e-04
5.888487794436514378e-04
5.595286493189632893e-04
5.537904216907918453e-04
6.768952007405459881e-04
6.653754971921443939e-04
5.418967921286821365e-04
5.522941355593502522e-04
8.551395148970186710e-04
5.620193551294505596e-04
5.445388960652053356e-04
5.903212586417794228e-04
5.589358625002205372e-04
5.581334698945283890e-04
5.430029123090207577e-04
9.760613902471959591e-04
5.971016944386065006e-04
5.516097298823297024e-04
5.423575639724731445e-04
5.412384634837508202e-04
5.844109109602868557e-04
5.576040130108594894e-04
5.723235080949962139e-04
5.550556816160678864e-04
7.710453937761485577e-04
5.518689285963773727e-04
5.889890599064528942e-04
6.001496221870183945e-04
6.104689673520624638e-04
5.383869865909218788e-04
5.612742970697581768e-04
5.736380699090659618e-04
6.897578714415431023e-04
5.676905275322496891e-04
5.384825635701417923e-04
5.460783722810447216e-04
8.533644722774624825e-04
5.597643903456628323e-04
5.385975237004458904e-04
5.969279445707798004e-04
6.635980680584907532e-04
5.372794694267213345e-04
5.376437329687178135e-04
6.564416107721626759e-04
6.161016062833368778e-04
5.650746170431375504e-04
5.565589526668190956e-04
6.317296647466719151e-04
5.812785238958895206e-04
5.491517949849367142e-04
5.705448566004633904e-04
5.547201726585626602e-04
5.472835619002580643e-04
5.350482533685863018e-04
5.800639046356081963e-04
6.276807398535311222e-04
5.345862009562551975e-04
5.375980399549007416e-04
6.012602243572473526e-04
5.421562818810343742e-04
5.415887571871280670e-04
6.522677140310406685e-04
5.410945741459727287e-04
6.241840892471373081e-04
5.371842999011278152e-04
8.745747618377208710e-04
5.727779935114085674e-04
5.479632527567446232e-04
5.326665122993290424e-04
5.374125903472304344e-04
7.880358607508242130e-04
5.851407768204808235e-04
5.315668531693518162e-04
5.888949963264167309e-04
5.317883333191275597e-04
5.309189436957240105e-04
6.761969998478889465e-04
6.068681832402944565e-04
5.585732287727296352e-04
6.235009059309959412e-04
5.303201032802462578e-04
6.608623079955577850e-04
5.372981540858745575e-04
7.398470188491046429e-04
5.889057065360248089e-04
5.299319163896143436e-04
6.946956273168325424e-04
5.730608827434480190e-04
5.428025615401566029e-04
5.289804539643228054e-04
5.296454764902591705e-04
5.295993178151547909e-04
6.395103991962969303e-04
6.408102926798164845e-04
5.359832430258393288e-04
5.578786949627101421e-04
6.642889347858726978e-04
5.587883642874658108e-04
5.368571146391332150e-04
6.403042352758347988e-04
5.331218708306550980e-04
5.371775478124618530e-04
5.335175665095448494e-04
7.012391579337418079e-04
6.168273976072669029e-04
5.509720649570226669e-04
5.355657194741070271e-04
7.186063448898494244e-04
5.433451733551919460e-04
5.369723076000809669e-04
5.313896108418703079e-04
7.154359482228755951e-04
6.105332286097109318e-04
5.518863326869904995e-04
5.518377292901277542e-04
5.289864493533968925e-04
5.554213421419262886e-04
5.288206157274544239e-04
5.306887323968112469e-04
6.610007258132100105e-04
5.297518800944089890e-04
5.235929274931550026e-04
5.246362416073679924e-04
5.463398993015289307e-04
5.874903290532529354e-04
5.512610077857971191e-04
5.272116395644843578e-04
8.383839158341288567e-04
5.479059764184057713e-04
5.259548779577016830e-04
5.515555967576801777e-04
5.975162493996322155e-04
5.327616818249225616e-04
5.279376055113971233e-04
5.290939006954431534e-04
8.952396456152200699e-04
5.211503594182431698e-04
5.230181850492954254e-04
6.316667422652244568e-04
5.600794102065265179e-04
5.271717091090977192e-04
7.589578162878751755e-04
5.820495425723493099e-04
5.408858414739370346e-04
6.972504197619855404e-04
5.214552511461079121e-04
5.711690755560994148e-04
5.986765027046203613e-04
5.551747744902968407e-04
5.252565606497228146e-04
5.434366757981479168e-04
5.184276960790157318e-04
5.222200998105108738e-04
5.966161843389272690e-04
5.352300358936190605e-04
5.183776956982910633e-04
5.185907357372343540e-04
5.170671502128243446e-04
5.169370560906827450e-04
5.260653560981154442e-04
7.697529508732259274e-04
5.722706555388867855e-04
5.205559427849948406e-04
5.369848804548382759e-04
6.220454233698546886e-04
5.404647672548890114e-04
5.191487725824117661e-04
7.971900631673634052e-04
5.631874664686620235e-04
5.195355624891817570e-04
5.475647631101310253e-04
5.421410896815359592e-04
5.193829420022666454e-04
5.157060804776847363e-04
5.744632799178361893e-04
5.150643992237746716e-04
5.170453805476427078e-04
6.511965766549110413e-04
5.365082761272788048e-04
5.477438098751008511e-04
6.689932779408991337e-04
5.900324904359877110e-04
5.401333328336477280e-04
6.237750640138983727e-04
5.138250999152660370e-04
6.752278422936797142e-04
5.411825259216129780e-04
6.049914518371224403e-04
5.119388224557042122e-04
1.040297676809132099e-03
6.433097878471016884e-04
5.260495236143469810e-04
5.153707461431622505e-04
5.130037316121160984e-04
5.704174982383847237e-04
5.882448749616742134e-04
5.209145601838827133e-04
5.195046542212367058e-04
6.187817198224365711e-04
6.501431344076991081e-04
5.108582554385066032e-04
5.099501577205955982e-04
5.285039078444242477e-04
7.145043928176164627e-04
5.433274782262742519e-04
5.125561729073524475e-04
5.097684916108846664e-04
5.102749564684927464e-04
8.026384166441857815e-04
5.135132814757525921e-04
5.228740046732127666e-04
5.121525027789175510e-04
5.179981817491352558e-04
5.438663065433502197e-04
5.128444754518568516e-04
5.087689496576786041e-04
5.075212102383375168e-04
5.193881806917488575e-04
5.202658940106630325e-04
5.084891454316675663e-04
5.129604251123964787e-04
5.131142097525298595e-04
6.569755496457219124e-04
6.040771258994936943e-04
5.288328393362462521e-04
5.057262023910880089e-04
5.948071484453976154e-04
5.377259803935885429e-04
5.101843853481113911e-04
5.100866546854376793e-04
5.056763766333460808e-04
5.052660708315670490e-04
5.055997753515839577e-04
6.025580223649740219e-04
6.384882726706564426e-04
5.049845785833895206e-04
5.102396826259791851e-04
6.440225406549870968e-04
6.309112650342285633e-04
5.210608360357582569e-04
5.110101192258298397e-04
6.538449088111519814e-04
5.603976314887404442e-04
5.098219262436032295e-04
8.065557340160012245e-04
5.392163875512778759e-04
5.256555159576237202e-04
5.918306414969265461e-04
5.827786517329514027e-04
5.260788020677864552e-04
5.196119891479611397e-04
6.848759367130696774e-04
5.136253894306719303e-04
5.020717508159577847e-04
7.165936985984444618e-04
5.636081332340836525e-04
5.199922597967088223e-04
5.064203287474811077e-04
7.540754158981144428e-04
5.676429136656224728e-04
5.231696413829922676e-04
5.332782748155295849e-04
5.115499370731413364e-04
5.122492439113557339e-04
5.001670797355473042e-04
5.551321664825081825e-04
5.158591084182262421e-04
5.319087649695575237e-04
5.008416483178734779e-04
1.007493352517485619e-03
5.490090115927159786e-04
4.997618380002677441e-04
5.004524136893451214e-04
5.594980902969837189e-04
5.262983613647520542e-04
5.306468810886144638e-04
5.003154510632157326e-04
1.038307789713144302e-03
5.552700604312121868e-04
4.983084509149193764e-04
4.981269012205302715e-04
5.704255308955907822e-04
5.954708321951329708e-04
5.062726559117436409e-04
5.117038963362574577e-04
7.220573024824261665e-04
5.748493713326752186e-04
5.219955928623676300e-04
5.353416199795901775e-04
5.032602348364889622e-04
5.256849690340459347e-04
5.078194080851972103e-04
5.824899417348206043e-04
6.123996572569012642e-04
5.002581747248768806e-04
5.058814422227442265e-04
6.766561418771743774e-04
5.964866140857338905e-04
4.965648404322564602e-04
5.031534819863736629e-04
8.046812145039439201e-04
5.132137448526918888e-04
5.106002208776772022e-04
4.949999856762588024e-04
7.433446589857339859e-04
5.011618486605584621e-04
4.972594906575977802e-04
4.969441215507686138e-04
5.034723435528576374e-04
8.883581031113862991e-04
5.162337911315262318e-04
5.084532895125448704e-04
5.072426283732056618e-04
7.239704136736690998e-04
5.468403687700629234e-04
4.984480910934507847e-04
5.076468805782496929e-04
6.374108488671481609e-04
5.409191944636404514e-04
5.029421299695968628e-04
4.923556116409599781e-04
9.708837023936212063e-04
6.763242417946457863e-04
4.999330267310142517e-04
4.955123877152800560e-04
4.916404141113162041e-04
4.922260413877665997e-04
5.449804593808948994e-04
6.370477494783699512e-04
4.991324967704713345e-04
4.994946066290140152e-04
5.059426184743642807e-04
6.766617298126220703e-04
5.375143373385071754e-04
5.039099487476050854e-04
4.988028667867183685e-04
7.479570340365171432e-04
5.156214465387165546e-04
5.014832131564617157e-04
4.950527800247073174e-04
6.297838990576565266e-04
5.907356389798223972e-04
5.083858268335461617e-04
5.006875726394355297e-04
6.797442329116165638e-04
5.410587182268500328e-04
4.899903433397412300e-04
5.150586948730051517e-04
