3.372157225385308266e-03
5.520737264305353165e-03
3.784950822591781616e-03
2.140897559002041817e-03
2.001594984903931618e-03
1.968182157725095749e-03
1.945509458892047405e-03
1.929809921421110630e-03
1.919324975460767746e-03
1.911224564537405968e-03
1.904455129988491535e-03
1.898916554637253284e-03
1.894094282761216164e-03
1.889066654257476330e-03
1.883847406134009361e-03
1.878594979643821716e-03
1.874066889286041260e-03
1.870449981652200222e-03
1.867119222879409790e-03
1.863954472355544567e-03
1.860896591097116470e-03
1.857956405729055405e-03
1.855090609751641750e-03
1.852274290286004543e-03
1.849465188570320606e-03
1.846594968810677528e-03
1.843697507865726948e-03
1.840856275521218777e-03
1.837976044043898582e-03
1.835012226365506649e-03
1.832029665820300579e-03
1.828833017498254776e-03
1.825526938773691654e-03
1.822469639591872692e-03
1.819541677832603455e-03
1.816770643927156925e-03
1.814092393033206463e-03
1.811440452001988888e-03
1.808789442293345928e-03
1.806138199754059315e-03
1.803494174964725971e-03
1.800860743969678879e-03
1.798226148821413517e-03
1.795575721189379692e-03
1.792905386537313461e-03
1.790229696780443192e-03
1.787570770829916000e-03
1.784916617907583714e-03
1.782204722985625267e-03
1.779355807229876518e-03
1.776468241587281227e-03
1.773594645783305168e-03
1.770735369063913822e-03
1.767915440723299980e-03
1.765154651366174221e-03
1.762465573847293854e-03
1.759851933456957340e-03
1.757299760356545448e-03
1.754812547005712986e-03
1.752376090735197067e-03
1.749972114339470863e-03
1.747611560858786106e-03
1.745300600305199623e-03
1.743021304719150066e-03
1.740753534249961376e-03
1.738491002470254898e-03
1.736228354275226593e-03
1.733978278934955597e-03
1.731746830046176910e-03
1.729527604766190052e-03
1.727332477457821369e-03
1.725144102238118649e-03
1.722978544421494007e-03
1.720828237012028694e-03
1.718704123049974442e-03
1.716603990644216537e-03
1.714537735097110271e-03
1.712492317892611027e-03
1.710474025458097458e-03
1.708466676063835621e-03
1.706474693492054939e-03
1.704513560980558395e-03
1.702573383226990700e-03
1.700661843642592430e-03
1.698761130683124065e-03
1.696885679848492146e-03
1.695006270892918110e-03
1.693152589723467827e-03
1.691344543360173702e-03
1.689570141024887562e-03
1.687830896116793156e-03
1.686122501268982887e-03
1.684435992501676083e-03
1.682759961113333702e-03
1.681089750491082668e-03
1.679423847235739231e-03
1.677742344327270985e-03
1.676052808761596680e-03
1.674335449934005737e-03
1.672636950388550758e-03
1.670976984314620495e-03
1.669373246841132641e-03
1.667747856117784977e-03
1.666170428507030010e-03
1.664635026827454567e-03
1.663111848756670952e-03
1.661645830608904362e-03
1.660062349401414394e-03
1.658619265072047710e-03
1.657139975577592850e-03
1.655870233662426472e-03
1.654687104746699333e-03
1.653066254220902920e-03
1.654409803450107574e-03
1.655473490245640278e-03
1.649392885155975819e-03
2.003237372264266014e-03
1.713655656203627586e-03
1.747597823850810528e-03
3.303941339254379272e-03
1.719071879051625729e-03
1.643320429138839245e-03
1.760646351613104343e-03
3.049962921068072319e-03
1.700096298009157181e-03
1.668260549195110798e-03
1.640247064642608166e-03
1.653515151701867580e-03
6.814718246459960938e-03
1.653903396800160408e-03
1.657381420955061913e-03
1.640821457840502262e-03
1.639220630750060081e-03
1.636848552152514458e-03
1.635612454265356064e-03
1.634448999539017677e-03
1.633920473977923393e-03
7.569825742393732071e-03
1.983879366889595985e-03
1.692710095085203648e-03
1.658131601288914680e-03
1.648729084990918636e-03
1.642691553570330143e-03
1.640719594433903694e-03
1.638747518882155418e-03
1.637045643292367458e-03
1.635769614949822426e-03
1.634602085687220097e-03
1.633483800105750561e-03
1.632398809306323528e-03
1.631350722163915634e-03
1.630336395464837551e-03
1.629354199394583702e-03
1.628540805540978909e-03
1.725394977256655693e-03
4.567026626318693161e-03
1.928000012412667274e-03
1.667018514126539230e-03
1.631247345358133316e-03
1.630036276765167713e-03
1.628207392059266567e-03
1.627020072191953659e-03
1.625978387892246246e-03
1.625036587938666344e-03
1.623993273824453354e-03
1.622793497517704964e-03
1.624087337404489517e-03
1.175703015178442001e-02
2.116830321028828621e-03
1.647377968765795231e-03
1.641916460357606411e-03
1.628917409107089043e-03
1.625881530344486237e-03
1.624147756956517696e-03
1.622856128960847855e-03
1.621713978238403797e-03
1.620719325728714466e-03
1.619771937839686871e-03
1.618839800357818604e-03
1.617896952666342258e-03
1.616945606656372547e-03
1.616112887859344482e-03
1.621477422304451466e-03
5.161104258149862289e-03
1.694549922831356525e-03
1.704867114312946796e-03
1.623629708774387836e-03
1.619004411622881889e-03
1.617207657545804977e-03
1.616103108972311020e-03
1.615130342543125153e-03
1.614302047528326511e-03
1.613511587493121624e-03
1.612744643352925777e-03
1.612000633031129837e-03
1.611277344636619091e-03
1.610640669241547585e-03
1.634884276427328587e-03
1.677847234532237053e-03
1.935528474859893322e-03
1.633031177334487438e-03
1.616273075342178345e-03
1.610717969015240669e-03
1.609575585462152958e-03
1.608761143870651722e-03
1.608084072358906269e-03
1.607409678399562836e-03
1.606764155440032482e-03
1.626107143238186836e-03
1.819897210225462914e-03
1.920130103826522827e-03
1.636217813938856125e-03
1.610675361007452011e-03
1.606574049219489098e-03
1.605575555004179478e-03
1.604741206392645836e-03
1.604009186848998070e-03
1.603318611159920692e-03
1.602638629265129566e-03
1.604046206921339035e-03
5.609145388007164001e-03
2.176350448280572891e-03
1.681334688328206539e-03
1.608010847121477127e-03
1.605542725883424282e-03
1.603073789738118649e-03
1.601953059434890747e-03
1.601034891791641712e-03
1.600145711563527584e-03
1.599341980181634426e-03
1.598625443875789642e-03
1.610421342775225639e-03
1.692941645160317421e-03
1.667379867285490036e-03
1.612150925211608410e-03
1.609296421520411968e-03
1.603598706424236298e-03
1.602305797860026360e-03
1.601209398359060287e-03
1.600155257619917393e-03
1.599190523847937584e-03
1.598331960849463940e-03
1.597528229467570782e-03
1.599507988430559635e-03
6.168909836560487747e-03
1.908719772472977638e-03
1.660022302530705929e-03
1.599297276698052883e-03
1.597176888026297092e-03
1.596028916537761688e-03
1.595118665136396885e-03
1.594283850863575935e-03
1.593502936884760857e-03
1.592929475009441376e-03
1.701723085716366768e-03
2.390745095908641815e-03
1.654276624321937561e-03
1.612519961781799793e-03
1.595440204255282879e-03
1.592092332430183887e-03
1.591193024069070816e-03
1.590364379808306694e-03
1.589593477547168732e-03
1.589279971085488796e-03
2.593124285340309143e-03
1.685126102529466152e-03
1.625036587938666344e-03
1.604210003279149532e-03
1.591162057593464851e-03
1.589341904036700726e-03
1.588252256624400616e-03
1.587299164384603500e-03
1.586483092978596687e-03
1.585692982189357281e-03
1.585347112268209457e-03
2.176732290536165237e-03
2.214746084064245224e-03
1.616486348211765289e-03
1.598613569512963295e-03
1.586989732459187508e-03
1.584495534189045429e-03
1.583672245033085346e-03
1.582887838594615459e-03
1.582178170792758465e-03
1.596388989128172398e-03
1.731637166813015938e-03
1.751328585669398308e-03
1.602238859049975872e-03
1.585147925652563572e-03
1.581708318553864956e-03
1.580540789291262627e-03
1.579623785801231861e-03
1.578857540152966976e-03
1.594172907061874866e-03
1.601441297680139542e-03
1.769039896316826344e-03
1.582911587320268154e-03
1.579761737957596779e-03
1.578953117132186890e-03
1.577808172442018986e-03
1.576955313794314861e-03
1.576085691340267658e-03
1.576734706759452820e-03
4.215415101498365402e-03
1.914100255817174911e-03
1.596875954419374466e-03
1.583250239491462708e-03
1.576743903569877148e-03
1.574988244101405144e-03
1.574127003550529480e-03
1.573310699313879013e-03
1.572626992128789425e-03
1.606895821169018745e-03
2.466376405209302902e-03
1.633123029023408890e-03
1.575099769979715347e-03
1.574118272401392460e-03
1.571650267578661442e-03
1.570802065543830395e-03
1.570016844198107719e-03
1.573289278894662857e-03
4.050035029649734497e-03
1.789854955859482288e-03
1.586905214935541153e-03
1.573881134390830994e-03
1.568518462590873241e-03
1.567625207826495171e-03
1.566815772093832493e-03
1.570961205288767815e-03
3.597385715693235397e-03
1.646177843213081360e-03
1.568765845149755478e-03
1.568722305819392204e-03
1.565503422170877457e-03
1.564636942930519581e-03
1.563854166306555271e-03
1.574919209815561771e-03
1.810735324397683144e-03
1.569753047078847885e-03
1.568815205246210098e-03
1.564916456118226051e-03
1.562070799991488457e-03
1.561075798235833645e-03
1.563571509905159473e-03
3.334633074700832367e-03
1.600959687493741512e-03
1.563599798828363419e-03
1.562342629767954350e-03
1.558910473249852657e-03
1.557991839945316315e-03
1.565443933941423893e-03
1.934422063641250134e-03
1.565614249557256699e-03
1.558987190946936607e-03
1.560070202685892582e-03
1.556781935505568981e-03
1.555452356114983559e-03
1.556009403429925442e-03
2.750060753896832466e-03
1.567750703543424606e-03
1.560339122079312801e-03
1.558665302582085133e-03
1.553811016492545605e-03
1.552190631628036499e-03
1.551605062559247017e-03
2.683038357645273209e-03
2.356994431465864182e-03
1.604529330506920815e-03
1.557843410409986973e-03
1.552293659187853336e-03
1.551180379465222359e-03
1.550065586343407631e-03
1.549065578728914261e-03
1.548212720081210136e-03
1.588262151926755905e-03
2.018339000642299652e-03
1.562101650051772594e-03
1.558164251036942005e-03
1.547417021356523037e-03
1.545467763207852840e-03
1.650461112149059772e-03
1.616263529285788536e-03
1.598408445715904236e-03
1.547339954413473606e-03
1.543636899441480637e-03
1.542663550935685635e-03
1.578044611960649490e-03
2.023746492341160774e-03
1.558485208079218864e-03
1.551996334455907345e-03
1.541939796879887581e-03
1.539926510304212570e-03
1.694504171609878540e-03
1.548523316159844398e-03
1.584752579219639301e-03
1.544236787594854832e-03
1.536297029815614223e-03
1.547630294226109982e-03
1.766002271324396133e-03
1.597544294781982899e-03
1.548902131617069244e-03
1.533685252070426941e-03
1.539127901196479797e-03
2.572239609435200691e-03
1.556331524625420570e-03
1.532108406536281109e-03
1.535208895802497864e-03
1.529608154669404030e-03
1.566625200212001801e-03
2.031236654147505760e-03
1.563744852319359779e-03
1.549716922454535961e-03
1.540140016004443169e-03
1.536911120638251305e-03
1.535290735773742199e-03
1.533858478069305420e-03
1.532523659989237785e-03
1.531239482574164867e-03
1.529987785033881664e-03
1.532042981125414371e-03
2.608811482787132263e-03
1.531685120426118374e-03
1.543458201922476292e-03
1.528071588836610317e-03
1.525790081359446049e-03
1.674113213084638119e-03
1.543526188470423222e-03
1.539543154649436474e-03
1.525293570011854172e-03
1.522850594483315945e-03
1.523914863355457783e-03
2.118253381922841072e-03
1.675139996223151684e-03
1.534589333459734917e-03
1.523783779703080654e-03
1.519651967100799084e-03
2.222969662398099899e-03
1.674450235441327095e-03
1.522451755590736866e-03
1.519992831163108349e-03
1.518779667094349861e-03
2.254460006952285767e-03
1.647053519263863564e-03
1.532523892819881439e-03
1.512077869847416878e-03
1.547230058349668980e-03
1.605224912054836750e-03
1.523572835139930248e-03
1.516358577646315098e-03
1.513266935944557190e-03
1.663819071836769581e-03
1.525950036011636257e-03
1.520957914181053638e-03
1.507303910329937935e-03
1.505397725850343704e-03
1.522670849226415157e-03
1.546885119751095772e-03
1.564845675602555275e-03
1.512811635620892048e-03
1.506864908151328564e-03
1.774289296008646488e-03
1.512447837740182877e-03
1.513847731985151768e-03
1.500999205745756626e-03
1.518658595159649849e-03
1.917815883643925190e-03
1.508418587036430836e-03
1.500668353401124477e-03
1.497950055636465549e-03
1.495353528298437595e-03
1.495411968789994717e-03
2.111270790919661522e-03
1.648017787374556065e-03
1.495619770139455795e-03
1.495440141297876835e-03
1.495508826337754726e-03
2.246909542009234428e-03
1.534953597001731396e-03
1.495151314884424210e-03
1.487302128225564957e-03
1.595637528225779533e-03
1.509652356617152691e-03
1.506435917690396309e-03
1.485513406805694103e-03
1.483647734858095646e-03
1.578535186126828194e-03
1.857113791629672050e-03
1.489361748099327087e-03
1.489533809944987297e-03
1.482646563090384007e-03
1.481019309721887112e-03
1.479452475905418396e-03
1.501477323472499847e-03
1.772186369635164738e-03
1.496897893957793713e-03
1.480339909903705120e-03
1.476309960708022118e-03
1.536357798613607883e-03
1.496690092608332634e-03
1.486199093051254749e-03
1.474784221500158310e-03
1.471267081797122955e-03
1.942590810358524323e-03
1.482782303355634212e-03
1.491615315899252892e-03
1.470944029279053211e-03
1.469089998863637447e-03
1.467345282435417175e-03
1.499931444413959980e-03
1.765504362992942333e-03
1.474967109970748425e-03
1.469842856749892235e-03
1.470678718760609627e-03
2.035903045907616615e-03
1.548448344692587852e-03
1.465447014197707176e-03
1.466371468268334866e-03
1.889329520054161549e-03
1.484703388996422291e-03
1.465490437112748623e-03
1.460168277844786644e-03
1.529963687062263489e-03
1.480392413213849068e-03
1.480485312640666962e-03
1.455511199310421944e-03
1.451739342883229256e-03
2.204687800258398056e-03
1.474490272812545300e-03
1.459759077988564968e-03
1.447835937142372131e-03
1.460524275898933411e-03
1.455326564610004425e-03
1.485876739025115967e-03
1.444691326469182968e-03
1.449284492991864681e-03
1.943937269970774651e-03
1.453339820727705956e-03
1.443527755327522755e-03
1.443073502741754055e-03
1.894330140203237534e-03
1.527314656414091587e-03
1.438714447431266308e-03
1.437104190699756145e-03
2.055049175396561623e-03
1.455599791370332241e-03
1.437077065929770470e-03
1.438071602024137974e-03
1.431975862942636013e-03
1.459566527046263218e-03
1.707127667032182217e-03
1.431755372323095798e-03
1.428861985914409161e-03
1.427143928594887257e-03
1.564916339702904224e-03
1.532972557470202446e-03
1.463406486436724663e-03
1.432391116395592690e-03
1.425622380338609219e-03
1.423278357833623886e-03
1.423852518200874329e-03
2.119464566931128502e-03
1.468944712541997433e-03
1.420574379153549671e-03
1.420795801095664501e-03
1.708195079118013382e-03
1.435279846191406250e-03
1.417514286004006863e-03
1.424402347765862942e-03
1.808976754546165466e-03
1.413963735103607178e-03
1.411188975907862186e-03
1.411221106536686420e-03
2.100420184433460236e-03
1.435789046809077263e-03
1.411057775840163231e-03
1.410826458595693111e-03
1.404727925546467304e-03
1.428548595868051052e-03
1.615692046470940113e-03
1.451257267035543919e-03
1.402106485329568386e-03
1.401644083671271801e-03
1.441405271179974079e-03
1.587279723025858402e-03
1.398126129060983658e-03
1.400994253344833851e-03
1.414210884831845760e-03
1.553290174342691898e-03
1.440804451704025269e-03
1.391741097904741764e-03
1.444154186174273491e-03
1.564405974932014942e-03
1.390112214721739292e-03
1.386797055602073669e-03
1.936996006406843662e-03
1.436962047591805458e-03
1.402866095304489136e-03
1.382889226078987122e-03
1.381107838824391365e-03
1.383266062475740910e-03
1.833668444305658340e-03
1.380254281684756279e-03
1.375866238959133625e-03
1.373618491925299168e-03
1.458855927921831608e-03
1.553317648358643055e-03
1.419378793798387051e-03
1.373634091578423977e-03
1.371138496324419975e-03
1.368886791169643402e-03
1.366802025586366653e-03
1.410846714861690998e-03
1.456939964555203915e-03
1.396562322042882442e-03
1.368952565826475620e-03
1.365974312648177147e-03
1.907703001052141190e-03
1.441726228222250938e-03
1.360858906991779804e-03
1.372440368868410587e-03
1.387471216730773449e-03
1.393904327414929867e-03
1.351056387647986412e-03
1.393409445881843567e-03
1.491561532020568848e-03
1.348175574094057083e-03
1.345345401205122471e-03
1.436881837435066700e-03
1.495991717092692852e-03
1.388711272738873959e-03
1.344215124845504761e-03
1.341587980277836323e-03
1.339303213171660900e-03
1.337000285275280476e-03
1.357146189548075199e-03
1.605774275958538055e-03
1.372793922200798988e-03
1.338960952125489712e-03
1.329724327661097050e-03
1.400584937073290348e-03
1.349583035334944725e-03
1.342197530902922153e-03
1.324177370406687260e-03
1.357673085294663906e-03
1.430149073712527752e-03
1.319972448982298374e-03
1.319590490311384201e-03
1.494870288297533989e-03
1.400815788656473160e-03
1.329921302385628223e-03
1.315668458119034767e-03
1.313009415753185749e-03
1.310956897214055061e-03
1.459266874007880688e-03
1.309903338551521301e-03
1.310603925958275795e-03
1.306422054767608643e-03
1.607789192348718643e-03
1.365594449453055859e-03
1.315676607191562653e-03
1.299815950915217400e-03
1.298203831538558006e-03
1.325456541962921619e-03
1.496872864663600922e-03
1.309054088778793812e-03
1.292711240239441395e-03
1.288826693780720234e-03
1.425161026418209076e-03
1.305944053456187248e-03
1.303910394199192524e-03
1.289864885620772839e-03
1.284139230847358704e-03
1.281550968997180462e-03
1.279537333175539970e-03
1.419710111804306507e-03
1.280747703276574612e-03
1.276577590033411980e-03
1.277064438909292221e-03
1.701765344478189945e-03
1.315454021096229553e-03
1.297188573516905308e-03
1.444152207113802433e-03
1.361464848741889000e-03
1.291182707063853741e-03
1.263726735487580299e-03
1.274519367143511772e-03
1.512328162789344788e-03
1.338344532996416092e-03
1.378445071168243885e-03
1.356184366159141064e-03
1.284688012674450874e-03
1.252862159162759781e-03
1.250526634976267815e-03
1.436554244719445705e-03
1.352025428786873817e-03
1.394234714098274708e-03
1.347504905425012112e-03
1.265936763957142830e-03
1.259779674001038074e-03
1.280232449062168598e-03
1.315551577135920525e-03
1.349838566966354847e-03
1.284089288674294949e-03
1.283815596252679825e-03
1.476043253205716610e-03
1.277876086533069611e-03
3.959503490477800369e-03
1.432183664292097092e-03
1.249098335392773151e-03
1.239276141859591007e-03
1.235188799910247326e-03
1.232222304679453373e-03
1.229574554599821568e-03
1.227238797582685947e-03
1.224969630129635334e-03
1.222796156071126461e-03
1.221541198901832104e-03
1.430029515177011490e-03
1.219025696627795696e-03
1.230671885423362255e-03
1.249861437827348709e-03
1.234222901985049248e-03
1.237801043316721916e-03
1.273543224669992924e-03
1.285406993702054024e-03
1.245738705620169640e-03
1.234586467035114765e-03
1.476423582062125206e-03
1.205687061883509159e-03
1.202623359858989716e-03
1.200590515509247780e-03
1.216099364683032036e-03
1.366050797514617443e-03
1.235090661793947220e-03
1.199641963467001915e-03
1.196564058773219585e-03
1.194427604787051678e-03
1.192103372886776924e-03
1.192546566016972065e-03
1.759501988999545574e-03
1.262670382857322693e-03
1.204193802550435066e-03
1.199811580590903759e-03
1.446018577553331852e-03
1.239408855326473713e-03
1.198487356305122375e-03
1.379821100272238255e-03
1.200509956106543541e-03
1.180853229016065598e-03
1.181834493763744831e-03
1.610076637007296085e-03
1.223136903718113899e-03
1.183821819722652435e-03
4.284209106117486954e-03
2.332932082936167717e-03
1.389993005432188511e-03
1.315710949711501598e-03
1.284208032302558422e-03
1.270100707188248634e-03
1.262539415620267391e-03
1.255491748452186584e-03
1.249980647116899490e-03
1.245888881385326385e-03
1.242581289261579514e-03
1.239540986716747284e-03
1.236579264514148235e-03
1.233980292454361916e-03
1.231561996974050999e-03
1.229262328706681728e-03
1.227021566592156887e-03
1.224833889864385128e-03
1.222671242430806160e-03
1.220543403178453445e-03
1.218472607433795929e-03
1.216435455717146397e-03
1.214441494084894657e-03
1.212481060065329075e-03
1.210545538924634457e-03
1.208627829328179359e-03
1.206726767122745514e-03
1.204839441925287247e-03
1.202961662784218788e-03
1.201078528538346291e-03
1.199206570163369179e-03
1.197335077449679375e-03
1.195465796627104282e-03
1.193608972243964672e-03
1.191754359751939774e-03
1.189911970868706703e-03
1.188081456348299980e-03
1.186380162835121155e-03
1.184952794574201107e-03
1.194776152260601521e-03
1.232204958796501160e-03
1.194369280710816383e-03
1.354746636934578419e-03
1.186412060633301735e-03
1.178097561933100224e-03
1.431821729056537151e-03
1.174878445453941822e-03
1.188355614431202412e-03
1.482195453718304634e-03
1.221693586558103561e-03
1.169334049336612225e-03
1.198414829559624195e-03
1.168266288004815578e-03
1.196665922179818153e-03
1.190515118651092052e-03
1.166782109066843987e-03
1.184663502499461174e-03
1.201920327730476856e-03
1.163766020908951759e-03
1.182895153760910034e-03
1.207518856972455978e-03
1.162736909464001656e-03
1.181636238470673561e-03
1.158454339019954205e-03
1.154446625150740147e-03
1.368188415654003620e-03
1.262761885300278664e-03
1.162643195129930973e-03
1.152088982053101063e-03
1.166990026831626892e-03
1.254425849765539169e-03
1.180254505015909672e-03
1.146069262176752090e-03
1.197997480630874634e-03
1.229655928909778595e-03
1.143950270488858223e-03
1.144835609011352062e-03
1.256482792086899281e-03
1.214709482155740261e-03
1.137030660174787045e-03
1.321980031207203865e-03
1.172524411231279373e-03
1.137299463152885437e-03
1.194348209537565708e-03
1.148655428551137447e-03
1.136502018198370934e-03
1.130775664933025837e-03
1.130937016569077969e-03
1.221539801917970181e-03
1.209867885336279869e-03
1.139491680078208447e-03
1.128722215071320534e-03
1.729573239572346210e-03
1.162090105935931206e-03
1.135074184276163578e-03
1.122075715102255344e-03
1.120319124311208725e-03
1.177285332232713699e-03
1.210101647302508354e-03
1.128706499002873898e-03
1.118590706028044224e-03
1.115592778660356998e-03
1.116067171096801758e-03
1.542133279144763947e-03
1.201886916533112526e-03
1.123341498896479607e-03
1.117014908231794834e-03
1.468544942326843739e-03
1.164402347058057785e-03
1.113966456614434719e-03
1.136531820520758629e-03
1.243442879058420658e-03
1.146270660683512688e-03
1.109518809244036674e-03
1.102700829505920410e-03
1.143742003478109837e-03
1.213684561662375927e-03
1.116972183808684349e-03
1.100016408599913120e-03
1.098261214792728424e-03
1.405122107826173306e-03
1.165102352388203144e-03
1.119563588872551918e-03
1.096211024560034275e-03
1.093721133656799793e-03
1.152028795331716537e-03
1.211840659379959106e-03
1.109862816520035267e-03
1.090190373361110687e-03
1.189911388792097569e-03
1.096558873541653156e-03
1.112541882321238518e-03
1.086688833311200142e-03
1.101599074900150299e-03
1.089573721401393414e-03
1.084444113075733185e-03
1.086683478206396103e-03
1.344108604826033115e-03
1.092947321012616158e-03
1.086331205442547798e-03
1.093262457288801670e-03
1.192330615594983101e-03
1.136051258072257042e-03
1.083747949451208115e-03
1.079313689842820168e-03
1.076820306479930878e-03
1.075153821147978306e-03
1.178119215182960033e-03
1.079245470464229584e-03
1.079053850844502449e-03
1.075547770597040653e-03
1.078080502338707447e-03
1.125906826928257942e-03
1.080940477550029755e-03
1.068223733454942703e-03
1.069436431862413883e-03
1.185571309179067612e-03
1.132952631451189518e-03
1.084322575479745865e-03
1.062779687345027924e-03
1.132728881202638149e-03
1.272840425372123718e-03
1.084157032892107964e-03
1.069187303073704243e-03
1.062511699274182320e-03
1.059932284988462925e-03
1.058379188179969788e-03
1.057896530255675316e-03
1.381444744765758514e-03
1.095785293728113174e-03
1.056383480317890644e-03
1.066547352820634842e-03
1.427221111953258514e-03
1.103933085687458515e-03
1.074334024451673031e-03
1.153454766608774662e-03
1.159901614300906658e-03
1.048913458362221718e-03
1.159589388407766819e-03
1.120280008763074875e-03
1.069018500857055187e-03
1.070411992259323597e-03
1.046127290464937687e-03
1.231413218192756176e-03
1.131667639128863811e-03
1.041096635162830353e-03
1.371825928799808025e-03
1.085715834051370621e-03
1.046751625835895538e-03
1.041144481860101223e-03
1.036962261423468590e-03
1.042915508151054382e-03
1.362324343062937260e-03
1.080610440112650394e-03
1.032983418554067612e-03
1.148752635344862938e-03
1.139497733674943447e-03
1.038934336975216866e-03
1.100422232411801815e-03
1.164730405434966087e-03
1.055015716701745987e-03
1.029664883390069008e-03
1.027475344017148018e-03
1.064504496753215790e-03
1.109228003770112991e-03
1.034379005432128906e-03
1.024357043206691742e-03
1.021925942040979862e-03
1.021557254716753960e-03
1.299230731092393398e-03
1.070241676643490791e-03
1.022037933580577374e-03
1.020579715259373188e-03
1.342587172985076904e-03
1.015943475067615509e-03
1.021935837343335152e-03
1.222538761794567108e-03
1.091090380214154720e-03
1.015951856970787048e-03
1.191499410197138786e-03
1.051699044182896614e-03
1.013005501590669155e-03
1.010986510664224625e-03
1.332167419604957104e-03
1.011834712699055672e-03
1.030014827847480774e-03
1.003694720566272736e-03
1.718895626254379749e-03
1.140013686381280422e-03
1.031345338560640812e-03
1.003849902190268040e-03
1.000696909613907337e-03
9.995878208428621292e-04
1.045723794959485531e-03
1.154498546384274960e-03
1.011452521197497845e-03
1.001574913971126080e-03
1.369570498354732990e-03
9.975816356018185616e-04
9.952383115887641907e-04
1.367080607451498508e-03
9.944516932591795921e-04
9.962358744814991951e-04
1.283776597119867802e-03
1.006650738418102264e-03
1.067249220795929432e-03
9.973268024623394012e-04
9.843372972682118416e-04
1.180454157292842865e-03
9.977014269679784775e-04
9.994154097512364388e-04
9.841170394793152809e-04
9.826489258557558060e-04
9.809132898226380348e-04
9.796816157177090645e-04
9.890131186693906784e-04
1.160337356850504875e-03
1.008248538710176945e-03
9.754443890415132046e-04
1.094514154829084873e-03
1.067886361852288246e-03
9.926628554239869118e-04
9.714293992146849632e-04
1.509767957031726837e-03
9.865950560197234154e-04
9.877834236249327660e-04
9.690238512121140957e-04
9.678475908003747463e-04
9.751573088578879833e-04
9.915924165397882462e-04
1.018926268443465233e-03
9.691813029348850250e-04
9.652752778492867947e-04
1.374033163301646709e-03
1.012383378110826015e-03
9.626118699088692665e-04
9.841561550274491310e-04
1.071865437552332878e-03
9.906121995300054550e-04
9.555015130899846554e-04
1.393583603203296661e-03
1.001834054477512836e-03
9.748573065735399723e-04
9.529885137453675270e-04
9.527315851300954819e-04
9.504672489129006863e-04
1.776326098479330540e-03
9.595371084287762642e-04
9.652661974541842937e-04
9.500937885604798794e-04
9.463088936172425747e-04
9.531911346130073071e-04
1.160591258667409420e-03
9.684608085080981255e-04
9.525381610728800297e-04
9.438293054699897766e-04
9.416415705345571041e-04
1.370742334984242916e-03
1.045191311277449131e-03
9.551253751851618290e-04
9.441259317100048065e-04
1.027530175633728504e-03
1.061150571331381798e-03
9.640233474783599377e-04
9.399856207892298698e-04
9.504754561930894852e-04
1.305618672631680965e-03
9.723859257064759731e-04
9.388754842802882195e-04
9.310145396739244461e-04
9.304479463025927544e-04
1.624066848307847977e-03
9.850849164649844170e-04
9.290617890655994415e-04
9.299255907535552979e-04
9.347508312202990055e-04
1.001753611490130424e-03
9.470365475863218307e-04
9.227453265339136124e-04
9.220081265084445477e-04
9.684811229817569256e-04
9.409827762283384800e-04
9.231918375007808208e-04
9.261123486794531345e-04
9.190656710416078568e-04
9.171683341264724731e-04
9.346639271825551987e-04
9.472863748669624329e-04
9.436645195819437504e-04
9.173120488412678242e-04
9.342643315903842449e-04
9.423769661225378513e-04
9.424113086424767971e-04
9.185317903757095337e-04
9.176572784781455994e-04
1.230641733855009079e-03
9.857296245172619820e-04
9.117134031839668751e-04
9.092208347283303738e-04
9.074347326532006264e-04
9.094354463741183281e-04
1.250301371328532696e-03
9.754393249750137329e-04
9.174300939776003361e-04
9.031297522597014904e-04
9.262243984267115593e-04
9.133628336712718010e-04
9.016403928399085999e-04
9.030768997035920620e-04
1.082415343262255192e-03
9.746196446940302849e-04
8.985187159851193428e-04
1.003042212687432766e-03
9.518418810330331326e-04
9.062715107575058937e-04
1.187252812087535858e-03
9.038518765009939671e-04
8.977883844636380672e-04
9.710285812616348267e-04
9.557002922520041466e-04
9.046025807037949562e-04
8.971919887699186802e-04
8.922491106204688549e-04
8.912615594454109669e-04
1.044737640768289566e-03
9.025472681969404221e-04
8.896144572645425797e-04
8.907140581868588924e-04
9.976458968594670296e-04
1.019238261505961418e-03
8.856225758790969849e-04
9.433678351342678070e-04
8.900719694793224335e-04
8.905206341296434402e-04
9.984897915273904800e-04
8.926198934204876423e-04
9.050341323018074036e-04
8.814105531200766563e-04
8.815818582661449909e-04
1.212936942465603352e-03
9.910113876685500145e-04
8.944657165557146072e-04
8.821375668048858643e-04
8.780320640653371811e-04
1.488162903115153313e-03
9.883932070806622505e-04
8.853474282659590244e-04
8.772577275522053242e-04
8.924835128709673882e-04
8.879897650331258774e-04
8.737985626794397831e-04
8.822130039334297180e-04
9.291069000028073788e-04
9.172637946903705597e-04
9.042918682098388672e-04
8.942401618696749210e-04
8.717007585801184177e-04
8.759730262681841850e-04
8.679050952196121216e-04
1.001946511678397655e-03
9.130100952461361885e-04
8.707726956345140934e-04
8.681458421051502228e-04
9.436607360839843750e-04
9.811902418732643127e-04
8.728628163225948811e-04
9.207454277202486992e-04
8.638580329716205597e-04
8.618745487183332443e-04
1.219400321133434772e-03
8.616937557235360146e-04
8.814542670734226704e-04
8.754239534027874470e-04
9.315767092630267143e-04
8.612609817646443844e-04
8.676917641423642635e-04
8.573429076932370663e-04
1.646155142225325108e-03
8.642591419629752636e-04
8.763078367337584496e-04
8.570570498704910278e-04
8.545013261027634144e-04
8.772253640927374363e-04
8.599386201240122318e-04
8.541886927559971809e-04
8.624177426099777222e-04
9.246867848560214043e-04
9.216166217811405659e-04
8.856651256792247295e-04
8.548110490664839745e-04
1.212430652230978012e-03
8.946918533183634281e-04
8.593318634666502476e-04
8.494552457705140114e-04
8.487650775350630283e-04
1.529429107904434204e-03
9.301804238930344582e-04
8.536069653928279877e-04
8.480197866447269917e-04
8.459360687993466854e-04
1.319560687988996506e-03
8.997846161946654320e-04
8.427547290921211243e-04
8.461276884190738201e-04
1.125942915678024292e-03
8.888833690434694290e-04
8.619855507276952267e-04
8.415877236984670162e-04
8.599195280112326145e-04
8.629472577013075352e-04
8.601273293606936932e-04
8.397828787565231323e-04
8.679589955136179924e-04
1.169521012343466282e-03
8.410636801272630692e-04
8.369001443497836590e-04
8.373955497518181801e-04
8.882121765054762363e-04
9.562951745465397835e-04
8.343183435499668121e-04
8.323898073285818100e-04
9.979396127164363861e-04
8.360034553334116936e-04
8.576942491345107555e-04
8.307286771014332771e-04
8.315747254528105259e-04
1.162432716228067875e-03
9.157087770290672779e-04
8.544666343368589878e-04
8.278476307168602943e-04
8.409261354245245457e-04
1.120611908845603466e-03
8.852281607687473297e-04
8.348400588147342205e-04
8.256613509729504585e-04
2.009566873311996460e-03
9.072995744645595551e-04
8.380603394471108913e-04
8.248122758232057095e-04
8.228287333622574806e-04
8.220498566515743732e-04
8.508350001648068428e-04
9.612565627321600914e-04
8.653384866192936897e-04
8.200423908419907093e-04
8.309788536280393600e-04
1.280596130527555943e-03
8.863490656949579716e-04
8.221944444812834263e-04
8.589368662796914577e-04
8.856812492012977600e-04
8.166657062247395515e-04
8.167169289663434029e-04
1.047191210091114044e-03
8.652948890812695026e-04
8.287400705739855766e-04
8.222213364206254482e-04
1.484281267039477825e-03
8.900766260921955109e-04
8.249491220340132713e-04
8.150350186042487621e-04
1.224984182044863701e-03
8.181962766684591770e-04
8.285153890028595924e-04
8.291221456602215767e-04
1.053703133948147297e-03
8.415450574830174446e-04
8.138710982166230679e-04
1.264447928406298161e-03
8.126037428155541420e-04
8.214275003410875797e-04
9.132630075328052044e-04
8.454618509858846664e-04
8.155872346833348274e-04
1.125798444263637066e-03
8.206348284147679806e-04
8.801946532912552357e-04
8.318806649185717106e-04
9.663108503445982933e-04
9.200165513902902603e-04
8.118305122479796410e-04
8.420841186307370663e-04
8.909854805096983910e-04
8.098231046460568905e-04
8.108909241855144501e-04
8.288038079626858234e-04
8.149498025886714458e-04
8.002569084055721760e-04
8.088861359283328056e-04
8.179060532711446285e-04
8.166894549503922462e-04
7.969001890160143375e-04
8.070907206274569035e-04
7.981262751854956150e-04
1.714035985060036182e-03
8.016328793019056320e-04
7.969727157615125179e-04
7.954425527714192867e-04
7.990153389982879162e-04
1.397795276716351509e-03
8.715897565707564354e-04
7.921098731458187103e-04
7.991122547537088394e-04
1.396425650455057621e-03
8.675832650624215603e-04
7.894496666267514229e-04
7.918717456050217152e-04
9.965329663828015327e-04
8.083289721980690956e-04
8.195686386898159981e-04
7.895656162872910500e-04
7.869216497056186199e-04
9.646207327023148537e-04
8.056857623159885406e-04
7.856526062823832035e-04
7.908887928351759911e-04
7.884410442784428596e-04
1.554511953145265579e-03
7.887198589742183685e-04
7.834773859940469265e-04
7.851680275052785873e-04
8.077209349721670151e-04
7.839648169465363026e-04
7.839791942387819290e-04
7.844570209272205830e-04
8.688911329954862595e-04
8.427102584391832352e-04
8.211302338168025017e-04
7.926500984467566013e-04
1.082096830941736698e-03
7.887451793067157269e-04
7.917471812106668949e-04
7.833050331100821495e-04
1.329797552898526192e-03
8.248767699114978313e-04
7.876680465415120125e-04
7.929413695819675922e-04
8.861282258294522762e-04
8.087482419796288013e-04
7.739993161521852016e-04
8.426364511251449585e-04
8.889250457286834717e-04
7.752689416520297527e-04
7.863621576689183712e-04
1.147932489402592182e-03
7.737212581560015678e-04
7.928264094516634941e-04
7.723319577053189278e-04
1.550530432723462582e-03
2.232442842796444893e-03
8.449004963040351868e-04
7.728433702141046524e-04
7.737751584500074387e-04
7.697164546698331833e-04
7.683922885917127132e-04
7.676109089516103268e-04
7.668359321542084217e-04
7.679514237679541111e-04
1.119019812904298306e-03
7.681093993596732616e-04
7.736356346867978573e-04
7.687680772505700588e-04
8.279950707219541073e-04
1.024761702865362167e-03
7.643760764040052891e-04
7.659451803192496300e-04
7.638910319656133652e-04
7.890136330388486385e-04
1.092490972951054573e-03
7.634511566720902920e-04
7.626866572536528111e-04
7.625588914379477501e-04
7.609062595292925835e-04
1.458842772990465164e-03
8.897348889149725437e-04
7.687351899221539497e-04
7.619972457177937031e-04
7.577194483019411564e-04
8.553609368391335011e-04
7.764582405798137188e-04
7.585927960462868214e-04
7.642890559509396553e-04
7.574505871161818504e-04
7.562029059045016766e-04
7.751257508061826229e-04
7.650066399946808815e-04
7.900519412942230701e-04
7.540876395069062710e-04
7.555158226750791073e-04
9.019738645292818546e-04
7.675644592382013798e-04
7.769402582198381424e-04
7.527850684709846973e-04
7.514255121350288391e-04
8.345741080120205879e-04
9.570819674991071224e-04
7.535563199780881405e-04
7.559297373518347740e-04
7.528435089625418186e-04
1.222593709826469421e-03
7.780379964970052242e-04
7.513646851293742657e-04
7.523371023125946522e-04
8.875196217559278011e-04
8.047977462410926819e-04
7.491529686376452446e-04
7.515555480495095253e-04
7.520652725361287594e-04
1.327208010479807854e-03
8.029489545151591301e-04
7.483456283807754517e-04
7.628854364156723022e-04
1.173691009171307087e-03
7.485336391255259514e-04
7.447951356880366802e-04
1.034630229696631432e-03
7.765779155306518078e-04
7.579855737276375294e-04
7.471808930858969688e-04
1.535517047159373760e-03
8.403493557125329971e-04
7.558747311122715473e-04
7.400285685434937477e-04
7.636938826180994511e-04
7.451856508851051331e-04
7.395393913611769676e-04
7.496757316403090954e-04
7.421005284413695335e-04
1.663329661823809147e-03
7.601774996146559715e-04
7.375960121862590313e-04
7.407270604744553566e-04
7.360862800851464272e-04
1.077141496352851391e-03
9.555186843499541283e-04
7.450266275554895401e-04
7.402424234896898270e-04
7.346264901570975780e-04
7.396811852231621742e-04
1.271701534278690815e-03
7.644158322364091873e-04
7.460644701495766640e-04
7.519237115047872066e-04
1.003076904453337193e-03
7.852631970308721066e-04
7.514652679674327374e-04
8.719289326108992100e-04
8.598086424171924591e-04
7.428666576743125916e-04
7.728757918812334538e-04
7.314679678529500961e-04
7.628445746377110481e-04
7.503926753997802734e-04
1.025369274429976940e-03
7.916450267657637596e-04
7.380983442999422550e-04
7.364813354797661304e-04
7.329024374485015869e-04
7.704767049290239811e-04
7.282349979504942894e-04
7.266824250109493732e-04
7.266036118380725384e-04
8.091481868177652359e-04
9.562165942043066025e-04
7.339403964579105377e-04
7.323758327402174473e-04
7.272940711118280888e-04
1.184169668704271317e-03
7.407576194964349270e-04
7.275105454027652740e-04
7.270954083651304245e-04
8.218742441385984421e-04
8.937339298427104950e-04
7.223000284284353256e-04
7.263518637046217918e-04
7.259653066284954548e-04
1.035192632116377354e-03
7.358941365964710712e-04
7.457134197466075420e-04
7.323804311454296112e-04
1.169638242572546005e-03
7.196677033789455891e-04
7.206478621810674667e-04
9.477651328779757023e-04
8.170066867023706436e-04
7.219562539830803871e-04
7.802097825333476067e-04
7.965749828144907951e-04
7.197040249593555927e-04
7.196002989076077938e-04
7.445082301273941994e-04
1.147238072007894516e-03
7.366061909124255180e-04
7.247158209793269634e-04
7.150617311708629131e-04
7.137916400097310543e-04
7.631619228050112724e-04
1.053900457918643951e-03
7.280161953531205654e-04
7.186042494140565395e-04
7.134729530662298203e-04
7.154457853175699711e-04
1.483317348174750805e-03
7.890578126534819603e-04
7.276388932950794697e-04
7.147493888624012470e-04
7.260339916683733463e-04
