1.132508646696805954e-02
3.302501980215311050e-03
2.524183597415685654e-03
2.284677699208259583e-03
2.134439069777727127e-03
2.060528378933668137e-03
2.025127643719315529e-03
2.008199458941817284e-03
1.999228261411190033e-03
1.993459882214665413e-03
1.988989999517798424e-03
1.985147129744291306e-03
1.981706824153661728e-03
1.978584332391619682e-03
1.975731924176216125e-03
1.973113976418972015e-03
1.970699056982994080e-03
1.968462020158767700e-03
1.966381445527076721e-03
1.964440336450934410e-03
1.962625887244939804e-03
1.960927620530128479e-03
1.959338318556547165e-03
1.957850996404886246e-03
1.956461230292916298e-03
1.955164363607764244e-03
1.953956903889775276e-03
1.952835242263972759e-03
1.951795886270701885e-03
1.950835227034986019e-03
1.949949772097170353e-03
1.949135912582278252e-03
1.948390156030654907e-03
1.947708078660070896e-03
1.947086653672158718e-03
1.946521922945976257e-03
1.946009811945259571e-03
1.945547061040997505e-03
1.945129712112247944e-03
1.944754505529999733e-03
1.944417948834598064e-03
1.944116898812353611e-03
1.943847979418933392e-03
1.943608862347900867e-03
1.943395938724279404e-03
1.943207462318241596e-03
1.943040639162063599e-03
1.942893140949308872e-03
1.942763454280793667e-03
1.942649018019437790e-03
1.942548551596701145e-03
1.942459959536790848e-03
1.942382426932454109e-03
1.942314323969185352e-03
1.942254602909088135e-03
1.942202099598944187e-03
1.942156115546822548e-03
1.942115370184183121e-03
1.942079630680382252e-03
1.942047965712845325e-03
1.942020026035606861e-03
1.941995229572057724e-03
1.941972877830266953e-03
1.941952854394912720e-03
1.941934693604707718e-03
1.941918279044330120e-03
1.941903610713779926e-03
1.941889524459838867e-03
1.941876951605081558e-03
1.941865077242255211e-03
1.941854017786681652e-03
1.941843307577073574e-03
1.941833645105361938e-03
1.941824331879615784e-03
1.941815135069191456e-03
1.941806403920054436e-03
1.941798022016882896e-03
1.941789989359676838e-03
1.941782305948436260e-03
1.941774273291230202e-03
1.941767055541276932e-03
1.941759604960680008e-03
1.941752620041370392e-03
1.941745751537382603e-03
1.941738650202751160e-03
1.941732014529407024e-03
1.941725495271384716e-03
1.941718626767396927e-03
1.941712573170661926e-03
1.941706053912639618e-03
1.941699883900582790e-03
1.941693830303847790e-03
1.941687893122434616e-03
1.941681839525699615e-03
1.941676135174930096e-03
1.941670314408838749e-03
1.941664842888712883e-03
1.941659254953265190e-03
1.941653783433139324e-03
1.941648428328335285e-03
1.941643073223531246e-03
1.941637718118727207e-03
1.941632595844566822e-03
1.941627473570406437e-03
1.941622467711567879e-03
1.941617578268051147e-03
1.941612572409212589e-03
1.941607799381017685e-03
1.941603026352822781e-03
1.941598253324627876e-03
1.941593829542398453e-03
1.941589172929525375e-03
1.941584749147295952e-03
1.941580325365066528e-03
1.941575901582837105e-03
1.941571710631251335e-03
1.941567403264343739e-03
1.941563328728079796e-03
1.941559137776494026e-03
1.941555179655551910e-03
1.941550988703966141e-03
1.941547146998345852e-03
1.941543188877403736e-03
1.941539580002427101e-03
1.941535505466163158e-03
1.941532129421830177e-03
1.941528287716209888e-03
1.941524795256555080e-03
1.941521069966256618e-03
1.941517577506601810e-03
1.941514201462268829e-03
1.941510476171970367e-03
1.941507332958281040e-03
1.941503840498626232e-03
1.941500813700258732e-03
1.941497321240603924e-03
1.941493945196270943e-03
1.941490918397903442e-03
1.941487891599535942e-03
1.941484748385846615e-03
1.941481488756835461e-03
1.941478694789111614e-03
1.941475667990744114e-03
1.941472757607698441e-03
1.941469963639974594e-03
1.941467286087572575e-03
1.941464142873883247e-03
1.941461698152124882e-03
1.941458787769079208e-03
1.941456226631999016e-03
1.941453549079596996e-03
1.941450987942516804e-03
2.022171625867486000e-03
1.943946816027164459e-03
1.960693625733256340e-03
1.942575792782008648e-03
1.941670896485447884e-03
1.941445516422390938e-03
1.941445167176425457e-03
1.941441092640161514e-03
1.941438764333724976e-03
1.941436901688575745e-03
1.941435155458748341e-03
1.941433059982955456e-03
1.941431197337806225e-03
1.941429334692656994e-03
1.941427588462829590e-03
1.941425609402358532e-03
1.941423746757209301e-03
1.941421884112060070e-03
1.941420137882232666e-03
1.941418624483048916e-03
1.941416878253221512e-03
1.941415015608072281e-03
1.941413502208888531e-03
1.941411755979061127e-03
1.941410009749233723e-03
1.941408263519406319e-03
1.951185171492397785e-03
1.991338795050978661e-03
1.969458302482962608e-03
1.941430266015231609e-03
1.941799069754779339e-03
1.941459369845688343e-03
1.941412687301635742e-03
1.941406633704900742e-03
1.941404538229107857e-03
1.941402908414602280e-03
1.941401627846062183e-03
1.941400114446878433e-03
1.941398717463016510e-03
1.941397436894476414e-03
1.941395923495292664e-03
1.941394759342074394e-03
1.941393478773534298e-03
1.941392081789672375e-03
1.941390917636454105e-03
1.941389404237270355e-03
1.941388240084052086e-03
1.941387075930833817e-03
1.941385795362293720e-03
1.941384514793753624e-03
1.941383350640535355e-03
1.962667563930153847e-03
1.979214372113347054e-03
1.946329022757709026e-03
1.942361937835812569e-03
1.941436319611966610e-03
1.941391266882419586e-03
1.941389986313879490e-03
1.941383350640535355e-03
1.941382186487317085e-03
1.941380789503455162e-03
1.941379858180880547e-03
1.941378694027662277e-03
1.941377646289765835e-03
1.941376482136547565e-03
1.941375317983329296e-03
1.941374153830111027e-03
1.941372989676892757e-03
1.941372058354318142e-03
1.941371127031743526e-03
1.941369962878525257e-03
1.941368798725306988e-03
1.941814320161938667e-03
2.099464181810617447e-03
1.965036382898688316e-03
1.945051946677267551e-03
1.941700349561870098e-03
1.941425260156393051e-03
1.941375667229294777e-03
1.941368449479341507e-03
1.941367285326123238e-03
1.941366121172904968e-03
1.941364957019686699e-03
1.941364258527755737e-03
1.941363094374537468e-03
1.941362163051962852e-03
1.941361231729388237e-03
1.941360183991491795e-03
1.941362512297928333e-03
2.030979143455624580e-03
1.977650914341211319e-03
1.952574355527758598e-03
1.942138769663870335e-03
1.941422582603991032e-03
1.941378577612340450e-03
1.941363094374537468e-03
1.941359834745526314e-03
1.941358670592308044e-03
1.941357739269733429e-03
1.941356575116515160e-03
1.941355876624584198e-03
1.941355061717331409e-03
1.941353897564113140e-03
1.941353199072182178e-03
1.941352384164929390e-03
1.941705122590065002e-03
1.954920124262571335e-03
1.943202340044081211e-03
1.941375550813972950e-03
1.941406051628291607e-03
1.941409194841980934e-03
1.941354712471365929e-03
1.941353781148791313e-03
1.941351802088320255e-03
1.941350870765745640e-03
1.941350172273814678e-03
1.941349008120596409e-03
1.941348193213343620e-03
1.941347494721412659e-03
1.941346679814159870e-03
1.941346330568194389e-03
1.958446111530065536e-03
2.035402692854404449e-03
1.941741677001118660e-03
1.943210954777896404e-03
1.941521186381578445e-03
1.941366703249514103e-03
1.941352849826216698e-03
1.941348426043987274e-03
1.941347261890769005e-03
1.941346330568194389e-03
1.941345399245619774e-03
1.941344351507723331e-03
1.941343653015792370e-03
1.941342838108539581e-03
1.941341906785964966e-03
1.941341208294034004e-03
1.941340393386781216e-03
1.941591268405318260e-03
1.942750532180070877e-03
1.942055649124085903e-03
1.941922469995915890e-03
1.941475202329456806e-03
1.941344933584332466e-03
1.941349706612527370e-03
1.941342488862574100e-03
1.941341790370643139e-03
1.941340742632746696e-03
1.941339811310172081e-03
1.941338879987597466e-03
1.941338297910988331e-03
1.941337133757770061e-03
1.941336551681160927e-03
1.941335620358586311e-03
1.941462513059377670e-03
2.026649890467524529e-03
1.957218395546078682e-03
1.941349124535918236e-03
1.941442606039345264e-03
1.941345166414976120e-03
1.941342139616608620e-03
1.941339462064206600e-03
1.941337715834379196e-03
1.941336784511804581e-03
1.941335969604551792e-03
1.941335038281977177e-03
1.941334339790046215e-03
1.941333292052149773e-03
1.941332593560218811e-03
1.941331778652966022e-03
1.941331429407000542e-03
1.949703902937471867e-03
2.065111184492707253e-03
1.948991208337247372e-03
1.941673224791884422e-03
1.941547379828989506e-03
1.941366703249514103e-03
1.941337948665022850e-03
1.941334921866655350e-03
1.941334106959402561e-03
1.941332942806184292e-03
1.941332244314253330e-03
1.941331429407000542e-03
1.941330614499747753e-03
1.941329916007816792e-03
1.941328984685242176e-03
1.941328053362667561e-03
1.941327471286058426e-03
1.941365422680974007e-03
2.385532017797231674e-03
1.985046546906232834e-03
1.941979513503611088e-03
1.941551687195897102e-03
1.941395690664649010e-03
1.941338297910988331e-03
1.941331429407000542e-03
1.941330614499747753e-03
1.941329566761851311e-03
1.941328751854598522e-03
1.941327820532023907e-03
1.941327005624771118e-03
1.941326074302196503e-03
1.941325375810265541e-03
1.941324560903012753e-03
1.941323745995759964e-03
1.941323047503829002e-03
1.941377995535731316e-03
1.954663544893264771e-03
1.981608802452683449e-03
1.944881747476756573e-03
1.941402791999280453e-03
1.941374968737363815e-03
1.941334921866655350e-03
1.941331196576356888e-03
1.941328984685242176e-03
1.941327820532023907e-03
1.941326889209449291e-03
1.941326074302196503e-03
1.941325375810265541e-03
1.941324211657047272e-03
1.941323396749794483e-03
1.941322698257863522e-03
1.941321883350610733e-03
1.941321184858679771e-03
1.941320369951426983e-03
1.941319555044174194e-03
1.941345166414976120e-03
2.332745352759957314e-03
1.941331662237644196e-03
1.943031675182282925e-03
1.941749127581715584e-03
1.941357157193124294e-03
1.941324793733656406e-03
1.941324328072369099e-03
1.941322232596576214e-03
1.941321184858679771e-03
1.941320137120783329e-03
1.941319555044174194e-03
1.941318623721599579e-03
1.941317692399024963e-03
1.941316993907094002e-03
1.941316178999841213e-03
1.941317343153059483e-03
1.994570251554250717e-03
1.953315921127796173e-03
1.950550358742475510e-03
1.941676135174930096e-03
1.941323396749794483e-03
1.941321883350610733e-03
1.941321883350610733e-03
1.941319787874817848e-03
1.941318623721599579e-03
1.941317692399024963e-03
1.941316993907094002e-03
1.941315946169197559e-03
1.941315014846622944e-03
1.941314316354691982e-03
1.941313501447439194e-03
1.941312686540186405e-03
1.941311988048255444e-03
1.941324910148978233e-03
2.465369645506143570e-03
1.971103949472308159e-03
1.947236363776028156e-03
1.941618276759982109e-03
1.941358554176986217e-03
1.941322465427219868e-03
1.941319555044174194e-03
1.941317343153059483e-03
1.941316178999841213e-03
1.941315014846622944e-03
1.941314083524048328e-03
1.941313152201473713e-03
1.941312337294220924e-03
1.941311638802289963e-03
1.941310823895037174e-03
1.941310125403106213e-03
1.941309310495853424e-03
1.941308495588600636e-03
1.941307564266026020e-03
1.941306982189416885e-03
1.941306283697485924e-03
1.941307564266026020e-03
2.181050833314657211e-03
2.011136617511510849e-03
1.948561752215027809e-03
1.941519090905785561e-03
1.941327820532023907e-03
1.941324211657047272e-03
1.941322465427219868e-03
1.941320369951426983e-03
1.941318856552243233e-03
1.941317343153059483e-03
1.941316178999841213e-03
1.941315014846622944e-03
1.941314083524048328e-03
1.941313152201473713e-03
1.941312220878899097e-03
1.941311173141002655e-03
1.941310474649071693e-03
1.941309543326497078e-03
1.941308495588600636e-03
1.941307797096669674e-03
1.941306982189416885e-03
1.941306283697485924e-03
1.941305352374911308e-03
1.941304770298302174e-03
1.941303955391049385e-03
1.941303024068474770e-03
1.941302209161221981e-03
1.941301627084612846e-03
1.941300928592681885e-03
1.941300113685429096e-03
1.941299764439463615e-03
2.012938726693391800e-03
1.991803990676999092e-03
1.945293042808771133e-03
1.941534923389554024e-03
1.941361930221319199e-03
1.941326889209449291e-03
1.941307447850704193e-03
1.941305468790233135e-03
1.941304304637014866e-03
1.941303256899118423e-03
1.941302209161221981e-03
1.941301510669291019e-03
1.941300579346716404e-03
1.941299997270107269e-03
1.941299065947532654e-03
1.941298251040279865e-03
1.941297668963670731e-03
1.941296737641096115e-03
1.941295922733843327e-03
1.941295224241912365e-03
1.941294409334659576e-03
1.941293827258050442e-03
1.942758914083242416e-03
1.967795658856630325e-03
1.945675583556294441e-03
1.942945062182843685e-03
1.941537600941956043e-03
1.941302791237831116e-03
1.941302441991865635e-03
1.941299065947532654e-03
1.941297436133027077e-03
1.941296504810452461e-03
1.941295573487877846e-03
1.941294642165303230e-03
1.941293827258050442e-03
1.941292895935475826e-03
1.941292197443544865e-03
1.941291615366935730e-03
1.941290800459682941e-03
1.941289869137108326e-03
1.941289519891142845e-03
1.941288704983890057e-03
1.943882671184837818e-03
1.941351103596389294e-03
1.943111419677734375e-03
1.942441565915942192e-03
1.941465656273066998e-03
1.941304886713624001e-03
1.941291964612901211e-03
1.941291033290326595e-03
1.941289636306464672e-03
1.941288937814533710e-03
1.941287890076637268e-03
1.941287191584706306e-03
1.941286376677453518e-03
1.941285678185522556e-03
1.941284863278269768e-03
1.941284164786338806e-03
1.941283349879086018e-03
1.941282651387155056e-03
1.942133880220353603e-03
2.150823827832937241e-03
1.946377102285623550e-03
1.941365539096295834e-03
1.941571128554642200e-03
1.941318856552243233e-03
1.941296737641096115e-03
1.941291615366935730e-03
1.941290451213717461e-03
1.941289519891142845e-03
1.941288355737924576e-03
1.941287191584706306e-03
1.941286260262131691e-03
1.941285445354878902e-03
1.941284514032304287e-03
1.941283582709729671e-03
1.941282767802476883e-03
1.941282069310545921e-03
1.941281021572649479e-03
1.941280323080718517e-03
1.941279508173465729e-03
1.941278809681534767e-03
1.941277994774281979e-03
1.941277296282351017e-03
1.941276481375098228e-03
1.941275782883167267e-03
1.941274967975914478e-03
1.941275550052523613e-03
2.177163027226924896e-03
1.969800097867846489e-03
1.944592222571372986e-03
1.941614667885005474e-03
1.941284281201660633e-03
1.941289519891142845e-03
1.941280672326683998e-03
1.941279158927500248e-03
1.941277994774281979e-03
1.941276830621063709e-03
1.941275899298489094e-03
1.941275317221879959e-03
1.941274385899305344e-03
1.941273454576730728e-03
1.941272639669477940e-03
1.941271708346903324e-03
1.941271009854972363e-03
1.941269962117075920e-03
1.941269263625144958e-03
1.941268448717892170e-03
1.941269263625144958e-03
1.970817567780613899e-03
1.941488939337432384e-03
1.944553689099848270e-03
1.942142494954168797e-03
1.941379508934915066e-03
1.941285328939557076e-03
1.941270544193685055e-03
1.941269612871110439e-03
1.941268448717892170e-03
1.941267750225961208e-03
1.941266818903386593e-03
1.941265771165490150e-03
1.941265072673559189e-03
1.941264490596950054e-03
1.941263326443731785e-03
1.941262744367122650e-03
1.941261813044548035e-03
1.942404080182313919e-03
1.960612367838621140e-03
1.945544732734560966e-03
1.942771486937999725e-03
1.941454596817493439e-03
1.941270427778363228e-03
1.941268099471926689e-03
1.941265654750168324e-03
1.941264257766306400e-03
1.941263093613088131e-03
1.941262395121157169e-03
1.941261463798582554e-03
1.941260532476007938e-03
1.941259717568755150e-03
1.941258786246180534e-03
1.941257971338927746e-03
1.941257040016353130e-03
1.941256341524422169e-03
1.941255526617169380e-03
1.941254711709916592e-03
1.943850307725369930e-03
1.954949693754315376e-03
1.949221128597855568e-03
1.942400471307337284e-03
1.941349706612527370e-03
1.941274269483983517e-03
1.941259484738111496e-03
1.941256341524422169e-03
1.941255293786525726e-03
1.941254362463951111e-03
1.941253663972020149e-03
1.941252616234123707e-03
1.941251684911549091e-03
1.941250986419618130e-03
1.941250171512365341e-03
1.941249007359147072e-03
1.941248425282537937e-03
1.941743073984980583e-03
1.988540403544902802e-03
1.952592283487319946e-03
1.941268914379179478e-03
1.941470080055296421e-03
1.941254013217985630e-03
1.941254711709916592e-03
1.941252034157514572e-03
1.941250520758330822e-03
1.941249589435756207e-03
1.941248658113181591e-03
1.941247726790606976e-03
1.941246795468032360e-03
1.941245980560779572e-03
1.941245049238204956e-03
1.941244117915630341e-03
1.941243303008377552e-03
1.941242371685802937e-03
1.941241440363228321e-03
1.941251335665583611e-03
2.253969432786107063e-03
1.971109071746468544e-03
1.941310474649071693e-03
1.941684284247457981e-03
1.941281603649258614e-03
1.941247843205928802e-03
1.941244816407561302e-03
1.941243303008377552e-03
1.941242138855159283e-03
1.941241440363228321e-03
1.941240509040653706e-03
1.941239461302757263e-03
1.941238762810826302e-03
1.941237947903573513e-03
1.941236783750355244e-03
1.941236085258424282e-03
1.941235270351171494e-03
1.941234571859240532e-03
1.945605385117232800e-03
2.019879408180713654e-03
1.945450552739202976e-03
1.941332942806184292e-03
1.941396505571901798e-03
1.941243535839021206e-03
1.941238180734217167e-03
1.941237249411642551e-03
1.941236201673746109e-03
1.941235270351171494e-03
1.941234106197953224e-03
1.941233407706022263e-03
1.941232476383447647e-03
1.941231545060873032e-03
1.941230730153620243e-03
1.941229566000401974e-03
1.941228867508471012e-03
1.941227703355252743e-03
1.941226888447999954e-03
1.941385213285684586e-03
2.043984364718198776e-03
1.957115484401583672e-03
1.941233174875378609e-03
1.941415714100003242e-03
1.941262977197766304e-03
1.941233407706022263e-03
1.941228401847183704e-03
1.941227703355252743e-03
1.941226539202034473e-03
1.941225607879459858e-03
1.941224443726241589e-03
1.941223512403666973e-03
1.941222581081092358e-03
1.941221533343195915e-03
1.941220834851264954e-03
1.941219670698046684e-03
1.941218739375472069e-03
1.941884751431643963e-03
1.952023245394229889e-03
1.950839185155928135e-03
1.941377995535731316e-03
1.941376016475260258e-03
1.941244816407561302e-03
1.941223861649632454e-03
1.941220834851264954e-03
1.941219437867403030e-03
1.941218506544828415e-03
1.941217342391610146e-03
1.941216411069035530e-03
1.941215246915817261e-03
1.941214315593242645e-03
1.941213384270668030e-03
1.941212452948093414e-03
1.941211288794875145e-03
1.941210473887622356e-03
1.941209309734404087e-03
1.941305818036198616e-03
2.118849195539951324e-03
1.951631507836282253e-03
1.942569273523986340e-03
1.941296737641096115e-03
1.941215828992426395e-03
1.941217808052897453e-03
1.941211870871484280e-03
1.941210939548909664e-03
1.941209775395691395e-03
1.941208844073116779e-03
1.941207796335220337e-03
1.941206865012645721e-03
1.941205700859427452e-03
1.941204769536852837e-03
1.941204071044921875e-03
1.941203023307025433e-03
1.941202091984450817e-03
1.941200927831232548e-03
1.941200229339301586e-03
1.941199298016726971e-03
1.941913156770169735e-03
2.012549899518489838e-03
1.950517995283007622e-03
1.942291040904819965e-03
1.941363676451146603e-03
1.941205002367496490e-03
1.941200927831232548e-03
1.941197784617543221e-03
1.941196736879646778e-03
1.941195572726428509e-03
1.941194524988532066e-03
1.941193477250635624e-03
1.941192545928061008e-03
1.941191381774842739e-03
1.941190450452268124e-03
1.941189286299049854e-03
1.941211638040840626e-03
1.946378266438841820e-03
1.957000000402331352e-03
1.943107694387435913e-03
1.941514899954199791e-03
1.941232825629413128e-03
1.941190450452268124e-03
1.941190101206302643e-03
1.941188354976475239e-03
1.941187190823256969e-03
1.941186143085360527e-03
1.941184978932142258e-03
1.941184164024889469e-03
1.941182999871671200e-03
1.941181952133774757e-03
1.941180904395878315e-03
1.941179973073303699e-03
1.941178808920085430e-03
1.941177644766867161e-03
1.941176597028970718e-03
1.941175549291074276e-03
1.941174617968499660e-03
1.941173453815281391e-03
1.941173919476568699e-03
2.013473073020577431e-03
1.966536976397037506e-03
1.943937269970774651e-03
1.941433874890208244e-03
1.941180787980556488e-03
1.941181370057165623e-03
1.941176364198327065e-03
1.941174617968499660e-03
1.941173453815281391e-03
1.941172406077384949e-03
1.941171358339488506e-03
1.941170427016913891e-03
1.941169262863695621e-03
1.941168215125799179e-03
1.941167167387902737e-03
1.941166119650006294e-03
1.941165071912109852e-03
1.941164024174213409e-03
1.941162976436316967e-03
1.941162045113742352e-03
1.941160880960524082e-03
1.941159716807305813e-03
1.941158669069409370e-03
1.941157504916191101e-03
1.941156573593616486e-03
1.941155525855720043e-03
1.941154245287179947e-03
1.941153313964605331e-03
1.942161936312913895e-03
1.942637958563864231e-03
1.950361183844506741e-03
1.941383699886500835e-03
1.941196038387715816e-03
1.941165537573397160e-03
1.941152149811387062e-03
1.941149821504950523e-03
1.941148657351732254e-03
1.941147609613835812e-03
1.941146445460617542e-03
1.941145281307399273e-03
1.941144349984824657e-03
1.941142953000962734e-03
1.941142021678388119e-03
1.941140741109848022e-03
1.941139576956629753e-03
1.941152149811387062e-03
2.111248672008514404e-03
1.951346290297806263e-03
1.942918170243501663e-03
1.941481139510869980e-03
1.941145048476755619e-03
1.941141090355813503e-03
1.941134571097791195e-03
1.941133057698607445e-03
1.941131893545389175e-03
1.941130612976849079e-03
1.941129215992987156e-03
1.941128051839768887e-03
1.941127004101872444e-03
1.941125839948654175e-03
1.941571128554642200e-03
2.028797520324587822e-03
1.950377598404884338e-03
1.942322473041713238e-03
1.941227237693965435e-03
1.941122813150286674e-03
1.941123395226895809e-03
1.941120135597884655e-03
1.941118622198700905e-03
1.941116992384195328e-03
1.941115944646298885e-03
1.941114431247115135e-03
1.941113267093896866e-03
1.941112102940678596e-03
1.941110589541494846e-03
1.941110123880207539e-03
1.996844075620174408e-03
1.977276057004928589e-03
1.941938302479684353e-03
1.941404654644429684e-03
1.941176597028970718e-03
1.941114896908402443e-03
1.941105583682656288e-03
1.941103837452828884e-03
1.941102556884288788e-03
1.941101392731070518e-03
1.941100112162530422e-03
1.941098715178668499e-03
1.941097551025450230e-03
1.941096270456910133e-03
1.941094873473048210e-03
1.941093592904508114e-03
1.941092661581933498e-03
1.944104325957596302e-03
1.953594619408249855e-03
1.941638649441301823e-03
1.941101159900426865e-03
1.941124908626079559e-03
1.941099064424633980e-03
1.941088004969060421e-03
1.941085793077945709e-03
1.941084279678761959e-03
1.941082882694900036e-03
1.941081602126359940e-03
1.941080088727176189e-03
1.941078575327992439e-03
1.941077411174774170e-03
1.941081718541681767e-03
2.022224478423595428e-03
1.958220731467008591e-03
1.941848546266555786e-03
1.941098133102059364e-03
1.941121299751102924e-03
1.941073569469153881e-03
1.941069611348211765e-03
1.941067981533706188e-03
1.941066351719200611e-03
1.941064954735338688e-03
1.941063674166798592e-03
1.941062160767614841e-03
1.941060647368431091e-03
1.941064954735338688e-03
2.035545418038964272e-03
1.962558599188923836e-03
1.942889532074332237e-03
1.941075082868337631e-03
1.941093010827898979e-03
1.941053778864443302e-03
1.941052032634615898e-03
1.941050635650753975e-03
1.941049005836248398e-03
1.941047259606420994e-03
1.941045746207237244e-03
1.941044232808053493e-03
1.941042602993547916e-03
1.941040973179042339e-03
1.941092195920646191e-03
1.961108762770891190e-03
1.952256308868527412e-03
1.941606635227799416e-03
1.941116992384195328e-03
1.941063674166798592e-03
1.941038062795996666e-03
1.941033173352479935e-03
1.941031194292008877e-03
1.941029448062181473e-03
1.941027818247675896e-03
1.941026304848492146e-03
1.941024558618664742e-03
1.941022812388837337e-03
1.941021066159009933e-03
1.941019436344504356e-03
1.941017922945320606e-03
1.941015943884849548e-03
1.941014663316309452e-03
2.055575605481863022e-03
1.941863563843071461e-03
1.943117822520434856e-03
1.941486727446317673e-03
1.941018272191286087e-03
1.941017108038067818e-03
1.941008726134896278e-03
1.941006397828459740e-03
1.941004651598632336e-03
1.941003021784126759e-03
1.941001275554299355e-03
1.940999529324471951e-03
1.940997666679322720e-03
1.940995920449495316e-03
1.940994174219667912e-03
1.940992311574518681e-03
1.940990448929369450e-03
1.940988469868898392e-03
1.940989051945507526e-03
1.990865683183073997e-03
1.945428783074021339e-03
1.941080670803785324e-03
1.941256807185709476e-03
1.941000344231724739e-03
1.940986723639070988e-03
1.940979156643152237e-03
1.940976711921393871e-03
1.940974732860922813e-03
1.940972870215773582e-03
1.940970891155302525e-03
1.940969028510153294e-03
1.940966933034360409e-03
1.940984162501990795e-03
2.087085042148828506e-03
1.942262635566294193e-03
1.940997666679322720e-03
1.941101741977035999e-03
1.940977061167359352e-03
1.940961461514234543e-03
1.940956106409430504e-03
1.940953778102993965e-03
1.940951449796557426e-03
1.940949587151408195e-03
1.940947724506258965e-03
1.940945629030466080e-03
1.940943533554673195e-03
1.940989634022116661e-03
1.986640505492687225e-03
1.946249860338866711e-03
1.941021648235619068e-03
1.941113267093896866e-03
1.940943533554673195e-03
1.940934103913605213e-03
1.940931659191846848e-03
1.940929330885410309e-03
1.940927235409617424e-03
1.940925023518502712e-03
1.940922928042709827e-03
1.940920832566916943e-03
1.940918737091124058e-03
1.947098295204341412e-03
1.976987812668085098e-03
1.942996983416378498e-03
1.940925605595111847e-03
1.940916641615331173e-03
1.940915593877434731e-03
1.940909889526665211e-03
1.940906629897654057e-03
1.940904534421861172e-03
1.940902322530746460e-03
1.940899994224309921e-03
1.940897665917873383e-03
1.940895803272724152e-03
1.940893474966287613e-03
1.940891263075172901e-03
1.940888934768736362e-03
1.940886490046977997e-03
1.940884161740541458e-03
1.940884510986506939e-03
2.207792131230235100e-03
1.953491009771823883e-03
1.944046001881361008e-03
1.941236085258424282e-03
1.940918271429836750e-03
1.940883230417966843e-03
1.940876361913979053e-03
1.940873684361577034e-03
1.940871588885784149e-03
1.940869493409991264e-03
1.940867397934198380e-03
1.940865302458405495e-03
1.940863323397934437e-03
1.940861111506819725e-03
1.940859016031026840e-03
1.940856920555233955e-03
1.940854592248797417e-03
1.940852263942360878e-03
1.940850052051246166e-03
1.940848072990775108e-03
1.940845628269016743e-03
1.940843183547258377e-03
1.940840855240821838e-03
1.940838526934385300e-03
1.940836315043270588e-03
1.940833637490868568e-03
1.940831309184432030e-03
1.940828864462673664e-03
1.940826419740915298e-03
1.940823509357869625e-03
1.940821181051433086e-03
2.007378498092293739e-03
1.995456172153353691e-03
1.943835173733532429e-03
1.940834335982799530e-03
1.940895803272724152e-03
1.940819900482892990e-03
1.940815127454698086e-03
1.940811518579721451e-03
1.940808957442641258e-03
1.940806512720882893e-03
1.940804184414446354e-03
1.940801972523331642e-03
1.940799294970929623e-03
1.940796850249171257e-03
1.940794289112091064e-03
1.940791844390332699e-03
1.940789399668574333e-03
1.940786722116172314e-03
1.940784044563770294e-03
1.940781367011368275e-03
1.940778689458966255e-03
1.940776011906564236e-03
1.940773334354162216e-03
1.940770423971116543e-03
1.940767630003392696e-03
1.940764719620347023e-03
1.940761925652623177e-03
1.940872170962393284e-03
1.947819604538381100e-03
1.948097720742225647e-03
1.942064263857901096e-03
1.940768212080001831e-03
1.940755057148635387e-03
1.940751215443015099e-03
1.940748537890613079e-03
1.940745860338211060e-03
1.940743182785809040e-03
1.940740155987441540e-03
1.940737478435039520e-03
1.940734451636672020e-03
1.940731774084270000e-03
1.940728747285902500e-03
1.940726069733500481e-03
1.940723042935132980e-03
1.940719783306121826e-03
1.940716872923076153e-03
1.940713613294064999e-03
1.940710353665053844e-03
1.940707326866686344e-03
1.940704300068318844e-03
1.946468255482614040e-03
1.973251579329371452e-03
1.944467076100409031e-03
1.941092195920646191e-03
1.940698944963514805e-03
1.940700807608664036e-03
1.940689980983734131e-03
1.940686604939401150e-03
1.940683345310389996e-03
1.940679852850735188e-03
1.940676593221724033e-03
1.940672984346747398e-03
1.940669724717736244e-03
1.940666348673403263e-03
1.940709305927157402e-03
1.940726186148822308e-03
1.943372655659914017e-03
1.940773683600127697e-03
1.940684625878930092e-03
1.940670306794345379e-03
1.940650865435600281e-03
1.940646907314658165e-03
1.940643298439681530e-03
1.940639805980026722e-03
1.940636429935693741e-03
1.940632937476038933e-03
1.940629561431705952e-03
1.940625719726085663e-03
1.940622227266430855e-03
1.940628746524453163e-03
2.060697413980960846e-03
1.952329417690634727e-03
1.942332834005355835e-03
1.940831192769110203e-03
1.940628746524453163e-03
1.940605463460087776e-03
1.940601854585111141e-03
1.940597896464169025e-03
1.940594287589192390e-03
1.940590562298893929e-03
1.940586837008595467e-03
1.940582762472331524e-03
1.940579153597354889e-03
1.940575195476412773e-03
1.940571120940148830e-03
1.953573431819677353e-03
1.943038892932236195e-03
1.944583491422235966e-03
1.940703485161066055e-03
1.940561574883759022e-03
1.940557383932173252e-03
1.940553658641874790e-03
1.940549584105610847e-03
1.940545625984668732e-03
1.940541551448404789e-03
1.940537593327462673e-03
1.940533402375876904e-03
1.940529444254934788e-03
1.940525020472705364e-03
1.940520829521119595e-03
1.940517220646142960e-03
1.961984205991029739e-03
1.944462535902857780e-03
1.942843548022210598e-03
1.940511981956660748e-03
1.940534682944417000e-03
1.940505928359925747e-03
1.940497197210788727e-03
1.940492540597915649e-03
1.940488233231008053e-03
1.940483809448778629e-03
1.940479269251227379e-03
1.940474612638354301e-03
1.940646325238049030e-03
1.999306026846170425e-03
1.943026087246835232e-03
1.940521760843694210e-03
1.940506743267178535e-03
1.940465066581964493e-03
1.940454472787678242e-03
1.940448302775621414e-03
1.940443529747426510e-03
1.940439222380518913e-03
1.940434216521680355e-03
1.940429676324129105e-03
1.940424670465290546e-03
1.940419897437095642e-03
1.951458747498691082e-03
1.946532051078975201e-03
1.941024325788021088e-03
1.940525718964636326e-03
1.940455054864287376e-03
1.940404647029936314e-03
1.940399175509810448e-03
1.940393354743719101e-03
1.940388465300202370e-03
1.940383343026041985e-03
1.940378104336559772e-03
1.940373214893043041e-03
1.940367859788239002e-03
1.940362737514078617e-03
1.950185745954513550e-03
1.949771889485418797e-03
1.941866474226117134e-03
1.940624788403511047e-03
1.940400223247706890e-03
1.940345391631126404e-03
1.940340036526322365e-03
1.940334448590874672e-03
1.940328977070748806e-03
1.940323156304657459e-03
1.940317917615175247e-03
1.940311980433762074e-03
1.940306043252348900e-03
1.940384041517972946e-03
1.970325130969285965e-03
1.942829228937625885e-03
1.940954593010246754e-03
1.940320129506289959e-03
1.940286369062960148e-03
1.940280431881546974e-03
1.940274378284811974e-03
1.940267859026789665e-03
1.940261456184089184e-03
1.940255169756710529e-03
1.940248650498688221e-03
1.943306648172438145e-03
1.950921607203781605e-03
1.941671362146735191e-03
1.940418384037911892e-03
1.940282061696052551e-03
1.940231304615736008e-03
1.940217684023082256e-03
1.940210815519094467e-03
1.940203481353819370e-03
1.940195797942578793e-03
1.940188580192625523e-03
1.942941220477223396e-03
1.943095703609287739e-03
1.942665083333849907e-03
1.940380781888961792e-03
1.940191374160349369e-03
1.940166461281478405e-03
1.940152724273502827e-03
1.940144109539687634e-03
1.940135378390550613e-03
1.940126530826091766e-03
1.940179732628166676e-03
1.957305474206805229e-03
1.945014926604926586e-03
1.940489746630191803e-03
1.940172747708857059e-03
1.940096612088382244e-03
1.940084970556199551e-03
1.940074143931269646e-03
1.940063782967627048e-03
1.940053072758018970e-03
1.940042478963732719e-03
1.945184310898184776e-03
1.948885619640350342e-03
1.941635855473577976e-03
1.940245390869677067e-03
1.940016867592930794e-03
1.940002781338989735e-03
1.939985086210072041e-03
1.939970301464200020e-03
1.939957728609442711e-03
1.975821331143379211e-03
1.943616778589785099e-03
1.940113957971334457e-03
1.939979847520589828e-03
1.939925132319331169e-03
1.939888345077633858e-03
1.939865411259233952e-03
1.939849811606109142e-03
1.975524937734007835e-03
1.945031341165304184e-03
1.940715359523892403e-03
1.939797773957252502e-03
1.939767040312290192e-03
1.939746085554361343e-03
1.939759938977658749e-03
1.959111075848340988e-03
1.940795453265309334e-03
1.940089743584394455e-03
1.939672278240323067e-03
1.939618261530995369e-03
1.939665991812944412e-03
1.953557599335908890e-03
1.939572044648230076e-03
1.939609879627823830e-03
1.939505571499466896e-03
1.939488924108445644e-03
1.944569754414260387e-03
1.941983355209231377e-03
1.939551904797554016e-03
1.939421170391142368e-03
1.939404290169477463e-03
1.939355046488344669e-03
1.955760875716805458e-03
1.945040887221693993e-03
1.939476351253688335e-03
1.939390320330858231e-03
1.939286710694432259e-03
1.939260051585733891e-03
1.939237932674586773e-03
1.939732348546385765e-03
1.966790063306689262e-03
1.940337708219885826e-03
1.939219655469059944e-03
1.939184381626546383e-03
1.939174951985478401e-03
1.939154928550124168e-03
1.939140842296183109e-03
1.939127105288207531e-03
1.939137582667171955e-03
1.978054642677307129e-03
1.944805262610316277e-03
1.939816749654710293e-03
1.939128851518034935e-03
1.939080189913511276e-03
1.939058653078973293e-03
1.939044566825032234e-03
1.939032110385596752e-03
1.939392415806651115e-03
1.963550457730889320e-03
1.941977418027818203e-03
1.939435489475727081e-03
1.939014415256679058e-03
1.938985544256865978e-03
1.938967499881982803e-03
1.938954112119972706e-03
1.938942470587790012e-03
1.940368558280169964e-03
1.949480036273598671e-03
1.940241549164056778e-03
1.939144101925194263e-03
1.938936999067664146e-03
1.938896835781633854e-03
1.938880537636578083e-03
1.938867499120533466e-03
1.938861794769763947e-03
1.976496772840619087e-03
1.942530041560530663e-03
1.939172740094363689e-03
1.938940025866031647e-03
1.938827219419181347e-03
1.938808243721723557e-03
1.938793342560529709e-03
1.938781701028347015e-03
1.938837580382823944e-03
1.942723058164119720e-03
1.940529444254934788e-03
1.938863890245556831e-03
1.938799861818552017e-03
1.938736299052834511e-03
1.938721048645675182e-03
1.938708010129630566e-03
1.938696252182126045e-03
1.939118956215679646e-03
1.964208437129855156e-03
1.941510359756648540e-03
1.939044101163744926e-03
1.938670640811324120e-03
1.938653527759015560e-03
1.938634784892201424e-03
1.938621513545513153e-03
1.938608940690755844e-03
1.938915229402482510e-03
1.971769379451870918e-03
1.938698347657918930e-03
1.939112786203622818e-03
1.938590547069907188e-03
1.938560977578163147e-03
1.938548171892762184e-03
1.938534551300108433e-03
1.938522094860672951e-03
1.938509754836559296e-03
1.938497298397123814e-03
1.980315893888473511e-03
1.941142603754997253e-03
1.938991830684244633e-03
1.938659464940428734e-03
1.938478788360953331e-03
1.938450615853071213e-03
1.938436413183808327e-03
1.938423141837120056e-03
1.938410568982362747e-03
1.938397414050996304e-03
1.938385306857526302e-03
1.997126266360282898e-03
1.944646239280700684e-03
1.938877278007566929e-03
1.938397181220352650e-03
1.938358298502862453e-03
1.938332337886095047e-03
1.938318950124084949e-03
1.938304514624178410e-03
1.938290311954915524e-03
1.938277040608227253e-03
1.945541123859584332e-03
1.950961304828524590e-03
1.939747133292257786e-03
1.938379253260791302e-03
1.938258297741413116e-03
1.938214874826371670e-03
1.938199624419212341e-03
1.938184257596731186e-03
1.938168308697640896e-03
1.938255270943045616e-03
1.958714565262198448e-03
1.942505943588912487e-03
1.938239205628633499e-03
1.938112545758485794e-03
1.938097528181970119e-03
1.938079018145799637e-03
1.938061090186238289e-03
1.938043162226676941e-03
1.938026398420333862e-03
1.953055500052869320e-03
1.947701210156083107e-03
1.939154812134802341e-03
1.938133034855127335e-03
1.937956549227237701e-03
1.937937107868492603e-03
1.937914988957345486e-03
1.937894034199416637e-03
1.938189612701535225e-03
1.954333158209919930e-03
1.938360976055264473e-03
1.937836757861077785e-03
1.937848399393260479e-03
1.937782275490462780e-03
1.937748282216489315e-03
1.937724649906158447e-03
1.946743694134056568e-03
1.940632238984107971e-03
1.937833381816744804e-03
1.937771216034889221e-03
1.937616732902824879e-03
1.937558525241911411e-03
1.937528024427592754e-03
1.947929500602185726e-03
1.939717214554548264e-03
1.937976456247270107e-03
1.937401015311479568e-03
1.937338616698980331e-03
1.937290886417031288e-03
1.937586581334471703e-03
1.942513743415474892e-03
1.939004519954323769e-03
1.937123830430209637e-03
1.937049673870205879e-03
1.936962828040122986e-03
1.938408240675926208e-03
1.946707488968968391e-03
1.936890417709946632e-03
1.936809509061276913e-03
1.936539774760603905e-03
1.936488901264965534e-03
1.958272187039256096e-03
1.938190078362822533e-03
1.936214743182063103e-03
1.935975975356996059e-03
1.936254790052771568e-03
1.937143271788954735e-03
1.935588428750634193e-03
1.935206702910363674e-03
1.935222186148166656e-03
1.942423987202346325e-03
1.936093322001397610e-03
1.934026251547038555e-03
1.935642212629318237e-03
1.936758402734994888e-03
1.932837301865220070e-03
1.932325540110468864e-03
1.941788825206458569e-03
1.932183397002518177e-03
1.931563951075077057e-03
1.930053229443728924e-03
1.929180813021957874e-03
1.929342048242688179e-03
1.934110769070684910e-03
1.928282552398741245e-03
1.925642369315028191e-03
1.924582291394472122e-03
1.924570067785680294e-03
1.927563804201781750e-03
1.922038616612553596e-03
1.919857342727482319e-03
1.919843605719506741e-03
1.928409095853567123e-03
1.916187815368175507e-03
1.913658692501485348e-03
1.911615370772778988e-03
1.968280877918004990e-03
1.909304410219192505e-03
1.907041063532233238e-03
1.904830103740096092e-03
1.902907155454158783e-03
1.900917384773492813e-03
1.898908987641334534e-03
1.925885677337646484e-03
1.899562077596783638e-03
1.894270884804427624e-03
1.892584608867764473e-03
1.890799263492226601e-03
1.889152103103697300e-03
1.887593418359756470e-03
1.886124606244266033e-03
1.884753000922501087e-03
1.886223210021853447e-03
1.883464399725198746e-03
1.883921562694013119e-03
1.880972646176815033e-03
1.879995688796043396e-03
1.879153423942625523e-03
1.878396607935428619e-03
1.877693459391593933e-03
1.877035479992628098e-03
1.876416150480508804e-03
1.875828835181891918e-03
1.875268528237938881e-03
1.874731038697063923e-03
1.874212990514934063e-03
1.873711356893181801e-03
1.921337796375155449e-03
1.884727855212986469e-03
1.874036388471722603e-03
1.872368622571229935e-03
1.871803659014403820e-03
1.871398300863802433e-03
1.870998763479292393e-03
1.870607957243919373e-03
1.870222389698028564e-03
1.869840780273079872e-03
1.869462546892464161e-03
1.869087223894894123e-03
1.868714112788438797e-03
1.868343329988420010e-03
1.872856868430972099e-03
1.880075433291494846e-03
1.868277322500944138e-03
1.867425860837101936e-03
1.867117593064904213e-03
1.866785809397697449e-03
1.866477890871465206e-03
1.866173115558922291e-03
1.865868689492344856e-03
1.865564845502376556e-03
1.865261234343051910e-03
1.864957972429692745e-03
1.864655292592942715e-03
1.864353660494089127e-03
1.864053308963775635e-03
1.863754936493933201e-03
1.863459008745849133e-03
1.863177632912993431e-03
1.879193470813333988e-03
1.863482990302145481e-03
1.862984034232795238e-03
1.862481585703790188e-03
1.862138160504400730e-03
1.861885073594748974e-03
1.861647702753543854e-03
1.861416152678430080e-03
1.861187745817005634e-03
1.860963180661201477e-03
1.860742107965052128e-03
1.860524760559201241e-03
1.860311022028326988e-03
1.860101125203073025e-03
1.859894720837473869e-03
1.859691925346851349e-03
1.859492622315883636e-03
1.859296695329248905e-03
1.859193551354110241e-03
1.878541545011103153e-03
1.865598605945706367e-03
1.859373762272298336e-03
1.858575153164565563e-03
1.858424511738121510e-03
1.858256873674690723e-03
1.858103089034557343e-03
1.857950352132320404e-03
1.857799128629267216e-03
1.857648836448788643e-03
1.857499592006206512e-03
1.857350929640233517e-03
1.857202849350869656e-03
1.857055467553436756e-03
1.856908202171325684e-03
1.856760703958570957e-03
1.856613438576459885e-03
1.865696045570075512e-03
1.888123457320034504e-03
1.859628595411777496e-03
1.856499002315104008e-03
1.856104237958788872e-03
1.855931244790554047e-03
1.855796785093843937e-03
1.855668262578547001e-03
1.855538459494709969e-03
1.855408074334263802e-03
1.855276292189955711e-03
1.855143462307751179e-03
1.855009468272328377e-03
1.854874193668365479e-03
1.854737638495862484e-03
1.854599569924175739e-03
1.854460104368627071e-03
1.854322035796940327e-03
1.904421951621770859e-03
1.855568261817097664e-03
1.854098984040319920e-03
1.854037865996360779e-03
1.853787573054432869e-03
1.853650435805320740e-03
1.853517256677150726e-03
1.853385125286877155e-03
1.853251364082098007e-03
1.853116555139422417e-03
1.852979767136275768e-03
1.852841931395232677e-03
1.852702116593718529e-03
1.852560788393020630e-03
1.852417713962495327e-03
1.854353235103189945e-03
1.867200247943401337e-03
1.853119232691824436e-03
1.852283021435141563e-03
1.851868932135403156e-03
1.851735636591911316e-03
1.851597335189580917e-03
1.851459615863859653e-03
1.851320266723632812e-03
1.851178938522934914e-03
1.851035631261765957e-03
1.850890461355447769e-03
1.850743079558014870e-03
1.850593485869467258e-03
1.850576023571193218e-03
1.900743460282683372e-03
1.857029274106025696e-03
1.850277651101350784e-03
1.850115484558045864e-03
1.849954598583281040e-03
1.849809545092284679e-03
1.849669613875448704e-03
1.849526888690888882e-03
1.849381951615214348e-03
1.849234686233103275e-03
1.849084859713912010e-03
1.848931889981031418e-03
1.848776242695748806e-03
1.848617452196776867e-03
1.848456333391368389e-03
1.984744565561413765e-03
1.849135500378906727e-03
1.848363084718585014e-03
1.848174259066581726e-03
1.847950741648674011e-03
1.847786712460219860e-03
1.847630017437040806e-03
1.847471226938068867e-03
1.847311388701200485e-03
1.847150037065148354e-03
1.846987521275877953e-03
1.846823492087423801e-03
1.846658298745751381e-03
1.846491941250860691e-03
1.846325234510004520e-03
1.917056273669004440e-03
1.862841192632913589e-03
1.847974373959004879e-03
1.846165396273136139e-03
1.845853053964674473e-03
1.845673657953739166e-03
1.845519640482962132e-03
1.845368184149265289e-03
1.845217077061533928e-03
1.845066202804446220e-03
1.844915561378002167e-03
1.844765036366879940e-03
1.844614394940435886e-03
1.844464102759957314e-03
1.844364451244473457e-03
1.855525537393987179e-03
1.847580890171229839e-03
1.844354788772761822e-03
1.844056299887597561e-03
1.843900303356349468e-03
1.843753387220203876e-03
1.843616832047700882e-03
1.843481441028416157e-03
1.843346399255096912e-03
1.843211473897099495e-03
1.843077014200389385e-03
1.842942787334322929e-03
1.842808676883578300e-03
1.842674799263477325e-03
1.842668862082064152e-03
1.884157187305390835e-03
1.848351676017045975e-03
1.842512865550816059e-03
1.842359546571969986e-03
1.842212281189858913e-03
1.842084806412458420e-03
1.841964432969689369e-03
1.841844874434173107e-03
1.841725897975265980e-03
1.841606805101037025e-03
1.841487828642129898e-03
1.841368968598544598e-03
1.841250224970281124e-03
1.841131364926695824e-03
1.841012504883110523e-03
1.840924029238522053e-03
1.876309746876358986e-03
1.846223371103405952e-03
1.841024379245936871e-03
1.840706449002027512e-03
1.840590033680200577e-03
1.840477692894637585e-03
1.840365934185683727e-03
1.840256503783166409e-03
1.840146956965327263e-03
1.840037526562809944e-03
1.839927979744970798e-03
1.839818549342453480e-03
1.839708886109292507e-03
1.839598990045487881e-03
1.839488977566361427e-03
1.839378732256591320e-03
1.872504362836480141e-03
1.862077275291085243e-03
1.842739060521125793e-03
1.839592354372143745e-03
1.839150558225810528e-03
1.839046832174062729e-03
1.838945201598107815e-03
1.838847529143095016e-03
1.838749856688082218e-03
1.838652184233069420e-03
1.838554278947412968e-03
1.838456490077078342e-03
1.838358235545456409e-03
1.838259864598512650e-03
1.838161027990281582e-03
1.838061842136085033e-03
1.837962656281888485e-03
1.837863121181726456e-03
1.837762771174311638e-03
1.838135300204157829e-03
1.844810089096426964e-03
1.837790012359619141e-03
1.837835414335131645e-03
1.837565330788493156e-03
1.837422954849898815e-03
1.837321673519909382e-03
1.837226795032620430e-03
1.837132731452584267e-03
1.837038551457226276e-03
1.836944487877190113e-03
1.836850307881832123e-03
1.836755895055830479e-03
1.836661482229828835e-03
1.836566720157861710e-03
1.836471841670572758e-03
1.836377312429249287e-03
1.836282317526638508e-03
1.836257171817123890e-03
1.840478274971246719e-03
1.836394891142845154e-03
1.836382085457444191e-03
1.836088136769831181e-03
1.835939008742570877e-03
1.835844013839960098e-03
1.835756585933268070e-03
1.835669623687863350e-03
1.835582661442458630e-03
1.835496048443019390e-03
1.835409551858901978e-03
1.835323055274784565e-03
1.835237024351954460e-03
1.835150877013802528e-03
1.835065195336937904e-03
1.834979630075395107e-03
1.834894297644495964e-03
1.835763920098543167e-03
1.839426346123218536e-03
1.835359726101160049e-03
1.834745984524488449e-03
1.834641210734844208e-03
1.834562979638576508e-03
1.834483118727803230e-03
1.834404305554926395e-03
1.834327238611876965e-03
1.834250171668827534e-03
1.834173686802387238e-03
1.834097201935946941e-03
1.834021299146115780e-03
1.833945279940962791e-03
1.833869726397097111e-03
1.833794172853231430e-03
1.833718852140009403e-03
1.833646325394511223e-03
1.924955751746892929e-03
1.840144279412925243e-03
1.834400696679949760e-03
1.833459828048944473e-03
1.833379268646240234e-03
1.833308371715247631e-03
1.833238173276185989e-03
1.833167625591158867e-03
1.833097776398062706e-03
1.833028392866253853e-03
1.832959125749766827e-03
1.832889858633279800e-03
1.832821057178080082e-03
1.832752372138202190e-03
1.832683919928967953e-03
1.900936476886272430e-03
1.845652586780488491e-03
1.834030495956540108e-03
1.832641195505857468e-03
1.832444337196648121e-03
1.832381822168827057e-03
1.832318026572465897e-03
1.832257257774472237e-03
1.832196605391800404e-03
1.832136069424450397e-03
1.832075999118387699e-03
1.832015928812325001e-03
1.831956440582871437e-03
1.831896719522774220e-03
1.831837464123964310e-03
1.831777859479188919e-03
1.831718953326344490e-03
1.831671339459717274e-03
1.831867964938282967e-03
1.831653877161443233e-03
1.832072040997445583e-03
1.831590081565082073e-03
1.831447356380522251e-03
1.831381232477724552e-03
1.831326982937753201e-03
1.831273548305034637e-03
1.831220579333603382e-03
1.831167959608137608e-03
1.831115689128637314e-03
1.831063651479780674e-03
1.831012079492211342e-03
1.830961555242538452e-03
1.856063841842114925e-03
1.839609118178486824e-03
1.832047244533896446e-03
1.830910099670290947e-03
1.830756198614835739e-03
1.830713241361081600e-03
1.830664812587201595e-03
1.830619527027010918e-03
1.830574939958751202e-03
1.830531051382422447e-03
1.830487744882702827e-03
1.830444671213626862e-03
1.830402179621160030e-03
1.830554916523396969e-03
1.834408962167799473e-03
1.831312081776559353e-03
1.830768538638949394e-03
1.830293796956539154e-03
1.830206834711134434e-03
1.830163178965449333e-03
1.830127439461648464e-03
1.830092747695744038e-03
1.830058638006448746e-03
1.830025110393762589e-03
1.829991815611720085e-03
1.829959452152252197e-03
1.829927437938749790e-03
1.829895889386534691e-03
1.830763183534145355e-03
1.851956942118704319e-03
1.832693815231323242e-03
1.829934655688703060e-03
1.829783432185649872e-03
1.829752349294722080e-03
1.829723711125552654e-03
1.829697517678141594e-03
1.829672139137983322e-03
1.829647808335721493e-03
1.829623593948781490e-03
1.829599961638450623e-03
1.829576678574085236e-03
1.829553511925041676e-03
1.829547807574272156e-03
1.848433632403612137e-03
1.830934430472552776e-03
1.829656772315502167e-03
1.829530694521963596e-03
1.829455723054707050e-03
1.829427317716181278e-03
1.829407294280827045e-03
1.829388434998691082e-03
1.829370274208486080e-03
1.829352346248924732e-03
1.829334651120007038e-03
1.829319517128169537e-03
1.889965962618589401e-03
1.837514457292854786e-03
1.830361085012555122e-03
1.829289598390460014e-03
1.829266548156738281e-03
1.829235581681132317e-03
1.829220913350582123e-03
1.829206827096641064e-03
1.829192740842700005e-03
1.829178771004080772e-03
1.829165266826748848e-03
1.829151529818773270e-03
1.829253509640693665e-03
1.857408089563250542e-03
1.829326036386191845e-03
1.829542103223502636e-03
1.829104148782789707e-03
1.829087734222412109e-03
1.829075976274907589e-03
1.829064334742724895e-03
1.829052693210542202e-03
1.829041284509003162e-03
1.829030225053429604e-03
1.829019165597856045e-03
1.829064567573368549e-03
1.862329430878162384e-03
1.829375047236680984e-03
1.829035929404199123e-03
1.829024869948625565e-03
1.828970271162688732e-03
1.828959211707115173e-03
1.828948501497507095e-03
1.828938839025795460e-03
1.828929525800049305e-03
1.828919979743659496e-03
1.828910433687269688e-03
1.828901004046201706e-03
1.828937907703220844e-03
1.834057155065238476e-03
1.832778099924325943e-03
1.828981214202940464e-03
1.828931737691164017e-03
1.828863052651286125e-03
1.828849781304597855e-03
1.828840002417564392e-03
1.828831387683749199e-03
1.828822889365255833e-03
1.828814274631440639e-03
1.828805659897625446e-03
1.828797161579132080e-03
1.841117860749363899e-03
1.844711601734161377e-03
1.829071436077356339e-03
1.828996231779456139e-03
1.828797510825097561e-03
1.828763168305158615e-03
1.828753273002803326e-03
1.828745240345597267e-03
1.828737440519034863e-03
1.828729640692472458e-03
1.828721724450588226e-03
1.828713924624025822e-03
1.828706124797463417e-03
1.828698092140257359e-03
1.828690292313694954e-03
1.828693668358027935e-03
1.831271336413919926e-03
1.831768895499408245e-03
1.828730921261012554e-03
1.828720443882048130e-03
1.828665495850145817e-03
1.828649081289768219e-03
1.828639884479343891e-03
1.828632550314068794e-03
1.828624634072184563e-03
1.828617067076265812e-03
1.828609616495668888e-03
1.839112839661538601e-03
1.834197551943361759e-03
1.829160260967910290e-03
1.828744309023022652e-03
1.828594715334475040e-03
1.828576787374913692e-03
1.828566309995949268e-03
1.828558743000030518e-03
1.828551059588789940e-03
1.828543259762227535e-03
1.828535459935665131e-03
1.830994733609259129e-03
1.844895887188613415e-03
1.830345718190073967e-03
1.828684704378247261e-03
1.828512176871299744e-03
1.828506588935852051e-03
1.828495878726243973e-03
1.828488078899681568e-03
1.828480511903762817e-03
1.828473061323165894e-03
1.828465377911925316e-03
1.828457927331328392e-03
1.828455133363604546e-03
1.870850566774606705e-03
1.829372369684278965e-03
1.829083194024860859e-03
1.828463515266776085e-03
1.828424632549285889e-03
1.828417181968688965e-03
1.828408800065517426e-03
1.828400767408311367e-03
1.828393083997070789e-03
1.828385284170508385e-03
1.828408334404230118e-03
1.828691223636269569e-03
1.830677036195993423e-03
1.828644890338182449e-03
1.828358275815844536e-03
1.828349661082029343e-03
1.828342559747397900e-03
1.828333479352295399e-03
1.828325213864445686e-03
1.828316831961274147e-03
1.828311244025826454e-03
1.863269601017236710e-03
1.828668173402547836e-03
1.828961889259517193e-03
1.828392036259174347e-03
1.828286913223564625e-03
1.828270498663187027e-03
1.828260719776153564e-03
1.828251755796372890e-03
1.828242791816592216e-03
1.828468055464327335e-03
1.847454812377691269e-03
1.830290886573493481e-03
1.828395179472863674e-03
1.828244305215775967e-03
1.828198903240263462e-03
1.828188891522586346e-03
1.828178763389587402e-03
1.828168635256588459e-03
1.828408567234873772e-03
1.844602520577609539e-03
1.829928020015358925e-03
1.828352338634431362e-03
1.828126842156052589e-03
1.828119275160133839e-03
1.828103559091687202e-03
1.828091801144182682e-03
1.828086446039378643e-03
1.866652281023561954e-03
1.830825349316000938e-03
1.828526263125240803e-03
1.828064327128231525e-03
1.828032662160694599e-03
1.828011125326156616e-03
1.827994245104491711e-03
1.827981090173125267e-03
1.852703979238867760e-03
1.831065746955573559e-03
1.828527078032493591e-03
1.827961532399058342e-03
1.827913452871143818e-03
1.827878295443952084e-03
1.827859086915850639e-03
1.835308969020843506e-03
1.828704378567636013e-03
1.828324864618480206e-03
1.827775384299457073e-03
1.827743835747241974e-03
1.827704138122498989e-03
1.830478198826313019e-03
1.830522902309894562e-03
1.827694242820143700e-03
1.827586325816810131e-03
1.827487372793257236e-03
1.827461412176489830e-03
1.844116719439625740e-03
1.827823580242693424e-03
1.827240688726305962e-03
1.827087718993425369e-03
1.826982828788459301e-03
1.844552578404545784e-03
1.830807421356439590e-03
1.826526829972863197e-03
1.826304243877530098e-03
1.826060470193624496e-03
1.849796622991561890e-03
1.826263964176177979e-03
1.825464540161192417e-03
1.824637176468968391e-03
1.829000771977007389e-03
1.824909588322043419e-03
1.823142403736710548e-03
1.823100377805531025e-03
1.822062302380800247e-03
1.819833298213779926e-03
1.843599253334105015e-03
1.820561126805841923e-03
1.815417082980275154e-03
1.826136955060064793e-03
1.812490401789546013e-03
1.810298068448901176e-03
1.826353953219950199e-03
1.806219108402729034e-03
1.803948776796460152e-03
1.803886960260570049e-03
1.801713136956095695e-03
1.798398792743682861e-03
1.796254655346274376e-03
1.810745219700038433e-03
1.794509240426123142e-03
1.791312708519399166e-03
1.789426780305802822e-03
1.825726707465946674e-03
1.790460781194269657e-03
1.786044682376086712e-03
1.784406951628625393e-03
1.783321727998554707e-03
1.785073778592050076e-03
1.786235719919204712e-03
1.781713450327515602e-03
1.780435675755143166e-03
1.779772923327982426e-03
1.779215992428362370e-03
1.778913429006934166e-03
1.787133980542421341e-03
1.779418322257697582e-03
1.777881523594260216e-03
1.777480239979922771e-03
1.777162542566657066e-03
1.776893390342593193e-03
1.776649267412722111e-03
1.812500180676579475e-03
1.776513992808759212e-03
1.776294666342437267e-03
1.776082557626068592e-03
1.775840879417955875e-03
1.775668235495686531e-03
1.775507931597530842e-03
1.775355660356581211e-03
1.775208977051079273e-03
1.775125856511294842e-03
1.803052145987749100e-03
1.777471159584820271e-03
1.775202457793056965e-03
1.774747855961322784e-03
1.774586620740592480e-03
1.774466130882501602e-03
1.774346455931663513e-03
1.774228760041296482e-03
1.774112228304147720e-03
1.773996744304895401e-03
1.773881143890321255e-03
1.773770432919263840e-03
1.817986252717673779e-03
1.775439828634262085e-03
1.773935626260936260e-03
1.773533993400633335e-03
1.773389754816889763e-03
1.773285097442567348e-03
1.773179625160992146e-03
1.773075084201991558e-03
1.772970543242990971e-03
1.772866235114634037e-03
1.772761461324989796e-03
1.772656221874058247e-03
1.772550866007804871e-03
1.772445044480264187e-03
1.772338873706758022e-03
1.873753266409039497e-03
1.774311065673828125e-03
1.772569841705262661e-03
1.772335614077746868e-03
1.772045274265110493e-03
1.771936425939202309e-03
1.771843642927706242e-03
1.771752489730715752e-03
1.771661336533725262e-03
1.771569368429481983e-03
1.771477051079273224e-03
1.771384151652455330e-03
1.771290786564350128e-03
1.771196490153670311e-03
1.771101495251059532e-03
1.771005918271839619e-03
1.770909409970045090e-03
1.770812203176319599e-03
1.770714181475341320e-03
1.886600977741181850e-03
1.771893235854804516e-03
1.772066694684326649e-03
1.770563889294862747e-03
1.770413946360349655e-03
1.770324073731899261e-03
1.770233851857483387e-03
1.770143862813711166e-03
1.770053058862686157e-03
1.769961672835052013e-03
1.769869704730808735e-03
1.769776456058025360e-03
1.769682625308632851e-03
1.769588096067309380e-03
1.769492286257445812e-03
1.769395428709685802e-03
1.769297523424029350e-03
1.769198919646441936e-03
1.769234426319599152e-03
1.769735827110707760e-03
1.772583113051950932e-03
1.769047928974032402e-03
1.768886577337980270e-03
1.768751651979982853e-03
1.768658403307199478e-03
1.768564223311841488e-03
1.768469344824552536e-03
1.768373418599367142e-03
1.768276561051607132e-03
1.768178539350628853e-03
1.768079469911754131e-03
1.767979352734982967e-03
1.767877954989671707e-03
1.774272299371659756e-03
1.781629514880478382e-03
1.767706591635942459e-03
1.767835230566561222e-03
1.767511712387204170e-03
1.767418230883777142e-03
1.767321024090051651e-03
1.767224865034222603e-03
1.767127891071140766e-03
1.767030335031449795e-03
1.766931149177253246e-03
1.766831381246447563e-03
1.766730099916458130e-03
1.766628469340503216e-03
1.821658224798738956e-03
1.766558969393372536e-03
1.767351059243083000e-03
1.766445115208625793e-03
1.766249770298600197e-03
1.766144880093634129e-03
1.766043948009610176e-03
1.765944645740091801e-03
1.765843946486711502e-03
1.765742083080112934e-03
1.765639404766261578e-03
1.765535678714513779e-03
1.765437307767570019e-03
1.768168061971664429e-03
1.771219540387392044e-03
1.765311346389353275e-03
1.765223685652017593e-03
1.765044522471725941e-03
1.764945569448173046e-03
1.764846034348011017e-03
1.764746033586561680e-03
1.764644635841250420e-03
1.764542539604008198e-03
1.764439395628869534e-03
1.764334971085190773e-03
1.764229731634259224e-03
1.771477865986526012e-03
1.781347091309726238e-03
1.765888766385614872e-03
1.764150918461382389e-03
1.763899577781558037e-03
1.763778505846858025e-03
1.763683278113603592e-03
1.763589447364211082e-03
1.763495267368853092e-03
1.763399806804955006e-03
1.763303880579769611e-03
1.763207023032009602e-03
1.763109001331031322e-03
1.763009931892156601e-03
1.762910280376672745e-03
1.762849045917391777e-03
1.792766852304339409e-03
1.765526714734733105e-03
1.762637053616344929e-03
1.762524712830781937e-03
1.762419706210494041e-03
1.762320054695010185e-03
1.762219588272273540e-03
1.762118889018893242e-03
1.762017025612294674e-03
1.761914347298443317e-03
1.761810970492660999e-03
1.761706545948982239e-03
1.761611667461693287e-03
1.764453249052166939e-03
1.765676890499889851e-03
1.761601772159337997e-03
1.761330757290124893e-03
1.761206425726413727e-03
1.761096180416643620e-03
1.760993734933435917e-03
1.760891638696193695e-03
1.760788727551698685e-03
1.760684768669307232e-03
1.760579878464341164e-03
1.760473824106156826e-03
1.760367187671363354e-03
1.795665360987186432e-03
1.761081628501415253e-03
1.761574530974030495e-03
1.760057406499981880e-03
1.759965089149773121e-03
1.759852166287600994e-03
1.759747043251991272e-03
1.759643550030887127e-03
1.759539009071886539e-03
1.759433536790311337e-03
1.759327249601483345e-03
1.759220031090080738e-03
1.759111532010138035e-03
1.759495935402810574e-03
1.781510887667536736e-03
1.759771723300218582e-03
1.758933649398386478e-03
1.758727943524718285e-03
1.758586848154664040e-03
1.758477534167468548e-03
1.758372061885893345e-03
1.758265774697065353e-03
1.758159254677593708e-03
1.758051686920225620e-03
1.757943304255604744e-03
1.757833990268409252e-03
1.757724327035248280e-03
1.818205579183995724e-03
1.766472007147967815e-03
1.758750528097152710e-03
1.757566584274172783e-03
1.757339807227253914e-03
1.757222693413496017e-03
1.757122925482690334e-03
1.757022226229310036e-03
1.756921759806573391e-03
1.756820245645940304e-03
1.756718615069985390e-03
1.756616169586777687e-03
1.756513374857604504e-03
1.756410230882465839e-03
1.756306388415396214e-03
1.772362622432410717e-03
1.759087317623198032e-03
1.757602673023939133e-03
1.756093581207096577e-03
1.755939796566963196e-03
1.755831064656376839e-03
1.755734556354582310e-03
1.755638513714075089e-03
1.755542005412280560e-03
1.755445846356451511e-03
1.755349338054656982e-03
1.755253178998827934e-03
1.755156903527677059e-03
1.755060511641204357e-03
1.754964352585375309e-03
1.765451044775545597e-03
1.769184018485248089e-03
1.755624311044812202e-03
1.754725934006273746e-03
1.754640019498765469e-03
1.754532917402684689e-03
1.754446537233889103e-03
1.754362834617495537e-03
1.754279248416423798e-03
1.754196360707283020e-03
1.754113589413464069e-03
1.754031283780932426e-03
1.753949327394366264e-03
1.753868069499731064e-03
1.753787044435739517e-03
1.754752709530293941e-03
1.767149078659713268e-03
1.754583674483001232e-03
1.753732678480446339e-03
1.753491349518299103e-03
1.753417542204260826e-03
1.753343967720866203e-03
1.753273536451160908e-03
1.753204269334673882e-03
1.753135584294795990e-03
1.753067364916205406e-03
1.752999844029545784e-03
1.752932672388851643e-03
1.752866315655410290e-03
1.752806478179991245e-03
1.764828455634415150e-03
1.757255871780216694e-03
1.753009390085935593e-03
1.752664684318006039e-03
1.752564916387200356e-03
1.752495532855391502e-03
1.752438722178339958e-03
1.752382027916610241e-03
1.752326381392776966e-03
1.752270851284265518e-03
1.752216252498328686e-03
1.752161886543035507e-03
1.752244541421532631e-03
1.764643006026744843e-03
1.753718475811183453e-03
1.752111013047397137e-03
1.751987263560295105e-03
1.751915900968015194e-03
1.751863863319158554e-03
1.751817646436393261e-03
1.751772244460880756e-03
1.751727308146655560e-03
1.751682837493717670e-03
1.751638716086745262e-03
1.751608564518392086e-03
1.751652103848755360e-03
1.755570410750806332e-03
1.752017531543970108e-03
1.751480973325669765e-03
1.751443254761397839e-03
1.751396572217345238e-03
1.751357573084533215e-03
1.751319854520261288e-03
1.751282485201954842e-03
1.751245465129613876e-03
1.751209376379847527e-03
1.788399415090680122e-03
1.759386039339005947e-03
1.751927309669554234e-03
1.751117990352213383e-03
1.751090632751584053e-03
1.751043833792209625e-03
1.751011470332741737e-03
1.750979572534561157e-03
1.750947907567024231e-03
1.750916591845452785e-03
1.750888070091605186e-03
1.803915714845061302e-03
1.753425225615501404e-03
1.751565490849316120e-03
1.750812050886452198e-03
1.750786206685006618e-03
1.750747673213481903e-03
1.750717870891094208e-03
1.750690047629177570e-03
1.750661991536617279e-03
1.750634866766631603e-03
1.754001248627901077e-03
1.762316678650677204e-03
1.750811003148555756e-03
1.750694820657372475e-03
1.750537077896296978e-03
1.750510768033564091e-03
1.750485389493405819e-03
1.750459661707282066e-03
1.750434283167123795e-03
1.750409253872931004e-03
1.752751064486801624e-03
1.764872344210743904e-03
1.751937204971909523e-03
1.750432187691330910e-03
1.750336028635501862e-03
1.750299939885735512e-03
1.750276889652013779e-03
1.750253839418292046e-03
1.750230789184570312e-03
1.750207855366170406e-03
1.750191790051758289e-03
1.752559095621109009e-03
1.754722907207906246e-03
1.750730443745851517e-03
1.750168157741427422e-03
1.750119030475616455e-03
1.750091323629021645e-03
1.750069786794483662e-03
1.750048017129302025e-03
1.750026713125407696e-03
1.750005292706191540e-03
1.749996561557054520e-03
1.761496067047119141e-03
1.750349998474121094e-03
1.750031253322958946e-03
1.749951858073472977e-03
1.749930670484900475e-03
1.749903080053627491e-03
1.749882823787629604e-03
1.749863382428884506e-03
1.749843591824173927e-03
1.749823917634785175e-03
1.749804476276040077e-03
1.751956180669367313e-03
1.761892228387296200e-03
1.751275965943932533e-03
1.749972114339470863e-03
1.749770366586744785e-03
1.749731367453932762e-03
1.749711227603256702e-03
1.749692135490477085e-03
1.749673392623662949e-03
1.749654533341526985e-03
1.749635674059391022e-03
1.749618677422404289e-03
1.810387359000742435e-03
1.749732764437794685e-03
1.749616814777255058e-03
1.749594695866107941e-03
1.749578048475086689e-03
1.749546383507549763e-03
1.749527640640735626e-03
1.749509363435208797e-03
1.749490853399038315e-03
1.749472809024155140e-03
1.749454415403306484e-03
1.749665942043066025e-03
1.749751274473965168e-03
1.749509712681174278e-03
1.749494113028049469e-03
1.749409246258437634e-03
1.749392133206129074e-03
1.749370479956269264e-03
1.749353017657995224e-03
1.749335438944399357e-03
1.749317860230803490e-03
1.749300397932529449e-03
1.749282819218933582e-03
1.749273971654474735e-03
1.777538680471479893e-03
1.754174008965492249e-03
1.749381190165877342e-03
1.749260234646499157e-03
1.749228453263640404e-03
1.749206101521849632e-03
1.749189337715506554e-03
1.749172573909163475e-03
1.749155810102820396e-03
1.749139162711799145e-03
1.749122166074812412e-03
1.749105635099112988e-03
1.749090151861310005e-03
1.796002150513231754e-03
1.754415454342961311e-03
1.749763847328722477e-03
1.749161514453589916e-03
1.749058836139738560e-03
1.749033923260867596e-03
1.749016693793237209e-03
1.749000162817537785e-03
1.748983748257160187e-03
1.748967100866138935e-03
1.748950569890439510e-03
1.748933922499418259e-03
1.748966169543564320e-03
1.774691161699593067e-03
1.751329051330685616e-03
1.748986425809562206e-03
1.748896786011755466e-03
1.748879905790090561e-03
1.748860348016023636e-03
1.748843700625002384e-03
1.748827751725912094e-03
1.748811686411499977e-03
1.748795621097087860e-03
1.748779672197997570e-03
1.748763606883585453e-03
1.757222693413496017e-03
1.749062677845358849e-03
1.748863025568425655e-03
1.748818554915487766e-03
1.748739974573254585e-03
1.748708891682326794e-03
1.748690730892121792e-03
1.748674549162387848e-03
1.748658483847975731e-03
1.748642534948885441e-03
1.748626702465116978e-03
1.748618320561945438e-03
1.758536440320312977e-03
1.752101816236972809e-03
1.748680486343801022e-03
1.748631242662668228e-03
1.748566748574376106e-03
1.748550566844642162e-03
1.748534501530230045e-03
1.748518669046461582e-03
1.748502836562693119e-03
1.748487236909568310e-03
1.748479437083005905e-03
1.758294645696878433e-03
1.751536852680146694e-03
1.748509937897324562e-03
1.748501206748187542e-03
1.748428330756723881e-03
1.748412498272955418e-03
1.748397015035152435e-03
1.748381531797349453e-03
1.748366164974868298e-03
1.748350914567708969e-03
1.748359296470880508e-03
1.756030251272022724e-03
1.750877709127962589e-03
1.748702139593660831e-03
1.748314825817942619e-03
1.748294802382588387e-03
1.748277572914958000e-03
1.748262322507798672e-03
1.748247304931282997e-03
1.748232054524123669e-03
1.748216920532286167e-03
1.748918904922902584e-03
1.750379102304577827e-03
1.749372109770774841e-03
1.748321461491286755e-03
1.748200505971908569e-03
1.748162438161671162e-03
1.748144859448075294e-03
1.748129609040915966e-03
1.748114707879722118e-03
1.748099806718528271e-03
1.748128095641732216e-03
1.759487437084317207e-03
1.750844530761241913e-03
1.748090842738747597e-03
1.748091075569391251e-03
1.748046022839844227e-03
1.748027047142386436e-03
1.748012262396514416e-03
1.747997594065964222e-03
1.747982925735414028e-03
1.748831360600888729e-03
1.748328679241240025e-03
1.749295624904334545e-03
1.748085021972656250e-03
1.747952424921095371e-03
1.747928210534155369e-03
1.747909933328628540e-03
1.747895148582756519e-03
1.747880480252206326e-03
1.747877802699804306e-03
1.753404969349503517e-03
1.748543465510010719e-03
1.748249982483685017e-03
1.747841946780681610e-03
1.747823669575154781e-03
1.747809932567179203e-03
1.747794682160019875e-03
1.747780130244791508e-03
1.747766043990850449e-03
1.750107388943433762e-03
1.754361670464277267e-03
1.748858601786196232e-03
1.747809583321213722e-03
1.747739734128117561e-03
1.747710397467017174e-03
1.747694914229214191e-03
1.747680595144629478e-03
1.747666741721332073e-03
1.755605102516710758e-03
1.754706725478172302e-03
1.747797010466456413e-03
1.747641130350530148e-03
1.747626229189336300e-03
1.747609698213636875e-03
1.747593982145190239e-03
1.747579546645283699e-03
1.747580710798501968e-03
1.760589540936052799e-03
1.749685616232454777e-03
1.747630303725600243e-03
1.747563714161515236e-03
1.747527276165783405e-03
1.747508766129612923e-03
1.747493282891809940e-03
1.747478963807225227e-03
1.747474423609673977e-03
1.755157252773642540e-03
1.748123904690146446e-03
1.747518894262611866e-03
1.747461850754916668e-03
1.747437985613942146e-03
1.747415517456829548e-03
1.747401780448853970e-03
1.747388276271522045e-03
1.747374655678868294e-03
1.747361500747501850e-03
1.747348345816135406e-03
1.779544050805270672e-03
1.754285418428480625e-03
1.747653121128678322e-03
1.747348345816135406e-03
1.747325062751770020e-03
1.747304107993841171e-03
1.747288508340716362e-03
1.747274771332740784e-03
1.747261034324765205e-03
1.747247297316789627e-03
1.747233676724135876e-03
1.768398564308881760e-03
1.754743512719869614e-03
1.748149865306913853e-03
1.747290603816509247e-03
1.747201080434024334e-03
1.747187809087336063e-03
1.747172558680176735e-03
1.747158938087522984e-03
1.747145433910191059e-03
1.747131696902215481e-03
1.747117959894239902e-03
1.747105969116091728e-03
1.753287040628492832e-03
1.749894465319812298e-03
1.747156842611730099e-03
1.747134141623973846e-03
1.747080590575933456e-03
1.747062779031693935e-03
1.747049507685005665e-03
1.747036119922995567e-03
1.747022732160985470e-03
1.747009577229619026e-03
1.746995840221643448e-03
1.746982336044311523e-03
1.748862792737782001e-03
1.757913152687251568e-03
1.747129601426422596e-03
1.747097005136311054e-03
1.746953697875142097e-03
1.746939262375235558e-03
1.746925525367259979e-03
1.746911555528640747e-03
1.746897469274699688e-03
1.746883499436080456e-03
1.746869762428104877e-03
1.764654531143605709e-03
1.748277572914958000e-03
1.747109927237033844e-03
1.746983267366886139e-03
1.746838912367820740e-03
1.746818888932466507e-03
1.746805151924490929e-03
1.746790600009262562e-03
1.746776746585965157e-03
1.746762776747345924e-03
1.746913883835077286e-03
1.760832499712705612e-03
1.746810507029294968e-03
1.746987923979759216e-03
1.746754627674818039e-03
1.746717607602477074e-03
1.746699097566306591e-03
1.746684778481721878e-03
1.746670925058424473e-03
1.746656373143196106e-03
1.746731693856418133e-03
1.771646435372531414e-03
1.746808178722858429e-03
1.746880123391747475e-03
1.746627152897417545e-03
1.746608293615281582e-03
1.746590714901685715e-03
1.746576628647744656e-03
1.746562542393803596e-03
1.746548456139862537e-03
1.746535650454461575e-03
1.790872891433537006e-03
1.752312411554157734e-03
1.746554276905953884e-03
1.746602938510477543e-03
1.746507594361901283e-03
1.746483612805604935e-03
1.746467547491192818e-03
1.746452995575964451e-03
1.746438327245414257e-03
1.746425987221300602e-03
1.789051806554198265e-03
1.751591451466083527e-03
1.746563706547021866e-03
1.746411900967359543e-03
1.746384194120764732e-03
1.746368361636996269e-03
1.746352529153227806e-03
1.746337627992033958e-03
1.746322610415518284e-03
1.746470574289560318e-03
1.765205524861812592e-03
1.746830297634005547e-03
1.746522495523095131e-03
1.746320631355047226e-03
1.746269990690052509e-03
1.746249734424054623e-03
1.746234716847538948e-03
1.746219350025057793e-03
1.746204332448542118e-03
1.751389703713357449e-03
1.754247583448886871e-03
1.746585825458168983e-03
1.746298978105187416e-03
1.746164984069764614e-03
1.746147056110203266e-03
1.746129593811929226e-03
1.746113877743482590e-03
1.746098278090357780e-03
1.746085123158991337e-03
1.786626409739255905e-03
1.749782357364892960e-03
1.746073481626808643e-03
1.746090245433151722e-03
1.746038789860904217e-03
1.746021211147308350e-03
1.746004447340965271e-03
1.745988032780587673e-03
1.745972433127462864e-03
1.754725584760308266e-03
1.752199139446020126e-03
1.746184891089797020e-03
1.745944726280868053e-03
1.745930407196283340e-03
1.745905028656125069e-03
1.745888264849781990e-03
1.745871501043438911e-03
1.745855901390314102e-03
1.779360347427427769e-03
1.746746827848255634e-03
1.746532390825450420e-03
1.745911315083503723e-03
1.745815621688961983e-03
1.745785819366574287e-03
1.745769404806196690e-03
1.745752524584531784e-03
1.745741581544280052e-03
1.772406161762773991e-03
1.746763940900564194e-03
1.745714573189616203e-03
1.745752524584531784e-03
1.745684421621263027e-03
1.745661138556897640e-03
1.745643210597336292e-03
1.746354624629020691e-03
1.753005315549671650e-03
1.746907015331089497e-03
1.745725166983902454e-03
1.745594316162168980e-03
1.745564281009137630e-03
1.745543209835886955e-03
1.745590590871870518e-03
1.745545188896358013e-03
1.747087808325886726e-03
1.745663001202046871e-03
1.745512010529637337e-03
1.745461602695286274e-03
1.745438668876886368e-03
1.746493857353925705e-03
1.751542091369628906e-03
1.745633082464337349e-03
1.745521323755383492e-03
1.745379995554685593e-03
1.745351590216159821e-03
1.746451947838068008e-03
1.751825446262955666e-03
1.745806890539824963e-03
1.745379762724041939e-03
1.745266839861869812e-03
1.745422719977796078e-03
1.747875125147402287e-03
1.745480345562100410e-03
1.745320507325232029e-03
1.745185232721269131e-03
1.745525747537612915e-03
1.745193847455084324e-03
1.745177432894706726e-03
1.745160669088363647e-03
1.745098852552473545e-03
1.745554734952747822e-03
1.751058502122759819e-03
1.746057416312396526e-03
1.745094661600887775e-03
1.745046582072973251e-03
1.744992798194289207e-03
1.755693578161299229e-03
1.748834154568612576e-03
1.745641231536865234e-03
1.744939712807536125e-03
1.744917244650423527e-03
1.744910143315792084e-03
1.755672623403370380e-03
1.745465793646872044e-03
1.744924113154411316e-03
1.744903856888413429e-03
1.751073403283953667e-03
1.746111782267689705e-03
1.745235407724976540e-03
1.744786743074655533e-03
1.744823763146996498e-03
1.745109097100794315e-03
1.746567897498607635e-03
1.744708162732422352e-03
1.744664739817380905e-03
1.744645647704601288e-03
1.755646895617246628e-03
1.745203509926795959e-03
1.744581153616309166e-03
1.744614564813673496e-03
1.746850204654037952e-03
1.747181988321244717e-03
1.744605251587927341e-03
1.744870678521692753e-03
1.752483658492565155e-03
1.744725974276661873e-03
1.744709326885640621e-03
1.748033915646374226e-03
1.748170820064842701e-03
1.744737150147557259e-03
1.744510605931282043e-03
1.748789218254387379e-03
1.746566733345389366e-03
1.744552515447139740e-03
1.744574750773608685e-03
1.744448090903460979e-03
1.744250301271677017e-03
1.744364853948354721e-03
1.744351582601666451e-03
1.748781884089112282e-03
1.744208158925175667e-03
1.744088483974337578e-03
1.748185255564749241e-03
1.745048910379409790e-03
1.744116190820932388e-03
1.744020031765103340e-03
1.743974979035556316e-03
1.744512119330465794e-03
1.746884896419942379e-03
1.745355199091136456e-03
1.743917469866573811e-03
1.743878470733761787e-03
1.743842614814639091e-03
1.748271519318223000e-03
1.743825152516365051e-03
1.743795699439942837e-03
1.743811531923711300e-03
1.751416944898664951e-03
1.743707805871963501e-03
1.743976376019418240e-03
1.743927365168929100e-03
1.743650063872337341e-03
1.743608852848410606e-03
1.743763685226440430e-03
1.743908971548080444e-03
1.746620167978107929e-03
1.744015491567552090e-03
1.743539934977889061e-03
1.744789071381092072e-03
1.747949514538049698e-03
1.743938773870468140e-03
1.743636676110327244e-03
1.748741487972438335e-03
1.744015258736908436e-03
1.744240522384643555e-03
1.743563800118863583e-03
1.743466127663850784e-03
1.745030167512595654e-03
1.743243774399161339e-03
1.744625624269247055e-03
1.744870678521692753e-03
1.743799541145563126e-03
1.744668115861713886e-03
1.744802575558423996e-03
1.743664848618209362e-03
1.744077308103442192e-03
1.743807224556803703e-03
1.742930617183446884e-03
1.751841278746724129e-03
1.743371132761240005e-03
1.742873340845108032e-03
1.742829452268779278e-03
1.755743753165006638e-03
1.744432374835014343e-03
1.743074739351868629e-03
1.743083004839718342e-03
1.744880224578082561e-03
1.742642722092568874e-03
1.742604421451687813e-03
1.748478272929787636e-03
1.749984337948262691e-03
1.744547626003623009e-03
1.742871245369315147e-03
1.742500695399940014e-03
1.742448192089796066e-03
1.742404303513467312e-03
1.742365653626620770e-03
1.742332824505865574e-03
1.750794355757534504e-03
1.742610125802457333e-03
1.742473570629954338e-03
1.742263208143413067e-03
