5.325734615325927734e-02
8.580592460930347443e-03
2.025568392127752304e-03
2.042914973571896553e-03
1.963679911568760872e-03
1.956237247213721275e-03
1.953091705217957497e-03
1.951613929122686386e-03
1.950564910657703876e-03
1.949730096384882927e-03
1.949008903466165066e-03
1.948368037119507790e-03
1.947794458828866482e-03
1.947283511981368065e-03
1.946831122040748596e-03
1.946433214470744133e-03
1.946085714735090733e-03
1.945783151313662529e-03
1.945521449670195580e-03
1.945295720361173153e-03
1.945101073943078518e-03
1.944933668710291386e-03
1.944789779372513294e-03
1.944665447808802128e-03
1.944557530805468559e-03
1.944463700056076050e-03
1.944381278008222580e-03
1.944308402016758919e-03
1.944242860190570354e-03
1.944183488376438618e-03
1.944129122421145439e-03
1.944079180248081684e-03
1.944032032042741776e-03
1.943987444974482059e-03
1.943944836966693401e-03
1.943904091604053974e-03
1.943864393979310989e-03
1.943825511261820793e-03
1.943787676282227039e-03
1.943750539794564247e-03
1.943713752552866936e-03
1.943677314557135105e-03
1.943641458638012409e-03
1.943605951964855194e-03
1.943570678122341633e-03
1.943535753525793552e-03
1.943500828929245472e-03
1.943466486409306526e-03
1.943432376720011234e-03
1.943398267030715942e-03
1.943364506587386131e-03
1.943330862559378147e-03
1.943297567777335644e-03
1.943264505825936794e-03
1.943231676705181599e-03
1.943199080415070057e-03
1.943166833370923996e-03
1.943134586326777935e-03
1.943102572113275528e-03
1.943071372807025909e-03
1.943039824254810810e-03
1.943008741363883018e-03
1.942978007718920708e-03
1.942947506904602051e-03
1.942917355336248875e-03
1.942887087352573872e-03
1.942857750691473484e-03
1.942828297615051270e-03
1.942799193784594536e-03
1.942770322784781456e-03
1.942741684615612030e-03
1.942713744938373566e-03
1.942685805261135101e-03
1.942658214829862118e-03
1.942631090059876442e-03
1.942603965289890766e-03
1.942577655427157879e-03
1.942551229149103165e-03
1.942525035701692104e-03
1.942499540746212006e-03
1.942474278621375561e-03
1.942449482157826424e-03
1.942710834555327892e-03
3.173234686255455017e-02
2.521398942917585373e-03
1.998110441491007805e-03
1.972500234842300415e-03
1.944452058523893356e-03
1.942439586855471134e-03
1.942218397743999958e-03
1.942186732776463032e-03
1.942158793099224567e-03
1.942137721925973892e-03
1.942118396982550621e-03
1.942100119777023792e-03
1.942081958986818790e-03
1.942064613103866577e-03
1.942047616466879845e-03
1.942030852660536766e-03
1.942014670930802822e-03
1.941998605616390705e-03
1.941983122378587723e-03
1.941967755556106567e-03
1.941952621564269066e-03
1.941937953233718872e-03
1.941923517733812332e-03
1.941908965818583965e-03
1.941895228810608387e-03
1.941881491802632809e-03
1.941867754794657230e-03
1.941854832693934441e-03
1.941841794177889824e-03
1.941828872077167034e-03
1.941816415637731552e-03
1.941848895512521267e-03
1.712264493107795715e-02
2.407353604212403297e-03
2.103325445204973221e-03
1.978868851438164711e-03
1.942761125974357128e-03
1.942029572091996670e-03
1.941676251590251923e-03
1.941657159477472305e-03
1.941637718118727207e-03
1.941626076586544514e-03
1.941616064868867397e-03
1.941606868058443069e-03
1.941598136909306049e-03
1.941589638590812683e-03
1.941581722348928452e-03
1.941574038937687874e-03
1.941566821187734604e-03
1.941559603437781334e-03
1.941552734933793545e-03
1.941545982845127583e-03
1.941539347171783447e-03
1.941532827913761139e-03
1.941526308655738831e-03
1.941520255059003830e-03
1.941514550708234310e-03
1.941508613526821136e-03
1.941502676345407963e-03
1.941497204825282097e-03
1.941491616889834404e-03
1.941486261785030365e-03
1.941480790264904499e-03
1.941475667990744114e-03
1.941470662131905556e-03
1.946381875313818455e-03
6.895574741065502167e-03
2.640343736857175827e-03
2.022953936830163002e-03
1.951321959495544434e-03
1.942863804288208485e-03
1.941519905813038349e-03
1.941401278600096703e-03
1.941395108588039875e-03
1.941387075930833817e-03
1.941381837241351604e-03
1.941377180628478527e-03
1.941372989676892757e-03
1.941369380801916122e-03
1.941365771926939487e-03
1.941362279467284679e-03
1.941359136253595352e-03
1.941355876624584198e-03
1.941352966241538525e-03
1.941350172273814678e-03
1.941347029060125351e-03
1.941344351507723331e-03
1.941341790370643139e-03
1.941338879987597466e-03
1.941336435265839100e-03
1.941333757713437080e-03
1.941331196576356888e-03
1.941328984685242176e-03
1.941359718330204487e-03
3.373824991285800934e-03
3.638397203758358955e-03
2.008314942941069603e-03
1.941808615811169147e-03
1.943934592418372631e-03
1.941425609402358532e-03
1.941341906785964966e-03
1.941292546689510345e-03
1.941287191584706306e-03
1.941283699125051498e-03
1.941280905157327652e-03
1.941278460435569286e-03
1.941276132129132748e-03
1.941273803822696209e-03
1.941272057592868805e-03
1.941270427778363228e-03
1.941268681548535824e-03
1.941266935318708420e-03
1.941265421919524670e-03
1.941263908520340919e-03
1.941262395121157169e-03
1.941260881721973419e-03
1.941259368322789669e-03
1.941257854923605919e-03
1.941256341524422169e-03
1.941255177371203899e-03
1.941459369845688343e-03
1.099067647010087967e-02
2.646400826051831245e-03
2.021817257627844810e-03
1.941445865668356419e-03
1.942650880664587021e-03
1.941285794600844383e-03
1.941272057592868805e-03
1.941242953762412071e-03
1.941237365826964378e-03
1.941234571859240532e-03
1.941232243552803993e-03
1.941230497322976589e-03
1.941228867508471012e-03
1.941227237693965435e-03
1.941226189956068993e-03
1.941224676556885242e-03
1.941223512403666973e-03
1.941222348250448704e-03
1.941221184097230434e-03
1.941220019944012165e-03
1.941218855790793896e-03
1.941217924468219280e-03
1.941216993145644665e-03
1.941216061823070049e-03
1.941215130500495434e-03
1.941213966347277164e-03
1.941213151440024376e-03
1.941211987286806107e-03
1.952752820216119289e-03
4.678952507674694061e-03
2.090716734528541565e-03
2.002378692850470543e-03
1.941562746651470661e-03
1.942169503308832645e-03
1.941266586072742939e-03
1.941262395121157169e-03
1.941240625455975533e-03
1.941231894306838512e-03
1.941226306371390820e-03
1.941221999004483223e-03
1.941218739375472069e-03
1.941216061823070049e-03
1.941213966347277164e-03
1.941211870871484280e-03
1.941210124641656876e-03
1.941208844073116779e-03
1.941207447089254856e-03
1.941206282936036587e-03
1.941205118782818317e-03
1.941204071044921875e-03
1.941203023307025433e-03
1.941202091984450817e-03
1.941201160661876202e-03
1.941200229339301586e-03
1.941199065186083317e-03
1.941198250278830528e-03
1.941197551786899567e-03
1.941196387633681297e-03
1.941195805557072163e-03
1.941194874234497547e-03
1.941193942911922932e-03
1.941193360835313797e-03
1.941192429512739182e-03
1.941191381774842739e-03
1.941190683282911777e-03
1.941189868375658989e-03
1.941189169883728027e-03
1.941188354976475239e-03
1.941187656484544277e-03
1.941186841577291489e-03
1.941186143085360527e-03
1.941184978932142258e-03
1.941184396855533123e-03
1.941183581948280334e-03
1.941182999871671200e-03
1.941182301379740238e-03
1.941181486472487450e-03
2.148342551663517952e-03
3.472509793937206268e-03
2.135653514415025711e-03
1.984799746423959732e-03
1.941782305948436260e-03
1.942176604643464088e-03
1.941415597684681416e-03
1.941327587701380253e-03
1.941305818036198616e-03
1.941290218383073807e-03
1.941278460435569286e-03
1.941269030794501305e-03
1.941262045875191689e-03
1.941256341524422169e-03
1.941251684911549091e-03
1.941247726790606976e-03
1.941244467161595821e-03
1.941241789609193802e-03
1.941239344887435436e-03
1.941236783750355244e-03
1.941234921105206013e-03
1.941233058460056782e-03
1.941231079399585724e-03
1.941229566000401974e-03
1.941228052601218224e-03
1.941226306371390820e-03
1.941225025802850723e-03
1.941223512403666973e-03
1.941222348250448704e-03
1.941220834851264954e-03
1.941219437867403030e-03
1.941218157298862934e-03
1.941216760315001011e-03
1.941215479746460915e-03
1.941214082762598991e-03
1.941213035024702549e-03
1.941211638040840626e-03
1.941210473887622356e-03
1.941209309734404087e-03
1.941208261996507645e-03
1.941207097843289375e-03
1.941206166520714760e-03
1.941204769536852837e-03
1.941203838214278221e-03
1.941202674061059952e-03
1.941201393492519855e-03
1.941200578585267067e-03
1.941199298016726971e-03
1.941198250278830528e-03
1.941197202540934086e-03
1.941196387633681297e-03
1.941195107065141201e-03
1.941193942911922932e-03
1.941193011589348316e-03
1.941191963851451874e-03
1.941190916113555431e-03
1.941189868375658989e-03
1.941188820637762547e-03
1.941187772899866104e-03
1.941186492331326008e-03
1.941185677424073219e-03
1.941184513270854950e-03
1.941183581948280334e-03
1.941182650625705719e-03
1.941181486472487450e-03
1.941180322319269180e-03
1.941183465532958508e-03
2.110469387844204903e-03
1.962712267413735390e-03
1.982389483600854874e-03
1.950855250470340252e-03
1.941413851454854012e-03
1.941215828992426395e-03
1.941211638040840626e-03
1.941209309734404087e-03
1.941206515766680241e-03
1.941204187460243702e-03
1.941202324815094471e-03
1.941200578585267067e-03
1.941199065186083317e-03
1.941197318956255913e-03
1.941195805557072163e-03
1.941194524988532066e-03
1.941193011589348316e-03
1.941191614605486393e-03
1.941190334036946297e-03
1.941188820637762547e-03
1.941187656484544277e-03
1.941186143085360527e-03
1.941184746101498604e-03
1.941183465532958508e-03
1.941182068549096584e-03
1.941180787980556488e-03
1.941179390996694565e-03
1.941233174875378609e-03
6.792703177779912949e-03
1.970961689949035645e-03
2.007299102842807770e-03
1.941717346198856831e-03
1.942113973200321198e-03
1.941396505571901798e-03
1.941301277838647366e-03
1.941293710842728615e-03
1.941287540830671787e-03
1.941282185725867748e-03
1.941277994774281979e-03
1.941274036653339863e-03
1.941270427778363228e-03
1.941267400979995728e-03
1.941264141350984573e-03
1.941260881721973419e-03
1.941258204169571400e-03
1.941255526617169380e-03
1.941252616234123707e-03
1.941250171512365341e-03
1.941247493959963322e-03
1.941245165653526783e-03
1.941242720931768417e-03
1.941240625455975533e-03
1.941238297149538994e-03
1.941236085258424282e-03
1.941234106197953224e-03
1.941231894306838512e-03
1.941229798831045628e-03
1.941227819770574570e-03
1.941225724294781685e-03
1.941223861649632454e-03
1.941221999004483223e-03
1.941220019944012165e-03
1.941218157298862934e-03
1.941216178238391876e-03
1.941214315593242645e-03
1.941212452948093414e-03
1.941210939548909664e-03
1.941208960488438606e-03
1.941207097843289375e-03
1.941205351613461971e-03
1.941203605383634567e-03
1.941201742738485336e-03
1.941200229339301586e-03
1.941198250278830528e-03
1.941196387633681297e-03
1.941194874234497547e-03
1.941193011589348316e-03
1.941191265359520912e-03
1.941189519129693508e-03
1.941187656484544277e-03
1.941186143085360527e-03
1.941431430168449879e-03
2.624809974804520607e-03
2.097257645800709724e-03
1.958346692845225334e-03
1.941624446772038937e-03
1.941236783750355244e-03
1.941232476383447647e-03
1.941229915246367455e-03
1.941224094480276108e-03
1.941220369189977646e-03
1.941217342391610146e-03
1.941214664839208126e-03
1.941211870871484280e-03
1.941209309734404087e-03
1.941206865012645721e-03
1.941204420290887356e-03
1.941202091984450817e-03
1.941199880093336105e-03
1.941197551786899567e-03
1.941195223480463028e-03
1.941193128004670143e-03
1.941190916113555431e-03
1.941188820637762547e-03
1.941186608746647835e-03
1.941327238455414772e-03
2.112241229042410851e-03
1.949379337020218372e-03
1.941804075613617897e-03
1.941894646733999252e-03
1.941553433425724506e-03
1.941273687407374382e-03
1.941244117915630341e-03
1.941237947903573513e-03
1.941233756951987743e-03
1.941229915246367455e-03
1.941226539202034473e-03
1.941222930327057838e-03
1.941219903528690338e-03
1.941216643899679184e-03
1.941213500685989857e-03
1.941210939548909664e-03
1.941208261996507645e-03
1.941205351613461971e-03
1.941202906891703606e-03
1.941200229339301586e-03
1.941197784617543221e-03
1.941195223480463028e-03
1.941193011589348316e-03
1.941190450452268124e-03
1.941188238561153412e-03
1.941185677424073219e-03
1.941183581948280334e-03
1.941868104040622711e-03
2.202325733378529549e-03
1.993978861719369888e-03
1.945243449881672859e-03
1.941676251590251923e-03
1.941362861543893814e-03
1.941250520758330822e-03
1.941224443726241589e-03
1.941220369189977646e-03
1.941216643899679184e-03
1.941212802194058895e-03
1.941209309734404087e-03
1.941206282936036587e-03
1.941203256137669086e-03
1.941200229339301586e-03
1.941197551786899567e-03
1.941194524988532066e-03
1.941191963851451874e-03
1.941189169883728027e-03
1.941186608746647835e-03
1.941184164024889469e-03
1.941182068549096584e-03
1.959647750481963158e-03
2.354237250983715057e-03
1.959428191184997559e-03
1.944653224200010300e-03
1.941620954312384129e-03
1.941239112056791782e-03
1.941232592798769474e-03
1.941222697496414185e-03
1.941218157298862934e-03
1.941214082762598991e-03
1.941210473887622356e-03
1.941207097843289375e-03
1.941204071044921875e-03
1.941200927831232548e-03
1.941197784617543221e-03
1.941194874234497547e-03
1.941192196682095528e-03
1.941189286299049854e-03
1.941186608746647835e-03
1.941184047609567642e-03
1.941181486472487450e-03
1.941179041750729084e-03
1.941195223480463028e-03
3.848590655252337456e-03
1.990145538002252579e-03
1.941513735800981522e-03
1.941316178999841213e-03
1.941281487233936787e-03
1.941278576850891113e-03
1.941252849064767361e-03
1.941242953762412071e-03
1.941237947903573513e-03
1.941233407706022263e-03
1.941229333169758320e-03
1.941225375048816204e-03
1.941221999004483223e-03
1.941218273714184761e-03
1.941215130500495434e-03
1.941211987286806107e-03
1.941208844073116779e-03
1.941205584444105625e-03
1.941202674061059952e-03
1.941199880093336105e-03
1.941196969710290432e-03
1.941194059327244759e-03
1.941191381774842739e-03
1.941188354976475239e-03
1.941185677424073219e-03
1.941182999871671200e-03
1.941179973073303699e-03
1.941178808920085430e-03
1.982878893613815308e-03
2.147483872249722481e-03
1.941248425282537937e-03
1.944407937116920948e-03
1.941331196576356888e-03
1.941216178238391876e-03
1.941211638040840626e-03
1.941207796335220337e-03
1.941203256137669086e-03
1.941199414432048798e-03
1.941196038387715816e-03
1.941192429512739182e-03
1.941189169883728027e-03
1.941185677424073219e-03
1.941182301379740238e-03
1.941179041750729084e-03
1.941175782121717930e-03
1.941172755323350430e-03
1.966312061995267868e-03
2.212130231782793999e-03
1.973994774743914604e-03
1.945351366885006428e-03
1.941678230650722980e-03
1.941234106197953224e-03
1.941220834851264954e-03
1.941211870871484280e-03
1.941207214258611202e-03
1.941203256137669086e-03
1.941199414432048798e-03
1.941195572726428509e-03
1.941191847436130047e-03
1.941188354976475239e-03
1.941184978932142258e-03
1.941181137226521969e-03
1.941177644766867161e-03
1.941174268722534180e-03
1.941170776262879372e-03
1.941167050972580910e-03
1.941163209266960621e-03
1.941358903422951698e-03
1.982517074793577194e-03
1.966423355042934418e-03
1.972953323274850845e-03
1.945083378814160824e-03
1.941708382219076157e-03
1.941276830621063709e-03
1.941226888447999954e-03
1.941221184097230434e-03
1.941214897669851780e-03
1.941209775395691395e-03
1.941205118782818317e-03
1.941200578585267067e-03
1.941196387633681297e-03
1.941192429512739182e-03
1.941188354976475239e-03
1.941184746101498604e-03
1.941181137226521969e-03
1.941177528351545334e-03
1.941174268722534180e-03
1.941170659847557545e-03
1.941167167387902737e-03
1.941163791343569756e-03
1.941160531714558601e-03
1.941157155670225620e-03
1.941153430379927158e-03
1.941149821504950523e-03
1.941146096214652061e-03
1.941142370924353600e-03
1.941184978932142258e-03
2.569614909589290619e-03
1.982254441827535629e-03
1.948420424014329910e-03
1.941208844073116779e-03
1.941299764439463615e-03
1.941187656484544277e-03
1.941168215125799179e-03
1.941160880960524082e-03
1.941154827363789082e-03
1.941149123013019562e-03
1.941143418662250042e-03
1.941137248650193214e-03
1.941131195053458214e-03
1.941124326549470425e-03
1.941116992384195328e-03
1.941109076142311096e-03
1.941100112162530422e-03
1.941090100444853306e-03
1.972007099539041519e-03
1.941563328728079796e-03
1.943078590556979179e-03
1.941225025802850723e-03
1.941201742738485336e-03
1.941179274581372738e-03
1.941131893545389175e-03
1.941113965585827827e-03
1.941096503287553787e-03
1.941077411174774170e-03
1.941056805662810802e-03
1.941035268828272820e-03
1.941012684255838394e-03
1.940988469868898392e-03
1.940961927175521851e-03
1.940932590514421463e-03
1.940899179317057133e-03
1.940861111506819725e-03
1.940817572176456451e-03
1.941972295753657818e-03
2.052088268101215363e-03
1.942530157975852489e-03
1.943456009030342102e-03
1.941397436894476414e-03
1.940935617312788963e-03
1.940808026120066643e-03
1.940723741427063942e-03
1.940658548846840858e-03
1.940596732310950756e-03
1.940533053129911423e-03
1.940465066581964493e-03
1.940390211530029774e-03
1.940306276082992554e-03
1.940268324688076973e-03
1.972415018826723099e-03
1.957372529432177544e-03
1.944810035638511181e-03
1.940820598974823952e-03
1.940254587680101395e-03
1.940181711688637733e-03
1.940110698342323303e-03
1.940039452165365219e-03
1.939964247867465019e-03
1.939884270541369915e-03
1.939797773957252502e-03
1.939704292453825474e-03
1.939603593200445175e-03
1.939496723935008049e-03
1.939452136866748333e-03
2.070718444883823395e-03
1.939804176799952984e-03
1.942646689713001251e-03
1.939361100085079670e-03
1.939255627803504467e-03
1.939110108651220798e-03
1.938999863341450691e-03
1.938885077834129333e-03
1.938766799867153168e-03
1.938644796609878540e-03
1.989372307434678078e-03
2.034799428656697273e-03
1.939343404956161976e-03
1.939500798471271992e-03
1.938259461894631386e-03
1.938122557476162910e-03
1.937987515702843666e-03
1.937843626365065575e-03
1.937723252922296524e-03
2.064051106572151184e-03
1.939122914336621761e-03
1.939048757776618004e-03
1.937346649356186390e-03
1.937277731485664845e-03
1.937094260938465595e-03
2.134984126314520836e-03
1.946686301380395889e-03
1.940256799571216106e-03
1.937032095156610012e-03
1.936666201800107956e-03
1.936818473041057587e-03
1.950544537976384163e-03
1.936365850269794464e-03
1.936558634042739868e-03
1.936314860358834267e-03
1.936525688506662846e-03
1.948572113178670406e-03
1.942040631547570229e-03
1.937507535330951214e-03
1.935828360728919506e-03
1.935485401190817356e-03
2.146827289834618568e-03
1.935443491674959660e-03
1.936952932737767696e-03
1.935209846124053001e-03
1.934993895702064037e-03
1.935133361257612705e-03
1.994752557948231697e-03
1.935395761393010616e-03
1.934871077537536621e-03
1.934831379912793636e-03
1.934379572048783302e-03
1.934370025992393494e-03
1.938747591339051723e-03
1.946112723089754581e-03
1.934521598741412163e-03
1.933900173753499985e-03
1.933648600243031979e-03
2.050813753157854080e-03
1.948986900970339775e-03
1.933961873874068260e-03
1.933208201080560684e-03
1.934193889610469341e-03
1.932332175783813000e-03
1.937824999913573265e-03
1.932752784341573715e-03
1.931142993271350861e-03
1.943975803442299366e-03
1.944440649822354317e-03
1.933365012519061565e-03
1.931093516759574413e-03
1.926729106344282627e-03
1.962895272299647331e-03
1.925038523040711880e-03
1.924728392623364925e-03
1.959879416972398758e-03
1.929410267621278763e-03
1.918255584314465523e-03
1.915621920488774776e-03
1.940208021551370621e-03
1.914715860038995743e-03
1.908625126816332340e-03
1.910702092573046684e-03
1.937356544658541679e-03
1.904906821437180042e-03
1.902856398373842239e-03
1.897837733849883080e-03
1.895720022730529308e-03
1.956831663846969604e-03
1.901781419292092323e-03
1.893397071398794651e-03
1.915206084959208965e-03
7.721700239926576614e-03
2.022103173658251762e-03
1.920831622555851936e-03
1.895760069601237774e-03
1.893630134873092175e-03
1.893117441795766354e-03
1.892751315608620644e-03
1.892420928925275803e-03
1.892108819447457790e-03
1.891808235086500645e-03
1.891514868475496769e-03
1.891225343570113182e-03
1.890936982817947865e-03
1.890647807158529758e-03
1.890354673378169537e-03
1.890054671093821526e-03
1.889744191430509090e-03
1.889419858343899250e-03
1.889078295789659023e-03
1.888718572445213795e-03
1.888343715108931065e-03
1.887964201159775257e-03
1.887595746666193008e-03
1.887250808067619801e-03
1.886931946501135826e-03
1.886629848740994930e-03
1.886333455331623554e-03
1.886035897769033909e-03
1.885733334347605705e-03
1.885424600914120674e-03
1.885107718408107758e-03
1.884782570414245129e-03
1.884448225609958172e-03
1.884104916825890541e-03
1.883752760477364063e-03
1.883393386378884315e-03
1.883027609437704086e-03
1.882657525129616261e-03
1.882284064777195454e-03
1.881909091025590897e-03
1.881532953120768070e-03
1.881156465969979763e-03
1.880779396742582321e-03
1.880401978269219398e-03
1.880023512057960033e-03
1.879644347354769707e-03
1.879264251329004765e-03
1.878882525488734245e-03
1.878499402664601803e-03
1.878114300779998302e-03
1.877727103419601917e-03
1.877337577752768993e-03
1.876945490948855877e-03
1.876550260931253433e-03
1.876151771284639835e-03
1.875749556347727776e-03
1.875343848951160908e-03
1.874933601357042789e-03
1.874518929980695248e-03
1.874098903499543667e-03
1.873673754744231701e-03
1.873242668807506561e-03
1.872805529274046421e-03
1.872361754067242146e-03
1.871911226771771908e-03
1.871453481726348400e-03
1.870988402515649796e-03
1.870515407063066959e-03
1.870035077445209026e-03
1.869547180831432343e-03
1.869051717221736908e-03
1.868549152277410030e-03
1.868039602413773537e-03
1.867523882538080215e-03
1.867001643404364586e-03
1.866474049165844917e-03
1.865941216237843037e-03
1.865402213297784328e-03
1.864857040345668793e-03
1.864305464550852776e-03
1.863745506852865219e-03
1.863175537437200546e-03
1.862593227997422218e-03
1.861994853243231773e-03
1.861375989392399788e-03
1.860730699263513088e-03
1.860051299445331097e-03
1.859328360296785831e-03
1.859064213931560516e-03
1.921981340274214745e-03
1.872162916697561741e-03
1.858479692600667477e-03
1.857094699516892433e-03
1.856347662396728992e-03
1.855560461990535259e-03
1.854730886407196522e-03
1.853834488429129124e-03
1.852856017649173737e-03
1.851782319135963917e-03
1.850604545325040817e-03
1.849318621680140495e-03
1.847931300289928913e-03
1.981970621272921562e-03
1.905265380628407001e-03
1.849169842898845673e-03
1.847294159233570099e-03
1.845994847826659679e-03
1.844798796810209751e-03
1.843602862209081650e-03
1.842425437644124031e-03
1.841257791966199875e-03
1.840099692344665527e-03
1.838947879150509834e-03
1.837799209170043468e-03
1.836647978052496910e-03
1.835485454648733139e-03
1.834300579503178596e-03
2.521502319723367691e-03
1.839796779677271843e-03
1.839123899117112160e-03
1.836493262089788914e-03
1.835029572248458862e-03
1.833770889788866043e-03
1.832813606597483158e-03
1.831856439821422100e-03
1.830873079597949982e-03
1.829840010032057762e-03
1.828750595450401306e-03
1.827618689276278019e-03
1.826474326662719250e-03
1.825333689339458942e-03
1.824182691052556038e-03
1.823011785745620728e-03
1.821832847781479359e-03
1.820665085688233376e-03
1.825769781135022640e-03
1.916095265187323093e-03
1.834818627685308456e-03
1.818384858779609203e-03
1.817486714571714401e-03
1.816599979065358639e-03
1.815864001400768757e-03
1.815210329368710518e-03
1.814622431993484497e-03
1.814094488508999348e-03
1.813618582673370838e-03
1.813188078813254833e-03
1.812797505408525467e-03
1.812441158108413219e-03
1.812114263884723186e-03
1.811812398955225945e-03
1.811531838029623032e-03
1.811269088648259640e-03
1.811022171750664711e-03
1.813828246667981148e-03
1.818137709051370621e-03
1.821682672016322613e-03
1.813011127524077892e-03
1.810641842894256115e-03
1.810136134736239910e-03
1.809916226193308830e-03
1.809724373742938042e-03
1.809540321119129658e-03
1.809360110200941563e-03
1.809182111173868179e-03
1.809006091207265854e-03
1.808831351809203625e-03
1.808657427318394184e-03
1.808800501748919487e-03
1.865644822828471661e-03
1.819746219553053379e-03
1.812231028452515602e-03
1.808675471693277359e-03
1.807986060157418251e-03
1.807768829166889191e-03
1.807591761462390423e-03
1.807419932447373867e-03
1.807249384000897408e-03
1.807078835554420948e-03
1.806907588616013527e-03
1.806735759600996971e-03
1.806562417186796665e-03
1.806387677788734436e-03
1.806310960091650486e-03
2.178455702960491180e-03
1.820931560359895229e-03
1.811542315408587456e-03
1.806191634386777878e-03
1.805841922760009766e-03
1.805591513402760029e-03
1.805400825105607510e-03
1.805223058909177780e-03
1.805047737434506416e-03
1.804872881621122360e-03
1.804697560146450996e-03
1.804521190933883190e-03
1.804342842660844326e-03
1.804162515327334404e-03
1.803980208933353424e-03
1.803795224986970425e-03
1.804054598324000835e-03
1.949430792592465878e-03
1.804125960916280746e-03
1.806413638405501842e-03
1.803549006581306458e-03
1.803023507818579674e-03
1.802791492082178593e-03
1.802590093575417995e-03
1.802395563572645187e-03
1.802199869416654110e-03
1.802001497708261013e-03
1.801800914108753204e-03
1.801596605218946934e-03
1.801388454623520374e-03
1.801175996661186218e-03
1.802069600671529770e-03
1.906163408420979977e-03
1.802717219106853008e-03
1.802798244170844555e-03
1.800936879590153694e-03
1.800305559299886227e-03
1.800066092982888222e-03
1.799837220460176468e-03
1.799607649445533752e-03
1.799375051632523537e-03
1.799138262867927551e-03
1.798896002583205700e-03
1.798647223040461540e-03
1.798391691409051418e-03
1.798128825612366199e-03
1.798033481463789940e-03
2.014206955209374428e-03
1.806117594242095947e-03
1.798425102606415749e-03
1.797198085114359856e-03
1.796936616301536560e-03
1.796601223759353161e-03
1.796312513761222363e-03
1.796022756025195122e-03
1.795729738660156727e-03
1.795432064682245255e-03
1.795150339603424072e-03
2.019398380070924759e-03
1.802239217795431614e-03
1.796550466679036617e-03
1.794851268641650677e-03
1.794112147763371468e-03
1.793795148842036724e-03
1.793498522602021694e-03
1.793210511095821857e-03
1.792922150343656540e-03
1.792633440345525742e-03
1.860734540969133377e-03
1.801196602173149586e-03
1.793595845811069012e-03
1.792067661881446838e-03
1.791656599380075932e-03
1.791368005797266960e-03
1.791066839359700680e-03
1.790764625184237957e-03
1.790436566807329655e-03
1.790065551176667213e-03
1.789653557352721691e-03
1.809889567084610462e-03
1.802377519197762012e-03
1.790889305993914604e-03
1.790139009244740009e-03
1.788506051525473595e-03
1.787907211109995842e-03
1.787472516298294067e-03
1.787043293006718159e-03
1.786613371223211288e-03
1.786191132850944996e-03
2.021648688241839409e-03
1.814919640310108662e-03
1.787765650078654289e-03
1.785008586011826992e-03
1.784628955647349358e-03
1.784181920811533928e-03
1.783790183253586292e-03
1.783481566235423088e-03
1.892290660180151463e-03
1.797561999410390854e-03
1.783051644451916218e-03
1.782416715286672115e-03
1.781861064955592155e-03
1.781433471478521824e-03
1.781031023710966110e-03
1.780964084900915623e-03
1.859496696852147579e-03
1.785906963050365448e-03
1.779986196197569370e-03
1.779544749297201633e-03
1.779153244569897652e-03
1.778761390596628189e-03
1.778400037437677383e-03
1.778050791472196579e-03
1.873994828201830387e-03
1.807219698093831539e-03
1.781522179953753948e-03
1.777026336640119553e-03
1.776510966010391712e-03
1.776053220964968204e-03
1.775672542862594128e-03
1.775557873770594597e-03
1.802123617380857468e-03
1.785182510502636433e-03
1.776741119101643562e-03
1.774254953488707542e-03
1.773638650774955750e-03
1.773249008692800999e-03
1.772869029082357883e-03
1.868747640401124954e-03
1.800422789528965950e-03
1.771904760971665382e-03
1.771630835719406605e-03
1.771275303326547146e-03
1.771129900589585304e-03
1.770955277606844902e-03
1.783416722901165485e-03
1.770076691173017025e-03
1.769661670550704002e-03
1.769718830473721027e-03
1.785863656550645828e-03
1.774826785549521446e-03
1.769311726093292236e-03
1.768052228726446629e-03
1.894005108624696732e-03
1.780581660568714142e-03
1.768527785316109657e-03
1.766320783644914627e-03
1.794815412722527981e-03
1.771899755112826824e-03
1.777415978722274303e-03
1.765303546562790871e-03
1.764676999300718307e-03
1.763866166584193707e-03
1.775648444890975952e-03
1.797621487639844418e-03
1.764262560755014420e-03
1.761712366715073586e-03
1.760215382091701031e-03
1.758017926476895809e-03
1.870658597908914089e-03
2.097885124385356903e-03
1.753933494910597801e-03
1.745484652929008007e-03
1.736312056891620159e-03
1.731638098135590553e-03
1.727141090668737888e-03
1.722718239761888981e-03
1.718407962471246719e-03
1.714313053525984287e-03
1.710566692054271698e-03
1.888243481516838074e-03
1.734491088427603245e-03
1.708211493678390980e-03
1.704151625744998455e-03
1.701878733001649380e-03
1.699913758784532547e-03
1.698335632681846619e-03
1.697046565823256969e-03
1.695991260930895805e-03
1.695127459242939949e-03
1.694419421255588531e-03
1.693835831247270107e-03
1.693351310677826405e-03
1.692944671958684921e-03
1.692598685622215271e-03
1.692299847491085529e-03
1.692037563771009445e-03
1.708230935037136078e-03
1.696963096037507057e-03
1.696278923191130161e-03
1.694003236480057240e-03
1.692139776423573494e-03
1.691802521236240864e-03
1.691530924290418625e-03
1.691313344053924084e-03
1.691118930466473103e-03
1.690940465778112411e-03
1.690774690359830856e-03
1.690619043074548244e-03
1.690471428446471691e-03
1.690330798737704754e-03
1.690196222625672817e-03
1.690066535957157612e-03
1.689941040240228176e-03
1.689819269813597202e-03
1.689700875431299210e-03
1.689585507847368717e-03
1.689472934231162071e-03
1.689362339675426483e-03
1.690325560048222542e-03
1.834228285588324070e-03
1.727151218801736832e-03
1.692259917035698891e-03
1.689763623289763927e-03
1.689515076577663422e-03
1.689297496341168880e-03
1.689144060947000980e-03
1.689012278802692890e-03
1.688891323283314705e-03
1.688777701929211617e-03
1.688669552095234394e-03
1.688565593212842941e-03
1.688465126790106297e-03
1.688366988673806190e-03
1.688271295279264450e-03
1.688177580945193768e-03
1.688085147179663181e-03
1.687993993982672691e-03
1.687903888523578644e-03
1.687814830802381039e-03
1.687726587988436222e-03
1.687638810835778713e-03
1.688238815404474735e-03
1.716109574772417545e-03
1.702800276689231396e-03
1.688982360064983368e-03
1.687824027612805367e-03
1.687501906417310238e-03
1.687357667833566666e-03
1.687256153672933578e-03
1.687164651229977608e-03
1.687077456153929234e-03
1.686992589384317398e-03
1.686910050921142101e-03
1.686828560195863247e-03
1.686748233623802662e-03
1.686668721958994865e-03
1.686589792370796204e-03
1.686722156591713428e-03
1.731562428176403046e-03
1.705120783299207687e-03
1.687103649601340294e-03
1.686616684310138226e-03
1.686335657723248005e-03
1.686200266703963280e-03
1.686119241639971733e-03
1.686039264313876629e-03
1.685961498878896236e-03
1.685884199105203152e-03
1.685807714238762856e-03
1.687045791186392307e-03
1.871833926998078823e-03
1.708056195639073849e-03
1.688333810307085514e-03
1.686063362285494804e-03
1.685549854300916195e-03
1.685470575466752052e-03
1.685384544543921947e-03
1.685305382125079632e-03
1.685227965936064720e-03
1.685150666162371635e-03
1.685072667896747589e-03
1.684994087554514408e-03
1.684922724962234497e-03
1.865207450464367867e-03
1.711971592158079147e-03
1.684916089288890362e-03
1.685734954662621021e-03
1.684711081907153130e-03
1.684626680798828602e-03
1.684537623077630997e-03
1.684454502537846565e-03
1.684370916336774826e-03
1.684287562966346741e-03
1.684204442426562309e-03
1.684139249846339226e-03
1.927384524606168270e-03
1.701816567219793797e-03
1.690528006292879581e-03
1.684634014964103699e-03
1.683972543105483055e-03
1.683806534856557846e-03
1.683718408457934856e-03
1.683634473010897636e-03
1.683553215116262436e-03
1.683475100435316563e-03
1.690433826297521591e-03
1.759492792189121246e-03
1.693316036835312843e-03
1.684856601059436798e-03
1.683278591372072697e-03
1.683166134171187878e-03
1.683062291704118252e-03
1.682984526269137859e-03
1.682911650277674198e-03
1.688852673396468163e-03
1.761467312462627888e-03
1.688903430476784706e-03
1.683652051724493504e-03
1.682885689660906792e-03
1.682602684013545513e-03
1.682515838183462620e-03
1.682438771240413189e-03
1.682369154877960682e-03
1.684843562543392181e-03
1.806401414796710014e-03
1.698537380434572697e-03
1.684245420619845390e-03
1.682386500760912895e-03
1.682080561295151711e-03
1.681998954154551029e-03
1.681929687038064003e-03
1.681861118413507938e-03
1.681793597526848316e-03
1.682256115600466728e-03
1.682384056039154530e-03
1.756757730618119240e-03
1.682905713096261024e-03
1.683098613284528255e-03
1.681675668805837631e-03
1.681601628661155701e-03
1.681515830568969250e-03
1.681448658928275108e-03
1.681385561823844910e-03
1.681324210949242115e-03
1.681263325735926628e-03
1.681203371845185757e-03
1.681143534369766712e-03
1.681084046140313148e-03
1.681024907156825066e-03
1.680965418927371502e-03
1.680906279943883419e-03
1.680853660218417645e-03
2.095425734296441078e-03
1.693055266514420509e-03
1.686517614871263504e-03
1.680997200310230255e-03
1.680785091593861580e-03
1.680637709796428680e-03
1.680571353062987328e-03
1.680511049926280975e-03
1.680453424341976643e-03
1.680395798757672310e-03
1.680338638834655285e-03
1.680284505710005760e-03
1.719094463624060154e-03
1.763731939718127251e-03
1.681922818534076214e-03
1.680600456893444061e-03
1.680208952166140079e-03
1.680059009231626987e-03
1.680004643276333809e-03
1.679945504292845726e-03
1.679889042861759663e-03
1.679833163507282734e-03
1.679837238043546677e-03
2.023457782343029976e-03
1.707966555841267109e-03
1.682975562289357185e-03
1.680661691352725029e-03
1.679716398939490318e-03
1.679564011283218861e-03
1.679506618529558182e-03
1.679451321251690388e-03
1.679396722465753555e-03
1.679342938587069511e-03
1.680431654676795006e-03
1.737516722641885281e-03
1.680440152995288372e-03
1.679670996963977814e-03
1.679225126281380653e-03
1.679148408584296703e-03
1.679069478996098042e-03
1.679014530964195728e-03
1.678960979916155338e-03
1.678907778114080429e-03
1.679770182818174362e-03
1.701043103821575642e-03
1.714225858449935913e-03
1.688494114205241203e-03
1.678780186921358109e-03
1.678803935647010803e-03
1.678667962551116943e-03
1.678608241491019726e-03
1.678553177043795586e-03
1.678500557318329811e-03
1.678447821177542210e-03
1.678395434282720089e-03
1.678364118561148643e-03
2.075840951874852180e-03
1.787245855666697025e-03
1.810825313441455364e-03
1.932919607497751713e-03
1.960390014573931694e-03
1.714886049740016460e-03
1.681928755715489388e-03
1.679027918726205826e-03
1.678793458268046379e-03
1.678689382970333099e-03
1.678606611676514149e-03
1.678536529652774334e-03
1.678474713116884232e-03
1.678418717347085476e-03
1.678366796113550663e-03
1.678317552432417870e-03
1.678270869888365269e-03
1.678225700743496418e-03
1.678181462921202183e-03
1.678138505667448044e-03
1.678096130490303040e-03
1.678053988143801689e-03
1.678012777119874954e-03
1.677971566095948219e-03
1.677930587902665138e-03
1.677889726124703884e-03
1.677848980762064457e-03
1.677808351814746857e-03
1.677767722867429256e-03
1.677727093920111656e-03
1.677686464972794056e-03
1.677645836025476456e-03
1.677604625001549721e-03
1.677563763223588467e-03
1.677522668614983559e-03
1.677481457591056824e-03
1.677439780905842781e-03
1.677398453466594219e-03
1.677356543950736523e-03
1.677314518019556999e-03
1.677272142842411995e-03
1.677229651249945164e-03
1.677186926826834679e-03
1.677143853157758713e-03
1.677100313827395439e-03
1.677056890912353992e-03
1.677012536674737930e-03
1.676968298852443695e-03
1.676923711784183979e-03
1.676878659054636955e-03
1.676833257079124451e-03
1.676787505857646465e-03
1.676741405390202999e-03
1.676694839261472225e-03
1.676647923886775970e-03
1.676600659266114235e-03
1.676552928984165192e-03
1.676504616625607014e-03
1.676456071436405182e-03
1.676407060585916042e-03
1.676357584074139595e-03
1.676308922469615936e-03
1.695910468697547913e-03
1.714797574095427990e-03
1.679253764450550079e-03
1.676825457252562046e-03
1.676377025432884693e-03
1.676141284406185150e-03
1.676090178079903126e-03
1.676036044955253601e-03
1.675984123721718788e-03
1.675933366641402245e-03
1.675881911069154739e-03
1.675830455496907234e-03
1.675778767094016075e-03
1.675726613029837608e-03
1.675704144872725010e-03
2.251008059829473495e-03
1.689994824118912220e-03
1.680393121205270290e-03
1.676229294389486313e-03
1.675556180998682976e-03
1.675500883720815182e-03
1.675434876233339310e-03
1.675382140092551708e-03
1.675329986028373241e-03
1.675277715548872948e-03
1.675225794315338135e-03
1.675173291005194187e-03
1.675120904110372066e-03
1.675068633630871773e-03
1.675915089435875416e-03
1.841521938331425190e-03
1.675252453424036503e-03
1.676140120252966881e-03
1.675331033766269684e-03
1.674898434430360794e-03
1.674814382568001747e-03
1.674759667366743088e-03
1.674705650657415390e-03
1.674652798101305962e-03
1.674599945545196533e-03
1.674546976573765278e-03
1.674493774771690369e-03
1.674440107308328152e-03
1.674386207014322281e-03
1.674486906267702579e-03
1.828303327783942223e-03
1.690777600742876530e-03
1.678662840276956558e-03
1.674651284702122211e-03
1.674421480856835842e-03
1.674255705438554287e-03
1.674187835305929184e-03
1.674132072366774082e-03
1.674079452641308308e-03
1.674028113484382629e-03
1.673977239988744259e-03
1.673926366493105888e-03
1.673875609412789345e-03
1.673824852332472801e-03
1.673773862421512604e-03
1.673722756095230579e-03
1.673671300522983074e-03
1.673619612120091915e-03
1.673567341640591621e-03
1.673514721915125847e-03
1.673461520113050938e-03
1.673407736234366894e-03
1.673607039265334606e-03
1.683291746303439140e-03
1.688758842647075653e-03
1.677005668170750141e-03
1.673598773777484894e-03
1.673247432336211205e-03
1.673150225542485714e-03
1.673094928264617920e-03
1.673040562309324741e-03
1.672986312769353390e-03
1.672932179644703865e-03
1.672877813689410686e-03
1.672823331318795681e-03
1.672803657129406929e-03
2.131753135472536087e-03
1.699351123534142971e-03
1.679281238466501236e-03
1.672885846346616745e-03
1.672722166404128075e-03
1.672565238550305367e-03
1.672500744462013245e-03
1.672443584538996220e-03
1.672388752922415733e-03
1.672333921305835247e-03
1.672278740443289280e-03
1.672223443165421486e-03
1.672181650064885616e-03
2.176433103159070015e-03
1.709155854769051075e-03
1.677110441960394382e-03
1.672933110967278481e-03
1.672131358645856380e-03
1.671973033808171749e-03
1.671911915764212608e-03
1.671856851316988468e-03
1.671802136115729809e-03
1.671747188083827496e-03
1.671692240051925182e-03
1.671636709943413734e-03
1.671580481342971325e-03
1.671525184065103531e-03
1.749126589857041836e-03
1.675238367170095444e-03
1.676485058851540089e-03
1.672806101851165295e-03
1.671355799771845341e-03
1.671301200985908508e-03
1.671231235377490520e-03
1.671169186010956764e-03
1.671105972491204739e-03
1.671040896326303482e-03
1.670974656008183956e-03
1.670908066444098949e-03
1.670861383900046349e-03
2.089395420625805855e-03
1.718900282867252827e-03
1.676575397141277790e-03
1.670745667070150375e-03
1.670737401582300663e-03
1.670601195655763149e-03
1.670524128712713718e-03
1.670461613684892654e-03
1.670399098657071590e-03
1.670337049290537834e-03
1.670274534262716770e-03
1.670211786404252052e-03
1.670521451160311699e-03
1.734142308123409748e-03
1.746377092786133289e-03
1.678685308434069157e-03
1.671166159212589264e-03
1.670077093876898289e-03
1.669910619966685772e-03
1.669853343628346920e-03
1.669792691245675087e-03
1.669733785092830658e-03
1.669674878939986229e-03
1.669615507125854492e-03
1.669556251727044582e-03
1.669496530666947365e-03
1.669436576776206493e-03
1.670009572990238667e-03
1.701889326795935631e-03
1.676674233749508858e-03
1.671669306233525276e-03
1.669455901719629765e-03
1.669152406975626945e-03
1.669092569500207901e-03
1.669029821641743183e-03
1.668969518505036831e-03
1.668908633291721344e-03
1.668895711190998554e-03
2.054796088486909866e-03
1.694862730801105499e-03
1.670277561061084270e-03
1.669751363806426525e-03
1.668646582402288914e-03
1.668585580773651600e-03
1.668521435931324959e-03
1.668461947701871395e-03
1.668401877395808697e-03
1.668341457843780518e-03
1.668280572630465031e-03
1.668219687417149544e-03
1.673499587923288345e-03
1.711479853838682175e-03
1.674591563642024994e-03
1.669312827289104462e-03
1.668074517510831356e-03
1.667939359322190285e-03
1.667846809141337872e-03
1.667781383730471134e-03
1.667756936512887478e-03
1.819826429709792137e-03
1.699545187875628471e-03
1.668440178036689758e-03
1.668118638917803764e-03
1.667526201345026493e-03
1.667389646172523499e-03
1.667311415076255798e-03
1.677420339547097683e-03
1.703548943623900414e-03
1.676282263360917568e-03
1.667413860559463501e-03
1.667203847318887711e-03
1.666968455538153648e-03
1.666888012550771236e-03
1.667170319706201553e-03
1.755536184646189213e-03
1.671427511610090733e-03
1.666840165853500366e-03
1.666904194280505180e-03
1.666624797508120537e-03
1.671620528213679790e-03
1.676729298196732998e-03
1.668566139414906502e-03
1.666250987909734249e-03
1.666231313720345497e-03
1.667951350100338459e-03
1.718332059681415558e-03
1.675616251304745674e-03
1.666855532675981522e-03
1.666184631176292896e-03
1.671700621955096722e-03
1.665734103880822659e-03
1.668458338826894760e-03
1.666137250140309334e-03
1.665460527874529362e-03
1.665422809310257435e-03
2.017313381657004356e-03
1.866416074335575104e-03
1.802857965230941772e-03
1.724536065012216568e-03
1.668513403274118900e-03
1.668384531512856483e-03
1.667032367549836636e-03
1.666567171923816204e-03
1.666288124397397041e-03
1.666087075136601925e-03
1.665934105403721333e-03
1.665811520069837570e-03
1.665709074586629868e-03
1.665620715357363224e-03
1.665542717091739178e-03
1.665472402237355709e-03
1.665407908149063587e-03
1.665347954258322716e-03
1.665291376411914825e-03
1.665237708948552608e-03
1.665186253376305103e-03
1.665136311203241348e-03
1.665087649598717690e-03
1.665039919316768646e-03
1.664993236772716045e-03
1.664947136305272579e-03
1.664901152253150940e-03
1.664855517446994781e-03
1.664810464717447758e-03
1.664765295572578907e-03
1.664720126427710056e-03
1.664675073698163033e-03
1.664630137383937836e-03
1.664584735408425331e-03
1.664539333432912827e-03
1.664493931457400322e-03
1.664448180235922337e-03
1.664401963353157043e-03
1.664355862885713577e-03
1.664308831095695496e-03
1.664261915720999241e-03
1.664214651100337505e-03
1.664167037233710289e-03
1.664118957705795765e-03
1.664070296101272106e-03
1.664021401666104794e-03
1.663971808739006519e-03
1.663921866565942764e-03
1.663871342316269875e-03
1.663820585235953331e-03
1.663769129663705826e-03
1.663717092014849186e-03
1.663664355874061584e-03
1.663611037656664848e-03
1.663557370193302631e-03
1.663502887822687626e-03
1.663447706960141659e-03
1.663391827605664730e-03
1.663335715420544147e-03
1.663278555497527122e-03
1.663220697082579136e-03
1.663162140175700188e-03
1.663103234022855759e-03
1.663043396547436714e-03
1.662982511334121227e-03
1.662921509705483913e-03
1.662859343923628330e-03
1.662796363234519958e-03
1.662732800468802452e-03
1.662668422795832157e-03
1.662603113800287247e-03
1.662537339143455029e-03
1.662470167502760887e-03
1.662402530200779438e-03
1.662333961576223373e-03
1.662264578044414520e-03
1.662194263190031052e-03
1.662123249843716621e-03
1.662051188759505749e-03
1.661978545598685741e-03
1.661904621869325638e-03
1.661830116063356400e-03
1.661754329688847065e-03
1.661677844822406769e-03
1.661600428633391857e-03
1.661522081121802330e-03
1.661442685872316360e-03
1.661362592130899429e-03
1.661281217820942402e-03
1.661199145019054413e-03
1.661116024479269981e-03
1.661031623370945454e-03
1.660946640186011791e-03
1.660860376432538033e-03
1.660773414187133312e-03
1.660685287788510323e-03
1.660595997236669064e-03
1.660506008192896843e-03
1.660414854995906353e-03
1.660322537645697594e-03
1.660229405388236046e-03
1.660135225392878056e-03
1.660039881244301796e-03
1.659943489357829094e-03
1.659846049733459949e-03
1.659747795201838017e-03
1.659648260101675987e-03
1.659547793678939342e-03
1.659446279518306255e-03
1.659343717619776726e-03
1.659239875152707100e-03
1.659134984947741032e-03
1.659029396250844002e-03
1.658922526985406876e-03
1.658814609982073307e-03
1.658705528825521469e-03
1.658595632761716843e-03
1.658616587519645691e-03
1.705045113340020180e-03
1.659691566601395607e-03
1.662262482568621635e-03
1.658708555623888969e-03
1.658185501582920551e-03
1.658024964854121208e-03
1.657906686887145042e-03
1.657796674408018589e-03
1.657685614190995693e-03
1.657574437558650970e-03
1.657462446019053459e-03
1.657349755987524986e-03
1.657236018218100071e-03
1.657121581956744194e-03
1.657006447203457355e-03
1.657126238569617271e-03
1.728469040244817734e-03
1.690830918960273266e-03
1.659357454627752304e-03
1.656603999435901642e-03
1.656507607549428940e-03
1.656352775171399117e-03
1.656231237575411797e-03
1.656117150560021400e-03
1.656003296375274658e-03
1.655888743698596954e-03
1.655773492529988289e-03
1.655657310038805008e-03
1.655636588111519814e-03
2.043148269876837730e-03
1.667919685132801533e-03
1.655482803471386433e-03
1.655562897212803364e-03
1.655163709074258804e-03
1.655018539167940617e-03
1.654894556850194931e-03
1.654779538512229919e-03
1.654665102250874043e-03
1.654550316743552685e-03
1.654434599913656712e-03
1.654318184591829777e-03
1.654210966080427170e-03
1.735517871566116810e-03
1.659323112107813358e-03
1.660663750953972340e-03
1.654899911954998970e-03
1.653833780437707901e-03
1.653659041039645672e-03
1.653545303270220757e-03
1.653431681916117668e-03
1.653316663578152657e-03
1.653201412409543991e-03
1.653085462749004364e-03
1.652969280257821083e-03
1.652852399274706841e-03
1.662365859374403954e-03
1.808719360269606113e-03
1.662949682213366032e-03
1.652580220252275467e-03
1.652478938922286034e-03
1.652352628298103809e-03
1.652244129218161106e-03
1.652127248235046864e-03
1.652014907449483871e-03
1.651901984587311745e-03
1.651788479648530483e-03
1.651674276217818260e-03
1.651559607125818729e-03
1.651444239541888237e-03
1.651328289881348610e-03
1.651275204494595528e-03
1.926199300214648247e-03
1.694613019935786724e-03
1.653840998187661171e-03
1.651239930652081966e-03
1.650915481150150299e-03
1.650717458687722683e-03
1.650602906011044979e-03
1.650488586165010929e-03
1.650375081226229668e-03
1.650261459872126579e-03
1.650147372856736183e-03
1.650032587349414825e-03
1.649917219765484333e-03
1.649802899919450283e-03
1.673947437666356564e-03
1.741464133374392986e-03
1.661498448811471462e-03
1.651232829317450523e-03
1.649481011554598808e-03
1.649311045184731483e-03
1.649175188504159451e-03
1.649060985073447227e-03
1.648947130888700485e-03
1.648833043873310089e-03
1.648718607611954212e-03
1.648603938519954681e-03
1.648488920181989670e-03
1.651134225539863110e-03
1.705179223790764809e-03
1.666558557190001011e-03
1.649188227020204067e-03
1.648255274631083012e-03
1.647959114052355289e-03
1.647845027036964893e-03
1.647731754928827286e-03
1.647617318667471409e-03
1.647503231652081013e-03
1.647388795390725136e-03
1.647273544222116470e-03
1.647754223085939884e-03
1.804815605282783508e-03
1.647268654778599739e-03
1.649059238843619823e-03
1.647022436372935772e-03
1.646797172725200653e-03
1.646636519581079483e-03
1.646516378968954086e-03
1.646403106860816479e-03
1.646289019845426083e-03
1.646174583584070206e-03
1.646059216000139713e-03
1.645943033508956432e-03
1.665886491537094116e-03
1.646155491471290588e-03
1.660350360907614231e-03
1.646733027882874012e-03
1.645625801756978035e-03
1.645482028834521770e-03
1.645368291065096855e-03
1.645257580094039440e-03
1.645146170631051064e-03
1.645034761168062687e-03
1.644922769628465176e-03
1.644809846766293049e-03
1.644695992581546307e-03
1.644581207074224949e-03
1.644473639316856861e-03
2.011672593653202057e-03
1.741735963150858879e-03
1.654123305343091488e-03
1.644369796849787235e-03
1.644267817027866840e-03
1.644047908484935760e-03
1.643925090320408344e-03
1.643820665776729584e-03
1.643715775571763515e-03
1.643610303290188313e-03
1.643503201194107533e-03
1.643391326069831848e-03
1.643271185457706451e-03
1.643142662942409515e-03
1.643018680624663830e-03
1.937947468832135201e-03
1.673323800787329674e-03
1.642978051677346230e-03
1.642686082050204277e-03
1.642538001760840416e-03
1.642407965846359730e-03
1.642272924073040485e-03
1.642145100049674511e-03
1.642026472836732864e-03
1.726874848827719688e-03
1.681427005678415298e-03
1.645669108256697655e-03
1.642433344386518002e-03
1.641533570364117622e-03
1.641405979171395302e-03
1.641283044591546059e-03
1.641155802644789219e-03
1.647417433559894562e-03
1.653511775657534599e-03
1.640935661271214485e-03
1.640797243453562260e-03
1.640819129534065723e-03
1.640544622205197811e-03
1.640421687625348568e-03
1.640290836803615093e-03
1.642599469050765038e-03
1.731747412122786045e-03
1.648681936785578728e-03
1.640092232264578342e-03
1.640003756619989872e-03
1.639691530726850033e-03
1.639540772885084152e-03
1.639919821172952652e-03
1.642984570935368538e-03
1.647512777708470821e-03
1.641526352614164352e-03
1.639058697037398815e-03
1.638932735659182072e-03
1.638775225728750229e-03
1.641266630031168461e-03
1.700314693152904510e-03
1.639221911318600178e-03
1.639458234421908855e-03
1.638392452150583267e-03
1.638106070458889008e-03
1.637926790863275528e-03
1.652504317462444305e-03
1.684740418568253517e-03
1.645170152187347412e-03
1.638892106711864471e-03
1.637599198147654533e-03
1.637284411117434502e-03
1.637139823287725449e-03
1.636993722058832645e-03
1.637956942431628704e-03
1.712649129331111908e-03
1.637465204112231731e-03
1.637624693103134632e-03
1.636469038203358650e-03
1.636301400139927864e-03
1.636149943806231022e-03
1.786901848390698433e-03
1.660177949815988541e-03
1.636735280044376850e-03
1.636080094613134861e-03
1.635462860576808453e-03
1.636028056964278221e-03
1.638768007978796959e-03
1.635151449590921402e-03
1.634862856008112431e-03
1.634922227822244167e-03
1.678411616012454033e-03
1.641158247366547585e-03
1.636845408938825130e-03
1.634577754884958267e-03
1.746721216477453709e-03
1.649505808018147945e-03
1.636197674088180065e-03
1.634386368095874786e-03
1.660261303186416626e-03
1.633047591894865036e-03
1.634595450013875961e-03
1.683779060840606689e-03
1.632187981158494949e-03
1.632135012187063694e-03
1.715865684673190117e-03
1.636596862226724625e-03
1.631432445719838142e-03
1.637724461033940315e-03
1.671248348429799080e-03
1.636094297282397747e-03
1.629906473681330681e-03
1.662487746216356754e-03
1.636568806134164333e-03
1.633345149457454681e-03
1.653251587413251400e-03
1.630673883482813835e-03
1.674112048931419849e-03
1.628183876164257526e-03
1.627708552405238152e-03
1.756008481606841087e-03
1.653086044825613499e-03
1.647768192924559116e-03
1.632534316740930080e-03
1.627305173315107822e-03
1.627530786208808422e-03
1.629339996725320816e-03
1.627022866159677505e-03
1.633647130802273750e-03
1.648620236665010452e-03
1.664395909756422043e-03
1.723682740703225136e-03
1.643075374886393547e-03
1.628056284971535206e-03
1.905544660985469818e-03
1.893653068691492081e-03
1.647178200073540211e-03
1.624008174985647202e-03
1.623033080250024796e-03
1.622312120161950588e-03
1.622030744329094887e-03
1.621756702661514282e-03
1.621483941562473774e-03
1.621210831217467785e-03
1.620936905965209007e-03
1.620661118067800999e-03
1.620383467525243759e-03
1.620103954337537289e-03
1.619822462089359760e-03
1.619538874365389347e-03
1.619252958334982395e-03
1.618964946828782558e-03
1.618674839846789837e-03
1.618382637389004230e-03
1.618088106624782085e-03
1.617791363969445229e-03
1.617491827346384525e-03
1.617189380340278149e-03
1.616884139366447926e-03
1.616575988009572029e-03
1.616265042684972286e-03
1.615952234715223312e-03
1.619173446670174599e-03
1.627312274649739265e-03
1.618296373635530472e-03
1.615418936125934124e-03
1.615081797353923321e-03
1.614720909856259823e-03
1.614394364878535271e-03
1.614073524251580238e-03
1.613747328519821167e-03
1.613402855582535267e-03
1.613039756193757057e-03
1.613844651728868484e-03
1.612745574675500393e-03
1.612609485164284706e-03
1.617801957763731480e-03
1.612308085896074772e-03
1.611202606000006199e-03
1.610768609680235386e-03
1.647760742343962193e-03
1.611444633454084396e-03
1.612746389582753181e-03
1.610025763511657715e-03
1.609693863429129124e-03
1.609356608241796494e-03
1.609059865586459637e-03
1.608764752745628357e-03
1.608472783118486404e-03
1.608544262126088142e-03
1.791631104424595833e-03
1.618335139937698841e-03
1.608050079084932804e-03
1.607749145478010178e-03
1.607456128112971783e-03
1.607178128324449062e-03
1.606910722330212593e-03
1.606652163900434971e-03
1.606399542652070522e-03
1.606151112355291843e-03
1.605914323590695858e-03
2.067118883132934570e-03
1.626937417313456535e-03
1.612032297998666763e-03
1.606115722097456455e-03
1.605346216820180416e-03
1.605005934834480286e-03
1.604775548912584782e-03
1.604549586772918701e-03
1.604328514076769352e-03
1.604110118933022022e-03
1.603894052095711231e-03
1.605949131771922112e-03
1.619709772057831287e-03
1.605462981387972832e-03
1.603822805918753147e-03
1.603276934474706650e-03
1.603062381036579609e-03
1.602815231308341026e-03
1.602591713890433311e-03
1.602373085916042328e-03
1.602153759449720383e-03
1.601933268830180168e-03
1.604496384970843792e-03
1.650269143283367157e-03
1.603943179361522198e-03
1.601969706825911999e-03
1.601302297785878181e-03
1.601085998117923737e-03
1.600843621417880058e-03
1.600624760612845421e-03
1.600411138497292995e-03
1.600197516381740570e-03
1.599999726749956608e-03
1.922053867019712925e-03
1.620910945348441601e-03
1.603779732249677181e-03
1.599591458216309547e-03
1.599291921593248844e-03
1.599075621925294399e-03
1.598857576027512550e-03
1.598643604665994644e-03
1.598429982550442219e-03
1.653896295465528965e-03
1.608132151886820793e-03
1.605598605237901211e-03
1.597972470335662365e-03
1.597726834006607533e-03
1.597499940544366837e-03
1.597277820110321045e-03
1.597061520442366600e-03
1.597031368874013424e-03
1.634392887353897095e-03
1.611456274986267090e-03
1.598148839548230171e-03
1.596474903635680676e-03
1.596125424839556217e-03
1.595868263393640518e-03
1.595641486346721649e-03
1.606221194379031658e-03
1.616730121895670891e-03
1.602967851795256138e-03
1.596139627508819103e-03
1.594839850440621376e-03
1.594585715793073177e-03
1.594344852492213249e-03
1.605922123417258263e-03
1.614748500287532806e-03
1.600249786861240864e-03
1.594430301338434219e-03
1.593423658050596714e-03
1.593121443875133991e-03
1.592851825989782810e-03
1.742095919325947762e-03
1.605116180144250393e-03
1.592712127603590488e-03
1.591578591614961624e-03
1.590795582160353661e-03
1.590325497090816498e-03
1.605976023711264133e-03
1.593998167663812637e-03
1.589411171153187752e-03
1.589099410921335220e-03
1.588337239809334278e-03
1.587958307936787605e-03
1.627556979656219482e-03
1.602563774213194847e-03
1.588193001225590706e-03
1.586577156558632851e-03
1.585730002261698246e-03
1.609074766747653484e-03
1.607289072126150131e-03
1.584883080795407295e-03
1.584617188200354576e-03
1.583371427841484547e-03
1.582668046467006207e-03
1.663358998484909534e-03
1.608215272426605225e-03
1.581166987307369709e-03
1.580630196258425713e-03
1.580015872605144978e-03
1.580097596161067486e-03
1.606232370249927044e-03
1.578563125804066658e-03
1.578831463120877743e-03
1.576867769472301006e-03
1.576106529682874680e-03
1.638242625631392002e-03
1.613378874026238918e-03
1.575285801663994789e-03
1.574152382090687752e-03
1.572674955241382122e-03
1.724056550301611423e-03
1.585001358762383461e-03
1.574335037730634212e-03
1.570089720189571381e-03
1.569967833347618580e-03
1.598953618668019772e-03
1.571617322042584419e-03
1.566869788803160191e-03
1.571220695041120052e-03
1.586791011504828930e-03
1.569165615364909172e-03
1.563229248858988285e-03
1.561053213663399220e-03
1.666888361796736717e-03
1.680836779996752739e-03
1.812860020436346531e-03
1.565505983307957649e-03
1.562455203384160995e-03
1.557740033604204655e-03
1.557058305479586124e-03
1.556289498694241047e-03
1.555577619001269341e-03
1.554875052534043789e-03
1.554176560603082180e-03
1.553481211885809898e-03
1.552788889966905117e-03
1.552099245600402355e-03
1.551412395201623440e-03
1.550728804431855679e-03
1.550048822537064552e-03
1.549372565932571888e-03
1.548700849525630474e-03
1.548034022562205791e-03
1.547488500364124775e-03
1.588401617482304573e-03
1.547215390019118786e-03
1.546610961668193340e-03
1.545607694424688816e-03
1.544879283756017685e-03
1.544233295135200024e-03
1.543607679195702076e-03
1.542995334602892399e-03
1.542394747957587242e-03
1.541806035675108433e-03
1.541228964924812317e-03
1.540663302876055241e-03
1.540395314805209637e-03
1.568269450217485428e-03
1.539944554679095745e-03
1.539530116133391857e-03
1.538701239041984081e-03
1.538206706754863262e-03
1.537694130092859268e-03
1.537223579362034798e-03
1.536769210360944271e-03
1.536330091767013073e-03
1.535904826596379280e-03
1.535720541141927242e-03
1.736682141199707985e-03
1.552068162709474564e-03
1.536434167064726353e-03
1.534450682811439037e-03
1.534132519736886024e-03
1.533750444650650024e-03
1.533411792479455471e-03
1.533089787699282169e-03
1.532776979729533195e-03
1.532472320832312107e-03
1.532194670289754868e-03
1.765359076671302319e-03
1.576152979396283627e-03
1.535996445454657078e-03
1.532061374746263027e-03
1.531238318420946598e-03
1.530914800241589546e-03
1.530653680674731731e-03
1.530404086224734783e-03
1.530158915556967258e-03
1.529917353764176369e-03
1.529678236693143845e-03
1.529451925307512283e-03
1.978816231712698936e-03
1.532230176962912083e-03
1.533510978333652020e-03
1.529458444565534592e-03
1.528645632788538933e-03
1.528386608697474003e-03
1.528166932985186577e-03
1.527948305010795593e-03
1.527731423266232014e-03
1.527514657936990261e-03
1.527302549220621586e-03
1.659520901739597321e-03
1.535956165753304958e-03
1.532597700133919716e-03
1.527250860817730427e-03
1.526532112620770931e-03
1.526282983832061291e-03
1.526054344139993191e-03
1.525840256363153458e-03
1.525624771602451801e-03
1.525534549728035927e-03
1.609094208106398582e-03
1.533736707642674446e-03
1.524997525848448277e-03
1.524801598861813545e-03
1.524580875411629677e-03
1.524303923361003399e-03
1.524066086858510971e-03
1.523838960565626621e-03
1.546899206005036831e-03
1.556344213895499706e-03
1.530693843960762024e-03
1.523981103673577309e-03
1.522849779576063156e-03
1.522601698525249958e-03
1.522351754829287529e-03
1.522096572443842888e-03
1.529103610664606094e-03
1.529058441519737244e-03
1.521721831522881985e-03
1.521326950751245022e-03
1.521204947493970394e-03
1.520812627859413624e-03
1.520563499070703983e-03
1.520306221209466457e-03
1.528462977148592472e-03
1.520817982964217663e-03
1.520024263300001621e-03
1.519569894298911095e-03
1.519454293884336948e-03
1.519041019491851330e-03
1.518766162917017937e-03
1.518609118647873402e-03
1.683328533545136452e-03
1.519175712019205093e-03
1.520155812613666058e-03
1.517737051472067833e-03
1.517498865723609924e-03
1.517182448878884315e-03
1.578100491315126419e-03
1.537049771286547184e-03
1.517826807685196400e-03
1.516405842266976833e-03
1.516042626462876797e-03
1.515884883701801300e-03
1.616965048015117645e-03
1.528638182207942009e-03
1.518385484814643860e-03
1.515011070296168327e-03
1.514577306807041168e-03
1.542521640658378601e-03
1.516861724667251110e-03
1.517611090093851089e-03
1.514393487013876438e-03
1.513405353762209415e-03
1.513721072115004063e-03
1.523746643215417862e-03
1.569792395457625389e-03
1.589887426234781742e-03
1.524736406281590462e-03
1.515418756753206253e-03
1.511838985607028008e-03
1.511469017714262009e-03
1.511150854639708996e-03
1.518712844699621201e-03
1.530579873360693455e-03
1.511812210083007812e-03
1.510923961177468300e-03
1.510215341113507748e-03
1.617804286070168018e-03
1.521271420642733574e-03
1.509449561126530170e-03
1.508998218923807144e-03
1.569994492456316948e-03
1.510001136921346188e-03
1.508963876403868198e-03
1.508108573034405708e-03
1.517923432402312756e-03
1.522934297099709511e-03
1.508024404756724834e-03
1.506875967606902122e-03
1.507099019363522530e-03
1.525622326880693436e-03
1.615752931684255600e-03
1.615763409063220024e-03
1.520555233582854271e-03
1.508088316768407822e-03
1.506238128058612347e-03
1.505798543803393841e-03
1.505556749179959297e-03
1.505334279499948025e-03
1.505114021711051464e-03
1.504894928075373173e-03
1.504674437455832958e-03
1.504451502114534378e-03
1.504224259406328201e-03
1.503992010839283466e-03
1.503754407167434692e-03
1.503510982729494572e-03
1.503261970356106758e-03
1.503008068539202213e-03
1.502750208601355553e-03
1.502490020357072353e-03
1.502229482866823673e-03
1.501969527453184128e-03
1.501710037700831890e-03
1.501450431533157825e-03
1.501190010458230972e-03
1.500927843153476715e-03
1.500663580372929573e-03
1.500396174378693104e-03
1.500125043094158173e-03
1.499850186519324780e-03
1.499571371823549271e-03
1.499288715422153473e-03
1.499003032222390175e-03
1.498714671470224857e-03
1.498424448072910309e-03
1.498132827691733837e-03
1.497839577496051788e-03
1.497544697485864162e-03
1.497247954830527306e-03
1.496949116699397564e-03
1.496647833846509457e-03
1.496343524195253849e-03
1.496035954914987087e-03
1.495724660344421864e-03
1.495409756898880005e-03
1.495090429671108723e-03
1.494767027907073498e-03
1.494439318776130676e-03
1.494107651524245739e-03
1.494257594458758831e-03
1.536829280667006969e-03
1.498553203418850899e-03
1.492932438850402832e-03
1.492581097409129143e-03
1.492233248427510262e-03
1.491878414526581764e-03
1.491534058004617691e-03
1.491188304498791695e-03
1.490839989855885506e-03
1.492787851020693779e-03
1.577804679982364178e-03
1.497406861744821072e-03
1.489630667492747307e-03
1.489466638304293156e-03
1.488905516453087330e-03
1.488498412072658539e-03
1.488114940002560616e-03
1.487742061726748943e-03
1.614492735825479031e-03
1.496858312748372555e-03
1.491358387283980846e-03
1.487321103923022747e-03
1.485998742282390594e-03
1.485468354076147079e-03
1.485080225393176079e-03
1.484689069911837578e-03
1.484300009906291962e-03
1.483910367824137211e-03
1.483604195527732372e-03
1.934706815518438816e-03
1.498321536928415298e-03
1.488312846049666405e-03
1.482335850596427917e-03
1.481850747950375080e-03
1.481495215557515621e-03
1.481143524870276451e-03
1.480789971537888050e-03
1.480438630096614361e-03
1.480087987147271633e-03
1.479739206843078136e-03
1.481932937167584896e-03
1.624683965928852558e-03
1.483871485106647015e-03
1.480507897213101387e-03
1.478241058066487312e-03
1.477912534028291702e-03
1.477601472288370132e-03
1.477282261475920677e-03
1.476970268413424492e-03
1.476659206673502922e-03
1.476349192671477795e-03
1.476040808483958244e-03
1.517965225502848625e-03
1.476627192460000515e-03
1.478926395066082478e-03
1.476177712902426720e-03
1.474851625971496105e-03
1.474505173973739147e-03
1.474228571169078350e-03
1.473954878747463226e-03
1.473683514632284641e-03
1.473413663916289806e-03
1.473144278861582279e-03
1.472875708714127541e-03
1.472607720643281937e-03
1.472345553338527679e-03
1.887567457742989063e-03
1.517900847829878330e-03
1.479528378695249557e-03
1.471811323426663876e-03
1.471336698159575462e-03
1.470988616347312927e-03
1.470739487558603287e-03
1.470493152737617493e-03
1.470249728299677372e-03
1.470006536692380905e-03
1.469765091314911842e-03
1.480392063967883587e-03
1.470339018851518631e-03
1.471161260269582272e-03
1.469115726649761200e-03
1.468792906962335110e-03
1.468476024456322193e-03
1.468246802687644958e-03
1.468014670535922050e-03
1.467895461246371269e-03
1.696937950327992439e-03
1.485322485677897930e-03
1.468133879825472832e-03
1.467260182835161686e-03
1.466777059249579906e-03
1.466564834117889404e-03
1.466336078010499477e-03
1.468689879402518272e-03
1.538716605864465237e-03
1.466247951611876488e-03
1.467134221456944942e-03
1.465599983930587769e-03
1.465130597352981567e-03
1.464951667003333569e-03
1.483283238485455513e-03
1.486565917730331421e-03
1.468588132411241531e-03
1.465221052058041096e-03
1.464063068851828575e-03
1.463785883970558643e-03
1.466193585656583309e-03
1.474255113862454891e-03
1.472487929277122021e-03
1.464590313844382763e-03
1.462810439988970757e-03
1.462629064917564392e-03
1.466088811866939068e-03
1.540919765830039978e-03
1.462089596316218376e-03
1.463534310460090637e-03
1.461941166780889034e-03
1.461478881537914276e-03
1.461441046558320522e-03
1.606934936717152596e-03
1.482820487581193447e-03
1.463940017856657505e-03
1.460985280573368073e-03
1.460527302697300911e-03
1.470779418013989925e-03
1.499450416304171085e-03
1.464766217395663261e-03
1.459686434827744961e-03
1.459586899727582932e-03
1.461678417399525642e-03
1.493959338404238224e-03
1.464827451854944229e-03
1.459471997804939747e-03
1.458723796531558037e-03
1.458486076444387436e-03
1.458353246562182903e-03
1.637283246964216232e-03
1.471929950639605522e-03
1.457752543501555920e-03
1.457645907066762447e-03
1.457368489354848862e-03
1.458989456295967102e-03
1.465043635107576847e-03
1.463811029680073261e-03
1.457767211832106113e-03
1.456747180782258511e-03
1.456570462323725224e-03
1.616038032807409763e-03
1.474685268476605415e-03
1.457841019146144390e-03
1.456068363040685654e-03
1.455508521758019924e-03
1.482716528698801994e-03
1.465968089178204536e-03
1.456019701436161995e-03
1.455013989470899105e-03
1.454905141144990921e-03
1.454972662031650543e-03
1.528015360236167908e-03
1.464592642150819302e-03
1.456176396459341049e-03
1.453910372219979763e-03
1.455299207009375095e-03
1.470743911340832710e-03
1.459635677747428417e-03
1.454513287171721458e-03
1.453302567824721336e-03
1.510218251496553421e-03
1.462237909436225891e-03
1.456411904655396938e-03
1.452966826036572456e-03
1.452222815714776516e-03
1.620926195755600929e-03
3.029639832675457001e-03
1.552871312014758587e-03
1.481139566749334335e-03
1.453078933991491795e-03
1.453146338462829590e-03
1.452485099434852600e-03
1.452311524190008640e-03
1.452150172553956509e-03
1.452013500966131687e-03
1.451892196200788021e-03
1.451781368814408779e-03
1.451676362194120884e-03
1.451574615202844143e-03
1.451475080102682114e-03
1.451376825571060181e-03
1.451279851607978344e-03
1.451183226890861988e-03
1.451087300665676594e-03
1.450991490855813026e-03
1.450895681045949459e-03
1.450799871236085892e-03
1.450703945010900497e-03
1.450607669539749622e-03
1.450511161237955093e-03
1.450414070859551430e-03
1.450316631235182285e-03
1.450218376703560352e-03
1.450119889341294765e-03
1.450020587071776390e-03
1.449920469895005226e-03
1.449820119887590408e-03
1.449718722142279148e-03
1.449616625905036926e-03
1.449513831175863743e-03
1.449410221539437771e-03
1.449305913411080837e-03
1.449200557544827461e-03
1.449094503186643124e-03
1.448987750336527824e-03
1.448879833333194256e-03
1.448771101422607899e-03
1.448661554604768753e-03
1.448550960049033165e-03
1.448439550586044788e-03
1.448327093385159969e-03
1.448213704861700535e-03
1.448099268600344658e-03
1.447983901016414165e-03
1.447867602109909058e-03
1.447750139050185680e-03
1.447631628252565861e-03
1.447512069717049599e-03
1.447391463443636894e-03
1.447269809432327747e-03
1.447146991267800331e-03
1.447023125365376472e-03
1.446898211725056171e-03
1.446772017516195774e-03
1.446644891984760761e-03
1.446516136638820171e-03
1.446386799216270447e-03
1.446255831979215145e-03
1.446123817004263401e-03
1.445990754291415215e-03
1.445856178179383278e-03
1.445720670744776726e-03
1.445583766326308250e-03
1.445445581339299679e-03
1.445306115783751011e-03
1.445165602490305901e-03
1.445023692212998867e-03
1.444880501367151737e-03
1.444736029952764511e-03
1.444590394385159016e-03
1.444443361833691597e-03
1.444294932298362255e-03
1.444145222194492817e-03
1.443994464352726936e-03
1.444258843548595905e-03
1.505695749074220657e-03
1.457298058085143566e-03
1.446609268896281719e-03
1.443886547349393368e-03
1.443373854272067547e-03
1.443207031115889549e-03
1.443044864572584629e-03
1.442888053134083748e-03
1.442731008864939213e-03
1.442573848180472851e-03
1.442416105419397354e-03
1.442257896997034550e-03
1.442098524421453476e-03
1.442000502720475197e-03
1.968667376786470413e-03
1.444223569706082344e-03
1.441808417439460754e-03
1.441837986931204796e-03
1.441528904251754284e-03
1.441275351680815220e-03
1.441106549464166164e-03
1.440946012735366821e-03
1.440785941667854786e-03
1.440625754185020924e-03
1.440465450286865234e-03
1.440304331481456757e-03
1.440144027583301067e-03
1.463422784581780434e-03
1.553196343593299389e-03
1.449984498322010040e-03
1.440942403860390186e-03
1.439892570488154888e-03
1.439471845515072346e-03
1.439308980479836464e-03
1.439145184122025967e-03
1.438984880223870277e-03
1.438825158402323723e-03
1.438664970919489861e-03
1.438504084944725037e-03
1.438342616893351078e-03
1.438190462067723274e-03
1.559040625579655170e-03
1.448141061700880527e-03
1.438027364201843739e-03
1.438586623407900333e-03
1.437725150026381016e-03
1.437494764104485512e-03
1.437311759218573570e-03
1.437147264368832111e-03
1.436985447071492672e-03
1.436823280528187752e-03
1.436660415492951870e-03
1.436496735550463200e-03
1.436363556422293186e-03
1.954181352630257607e-03
1.441587228327989578e-03
1.436857506632804871e-03
1.436467631720006466e-03
1.435900107026100159e-03
1.435631187632679939e-03
1.435459358617663383e-03
1.435296027921140194e-03
1.435132580809295177e-03
1.434968668036162853e-03
1.434803940355777740e-03
1.434638048522174358e-03
1.434489618986845016e-03
1.695954473689198494e-03
1.497333869338035583e-03
1.437593484297394753e-03
1.434228499419987202e-03
1.433994271792471409e-03
1.433747005648910999e-03
1.433561672456562519e-03
1.433392520993947983e-03
1.433224300853908062e-03
1.433055382221937180e-03
1.432885532267391682e-03
1.432714401744306087e-03
1.434743986465036869e-03
1.452765776775777340e-03
1.432673307135701180e-03
1.433077966794371605e-03
1.432197866961359978e-03
1.431999378837645054e-03
1.431816257536411285e-03
1.431643846444785595e-03
1.431473530828952789e-03
1.431303797289729118e-03
1.431133248843252659e-03
1.430961769074201584e-03
1.430789125151932240e-03
1.430615200661122799e-03
1.430474920198321342e-03
1.438153558410704136e-03
1.455597230233252048e-03
1.432831166312098503e-03
1.430665259249508381e-03
1.430035219527781010e-03
1.429771422408521175e-03
1.429596450179815292e-03
1.429429044947028160e-03
1.429263269528746605e-03
1.429097261279821396e-03
1.428930438123643398e-03
1.428762450814247131e-03
1.428593066520988941e-03
1.428421703167259693e-03
1.428253366611897945e-03
1.540757948532700539e-03
1.429294934496283531e-03
1.433145371265709400e-03
1.428446732461452484e-03
1.427784096449613571e-03
1.427476643584668636e-03
1.427281764335930347e-03
1.427107956260442734e-03
1.426933449693024158e-03
1.426758593879640102e-03
1.426583738066256046e-03
1.440350664779543877e-03
1.530694542452692986e-03
1.429602620191872120e-03
1.426538452506065369e-03
1.426124479621648788e-03
1.425806432962417603e-03
1.425600727088749409e-03
1.425422611646354198e-03
1.425247406587004662e-03
1.425071735866367817e-03
1.424895017407834530e-03
1.424855086952447891e-03
1.481452491134405136e-03
1.441019354388117790e-03
1.425983151420950890e-03
1.424333197064697742e-03
1.424074522219598293e-03
1.423872541636228561e-03
1.423693029209971428e-03
1.423513516783714294e-03
1.423333771526813507e-03
1.423153211362659931e-03
1.429548370651900768e-03
1.429683878086507320e-03
1.435799174942076206e-03
1.423022476956248283e-03
1.422711531631648540e-03
1.422317465767264366e-03
1.422106754034757614e-03
1.421924564056098461e-03
1.421741675585508347e-03
1.421557390131056309e-03
1.421415829099714756e-03
1.764704124070703983e-03
1.448636758141219616e-03
1.421139924786984921e-03
1.421082066372036934e-03
1.420653657987713814e-03
1.420476357452571392e-03
1.420277985744178295e-03
1.420088112354278564e-03
1.419898704625666142e-03
1.419794978573918343e-03
1.427724608220160007e-03
1.494317781180143356e-03
1.456622849218547344e-03
1.420408952981233597e-03
1.419675070792436600e-03
1.418949454091489315e-03
1.418759464286267757e-03
1.418580650351941586e-03
1.418400323018431664e-03
1.418219879269599915e-03
1.418038387782871723e-03
1.417855382896959782e-03
1.417670864611864090e-03
1.417484716512262821e-03
1.417296822182834148e-03
1.438734354451298714e-03
1.482757041230797768e-03
1.418819534592330456e-03
1.417926512658596039e-03
1.416643499396741390e-03
1.416376326233148575e-03
1.416159444488584995e-03
1.415964798070490360e-03
1.415768754668533802e-03
1.415599952451884747e-03
1.687487354502081871e-03
1.424765214323997498e-03
1.415649545378983021e-03
1.415201346389949322e-03
1.414741505868732929e-03
1.414551748894155025e-03
1.414347672834992409e-03
1.423595240339636803e-03
1.457506790757179260e-03
1.416801940649747849e-03
1.414802973158657551e-03
1.413587364368140697e-03
1.413299818523228168e-03
1.417463412508368492e-03
1.452926779165863991e-03
1.421550754457712173e-03
1.413852325640618801e-03
1.412321813404560089e-03
1.412694458849728107e-03
1.557462848722934723e-03
1.429606345482170582e-03
1.414155587553977966e-03
1.411447883583605289e-03
1.412072568200528622e-03
1.540250028483569622e-03
1.425742870196700096e-03
1.411792472936213017e-03
1.411036239005625248e-03
1.412253943271934986e-03
1.427825889550149441e-03
1.409965334460139275e-03
1.409825519658625126e-03
1.409676740877330303e-03
1.412039739079773426e-03
1.415008911862969398e-03
1.413420774042606354e-03
1.409852644428610802e-03
1.408540992997586727e-03
1.463333261199295521e-03
1.408264972269535065e-03
1.412380021065473557e-03
1.408435055054724216e-03
1.407763455063104630e-03
1.410912140272557735e-03
1.429576426744461060e-03
1.409666845574975014e-03
1.406907802447676659e-03
1.406940631568431854e-03
1.467492664232850075e-03
1.411421340890228748e-03
1.408642739988863468e-03
1.405812916345894337e-03
1.414863974787294865e-03
1.417586812749505043e-03
1.407246803864836693e-03
1.405218965373933315e-03
1.409703399986028671e-03
1.456655329093337059e-03
1.418213476426899433e-03
1.406916067935526371e-03
1.404548762366175652e-03
1.403932576067745686e-03
1.554799964651465416e-03
1.428185147233307362e-03
1.406374154612421989e-03
1.403480535373091698e-03
1.406857161782681942e-03
1.402943045832216740e-03
1.403992413543164730e-03
1.412955229170620441e-03
1.414390862919390202e-03
1.409257994964718819e-03
1.406330149620771408e-03
1.417194958776235580e-03
1.405773102305829525e-03
1.403088332153856754e-03
1.401159213855862617e-03
1.601335825398564339e-03
1.401033718138933182e-03
1.421962282620370388e-03
5.547029897570610046e-03
1.562857185490429401e-03
1.407705596648156643e-03
1.403759932145476341e-03
1.402207650244235992e-03
1.401652116328477859e-03
1.401351299136877060e-03
1.401117071509361267e-03
1.400917186401784420e-03
1.400740235112607479e-03
1.400577835738658905e-03
1.400425797328352928e-03
1.400280394591391087e-03
1.400140579789876938e-03
1.400004490278661251e-03
1.399871543981134892e-03
1.399741275236010551e-03
1.399612985551357269e-03
1.399485976435244083e-03
1.399360480718314648e-03
1.399235683493316174e-03
1.399111701175570488e-03
1.398988068103790283e-03
1.398865017108619213e-03
1.398741966113448143e-03
1.398619031533598900e-03
1.398495864123106003e-03
1.398372580297291279e-03
1.398249180056154728e-03
1.398125430569052696e-03
1.398001099005341530e-03
1.397876534610986710e-03
1.397751155309379101e-03
1.397625426761806011e-03
1.397498999722301960e-03
1.397371874190866947e-03
1.397244050167500973e-03
1.397115527652204037e-03
1.396986190229654312e-03
1.396855921484529972e-03
