1.540690567344427109e-02
2.164463745430111885e-03
2.254522405564785004e-03
2.030414529144763947e-03
1.996954204514622688e-03
1.986874034628272057e-03
1.981392968446016312e-03
1.976469764485955238e-03
1.972254598513245583e-03
1.968653406947851181e-03
1.965594012290239334e-03
1.963007729500532150e-03
1.960825407877564430e-03
1.958983251824975014e-03
1.957421889528632164e-03
1.956091728061437607e-03
1.954949228093028069e-03
1.953958999365568161e-03
1.953091938048601151e-03
1.952324644662439823e-03
1.951638027094304562e-03
1.951018115505576134e-03
1.950452802702784538e-03
1.949934172444045544e-03
1.949455006979405880e-03
1.949010184034705162e-03
1.948595745489001274e-03
1.948208431713283062e-03
1.947845797985792160e-03
1.947506330907344818e-03
1.947187702171504498e-03
1.946889096871018410e-03
1.946609118022024632e-03
1.946346601471304893e-03
1.946100615896284580e-03
1.945870579220354557e-03
1.945655210874974728e-03
1.945453812368214130e-03
1.945265685208141804e-03
1.945090247318148613e-03
1.944926800206303596e-03
1.944774179719388485e-03
1.944632502272725105e-03
1.944500254467129707e-03
1.944377901963889599e-03
1.944263931363821030e-03
1.944158109836280346e-03
1.944060088135302067e-03
1.943969051353633404e-03
1.943884999491274357e-03
1.943807001225650311e-03
1.943735056556761265e-03
1.943668350577354431e-03
1.943606766872107983e-03
1.943549839779734612e-03
1.943497220054268837e-03
1.943448558449745178e-03
1.943403738550841808e-03
1.943362178280949593e-03
1.943324226886034012e-03
1.943288720212876797e-03
1.943256356753408909e-03
1.943226205185055733e-03
1.943198381923139095e-03
1.943172654137015343e-03
1.943148788996040821e-03
1.943126670084893703e-03
1.943106180988252163e-03
1.943087205290794373e-03
1.943069393746554852e-03
1.943052979186177254e-03
1.943037612363696098e-03
1.943023060448467731e-03
1.943009672686457634e-03
1.942996983416378498e-03
1.942985109053552151e-03
1.942973700352013111e-03
1.942962990142405033e-03
1.942952862009406090e-03
1.942942966707050800e-03
1.942933653481304646e-03
1.942924805916845798e-03
1.942916424013674259e-03
1.942908042110502720e-03
1.942900242283940315e-03
1.942892442457377911e-03
1.942884759046137333e-03
1.942877541296184063e-03
1.942870323546230793e-03
1.942863455042243004e-03
1.942856586538255215e-03
1.942849718034267426e-03
1.942842849530279636e-03
1.942836330272257328e-03
1.942829811014235020e-03
1.942823408171534538e-03
1.942816888913512230e-03
1.942810369655489922e-03
1.942804316058754921e-03
1.942797796800732613e-03
1.942791510373353958e-03
1.942785223945975304e-03
1.942779053933918476e-03
1.942773000337183475e-03
1.942766946740448475e-03
1.942760776728391647e-03
1.942754490301012993e-03
1.942748436704277992e-03
1.942742499522864819e-03
1.942736329510807991e-03
1.942730275914072990e-03
1.942724222317337990e-03
1.942718052305281162e-03
1.942712115123867989e-03
1.942706294357776642e-03
1.942700124345719814e-03
1.942694187164306641e-03
1.942688133567571640e-03
1.942682196386158466e-03
1.942676142789423466e-03
1.942670438438653946e-03
1.942664268426597118e-03
1.942658564075827599e-03
1.942652510479092598e-03
1.942646689713001251e-03
1.942640985362231731e-03
1.942635048180818558e-03
1.942629227414727211e-03
1.942623523063957691e-03
1.942617702297866344e-03
1.942611881531774998e-03
1.942605944350361824e-03
1.942600356414914131e-03
1.942594535648822784e-03
1.942588714882731438e-03
1.942583359777927399e-03
1.942577655427157879e-03
1.942571951076388359e-03
1.942566479556262493e-03
1.942560891620814800e-03
1.942555420100688934e-03
1.942549832165241241e-03
1.942544477060437202e-03
1.942538772709667683e-03
1.942533417604863644e-03
1.942527946084737778e-03
1.942522358149290085e-03
1.942517235875129700e-03
1.942511647939682007e-03
1.942506525665521622e-03
1.942501170560717583e-03
1.942495815455913544e-03
1.942490693181753159e-03
1.942485338076949120e-03
1.942480215802788734e-03
1.942475093528628349e-03
1.942470087669789791e-03
1.942464732564985752e-03
1.942459843121469021e-03
1.942454720847308636e-03
1.942449714988470078e-03
1.942444592714309692e-03
1.942439586855471134e-03
1.942434697411954403e-03
1.942429691553115845e-03
1.942425151355564594e-03
1.942420145496726036e-03
1.942415139637887478e-03
1.942410599440336227e-03
1.942405593581497669e-03
1.942401053383946419e-03
1.942396280355751514e-03
1.942391507327556610e-03
1.942386967130005360e-03
1.942382426932454109e-03
1.942377770319581032e-03
1.942373230122029781e-03
1.942368689924478531e-03
1.942364266142249107e-03
1.942359725944697857e-03
1.942355069331824780e-03
1.942350761964917183e-03
1.942346338182687759e-03
1.942341914400458336e-03
1.942337607033550739e-03
1.942333183251321316e-03
1.942328992299735546e-03
1.942324801348149776e-03
1.942320610396564007e-03
1.942316419444978237e-03
1.942312228493392467e-03
1.942308037541806698e-03
1.942303846590220928e-03
1.942299655638635159e-03
1.942295581102371216e-03
1.942291622981429100e-03
1.942287432029843330e-03
1.942283357493579388e-03
1.942279399372637272e-03
1.942275557667016983e-03
1.942271715961396694e-03
1.942267757840454578e-03
1.942263799719512463e-03
1.942259725183248520e-03
1.942256116308271885e-03
1.942252158187329769e-03
1.942248432897031307e-03
1.942244474776089191e-03
1.942240633070468903e-03
1.942236907780170441e-03
1.942233182489871979e-03
1.942229457199573517e-03
1.942225731909275055e-03
1.942222123034298420e-03
1.942218397743999958e-03
1.942214556038379669e-03
1.942210947163403034e-03
1.942207338288426399e-03
1.942203612998127937e-03
1.942200004123151302e-03
1.942196628078818321e-03
1.942192786373198032e-03
1.942189410328865051e-03
1.942185917869210243e-03
1.942182076163589954e-03
1.942178700119256973e-03
1.942175207659602165e-03
1.942171598784625530e-03
1.942168222740292549e-03
1.942164613865315914e-03
1.942161121405661106e-03
1.942157745361328125e-03
1.942154252901673317e-03
1.942150876857340336e-03
1.942147384397685528e-03
1.942144124768674374e-03
1.942140515893697739e-03
1.942137139849364758e-03
1.942133647389709949e-03
1.942130271345376968e-03
1.942126778885722160e-03
1.942123402841389179e-03
1.942120143212378025e-03
1.942116534337401390e-03
1.942113274708390236e-03
1.942109782248735428e-03
1.942106522619724274e-03
1.942103146575391293e-03
1.942099770531058311e-03
1.942096278071403503e-03
1.942093018442392349e-03
1.942089758813381195e-03
1.942086382769048214e-03
1.942082890309393406e-03
1.942079630680382252e-03
1.942076487466692924e-03
1.942072995007038116e-03
1.942069618962705135e-03
1.942066126503050327e-03
1.942062750458717346e-03
1.942059607245028019e-03
1.942056231200695038e-03
1.942052738741040230e-03
1.942049362696707249e-03
1.942045870237052441e-03
1.942042843438684940e-03
1.942039467394351959e-03
1.942035974934697151e-03
1.942032598890364170e-03
1.942029106430709362e-03
1.942025730386376381e-03
1.942022703588008881e-03
1.942019211128354073e-03
1.942015602253377438e-03
1.942012342624366283e-03
1.942008966580033302e-03
1.942005474120378494e-03
1.942002098076045513e-03
1.941998954862356186e-03
1.941995229572057724e-03
1.941991969943046570e-03
1.941988361068069935e-03
1.941985217854380608e-03
1.941981841810047626e-03
1.941978000104427338e-03
1.941974740475416183e-03
1.941971131600439548e-03
1.941967755556106567e-03
1.941964263096451759e-03
1.941960887052118778e-03
1.941957627423107624e-03
1.941954018548130989e-03
1.941950526088476181e-03
1.941946917213499546e-03
1.941943541169166565e-03
1.941940048709511757e-03
1.941936439834535122e-03
1.941933063790202141e-03
1.942045520991086960e-03
1.942050177603960037e-03
1.946864067576825619e-03
1.942601171322166920e-03
1.941972062923014164e-03
1.941952505148947239e-03
1.941932830959558487e-03
1.941927243024110794e-03
1.941923517733812332e-03
1.941920258104801178e-03
1.941916649229824543e-03
1.941913389600813389e-03
1.941910129971802235e-03
1.941906637512147427e-03
1.941903261467814445e-03
1.941899769008159637e-03
1.941896392963826656e-03
1.941892900504171848e-03
1.941889524459838867e-03
1.941886032000184059e-03
1.941882655955851078e-03
1.941879279911518097e-03
1.941875787451863289e-03
1.941872411407530308e-03
1.941955182701349258e-03
1.957498025149106979e-03
1.946515752933919430e-03
1.942628645338118076e-03
1.941874856129288673e-03
1.941866241395473480e-03
1.941862632520496845e-03
1.941859023645520210e-03
1.941855414770543575e-03
1.941851805895566940e-03
1.941848313435912132e-03
1.941844937391579151e-03
1.941841095685958862e-03
1.941837603226304054e-03
1.941834227181971073e-03
1.941830618306994438e-03
1.941827009432017803e-03
1.941996859386563301e-03
1.991356955841183662e-03
1.948442426510155201e-03
1.942050643265247345e-03
1.941826194524765015e-03
1.941820839419960976e-03
1.941816881299018860e-03
1.941813272424042225e-03
1.941809430718421936e-03
1.941805821843445301e-03
1.941802212968468666e-03
1.941798487678170204e-03
1.941794878803193569e-03
1.941791153512895107e-03
1.941787661053240299e-03
1.941783819347620010e-03
1.941780443303287029e-03
1.941849128343164921e-03
1.995186088606715202e-03
1.944351475685834885e-03
1.942669623531401157e-03
1.941879396326839924e-03
1.941779279150068760e-03
1.941774273291230202e-03
1.941769500263035297e-03
1.941765309311449528e-03
1.941761700436472893e-03
1.941757858730852604e-03
1.941754133440554142e-03
1.941750291734933853e-03
1.941746682859957218e-03
1.941742608323693275e-03
1.941738999448716640e-03
1.941735274158418179e-03
1.941731432452797890e-03
1.941727823577821255e-03
1.941728522069752216e-03
2.026851987466216087e-03
1.944161951541900635e-03
1.942480448633432388e-03
1.941927475854754448e-03
1.941739581525325775e-03
1.941720955073833466e-03
1.941714202985167503e-03
1.941710012033581734e-03
1.941706053912639618e-03
1.941702212207019329e-03
1.941698370501399040e-03
1.941694412380456924e-03
1.941690570674836636e-03
1.941686728969216347e-03
1.941683003678917885e-03
1.941678929142653942e-03
1.941675087437033653e-03
1.946047879755496979e-03
1.942683360539376736e-03
1.942501054145395756e-03
1.941812224686145782e-03
1.941720722243189812e-03
1.941680093295872211e-03
1.941669965162873268e-03
1.941665774211287498e-03
1.941661816090345383e-03
1.941657625138759613e-03
1.941653783433139324e-03
1.941649592481553555e-03
1.941645750775933266e-03
1.941641559824347496e-03
1.941637718118727207e-03
1.941633992828428745e-03
1.941629685461521149e-03
1.941625960171222687e-03
1.941621885634958744e-03
1.941617927514016628e-03
1.941614085808396339e-03
1.941610244102776051e-03
1.941609545610845089e-03
2.000167500227689743e-03
1.941922935657203197e-03
1.943497220054268837e-03
1.941685099154710770e-03
1.941626309417188168e-03
1.941619790159165859e-03
1.941613736562430859e-03
1.941609196364879608e-03
1.941605121828615665e-03
1.941600930877029896e-03
1.941596972756087780e-03
1.941592781804502010e-03
1.941588940098881721e-03
1.941584865562617779e-03
1.941580907441675663e-03
1.941577065736055374e-03
1.941572874784469604e-03
1.941569033078849316e-03
1.941565307788550854e-03
1.941561233252286911e-03
1.941557507961988449e-03
1.941553433425724506e-03
1.941549591720104218e-03
1.941545866429805756e-03
1.941542141139507294e-03
1.941538183018565178e-03
1.941534341312944889e-03
1.941530616022646427e-03
1.941526890732347965e-03
1.941522932611405849e-03
1.941519090905785561e-03
1.941515482030808926e-03
1.941511640325188637e-03
1.982341753318905830e-03
1.944238203577697277e-03
1.945390831679105759e-03
1.941561466082930565e-03
1.941584167070686817e-03
1.941527472808957100e-03
1.941523747518658638e-03
1.941518974490463734e-03
1.941514783538877964e-03
1.941510709002614021e-03
1.941506867296993732e-03
1.941502909176051617e-03
1.941499300301074982e-03
1.941495458595454693e-03
1.941491616889834404e-03
1.941487891599535942e-03
1.941484399139881134e-03
1.941480557434260845e-03
1.941477181389927864e-03
1.941473339684307575e-03
1.941469963639974594e-03
1.941466238349676132e-03
1.941462629474699497e-03
1.941459253430366516e-03
1.941455644555389881e-03
1.941452384926378727e-03
1.941448776051402092e-03
1.941445167176425457e-03
1.941441674716770649e-03
1.941438298672437668e-03
1.941435039043426514e-03
1.941431546583771706e-03
1.941429800353944302e-03
1.975337276235222816e-03
1.951789367012679577e-03
1.941496855579316616e-03
1.941606518812477589e-03
1.941440394148230553e-03
1.941427937708795071e-03
1.941423979587852955e-03
1.941420370712876320e-03
1.941416878253221512e-03
1.941413502208888531e-03
1.941410358995199203e-03
1.941406982950866222e-03
1.941403956152498722e-03
1.941400696523487568e-03
1.941397436894476414e-03
1.941394410096108913e-03
1.941391266882419586e-03
1.941388240084052086e-03
1.942098140716552734e-03
1.963214483112096786e-03
1.942329225130379200e-03
1.941615249961614609e-03
1.941439346410334110e-03
1.941398601047694683e-03
1.941389753483235836e-03
1.941386377438902855e-03
1.941383117809891701e-03
1.941379858180880547e-03
1.941377064213156700e-03
1.941374153830111027e-03
1.941371476277709007e-03
1.941368682309985161e-03
1.941365771926939487e-03
1.941363327205181122e-03
1.941360766068100929e-03
1.941358088515698910e-03
1.941355410963296890e-03
1.941352966241538525e-03
1.941350521519780159e-03
1.941348076798021793e-03
1.941345515660941601e-03
1.941343303769826889e-03
1.941340975463390350e-03
1.942324801348149776e-03
1.962137641385197639e-03
1.941458787769079208e-03
1.941422931849956512e-03
1.941387541592121124e-03
1.941343070939183235e-03
1.941340742632746696e-03
1.941337948665022850e-03
1.941335271112620831e-03
1.941333175636827946e-03
1.941331080161035061e-03
1.941328984685242176e-03
1.941326889209449291e-03
1.941324910148978233e-03
1.941323047503829002e-03
1.941320952028036118e-03
1.941319205798208714e-03
1.941317343153059483e-03
1.941315364092588425e-03
1.941313501447439194e-03
1.941311988048255444e-03
1.941335620358586311e-03
1.942057046107947826e-03
1.941537484526634216e-03
1.942169154062867165e-03
1.941353897564113140e-03
1.941320020705461502e-03
1.941316993907094002e-03
1.941314316354691982e-03
1.941312337294220924e-03
1.941310591064393520e-03
1.941308961249887943e-03
1.941307447850704193e-03
1.941305818036198616e-03
1.941304304637014866e-03
1.941302791237831116e-03
1.941301277838647366e-03
1.941300113685429096e-03
1.941298600286245346e-03
1.941297436133027077e-03
1.941295922733843327e-03
1.941294758580625057e-03
1.941293710842728615e-03
1.941292313858866692e-03
1.941291149705648422e-03
1.941289985552430153e-03
1.941289054229855537e-03
1.941287890076637268e-03
1.941286609508097172e-03
1.941285678185522556e-03
1.941284746862947941e-03
1.941283699125051498e-03
1.941494760103523731e-03
1.941375085152685642e-03
1.943835755810141563e-03
1.941621885634958744e-03
1.941296155564486980e-03
1.941293478012084961e-03
1.941287540830671787e-03
1.941286376677453518e-03
1.941285328939557076e-03
1.941284164786338806e-03
1.941283000633120537e-03
1.941282069310545921e-03
1.941281021572649479e-03
1.941280090250074863e-03
1.941279158927500248e-03
1.941277994774281979e-03
1.941277296282351017e-03
1.941276481375098228e-03
1.941275550052523613e-03
1.941274735145270824e-03
1.941274618729948997e-03
2.023310400545597076e-03
1.945779775269329548e-03
1.941333292052149773e-03
1.941395108588039875e-03
1.941295573487877846e-03
1.941278809681534767e-03
1.941276132129132748e-03
1.941274735145270824e-03
1.941274036653339863e-03
1.941273105330765247e-03
1.941272290423512459e-03
1.941271591931581497e-03
1.941270777024328709e-03
1.941269962117075920e-03
1.941269263625144958e-03
1.941268681548535824e-03
1.941268099471926689e-03
1.941267400979995728e-03
1.941266586072742939e-03
1.941265771165490150e-03
1.941265305504202843e-03
1.941264723427593708e-03
1.942446804605424404e-03
1.950747449882328510e-03
1.942741102539002895e-03
1.941410009749233723e-03
1.941283349879086018e-03
1.941270427778363228e-03
1.941266586072742939e-03
1.941265771165490150e-03
1.941265072673559189e-03
1.941264490596950054e-03
1.941263675689697266e-03
1.941263093613088131e-03
1.941262395121157169e-03
1.941261813044548035e-03
1.941261230967938900e-03
1.941260881721973419e-03
1.944159623235464096e-03
1.949049765244126320e-03
1.941479044035077095e-03
1.941271941177546978e-03
1.941265421919524670e-03
1.941262744367122650e-03
1.941262045875191689e-03
1.941260998137295246e-03
1.941260532476007938e-03
1.941259950399398804e-03
1.941258902661502361e-03
1.941258437000215054e-03
1.941257854923605919e-03
1.941257272846996784e-03
1.941256690770387650e-03
1.941256108693778515e-03
1.945386873558163643e-03
1.941665774211287498e-03
1.942104427143931389e-03
1.941354363225400448e-03
1.941261230967938900e-03
1.941259368322789669e-03
1.941258786246180534e-03
1.941257854923605919e-03
1.941257040016353130e-03
1.941256341524422169e-03
1.941255875863134861e-03
1.941254944540560246e-03
1.941254595294594765e-03
1.941254013217985630e-03
1.941253198310732841e-03
1.941252616234123707e-03
1.941264257766306400e-03
1.962088746950030327e-03
1.944538787938654423e-03
1.941645401529967785e-03
1.941307447850704193e-03
1.941260881721973419e-03
1.941254944540560246e-03
1.941254362463951111e-03
1.941253663972020149e-03
1.941252849064767361e-03
1.941252034157514572e-03
1.941251568496227264e-03
1.941250753588974476e-03
1.941250171512365341e-03
1.941249473020434380e-03
1.941249007359147072e-03
1.957286149263381958e-03
1.947530312463641167e-03
1.941681257449090481e-03
1.941295922733843327e-03
1.941259717568755150e-03
1.941255526617169380e-03
1.941252849064767361e-03
1.941252034157514572e-03
1.941251102834939957e-03
1.941250520758330822e-03
1.941249822266399860e-03
1.941249007359147072e-03
1.941248308867216110e-03
1.941247726790606976e-03
1.941247144713997841e-03
1.941246329806745052e-03
1.941245631314814091e-03
1.941245165653526783e-03
1.966200303286314011e-03
1.942432718351483345e-03
1.942066941410303116e-03
1.941254013217985630e-03
1.941263559274375439e-03
1.941251917742192745e-03
1.941249589435756207e-03
1.941248425282537937e-03
1.941247726790606976e-03
1.941246795468032360e-03
1.941245980560779572e-03
1.941245165653526783e-03
1.941244699992239475e-03
1.941243885084986687e-03
1.941242953762412071e-03
1.941242604516446590e-03
1.941241789609193802e-03
1.941242953762412071e-03
1.988937379792332649e-03
1.945245545357465744e-03
1.941418973729014397e-03
1.941299531608819962e-03
1.941247493959963322e-03
1.941246562637388706e-03
1.941245398484170437e-03
1.941244467161595821e-03
1.941243652254343033e-03
1.941242953762412071e-03
1.941242138855159283e-03
1.941241207532584667e-03
1.941240625455975533e-03
1.941239694133400917e-03
1.941238762810826302e-03
1.941237947903573513e-03
1.941237249411642551e-03
1.941332011483609676e-03
1.944048097357153893e-03
1.943247974850237370e-03
1.941274269483983517e-03
1.941271708346903324e-03
1.941243885084986687e-03
1.941242720931768417e-03
1.941241556778550148e-03
1.941240625455975533e-03
1.941239694133400917e-03
1.941238762810826302e-03
1.941237947903573513e-03
1.941237016580998898e-03
1.941236085258424282e-03
1.941235270351171494e-03
1.941234571859240532e-03
1.941233756951987743e-03
1.941232825629413128e-03
1.942550763487815857e-03
1.950213219970464706e-03
1.942098140716552734e-03
1.941295573487877846e-03
1.941248308867216110e-03
1.941239461302757263e-03
1.941236201673746109e-03
1.941235270351171494e-03
1.941234106197953224e-03
1.941233407706022263e-03
1.941232476383447647e-03
1.941231545060873032e-03
1.941230497322976589e-03
1.941229566000401974e-03
1.941228867508471012e-03
1.941236667335033417e-03
1.943742739968001842e-03
1.944196876138448715e-03
1.941313152201473713e-03
1.941269263625144958e-03
1.941235852427780628e-03
1.941234571859240532e-03
1.941233058460056782e-03
1.941231894306838512e-03
1.941230962984263897e-03
1.941229915246367455e-03
1.941228867508471012e-03
1.941228052601218224e-03
1.941226888447999954e-03
1.941226189956068993e-03
1.941225025802850723e-03
1.941224210895597935e-03
1.941223279573023319e-03
1.941222930327057838e-03
1.993624959141016006e-03
1.946369651705026627e-03
1.941740745678544044e-03
1.941241440363228321e-03
1.941237947903573513e-03
1.941229216754436493e-03
1.941228052601218224e-03
1.941226888447999954e-03
1.941225724294781685e-03
1.941224676556885242e-03
1.941223628818988800e-03
1.941222697496414185e-03
1.941221533343195915e-03
1.941220602020621300e-03
1.941219670698046684e-03
1.941218506544828415e-03
1.941217808052897453e-03
1.941216643899679184e-03
1.941321184858679771e-03
1.944200135767459869e-03
1.941745751537382603e-03
1.941404887475073338e-03
1.941225025802850723e-03
1.941222697496414185e-03
1.941221184097230434e-03
1.941219903528690338e-03
1.941218739375472069e-03
1.941217575222253799e-03
1.941216643899679184e-03
1.941215479746460915e-03
1.941214315593242645e-03
1.941213500685989857e-03
1.941212220117449760e-03
1.941211288794875145e-03
1.941210124641656876e-03
1.941209775395691395e-03
1.983737805858254433e-03
1.942998846061527729e-03
1.941606518812477589e-03
1.941275782883167267e-03
1.941222697496414185e-03
1.941217808052897453e-03
1.941216411069035530e-03
1.941215130500495434e-03
1.941213966347277164e-03
1.941212802194058895e-03
1.941211638040840626e-03
1.941210706718266010e-03
1.941209542565047741e-03
1.941208611242473125e-03
1.941207447089254856e-03
1.941206282936036587e-03
1.941205351613461971e-03
1.941204187460243702e-03
1.941203256137669086e-03
1.941202091984450817e-03
1.941209775395691395e-03
1.955730607733130455e-03
1.941801747307181358e-03
1.941392896696925163e-03
1.941256690770387650e-03
1.941210939548909664e-03
1.941208611242473125e-03
1.941206748597323895e-03
1.941205584444105625e-03
1.941204187460243702e-03
1.941203023307025433e-03
1.941202091984450817e-03
1.941200811415910721e-03
1.941199647262692451e-03
1.941198483109474182e-03
1.941197318956255913e-03
1.941196038387715816e-03
1.941194874234497547e-03
1.941193710081279278e-03
1.941193011589348316e-03
1.983569236472249031e-03
1.945451484061777592e-03
1.941286842338740826e-03
1.941229915246367455e-03
1.941207447089254856e-03
1.941200345754623413e-03
1.941198133863508701e-03
1.941196620464324951e-03
1.941195572726428509e-03
1.941194059327244759e-03
1.941193011589348316e-03
1.941191847436130047e-03
1.941190450452268124e-03
1.941189286299049854e-03
1.941188005730509758e-03
1.941186841577291489e-03
1.941185677424073219e-03
1.941188005730509758e-03
1.968986121937632561e-03
1.943304785527288914e-03
1.941542373970150948e-03
1.941236085258424282e-03
1.941193128004670143e-03
1.941188238561153412e-03
1.941186608746647835e-03
1.941185095347464085e-03
1.941183814778923988e-03
1.941182301379740238e-03
1.941181137226521969e-03
1.941179623827338219e-03
1.941178459674119949e-03
1.941176946274936199e-03
1.941245049238204956e-03
1.953391125425696373e-03
1.942300586961209774e-03
1.941203605383634567e-03
1.941182999871671200e-03
1.941181952133774757e-03
1.941180205903947353e-03
1.941178110428154469e-03
1.941176713444292545e-03
1.941175200045108795e-03
1.941173919476568699e-03
1.941172406077384949e-03
1.941170776262879372e-03
1.941169262863695621e-03
1.941168215125799179e-03
1.941188005730509758e-03
1.945554162375628948e-03
1.941471011377871037e-03
1.941324560903012753e-03
1.941194641403853893e-03
1.941172406077384949e-03
1.941170310601592064e-03
1.941168331541121006e-03
1.941166585311293602e-03
1.941165071912109852e-03
1.941163558512926102e-03
1.941162045113742352e-03
1.941160298883914948e-03
1.941158785484731197e-03
1.941157155670225620e-03
1.941516296938061714e-03
1.943614566698670387e-03
1.941501162946224213e-03
1.941237249411642551e-03
1.941169844940304756e-03
1.941161113791167736e-03
1.941159367561340332e-03
1.941157504916191101e-03
1.941155525855720043e-03
1.941154012456536293e-03
1.941152382642030716e-03
1.941150636412203312e-03
1.941148890182375908e-03
1.941147376783192158e-03
1.941146096214652061e-03
1.958146924152970314e-03
1.944454852491617203e-03
1.941246329806745052e-03
1.941153313964605331e-03
1.941150636412203312e-03
1.941149123013019562e-03
1.941146445460617542e-03
1.941144466400146484e-03
1.941142603754997253e-03
1.941140741109848022e-03
1.941138762049376965e-03
1.941137132234871387e-03
1.941134920343756676e-03
1.941133290529251099e-03
1.941131311468780041e-03
1.941129215992987156e-03
1.941127353347837925e-03
1.941125490702688694e-03
1.975068356841802597e-03
1.948410412296652794e-03
1.941513968631625175e-03
1.941248425282537937e-03
1.941166585311293602e-03
1.941150636412203312e-03
1.941147143952548504e-03
1.941145630553364754e-03
1.941143884323537350e-03
1.941142603754997253e-03
1.941141090355813503e-03
1.941139576956629753e-03
1.941138063557446003e-03
1.941136550158262253e-03
1.941135386005043983e-03
1.941133872605860233e-03
1.941132359206676483e-03
1.941130729392170906e-03
1.941129448823630810e-03
1.941128051839768887e-03
1.941126538440585136e-03
1.941125025041401386e-03
1.941123511642217636e-03
1.941121998243033886e-03
1.941120484843850136e-03
1.941118971444666386e-03
1.941117458045482635e-03
1.941115944646298885e-03
1.941114431247115135e-03
1.941112801432609558e-03
1.941111171618103981e-03
1.941109658218920231e-03
1.941107911989092827e-03
1.941106398589909077e-03
1.967601710930466652e-03
1.946939621120691299e-03
1.941124326549470425e-03
1.941192196682095528e-03
1.941127004101872444e-03
1.941113616339862347e-03
1.941110356710851192e-03
1.941108261235058308e-03
1.941106398589909077e-03
1.941104652360081673e-03
1.941102556884288788e-03
1.941100810654461384e-03
1.941099064424633980e-03
1.941097201779484749e-03
1.941095339134335518e-03
1.941093360073864460e-03
1.941091497428715229e-03
1.941089169122278690e-03
1.941087306477129459e-03
1.941085327416658401e-03
1.941083464771509171e-03
1.941081136465072632e-03
1.941078924573957920e-03
1.941076829098165035e-03
1.941074733622372150e-03
1.941072405315935612e-03
1.941070077009499073e-03
2.100433222949504852e-03
1.943777082487940788e-03
1.941667753271758556e-03
1.941302791237831116e-03
1.941112102940678596e-03
1.941095688380300999e-03
1.941091497428715229e-03
1.941088470630347729e-03
1.941085793077945709e-03
1.941083231940865517e-03
1.941081020049750805e-03
1.941078575327992439e-03
1.941076247021555901e-03
1.941073918715119362e-03
1.941071706824004650e-03
1.941069145686924458e-03
1.941066700965166092e-03
1.941064256243407726e-03
1.941061695106327534e-03
1.941059250384569168e-03
1.941056805662810802e-03
1.941054128110408783e-03
1.941051450558006763e-03
1.941048773005604744e-03
1.941046095453202724e-03
1.941043185070157051e-03
1.941040391102433205e-03
1.941037480719387531e-03
1.941034686751663685e-03
1.941031543537974358e-03
1.941028516739606857e-03
1.941025489941239357e-03
1.941022463142871857e-03
1.941018970683217049e-03
1.941015711054205894e-03
1.941012567840516567e-03
1.941008842550218105e-03
1.941005466505885124e-03
1.941001857630908489e-03
1.941047259606420994e-03
1.941106980666518211e-03
1.941985799930989742e-03
1.941188005730509758e-03
1.941011752933263779e-03
1.941009075380861759e-03
1.941002556122839451e-03
1.940998365171253681e-03
1.940994174219667912e-03
1.940990216098725796e-03
1.940986257977783680e-03
1.940981834195554256e-03
1.940977410413324833e-03
1.940972986631095409e-03
1.940968446433544159e-03
1.940963906235992908e-03
1.940959133207798004e-03
1.941062160767614841e-03
1.941309310495853424e-03
1.941344002261757851e-03
1.941103721037507057e-03
1.940974034368991852e-03
1.940952264703810215e-03
1.940945046953856945e-03
1.940939691849052906e-03
1.940934336744248867e-03
1.940928632393479347e-03
1.940922928042709827e-03
1.940917107276618481e-03
1.940911053679883480e-03
1.940905000083148479e-03
1.940898480825126171e-03
1.941399299539625645e-03
1.942903851158916950e-03
1.941250171512365341e-03
1.940952963195741177e-03
1.940907677635550499e-03
1.940897898748517036e-03
1.940889633260667324e-03
1.940883230417966843e-03
1.940876943990588188e-03
1.940870075486600399e-03
1.940863323397934437e-03
1.940856454893946648e-03
1.940849237143993378e-03
1.940842019394040108e-03
1.940834219567477703e-03
1.940826419740915298e-03
1.940818387083709240e-03
1.940810121595859528e-03
1.940801623277366161e-03
1.941717113368213177e-03
1.946615171618759632e-03
1.941770315170288086e-03
1.940933987498283386e-03
1.940810121595859528e-03
1.940784743055701256e-03
1.940775662660598755e-03
1.940766116604208946e-03
1.940756570547819138e-03
1.940746675245463848e-03
1.940736547112464905e-03
1.940726186148822308e-03
1.940715359523892403e-03
1.940704300068318844e-03
1.940692891366779804e-03
1.940681017003953457e-03
1.940668793395161629e-03
1.940656220540404320e-03
1.942454138770699501e-03
1.943044946528971195e-03
1.941076945513486862e-03
1.940659829415380955e-03
1.940636429935693741e-03
1.940615242347121239e-03
1.940600341185927391e-03
1.940586022101342678e-03
1.940571353770792484e-03
1.940556103363633156e-03
1.940540270879864693e-03
1.940523856319487095e-03
1.940506743267178535e-03
1.940489164553582668e-03
1.940470421686768532e-03
1.963517628610134125e-03
1.945237279869616032e-03
1.940916175954043865e-03
1.940483460202813148e-03
1.940434798598289490e-03
1.940413960255682468e-03
1.940394169650971889e-03
1.940373913384974003e-03
1.940353540703654289e-03
1.940332003869116306e-03
1.940309419296681881e-03
1.940286252647638321e-03
1.940261456184089184e-03
1.940235262736678123e-03
1.940208021551370621e-03
1.940179034136235714e-03
1.972255529835820198e-03
1.940924441441893578e-03
1.940215472131967545e-03
1.940114190801978111e-03
1.940086134709417820e-03
1.940045505762100220e-03
1.940008834935724735e-03
1.939969602972269058e-03
1.939927577041089535e-03
1.939882175065577030e-03
1.939833047799766064e-03
1.939779613167047501e-03
1.939721289090812206e-03
1.939656795002520084e-03
1.973504899069666862e-03
1.939918030984699726e-03
1.939677400514483452e-03
1.939496141858398914e-03
1.939366105943918228e-03
1.939268084242939949e-03
1.939159585162997246e-03
1.939035719260573387e-03
1.938894041813910007e-03
1.938729779794812202e-03
1.938537694513797760e-03
1.938378671184182167e-03
1.941105583682656288e-03
1.939331530593335629e-03
1.937762368470430374e-03
1.937456661835312843e-03
1.937053282745182514e-03
1.936584478244185448e-03
1.936013577505946159e-03
1.935308217070996761e-03
1.934428582899272442e-03
1.933331601321697235e-03
1.933200634084641933e-03
1.932173152454197407e-03
1.930510625243186951e-03
1.928873010911047459e-03
1.927019446156919003e-03
1.924879732541739941e-03
1.922455034218728542e-03
1.919773407280445099e-03
1.916896784678101540e-03
1.919045927934348583e-03
1.913040527142584324e-03
1.910537714138627052e-03
1.907805213704705238e-03
1.905594603158533573e-03
1.903589582070708275e-03
1.901823212392628193e-03
1.900280476547777653e-03
1.898941001854836941e-03
1.897777663543820381e-03
1.896760077215731144e-03
1.895859721116721630e-03
1.899306662380695343e-03
1.900262199342250824e-03
1.893991022370755672e-03
1.893464010208845139e-03
1.892795553430914879e-03
1.892239553853869438e-03
1.891695312224328518e-03
1.891155145131051540e-03
1.890613697469234467e-03
1.890066894702613354e-03
1.889510080218315125e-03
1.888940925709903240e-03
1.888358034193515778e-03
1.888390281237661839e-03
1.887650112621486187e-03
1.887031830847263336e-03
1.886371523141860962e-03
1.885782810859382153e-03
1.885208883322775364e-03
1.884625176899135113e-03
1.884033204987645149e-03
1.883433316834270954e-03
1.882827142253518105e-03
1.882216078229248524e-03
1.882051816210150719e-03
1.890705432742834091e-03
1.881307223811745644e-03
1.880381139926612377e-03
1.879897085018455982e-03
1.879412797279655933e-03
1.878929091617465019e-03
1.878454932011663914e-03
1.877986826002597809e-03
1.877525704912841320e-03
1.877071335911750793e-03
1.876624068245291710e-03
1.876184018328785896e-03
1.875750720500946045e-03
1.875324640423059464e-03
1.886535203084349632e-03
1.877914532087743282e-03
1.875286572612822056e-03
1.874113455414772034e-03
1.873699948191642761e-03
1.873340224847197533e-03
1.872995868325233459e-03
1.872653723694384098e-03
1.872313674539327621e-03
1.871974556706845760e-03
1.871636486612260342e-03
1.871299697086215019e-03
1.870963256806135178e-03
1.880166935734450817e-03
1.871171873062849045e-03
1.870281761512160301e-03
1.869911095127463341e-03
1.869575236923992634e-03
1.869261846877634525e-03
1.868959050625562668e-03
1.868655672296881676e-03
1.868351711891591549e-03
1.868046121671795845e-03
1.867738901637494564e-03
1.867429702542722225e-03
1.867118757218122482e-03
1.898723887279629707e-03
1.867497572675347328e-03
1.866361009888350964e-03
1.866044942289590836e-03
1.865761470980942249e-03
1.865468337200582027e-03
1.865174854174256325e-03
1.864877995103597641e-03
1.864576828666031361e-03
1.864270889200270176e-03
1.870261854492127895e-03
1.866472419351339340e-03
1.864021643996238708e-03
1.863255631178617477e-03
1.862883684225380421e-03
1.862570527009665966e-03
1.862260396592319012e-03
1.861944096162915230e-03
1.861620228737592697e-03
1.861289027146995068e-03
1.860954100266098976e-03
1.868215505965054035e-03
1.861344091594219208e-03
1.860347692854702473e-03
1.859849318861961365e-03
1.859504613094031811e-03
1.859183073975145817e-03
1.858856179751455784e-03
1.858523930422961712e-03
1.858185511082410812e-03
1.857841969467699528e-03
1.857494702562689781e-03
1.862877048552036285e-03
1.857779221609234810e-03
1.857091090641915798e-03
1.856511225923895836e-03
1.856208429671823978e-03
1.855916343629360199e-03
1.855622394941747189e-03
1.855327747762203217e-03
1.855032052844762802e-03
1.854736125096678734e-03
1.854440313763916492e-03
1.854144618846476078e-03
1.853850088082253933e-03
1.853557187132537365e-03
1.854138565249741077e-03
1.855163136497139931e-03
1.853817375376820564e-03
1.852748100645840168e-03
1.852474873885512352e-03
1.852233079262077808e-03
1.851998618803918362e-03
1.851767301559448242e-03
1.851539127528667450e-03
1.851314096711575985e-03
1.851091859862208366e-03
1.850872999057173729e-03
1.850657281465828419e-03
1.860464457422494888e-03
1.854772912338376045e-03
1.851151231676340103e-03
1.850077183917164803e-03
1.849867752753198147e-03
1.849677762947976589e-03
1.849501742981374264e-03
1.849329331889748573e-03
1.849158434197306633e-03
1.848989282734692097e-03
1.848821411840617657e-03
1.848654472269117832e-03
1.848488580435514450e-03
1.856767223216593266e-03
1.855129608884453773e-03
1.849046908318996429e-03
1.848090672865509987e-03
1.847860869020223618e-03
1.847707550041377544e-03
1.847563544288277626e-03
1.847419538535177708e-03
1.847275067120790482e-03
1.847130712121725082e-03
1.846985192969441414e-03
1.846839440986514091e-03
1.846692757681012154e-03
1.846545375883579254e-03
1.846544560976326466e-03
1.852653454989194870e-03
1.846557599492371082e-03
1.846359344199299812e-03
1.845962484367191792e-03
1.845820923335850239e-03
1.845683204010128975e-03
1.845546881668269634e-03
1.845409395173192024e-03
1.845270511694252491e-03
1.845130114816129208e-03
1.844988553784787655e-03
1.844845130108296871e-03
1.844699843786656857e-03
1.844553160481154919e-03
1.855382462963461876e-03
1.849678927101194859e-03
1.844592625275254250e-03
1.844235579483211040e-03
1.843971200287342072e-03
1.843826961703598499e-03
1.843688194639980793e-03
1.843548961915075779e-03
1.843407982960343361e-03
1.843265141360461712e-03
1.843120553530752659e-03
1.842973986640572548e-03
1.842825440689921379e-03
1.842674915678799152e-03
1.842522528022527695e-03
1.842372817918658257e-03
1.865824451670050621e-03
1.844407641328871250e-03
1.842159661464393139e-03
1.841867808252573013e-03
1.841690042056143284e-03
1.841538236476480961e-03
1.841382938437163830e-03
1.841226126998662949e-03
1.841067802160978317e-03
1.840906916186213493e-03
1.840743352659046650e-03
1.840577810071408749e-03
1.840410172007977962e-03
1.840239623561501503e-03
1.935230451636016369e-03
1.840074895881116390e-03
1.840456738136708736e-03
1.839838572777807713e-03
1.839563716202974319e-03
1.839394099079072475e-03
1.839234842918813229e-03
1.839074655435979366e-03
1.838912721723318100e-03
1.838748925365507603e-03
1.838582917116582394e-03
1.838415046222507954e-03
1.838245312683284283e-03
1.838073716498911381e-03
1.837899908423423767e-03
1.837724470533430576e-03
1.837547053582966328e-03
1.837368006817996502e-03
1.837399788200855255e-03
1.837328658439218998e-03
1.838582917116582394e-03
1.836844603531062603e-03
1.836545532569289207e-03
1.836367417126893997e-03
1.836190698668360710e-03
1.836012233980000019e-03
1.835833070799708366e-03
1.835653209127485752e-03
1.835472066886723042e-03
1.835290458984673023e-03
1.835107919760048389e-03
1.834925031289458275e-03
1.834742841310799122e-03
1.876202295534312725e-03
1.838995725847780704e-03
1.834758673794567585e-03
1.834159018471837044e-03
1.833925023674964905e-03
1.833756454288959503e-03
1.833586837165057659e-03
1.833418267779052258e-03
1.833250047639012337e-03
1.833081361837685108e-03
1.832913141697645187e-03
1.834104536101222038e-03
1.843367004767060280e-03
1.833653193898499012e-03
1.832462265156209469e-03
1.832165056839585304e-03
1.831997302360832691e-03
1.831842237152159214e-03
1.831687870435416698e-03
1.831533736549317837e-03
1.831380068324506283e-03
1.831226283684372902e-03
1.831072615459561348e-03
1.830919063650071621e-03
1.830765861086547375e-03
1.846588449552655220e-03
1.834108144976198673e-03
1.831206842325627804e-03
1.830238266848027706e-03
1.830106833949685097e-03
1.829968066886067390e-03
1.829832210205495358e-03
1.829696819186210632e-03
1.829561195336282253e-03
1.829424989409744740e-03
1.829288434237241745e-03
1.829157350584864616e-03
1.861171913333237171e-03
1.832936075516045094e-03
1.829111017286777496e-03
1.828696345910429955e-03
1.828548032790422440e-03
1.828414853662252426e-03
1.828287844546139240e-03
1.828160486184060574e-03
1.828032662160694599e-03
1.827904139645397663e-03
1.827775500714778900e-03
1.827646046876907349e-03
1.827515778131783009e-03
1.827386091463267803e-03
1.843586913309991360e-03
1.831059809774160385e-03
1.827233470976352692e-03
1.827009720727801323e-03
1.826820312999188900e-03
1.826696214266121387e-03
1.826577354222536087e-03
1.826458843424916267e-03
1.826340099796652794e-03
1.826220890507102013e-03
1.826100866310298443e-03
1.826000981964170933e-03
1.833002781495451927e-03
1.827293774113059044e-03
1.825842424295842648e-03
1.825561863370239735e-03
1.825420768000185490e-03
1.825303770601749420e-03
1.825188403017818928e-03
1.825073151849210262e-03
1.825184910558164120e-03
1.834314898587763309e-03
1.825086539611220360e-03
1.824830193072557449e-03
1.824571401812136173e-03
1.824451028369367123e-03
1.824342529289424419e-03
1.824237057007849216e-03
1.824131584726274014e-03
1.824026112444698811e-03
1.823920756578445435e-03
1.823836821131408215e-03
1.824722974561154842e-03
1.824119943194091320e-03
1.823924598284065723e-03
1.823500730097293854e-03
1.823369530029594898e-03
1.823269180022180080e-03
1.823174650780856609e-03
1.823080820031464100e-03
1.822987338528037071e-03
1.822894206270575523e-03
1.824457896873354912e-03
1.824295148253440857e-03
1.823031925596296787e-03
1.822589198127388954e-03
1.822463585995137691e-03
1.822377787902951241e-03
1.822322839871048927e-03
1.832913141697645187e-03
1.822633668780326843e-03
1.822266494855284691e-03
1.822003745473921299e-03
1.821925747208297253e-03
1.821848214603960514e-03
1.821773243136703968e-03
1.821698853746056557e-03
1.821625046432018280e-03
1.821552286855876446e-03
1.821486977860331535e-03
1.856103655882179737e-03
1.821374287828803062e-03
1.821318175643682480e-03
1.821245881728827953e-03
1.821181038394570351e-03
1.821111305616796017e-03
1.821049023419618607e-03
1.820988021790981293e-03
1.820982317440211773e-03
1.823488040827214718e-03
1.821603393182158470e-03
1.820823992602527142e-03
1.820722944103181362e-03
1.820653094910085201e-03
1.820598146878182888e-03
1.820545876398682594e-03
1.822816091589629650e-03
1.826350693590939045e-03
1.820577192120254040e-03
1.820454723201692104e-03
1.820318982936441898e-03
1.820271252654492855e-03
1.820225501433014870e-03
1.820180797949433327e-03
1.820136560127139091e-03
1.820093137212097645e-03
1.820051111280918121e-03
1.829089713282883167e-03
1.823826227337121964e-03
1.820061821490526199e-03
1.819909201003611088e-03
1.819866127334535122e-03
1.819827244617044926e-03
1.819825149141252041e-03
1.836945302784442902e-03
1.821623533032834530e-03
1.819948549382388592e-03
1.819685683585703373e-03
1.819636090658605099e-03
1.819602330215275288e-03
1.819571247324347496e-03
1.819540746510028839e-03
1.819511409848928452e-03
1.821506419219076633e-03
1.824539504013955593e-03
1.819476601667702198e-03
1.819515950046479702e-03
1.819386961869895458e-03
1.819357043132185936e-03
1.819330966100096703e-03
1.819305354729294777e-03
1.819280209019780159e-03
1.819255761802196503e-03
1.819286728277802467e-03
1.827927539125084877e-03
1.819754950702190399e-03
1.819196273572742939e-03
1.819161232560873032e-03
1.820214092731475830e-03
1.823408878408372402e-03
1.819175900891423225e-03
1.819146331399679184e-03
1.819059369154274464e-03
1.819028053432703018e-03
1.819008961319923401e-03
1.818990800529718399e-03
1.821565208956599236e-03
1.824512844905257225e-03
1.818982302211225033e-03
1.819021534174680710e-03
1.818915945477783680e-03
1.818892196752130985e-03
1.818874268792569637e-03
1.818857504986226559e-03
1.818840974010527134e-03
1.818824675865471363e-03
1.818867051042616367e-03
1.827099942602217197e-03
1.819214434362947941e-03
1.818787772208452225e-03
1.818767166696488857e-03
1.819843659177422523e-03
1.821835874579846859e-03
1.819332479499280453e-03
1.818722696043550968e-03
1.818696502596139908e-03
1.818673335947096348e-03
1.818657852709293365e-03
1.818644697777926922e-03
1.818633172661066055e-03
1.824402133934199810e-03
1.821957179345190525e-03
1.818871591240167618e-03
1.818649470806121826e-03
1.818576711229979992e-03
1.818562624976038933e-03
1.818549702875316143e-03
1.818537712097167969e-03
1.818525604903697968e-03
1.818514196202158928e-03
1.828652108088135719e-03
1.820996752940118313e-03
1.818737364374101162e-03
1.818508142605423927e-03
1.818476244807243347e-03
1.827060477808117867e-03
1.821183366701006889e-03
1.818769960664212704e-03
1.818425371311604977e-03
1.818418037146329880e-03
1.818401855416595936e-03
1.818391028791666031e-03
1.818380900658667088e-03
1.818373100832104683e-03
1.825099345296621323e-03
1.821001176722347736e-03
1.818508142605423927e-03
1.818408956751227379e-03
1.818335265852510929e-03
1.818317919969558716e-03
1.818307093344628811e-03
1.818297663703560829e-03
1.818288234062492847e-03
1.818279619328677654e-03
1.826372812502086163e-03
1.819198718294501305e-03
1.818308955989778042e-03
1.818331307731568813e-03
1.830407651141285896e-03
1.818998716771602631e-03
1.818239572457969189e-03
1.818218152038753033e-03
1.818205229938030243e-03
1.818195334635674953e-03
1.818186370655894279e-03
1.818280317820608616e-03
1.827732194215059280e-03
1.818347489461302757e-03
1.818351331166923046e-03
1.818149350583553314e-03
1.818142249248921871e-03
1.818132703192532063e-03
1.818123972043395042e-03
1.818115939386188984e-03
1.818107557483017445e-03
1.818104181438684464e-03
1.824677456170320511e-03
1.819542609155178070e-03
1.818258198909461498e-03
1.818083110265433788e-03
1.818064018152654171e-03
1.818068441934883595e-03
1.832996378652751446e-03
1.818956341594457626e-03
1.818068791180849075e-03
1.818069838918745518e-03
1.818023272790014744e-03
1.818014425225555897e-03
1.818007091060280800e-03
1.817999407649040222e-03
1.817991957068443298e-03
1.817984506487846375e-03
1.817977055907249451e-03
1.817969605326652527e-03
1.817962271161377430e-03
1.823696075007319450e-03
1.823879196308553219e-03
1.818029209971427917e-03
1.818000571802258492e-03
1.817943179048597813e-03
1.817929209209978580e-03
1.817920245230197906e-03
1.817912678234279156e-03
1.817905344069004059e-03
1.817898359149694443e-03
1.817891607061028481e-03
1.832669018767774105e-03
1.819985103793442249e-03
1.818164833821356297e-03
1.817892421968281269e-03
1.817860407754778862e-03
1.817850396037101746e-03
1.817843178287148476e-03
1.817836309783160686e-03
1.817829324863851070e-03
1.817822223529219627e-03
1.817815355025231838e-03
1.817808486521244049e-03
1.824034494347870350e-03
1.823603408411145210e-03
1.817829674109816551e-03
1.817875658161938190e-03
1.817786018364131451e-03
1.817777170799672604e-03
1.817768672481179237e-03
1.817761221900582314e-03
1.817754353396594524e-03
1.817747019231319427e-03
1.817740150727331638e-03
1.817737356759607792e-03
1.837437972426414490e-03
1.818740041926503181e-03
1.817909185774624348e-03
1.817711163312196732e-03
1.817701617255806923e-03
1.817693235352635384e-03
1.817686017602682114e-03
1.817679149098694324e-03
1.817672280594706535e-03
1.817692886106669903e-03
1.819480792619287968e-03
1.817680080421268940e-03
1.817739801481366158e-03
1.817661221139132977e-03
1.817639102227985859e-03
1.817631069570779800e-03
1.817623618990182877e-03
1.817616634070873260e-03
1.817609416320919991e-03
1.817602547816932201e-03
1.817682641558349133e-03
1.823540078476071358e-03
1.817809301428496838e-03
1.817607437260448933e-03
1.817577285692095757e-03
1.817563199438154697e-03
1.817556330934166908e-03
1.817549113184213638e-03
1.817542244680225849e-03
1.817536307498812675e-03
1.826862688176333904e-03
1.818838063627481461e-03
1.817901036702096462e-03
1.817559357732534409e-03
1.817511743865907192e-03
1.817499636672437191e-03
1.817492069676518440e-03
1.817484851926565170e-03
1.817477401345968246e-03
1.817470300011336803e-03
1.817462849430739880e-03
1.817472744733095169e-03
1.818414777517318726e-03
1.818111515603959560e-03
1.817464013583958149e-03
1.817441079765558243e-03
1.817429671064019203e-03
1.817417913116514683e-03
1.817410229705274105e-03
1.817402546294033527e-03
1.817498006857931614e-03
1.821801764890551567e-03
1.817813492380082607e-03
1.817381591536104679e-03
1.817378797568380833e-03
1.817363081499934196e-03
1.817354583181440830e-03
1.817346899770200253e-03
1.817342126742005348e-03
1.832096022553741932e-03
1.819133874960243702e-03
1.817394630052149296e-03
1.817356445826590061e-03
1.817312208004295826e-03
1.817298820242285728e-03
1.817290438339114189e-03
1.817282871343195438e-03
1.817278098315000534e-03
1.831707893870770931e-03
1.818604185245931149e-03
1.817401847802102566e-03
1.817258540540933609e-03
1.817241194657981396e-03
1.817236421629786491e-03
1.824102015234529972e-03
1.819313969463109970e-03
1.817438984289765358e-03
1.817223732359707355e-03
1.817199634388089180e-03
1.817188458517193794e-03
1.817179843783378601e-03
1.817171461880207062e-03
1.817164127714931965e-03
1.819679164327681065e-03
1.820651232264935970e-03
1.817608019337058067e-03
1.817170646972954273e-03
1.817133277654647827e-03
1.817120704799890518e-03
1.817123033106327057e-03
1.830425811931490898e-03
1.817377749830484390e-03
1.817221404053270817e-03
1.817089971154928207e-03
1.817074487917125225e-03
1.817062846384942532e-03
1.817054115235805511e-03
1.817045966163277626e-03
1.817617332562804222e-03
1.817889744415879250e-03
1.817738870158791542e-03
1.817034441046416759e-03
1.817019190639257431e-03
1.817000564187765121e-03
1.816990086808800697e-03
1.817732234485447407e-03
1.817853888496756554e-03
1.817492418922483921e-03
1.816957956179976463e-03
1.816948293708264828e-03
1.816937350668013096e-03
1.816928270272910595e-03
1.816918957047164440e-03
1.817068201489746571e-03
1.823589904233813286e-03
1.817071111872792244e-03
1.816947944462299347e-03
1.816887990571558475e-03
1.816870993934571743e-03
1.816859003156423569e-03
1.816848875023424625e-03
1.816861913539469242e-03
1.823137979954481125e-03
1.816831179894506931e-03
1.816946314647793770e-03
1.816824660636484623e-03
1.816794974729418755e-03
1.816781936213374138e-03
1.816792995668947697e-03
1.823075232096016407e-03
1.816927688196301460e-03
1.816900563426315784e-03
1.816745381802320480e-03
1.816726289689540863e-03
1.816714764572679996e-03
1.816706266254186630e-03
1.820370089262723923e-03
1.819454366341233253e-03
1.816960866563022137e-03
1.816695788875222206e-03
1.816659118048846722e-03
1.816641190089285374e-03
1.816630130633711815e-03
1.818183111026883125e-03
1.819762401282787323e-03
1.816752599552273750e-03
1.816623029299080372e-03
1.816580188460648060e-03
1.816567382775247097e-03
1.816840143874287605e-03
1.822302234359085560e-03
1.816969015635550022e-03
1.816536299884319305e-03
1.816520234569907188e-03
1.816499629057943821e-03
1.816485892049968243e-03
1.816472969949245453e-03
1.816468546167016029e-03
1.832173671573400497e-03
1.817064592614769936e-03
1.816610340029001236e-03
1.816425123251974583e-03
1.816403586417436600e-03
1.816392876207828522e-03
1.830145949497818947e-03
1.817647367715835571e-03
1.816446660086512566e-03
1.816353993490338326e-03
1.816328382119536400e-03
1.816312316805124283e-03
1.816298114135861397e-03
1.816283795051276684e-03
1.816280302591621876e-03
1.827496686019003391e-03
1.816887408494949341e-03
1.816238160245120525e-03
1.816243748180568218e-03
1.816204399801790714e-03
1.816190662793815136e-03
1.816825009882450104e-03
1.818280317820608616e-03
1.816438278183341026e-03
1.816164702177047729e-03
1.816117786802351475e-03
1.816099742427468300e-03
1.816082280129194260e-03
1.816066098399460316e-03
1.817927113734185696e-03
1.819913857616484165e-03
1.816391362808644772e-03
1.816013711504638195e-03
1.815998810343444347e-03
1.815986586734652519e-03
1.823313883505761623e-03
1.817329786717891693e-03
1.816014060750603676e-03
1.815930125303566456e-03
1.815890893340110779e-03
1.815867959521710873e-03
1.815849449485540390e-03
1.815958763472735882e-03
1.819901634007692337e-03
1.816723728552460670e-03
1.815855968743562698e-03
1.815774128772318363e-03
1.815747236832976341e-03
1.823849044740200043e-03
1.816018600948154926e-03
1.815701252780854702e-03
1.815679366700351238e-03
1.815641764551401138e-03
1.815619645640254021e-03
1.815615571103990078e-03
1.831073313951492310e-03
1.816738978959619999e-03
1.815546769648790359e-03
1.815520459786057472e-03
1.815499039366841316e-03
1.815473544411361217e-03
1.815483672544360161e-03
1.815747818909585476e-03
1.815613708458840847e-03
1.815487281419336796e-03
1.815375057049095631e-03
1.815336174331605434e-03
1.815314288251101971e-03
1.832885551266372204e-03
1.817805808968842030e-03
1.815564930438995361e-03
1.815228257328271866e-03
1.815206487663090229e-03
1.815175171941518784e-03
1.815147697925567627e-03
1.815120689570903778e-03
1.815092749893665314e-03
1.815064577385783195e-03
1.818868797272443771e-03
1.816511852666735649e-03
1.815447583794593811e-03
1.815026975236833096e-03
1.814944203943014145e-03
1.814907765947282314e-03
1.814880757592618465e-03
1.832652022130787373e-03
1.817240263335406780e-03
1.815069583244621754e-03
1.814780407585203648e-03
1.814754796214401722e-03
1.814719755202531815e-03
1.814688206650316715e-03
1.814656541682779789e-03
1.814624411053955555e-03
1.814591698348522186e-03
1.814558403566479683e-03
1.814524410292506218e-03
1.816833275370299816e-03
1.814539660699665546e-03
1.814923831261694431e-03
1.814508927054703236e-03
1.814388087950646877e-03
1.814340124838054180e-03
1.814302755519747734e-03
1.814265386201441288e-03
1.814229181036353111e-03
1.831133849918842316e-03
1.815702416934072971e-03
1.814348506741225719e-03
1.814117538742721081e-03
1.814051996916532516e-03
1.814012532122433186e-03
1.813972834497690201e-03
1.813932904042303562e-03
1.813892158679664135e-03
1.815457828342914581e-03
1.817121985368430614e-03
1.813915441744029522e-03
1.813757698982954025e-03
1.813714159652590752e-03
1.813664915971457958e-03
1.813620096072554588e-03
1.813574926927685738e-03
1.813529175706207752e-03
1.813482609577476978e-03
1.813597278669476509e-03
1.813449780456721783e-03
1.813383074477314949e-03
1.813316484913229942e-03
1.813269336707890034e-03
1.813211361877620220e-03
1.813293201848864555e-03
1.821228768676519394e-03
1.813317416235804558e-03
1.813106471672654152e-03
1.812995062209665775e-03
1.812931732274591923e-03
1.812876900658011436e-03
1.812822883948683739e-03
1.812767935916781425e-03
1.812712056562304497e-03
1.812655013054609299e-03
1.817840966396033764e-03
1.817846205085515976e-03
1.812620903365314007e-03
1.812512404285371304e-03
1.812402275390923023e-03
1.812341855838894844e-03
1.812280272133648396e-03
1.812219154089689255e-03
1.816370291635394096e-03
1.812460250221192837e-03
1.812353846617043018e-03
1.812012051232159138e-03
1.811924739740788937e-03
1.811854890547692776e-03
1.811787718906998634e-03
1.811719266697764397e-03
1.811649999581277370e-03
1.811579451896250248e-03
1.815365161746740341e-03
1.811801688745617867e-03
1.811748603358864784e-03
1.811389462091028690e-03
1.811255933716893196e-03
1.811179681681096554e-03
1.811101334169507027e-03
1.811023685149848461e-03
1.823808648623526096e-03
1.812737667933106422e-03
1.811058027669787407e-03
1.810729154385626316e-03
1.810647780075669289e-03
1.810561749152839184e-03
1.810477348044514656e-03
1.810395973734557629e-03
1.838988042436540127e-03
1.811296213418245316e-03
1.810405286960303783e-03
1.810101792216300964e-03
1.809998997487127781e-03
1.809905632399022579e-03
1.809812267310917377e-03
1.809717272408306599e-03
1.809620182029902935e-03
1.809523673728108406e-03
1.825220300815999508e-03
1.811079215258359909e-03
1.809479901567101479e-03
1.809178269468247890e-03
1.809055800549685955e-03
1.828627777285873890e-03
1.811222056858241558e-03
1.808791304938495159e-03
1.808704924769699574e-03
1.808569650165736675e-03
1.808459055610001087e-03
1.808347995392978191e-03
1.808235305361449718e-03
1.808120636269450188e-03
1.808671746402978897e-03
1.815655268728733063e-03
1.808598870411515236e-03
1.807759399525821209e-03
1.807604217901825905e-03
1.807469525374472141e-03
1.807345310226082802e-03
1.807218883186578751e-03
1.807090477086603642e-03
1.809912500903010368e-03
1.807311200536787510e-03
1.806909916922450066e-03
1.806619809940457344e-03
1.806469284929335117e-03
1.806336920708417892e-03
1.810018322430551052e-03
1.806836458854377270e-03
1.806312473490834236e-03
1.805921550840139389e-03
1.805717824026942253e-03
1.805572421289980412e-03
1.805428881198167801e-03
1.805283362045884132e-03
1.805135281756520271e-03
1.804984291084110737e-03
1.807005610316991806e-03
1.804774045012891293e-03
1.805460895411670208e-03
1.804529340006411076e-03
1.804315950721502304e-03
1.804155297577381134e-03
1.803996390663087368e-03
1.803837018087506294e-03
1.818821299821138382e-03
1.803568564355373383e-03
1.803767750971019268e-03
1.803266466595232487e-03
1.803081482648849487e-03
1.802915940061211586e-03
1.802748418413102627e-03
1.802580780349671841e-03
1.844057464040815830e-03
1.805875683203339577e-03
1.802304061129689217e-03
1.802068320102989674e-03
1.801846083253622055e-03
1.801671227440237999e-03
1.801500096917152405e-03
1.801327103748917580e-03
1.801151665858924389e-03
1.800973317585885525e-03
1.800792291760444641e-03
1.802591839805245399e-03
1.800927682779729366e-03
1.800860976800322533e-03
1.800181926228106022e-03
1.800207421183586121e-03
1.806082087568938732e-03
1.800499507226049900e-03
1.799566205590963364e-03
1.799290184862911701e-03
1.799108809791505337e-03
1.798926852643489838e-03
1.798766897991299629e-03
1.803403021767735481e-03
1.800424768589437008e-03
1.798405544832348824e-03
1.798123121261596680e-03
1.797924749553203583e-03
1.797745702788233757e-03
1.797566539607942104e-03
1.797387260012328625e-03
1.803545164875686169e-03
1.798917306587100029e-03
1.797074102796614170e-03
1.796734984964132309e-03
1.797219389118254185e-03
1.800448168069124222e-03
1.796888653188943863e-03
1.796111115254461765e-03
1.795925898477435112e-03
1.795748132281005383e-03
1.795583521015942097e-03
1.801238744519650936e-03
1.797588309273123741e-03
1.795163843780755997e-03
1.794985379092395306e-03
1.794808893464505672e-03
1.794645679183304310e-03
1.794487005099654198e-03
1.811584807001054287e-03
1.795751508325338364e-03
1.794344629161059856e-03
1.793900621123611927e-03
1.794469775632023811e-03
1.797194592654705048e-03
1.794046373106539249e-03
1.793396892026066780e-03
1.793194562196731567e-03
1.793034374713897705e-03
1.792886643670499325e-03
1.792749972082674503e-03
1.815358526073396206e-03
1.794242416508495808e-03
1.792451483197510242e-03
1.792249968275427818e-03
1.792089431546628475e-03
1.791951362974941730e-03
1.791813643649220467e-03
1.794999465346336365e-03
1.791815273463726044e-03
1.791746122762560844e-03
1.791338436305522919e-03
1.791174639947712421e-03
1.791037735529243946e-03
1.791998860426247120e-03
1.791855553165078163e-03
1.791363116353750229e-03
1.790581503883004189e-03
1.790432492271065712e-03
1.790303154848515987e-03
1.790173351764678955e-03
1.790044363588094711e-03
1.789915026165544987e-03
1.790033304132521152e-03
1.791704096831381321e-03
1.790035632438957691e-03
1.789552276022732258e-03
1.789350877515971661e-03
1.789388246834278107e-03
1.794062205590307713e-03
1.789478119462728500e-03
1.788863562978804111e-03
1.788749243132770061e-03
1.788611989468336105e-03
1.788486028090119362e-03
1.788368797861039639e-03
1.806692685931921005e-03
1.790287788026034832e-03
1.788213732652366161e-03
1.787900109775364399e-03
1.787765417248010635e-03
1.787656336091458797e-03
1.798650366254150867e-03
1.787754008546471596e-03
1.787446206435561180e-03
1.787179498933255672e-03
1.787029788829386234e-03
1.786897657439112663e-03
1.786786364391446114e-03
1.801552483811974525e-03
1.786675769835710526e-03
1.786666107363998890e-03
1.786288223229348660e-03
1.786145963706076145e-03
1.786007313057780266e-03
1.785884029231965542e-03
1.804958097636699677e-03
1.786648179404437542e-03
1.785530825145542622e-03
1.785360625945031643e-03
1.785203116014599800e-03
1.785062020644545555e-03
1.791276852600276470e-03
1.787103945389389992e-03
1.784665277227759361e-03
1.784516614861786366e-03
1.784353633411228657e-03
1.784195308573544025e-03
1.784038846381008625e-03
1.784183434210717678e-03
1.790025504305958748e-03
1.783694024197757244e-03
1.783547690138220787e-03
1.783272717148065567e-03
1.783086336217820644e-03
1.782958745025098324e-03
1.790893496945500374e-03
1.783077022992074490e-03
1.782452105544507504e-03
1.782258506864309311e-03
1.782057923264801502e-03
1.781868748366832733e-03
1.781675266101956367e-03
1.781477127224206924e-03
1.781275146640837193e-03
1.816012547351419926e-03
1.781016122549772263e-03
1.781082479283213615e-03
1.780555350705981255e-03
1.780281425453722477e-03
1.780054415576159954e-03
1.779830548912286758e-03
1.779600628651678562e-03
1.779375947080552578e-03
1.789759029634296894e-03
1.780391670763492584e-03
1.778704812750220299e-03
1.778452075086534023e-03
1.778175123035907745e-03
1.777916681021451950e-03
1.777653116732835770e-03
1.777383964508771896e-03
1.777114463038742542e-03
1.810839399695396423e-03
1.777838449925184250e-03
1.776755088940262794e-03
1.776033546775579453e-03
1.775746699422597885e-03
1.775449374690651894e-03
1.775152981281280518e-03
1.774853095412254333e-03
1.777122612111270428e-03
1.774406526237726212e-03
1.773997792042791843e-03
1.773696043528616428e-03
1.773394178599119186e-03
1.773084164597094059e-03
1.772784395143389702e-03
1.786936889402568340e-03
1.773216063156723976e-03
1.772186369635164738e-03
1.771640381775796413e-03
1.771329320035874844e-03
1.771026523783802986e-03
1.770729781128466129e-03
1.770432572811841965e-03
1.770135597325861454e-03
1.769838621839880943e-03
1.769542461261153221e-03
1.778233679942786694e-03
1.775662996806204319e-03
1.768789603374898434e-03
1.768559450283646584e-03
1.768191345036029816e-03
1.767913810908794403e-03
1.767643727362155914e-03
1.767378184013068676e-03
1.787565532140433788e-03
1.769544905982911587e-03
1.766742323525249958e-03
1.766394358128309250e-03
1.766131492331624031e-03
1.765883993357419968e-03
1.765638357028365135e-03
1.765394001267850399e-03
1.765150460414588451e-03
1.764907268807291985e-03
1.764744287356734276e-03
1.774791511707007885e-03
1.764353946782648563e-03
1.764229964464902878e-03
1.763766282238066196e-03
1.763538457453250885e-03
1.763308071531355381e-03
1.763079781085252762e-03
1.764907734468579292e-03
1.766011002473533154e-03
1.762740081176161766e-03
1.762234023772180080e-03
1.761995255947113037e-03
1.761778257787227631e-03
1.761560793966054916e-03
1.761460443958640099e-03
1.771040493622422218e-03
1.761040068231523037e-03
1.760835410095751286e-03
1.760555198416113853e-03
1.760332263074815273e-03
1.760123064741492271e-03
1.759911654517054558e-03
1.759699545800685883e-03
1.759485923685133457e-03
1.759270788170397282e-03
1.759055303409695625e-03
1.774979755282402039e-03
1.761404797434806824e-03
1.758816535584628582e-03
1.758247730322182178e-03
1.758026657626032829e-03
1.757869264110922813e-03
1.757735968567430973e-03
1.758713158778846264e-03
1.757435617037117481e-03
1.757028512656688690e-03
1.756809768266975880e-03
1.756596146151423454e-03
1.756385783664882183e-03
1.756173325702548027e-03
1.755958888679742813e-03
1.755744451656937599e-03
1.769677270203828812e-03
1.757259480655193329e-03
1.755146193318068981e-03
1.755011733621358871e-03
1.754711731337010860e-03
1.754497876390814781e-03
1.754284487105906010e-03
1.758043654263019562e-03
1.755850506015121937e-03
1.753668533638119698e-03
1.753466553054749966e-03
1.753239193931221962e-03
1.753027318045496941e-03
1.752812182530760765e-03
1.752777607180178165e-03
1.766824629157781601e-03
1.753549207933247089e-03
1.752003445290029049e-03
1.751813688315451145e-03
1.751574687659740448e-03
1.751361647620797157e-03
1.751147443428635597e-03
1.750931842252612114e-03
1.750801806338131428e-03
1.759161707013845444e-03
1.750326482579112053e-03
1.750216586515307426e-03
1.749884919263422489e-03
1.749676652252674103e-03
1.752905664034187794e-03
1.751502160914242268e-03
1.749345683492720127e-03
1.748851384036242962e-03
1.748653361573815346e-03
1.748430775478482246e-03
1.748215872794389725e-03
1.748000620864331722e-03
1.747784437611699104e-03
1.749968505464494228e-03
1.755865872837603092e-03
1.747348112985491753e-03
1.747044734656810760e-03
1.746744848787784576e-03
1.746532041579484940e-03
1.746318419463932514e-03
1.750562107190489769e-03
1.746936002746224403e-03
1.745904446579515934e-03
1.745536806993186474e-03
1.745281508192420006e-03
1.745063345879316330e-03
1.744849374517798424e-03
1.744634937494993210e-03
1.764205168001353741e-03
1.750427996739745140e-03
1.744811772368848324e-03
1.743902219459414482e-03
1.743611530400812626e-03
1.743402797728776932e-03
1.743189757689833641e-03
1.742976135574281216e-03
1.742760767228901386e-03
1.742545631714165211e-03
1.764271873980760574e-03
1.743302913382649422e-03
1.742239692248404026e-03
1.741709886118769646e-03
1.741499640047550201e-03
1.741281710565090179e-03
1.741372281685471535e-03
1.752279000356793404e-03
1.740783220157027245e-03
1.740584732033312321e-03
1.740255858749151230e-03
1.740029430948197842e-03
1.739813364110887051e-03
1.739596715196967125e-03
1.739378087222576141e-03
1.739157829433679581e-03
1.738935825414955616e-03
1.742899417877197266e-03
1.740696257911622524e-03
1.738504040986299515e-03
1.738139078952372074e-03
1.737887505441904068e-03
1.737656304612755775e-03
1.737448037602007389e-03
1.760449027642607689e-03
1.738375867716968060e-03
1.737031154334545135e-03
1.736594713293015957e-03
1.736373524181544781e-03
1.736147212795913219e-03
1.735923695378005505e-03
1.735698664560914040e-03
1.735472120344638824e-03
1.737676211632788181e-03
1.743070199154317379e-03
1.734943012706935406e-03
1.734697725623846054e-03
1.734370365738868713e-03
1.734143821522593498e-03
1.733915880322456360e-03
1.734540332108736038e-03
1.733881537802517414e-03
1.733429147861897945e-03
1.733045908622443676e-03
1.732782460749149323e-03
1.732551958411931992e-03
1.732316683046519756e-03
1.732279546558856964e-03
1.744929235428571701e-03
1.733466284349560738e-03
1.731500960886478424e-03
1.731198048219084740e-03
1.730948919430375099e-03
1.730712829157710075e-03
1.730473712086677551e-03
1.730231451801955700e-03
1.729987678118050098e-03
1.758061349391937256e-03
1.732340781018137932e-03
1.729560084640979767e-03
1.729064853861927986e-03
1.728801289573311806e-03
1.728549483232200146e-03
1.728647970594465733e-03
1.739265047945082188e-03
1.727983821183443069e-03
1.727595110423862934e-03
1.727309776470065117e-03
1.727046328596770763e-03
1.726775546558201313e-03
1.726501039229333401e-03
1.726220827549695969e-03
1.725935726426541805e-03
1.725762151181697845e-03
1.740836305543780327e-03
1.725144102238118649e-03
1.724991947412490845e-03
1.724537811242043972e-03
1.724243164062500000e-03
1.723945955745875835e-03
1.723648747429251671e-03
1.723702531307935715e-03
1.723504625260829926e-03
1.723373890854418278e-03
1.722551067359745502e-03
1.722208573482930660e-03
1.721901120617985725e-03
1.721641514450311661e-03
1.735053607262670994e-03
1.721626962535083294e-03
1.720766187645494938e-03
1.720455475151538849e-03
1.720161060802638531e-03
1.719857566058635712e-03
1.719556050375103951e-03
1.719251158647239208e-03
1.718943705782294273e-03
1.719910767860710621e-03
1.726496499031782150e-03
1.719258259981870651e-03
1.717859995551407337e-03
1.717502134852111340e-03
1.720784115605056286e-03
1.717114238999783993e-03
1.716996775940060616e-03
1.716370694339275360e-03
1.715993857942521572e-03
1.715690945275127888e-03
1.715384656563401222e-03
1.715083257295191288e-03
1.720250700600445271e-03
1.714863348752260208e-03
1.714815152809023857e-03
1.713966368697583675e-03
1.713650417514145374e-03
1.713353325612843037e-03
1.713053439743816853e-03
1.712751341983675957e-03
1.712446799501776695e-03
1.712139463052153587e-03
1.711854129098355770e-03
1.720088534057140350e-03
1.711846096441149712e-03
1.711003831587731838e-03
1.710650743916630745e-03
1.710354234091937542e-03
1.710047479718923569e-03
1.709752948954701424e-03
1.745439483784139156e-03
1.709225005470216274e-03
1.709168194793164730e-03
1.708620926365256310e-03
1.708305673673748970e-03
1.708000549115240574e-03
1.707699149847030640e-03
1.707396237179636955e-03
1.707091112621128559e-03
1.706783659756183624e-03
1.706473645754158497e-03
1.708319061435759068e-03
1.714463927783071995e-03
1.706132083199918270e-03
1.705358619801700115e-03
1.705043367110192776e-03
1.704734982922673225e-03
1.707959338091313839e-03
1.708370749838650227e-03
1.704296097159385681e-03
1.703641493804752827e-03
1.703306566923856735e-03
1.703008660115301609e-03
1.702714129351079464e-03
1.702418085187673569e-03
1.702120411209762096e-03
1.701920991763472557e-03
1.716986764222383499e-03
1.701560569927096367e-03
1.701019587926566601e-03
1.700741937384009361e-03
1.700419583357870579e-03
1.700129243545234203e-03
1.699846237897872925e-03
1.726169488392770290e-03
1.700680470094084740e-03
1.699093147180974483e-03
1.698788022622466087e-03
1.698460546322166920e-03
1.698171021416783333e-03
1.697886968031525612e-03
1.697601983323693275e-03
1.701425178907811642e-03
1.703983987681567669e-03
1.697949948720633984e-03
1.696544000878930092e-03
1.696278341114521027e-03
1.695986138656735420e-03
1.695708022452890873e-03
1.695429906249046326e-03
1.695177401416003704e-03
1.701157307252287865e-03
1.694641890935599804e-03
1.694381237030029297e-03
1.694118487648665905e-03
1.693823141977190971e-03
1.693651895038783550e-03
1.693358994089066982e-03
1.693233032710850239e-03
1.692901947535574436e-03
1.692531746812164783e-03
1.692274003289639950e-03
1.692005549557507038e-03
1.691739191301167011e-03
1.691472250968217850e-03
1.691203797236084938e-03
1.694499747827649117e-03
1.699423533864319324e-03
1.691690762527287006e-03
1.690223463810980320e-03
1.689961994998157024e-03
1.689685042947530746e-03
1.689424505457282066e-03
1.690185512416064739e-03
1.694804173894226551e-03
1.688942313194274902e-03
1.688433811068534851e-03
1.688178745098412037e-03
1.687917858362197876e-03
1.687661278992891312e-03
1.687405165284872055e-03
1.692717312835156918e-03
1.687801093794405460e-03
1.686788746155798435e-03
1.686504343524575233e-03
1.686228904873132706e-03
1.685962197370827198e-03
1.685715047642588615e-03
1.685466384515166283e-03
1.685216091573238373e-03
1.684963703155517578e-03
1.684709452092647552e-03
1.688138348981738091e-03
1.684554968960583210e-03
1.684167422354221344e-03
1.683756592683494091e-03
1.683493028394877911e-03
1.698535284958779812e-03
1.684368820860981941e-03
1.682784641161561012e-03
1.682548667304217815e-03
1.682316535152494907e-03
1.682063098996877670e-03
1.681818510405719280e-03
1.681571942754089832e-03
1.681323978118598461e-03
1.681140856817364693e-03
1.684179413132369518e-03
1.682746806181967258e-03
1.680625719018280506e-03
1.680167391896247864e-03
1.679895794950425625e-03
1.679650857113301754e-03
1.679404056631028652e-03
1.679155742749571800e-03
1.678906730376183987e-03
1.707064919173717499e-03
1.678445725701749325e-03
1.678202766925096512e-03
1.677965279668569565e-03
1.677745021879673004e-03
1.699064159765839577e-03
1.680010929703712463e-03
1.677353051491081715e-03
1.676759449765086174e-03
1.676510204561054707e-03
1.676258863881230354e-03
1.676010433584451675e-03
1.675760955549776554e-03
1.675577485002577305e-03
1.676632324233651161e-03
1.675718463957309723e-03
1.675146631896495819e-03
1.674595638178288937e-03
1.674302970059216022e-03
1.674049883149564266e-03
1.673796446993947029e-03
1.673547667451202869e-03
1.692968653514981270e-03
1.673645689152181149e-03
1.672978512942790985e-03
1.672590966336429119e-03
1.695970073342323303e-03
1.672260230407118797e-03
1.671925652772188187e-03
1.671626581810414791e-03
1.671307953074574471e-03
1.671051373705267906e-03
1.670793164521455765e-03
1.670533558353781700e-03
1.670441241003572941e-03
1.676968182437121868e-03
1.671895966865122318e-03
1.669748686254024506e-03
1.669297344051301479e-03
1.669005490839481354e-03
1.668740413151681423e-03
1.668671146035194397e-03
1.675192033872008324e-03
1.668154145590960979e-03
1.667692908085882664e-03
1.667424687184393406e-03
1.667634933255612850e-03
1.679008826613426208e-03
1.668117125518620014e-03
1.666537835262715816e-03
1.666115364059805870e-03
1.665843534283339977e-03
1.665568910539150238e-03
1.665292307734489441e-03
1.665012561716139317e-03
1.664977986365556717e-03
1.679826527833938599e-03
1.665568910539150238e-03
1.663914881646633148e-03
1.663634087890386581e-03
1.663354807533323765e-03
1.677069813013076782e-03
1.663908013142645359e-03
1.662804512307047844e-03
1.662239432334899902e-03
1.661931164562702179e-03
1.661632093600928783e-03
1.661336864344775677e-03
1.674104481935501099e-03
1.663123606704175472e-03
1.660506939515471458e-03
1.660187728703022003e-03
1.659851055592298508e-03
1.659543137066066265e-03
1.659226603806018829e-03
1.658905763179063797e-03
1.658827532082796097e-03
1.664429088123142719e-03
1.657971180975437164e-03
1.657709130086004734e-03
1.670641824603080750e-03
1.659123809076845646e-03
1.656981999985873699e-03
1.656331936828792095e-03
1.655923086218535900e-03
1.655578729696571827e-03
1.656713429838418961e-03
1.661266898736357689e-03
1.655160100199282169e-03
1.654211780987679958e-03
1.653786050155758858e-03
1.653412356972694397e-03
1.653033541515469551e-03
1.656035543419420719e-03
1.657215878367424011e-03
1.652382430620491505e-03
1.652376144193112850e-03
1.651523984037339687e-03
1.650836551561951637e-03
1.650401507504284382e-03
1.649971352890133858e-03
1.649662386626005173e-03
1.670319703407585621e-03
1.649969024583697319e-03
1.648464938625693321e-03
1.648010918870568275e-03
1.647601486183702946e-03
1.647187978960573673e-03
1.647139084525406361e-03
1.654483960010111332e-03
1.646771910600364208e-03
1.645663753151893616e-03
1.645173761062324047e-03
1.649519661441445351e-03
1.644912874326109886e-03
1.643968163989484310e-03
1.643523224629461765e-03
1.643099123612046242e-03
1.642699004150927067e-03
1.652175909839570522e-03
1.644744887016713619e-03
1.641503069549798965e-03
1.641027047298848629e-03
1.640576752834022045e-03
1.640149275772273540e-03
1.644772710278630257e-03
1.640808070078492165e-03
1.639225170947611332e-03
1.638573943637311459e-03
1.653490355238318443e-03
1.640297239646315575e-03
1.637488137930631638e-03
1.636823173612356186e-03
1.636336906813085079e-03
1.635915134102106094e-03
1.637305016629397869e-03
1.639789203181862831e-03
1.635579974390566349e-03
1.634214771911501884e-03
1.633773325011134148e-03
1.633340842090547085e-03
1.632900559343397617e-03
1.632468425668776035e-03
1.654708059504628181e-03
1.633184961974620819e-03
1.631565392017364502e-03
1.630752114579081535e-03
1.630322192795574665e-03
1.629884704016149044e-03
1.629454432986676693e-03
1.662673894315958023e-03
1.630694139748811722e-03
1.628366997465491295e-03
1.627781661227345467e-03
1.627327641472220421e-03
1.626888639293611050e-03
1.626452431082725525e-03
1.626012730412185192e-03
1.625570119358599186e-03
1.626277458854019642e-03
1.626447308808565140e-03
1.625609933398663998e-03
1.623906427994370461e-03
1.623453805223107338e-03
1.623002928681671619e-03
1.622565439902245998e-03
1.622126903384923935e-03
1.621684990823268890e-03
1.621244824491441250e-03
1.661402056924998760e-03
1.620388939045369625e-03
1.620027935132384300e-03
1.619525719434022903e-03
1.619089860469102859e-03
1.618646201677620411e-03
1.618206733837723732e-03
1.617764239199459553e-03
1.618978800252079964e-03
1.617574482224881649e-03
1.617038156837224960e-03
1.616166322492063046e-03
1.615614281035959721e-03
1.615171553567051888e-03
1.614728942513465881e-03
1.614284468814730644e-03
1.613835920579731464e-03
1.613383064977824688e-03
1.612929161638021469e-03
1.663441187702119350e-03
1.613088184967637062e-03
1.611672225408256054e-03
1.611211686395108700e-03
1.610773266293108463e-03
1.610321807675063610e-03
1.609879429452121258e-03
1.609432511031627655e-03
1.608982100151479244e-03
1.611083047464489937e-03
1.610985491424798965e-03
1.607827376574277878e-03
1.607236801646649837e-03
1.606733072549104691e-03
1.606271718628704548e-03
1.605815254151821136e-03
1.611224492080509663e-03
1.608010847121477127e-03
1.604642020538449287e-03
1.604001154191792011e-03
1.603529322892427444e-03
1.603057840839028358e-03
1.602587057277560234e-03
1.602112781256437302e-03
1.601818832568824291e-03
1.610575011000037193e-03
1.601040596142411232e-03
1.600462128408253193e-03
1.606188714504241943e-03
1.600227085873484612e-03
1.599098206497728825e-03
1.598433475010097027e-03
1.597933354787528515e-03
1.597672235220670700e-03
1.604146324098110199e-03
1.596616464667022228e-03
1.596230897121131420e-03
1.595617970451712608e-03
1.595142181031405926e-03
1.594668487086892128e-03
1.594363944604992867e-03
1.596975489519536495e-03
1.593486755155026913e-03
1.592842396348714828e-03
1.592393615283071995e-03
1.591914682649075985e-03
1.592291169799864292e-03
1.596677466295659542e-03
1.591312699019908905e-03
1.590146450325846672e-03
1.589656923897564411e-03
1.589184277690947056e-03
1.588721293956041336e-03
1.588569604791700840e-03
1.598759903572499752e-03
1.589104416780173779e-03
1.587140373885631561e-03
1.586504746228456497e-03
1.586028723977506161e-03
1.585579244419932365e-03
1.585202757269144058e-03
1.588125946000218391e-03
1.585240126587450504e-03
1.583923469297587872e-03
1.583364675752818584e-03
1.582924975082278252e-03
1.595531823113560677e-03
1.585174584761261940e-03
1.581606222316622734e-03
1.581131713464856148e-03
1.580673037096858025e-03
1.580226351507008076e-03
1.579773845151066780e-03
1.579324714839458466e-03
1.594628440216183662e-03
1.579669886268675327e-03
1.578079420141875744e-03
1.577584422193467617e-03
1.577103394083678722e-03
1.576697337441146374e-03
1.579913543537259102e-03
1.576654380187392235e-03
1.575419213622808456e-03
1.574887428432703018e-03
1.574435620568692684e-03
1.573983929120004177e-03
1.573575544171035290e-03
1.579796895384788513e-03
1.572940615005791187e-03
1.572598586790263653e-03
1.571799279190599918e-03
1.571322558447718620e-03
1.570869935676455498e-03
1.570419641211628914e-03
1.570034772157669067e-03
1.576661248691380024e-03
1.569388550706207752e-03
1.568695181049406528e-03
1.568195060826838017e-03
